# LutGenerate 2.4 - 10/29/09 11:13:18 - #  Display ID: GENERIC
# Ambient = 0.15   Max. Luminance = 279.4575   Luminance Ratio = 350.00
#  lumResponse - average luminance response
#  8 files
 DV    R    G    B     target Lum+Lamb   uLR Lum+Lamb
  1:  017  016  016           0.798      0.799
  2:  018  017  018           0.846      0.867
  3:  016  017  016           0.895      0.891
  4:  019  018  018           0.945      0.953
  5:  017  018  018           0.997      0.967
  6:  020  019  020           1.051      1.051
  7:  021  020  021           1.107      1.145
  8:  020  020  021           1.165      1.164
  9:  020  021  021           1.224      1.188
 10:  022  022  022           1.285      1.289
 11:  023  022  023           1.348      1.398
 12:  024  023  023           1.413      1.417
 13:  022  023  022           1.480      1.446
 14:  025  024  025           1.549      1.566
 15:  024  024  023           1.620      1.617
 16:  026  025  025           1.692      1.744
 17:  024  025  025           1.767      1.769
 18:  027  026  027           1.844      1.912
 19:  027  026  026           1.923      1.934
 20:  026  026  026           2.005      1.967
 21:  028  027  028           2.088      2.126
 22:  027  027  028           2.174      2.160
 23:  027  028  027           2.261      2.191
 24:  029  028  028           2.352      2.351
 25:  028  028  029           2.444      2.384
 26:  030  029  030           2.539      2.541
 27:  030  030  030           2.636      2.578
 28:  032  031  032           2.735      2.745
 29:  031  031  031           2.837      2.801
 30:  033  032  032           2.942      2.951
 31:  031  032  032           3.049      2.982
 32:  034  033  033           3.158      3.162
 33:  033  033  033           3.271      3.192
 34:  035  034  034           3.385      3.390
 35:  034  034  034           3.503      3.421
 36:  035  036  036           3.623      3.626
 37:  037  036  037           3.746      3.805
 38:  036  037  036           3.871      3.865
 39:  039  038  039           4.000      4.056
 40:  037  038  037           4.131      4.126
 41:  040  039  039           4.265      4.313
 42:  038  039  039           4.402      4.347
 43:  041  040  041           4.543      4.542
 44:  040  040  040           4.686      4.617
 45:  042  041  042           4.832      4.832
 46:  041  042  042           4.981      4.860
 47:  043  042  043           5.134      5.140
 48:  044  043  044           5.290      5.395
 49:  043  044  044           5.449      5.438
 50:  046  045  045           5.611      5.715
 51:  045  045  046           5.777      5.761
 52:  047  046  046           5.946      6.053
 53:  045  046  046           6.118      6.103
 54:  048  047  048           6.294      6.355
 55:  047  047  047           6.474      6.442
 56:  049  048  048           6.657      6.703
 57:  048  048  049           6.843      6.749
 58:  050  049  049           7.034      7.082
 59:  049  050  050           7.228      7.127
 60:  052  051  051           7.426      7.445
 61:  050  051  050           7.628      7.502
 62:  052  052  053           7.834      7.834
 63:  054  053  053           8.044      8.193
 64:  052  053  053           8.257      8.245
 65:  055  054  055           8.475      8.548
 66:  054  054  053           8.697      8.649
 67:  056  055  055           8.923      8.957
 68:  055  056  056           9.154      9.013
 69:  057  056  056           9.389      9.405
 70:  056  056  057           9.628      9.467
 71:  057  057  058           9.871      9.856
 72:  060  059  059          10.120     10.245
 73:  058  059  059          10.372     10.310
 74:  061  060  061          10.630     10.657
 75:  059  060  059          10.892     10.787
 76:  062  061  062          11.158     11.163
 77:  061  061  061          11.430     11.332
 78:  063  062  062          11.707     11.725
 79:  062  062  063          11.988     11.802
 80:  064  063  063          12.275     12.300
 81:  064  064  064          12.566     12.385
 82:  065  064  065          12.863     12.863
 83:  065  065  065          13.166     13.030
 84:  067  066  066          13.473     13.484
 85:  065  066  066          13.786     13.571
 86:  068  067  067          14.104     14.126
 87:  066  067  066          14.428     14.229
 88:  069  068  069          14.758     14.746
 89:  068  068  068          15.093     14.923
 90:  070  069  069          15.435     15.441
 91:  069  069  070          15.782     15.538
 92:  071  071  070          16.135     16.153
 93:  070  070  070          16.494     16.266
 94:  072  071  072          16.859     16.859
 95:  071  072  071          17.231     17.042
 96:  074  073  073          17.608     17.615
 97:  072  073  073          17.993     17.731
 98:  075  074  074          18.383     18.413
 99:  074  074  073          18.781     18.534
100:  076  075  076          19.185     19.176
101:  075  076  075          19.596     19.387
102:  077  076  076          20.013     20.030
103:  076  076  077          20.438     20.152
104:  078  077  077          20.870     20.889
105:  077  077  077          21.309     21.016
106:  079  079  079          21.755     21.753
107:  078  079  079          22.208     21.809
108:  080  079  080          22.670     22.673
109:  082  081  082          23.138     23.428
110:  081  082  081          23.615     23.645
111:  083  082  082          24.099     24.342
112:  081  082  082          24.591     24.484
113:  084  083  083          25.091     25.328
114:  083  083  084          25.599     25.470
115:  085  084  085          26.116     26.167
116:  084  084  084          26.641     26.410
117:  086  085  086          27.174     27.179
118:  088  087  087          27.716     28.142
119:  087  087  088          28.267     28.282
120:  089  088  089          28.827     29.012
121:  087  088  087          29.395     29.265
122:  090  089  089          29.973     29.995
123:  088  089  089          30.560     30.140
124:  090  090  089          31.156     31.146
125:  092  091  092          31.762     31.952
126:  091  091  091          32.377     32.204
127:  093  092  092          33.002     32.998
128:  095  094  094          33.638     34.096
129:  093  094  094          34.283     34.265
130:  096  095  096          34.938     35.046
131:  094  095  094          35.604     35.317
132:  096  096  097          36.280     36.259
133:  098  097  098          36.967     37.102
134:  097  097  096          37.664     37.382
135:  099  099  099          38.373     38.375
136:  100  099  099          39.092     39.318
137:  099  099  100          39.823     39.494
138:  101  101  101          40.565     40.580
139:  103  102  103          41.319     41.503
140:  101  102  101          42.085     41.796
141:  102  103  103          42.862     42.816
142:  105  104  105          43.651     43.658
143:  106  105  106          44.453     44.847
144:  105  105  104          45.267     45.130
145:  106  107  106          46.094     46.094
146:  108  107  108          46.933     47.025
147:  110  109  110          47.785     48.227
148:  108  109  108          48.650     48.514
149:  110  111  111          49.529     49.523
150:  112  111  112          50.421     50.433
151:  113  112  113          51.327     51.641
152:  112  112  111          52.246     51.920
153:  113  113  114          53.180     52.953
154:  114  115  114          54.128     54.077
155:  115  116  115          55.090     55.060
156:  118  117  117          56.067     56.155
157:  119  118  119          57.059     57.202
158:  120  119  119          58.066     58.342
159:  121  120  120          59.088     59.570
160:  120  120  121          60.126     59.746
161:  121  122  121          61.179     60.890
162:  122  123  123          62.248     61.955
163:  123  124  124          63.334     63.250
164:  125  125  125          64.436     64.425
165:  127  127  126          65.554     65.564
166:  128  128  127          66.689     67.056
167:  129  128  129          67.842     68.365
168:  128  129  128          69.011     68.711
169:  129  130  130          70.199     70.008
170:  132  131  132          71.404     71.418
171:  133  132  133          72.627     72.670
172:  134  134  133          73.868     74.158
173:  135  135  135          75.128     75.541
174:  134  135  134          76.407     75.927
175:  135  136  135          77.704     77.576
176:  136  137  137          79.022     78.976
177:  138  139  139          80.358     80.359
178:  140  139  140          81.715     81.848
179:  141  141  140          83.092     83.459
180:  142  141  142          84.489     85.013
181:  141  142  141          85.907     85.422
182:  142  143  142          87.346     87.162
183:  143  144  144          88.807     88.679
184:  145  146  145          90.289     90.356
185:  147  146  147          91.793     91.793
186:  148  148  147          93.319     93.528
187:  149  148  149          94.868     95.124
188:  150  149  150          96.440     97.010
189:  149  150  149          98.035     97.436
190:  150  151  151          99.653     99.065
191:  151  152  151         101.295    100.942
192:  152  153  153         102.962    102.597
193:  154  154  155         104.653    104.535
194:  155  156  155         106.368    106.377
195:  156  157  157         108.109    108.073
196:  159  158  159         109.876    109.907
197:  160  159  159         111.668    111.744
198:  160  160  159         113.487    113.461
199:  162  162  161         115.332    115.439
200:  163  163  163         117.205    117.188
201:  164  164  163         119.105    119.156
202:  166  165  165         121.032    121.224
203:  166  166  166         122.988    123.000
204:  167  167  166         124.973    124.939
205:  169  169  168         126.986    126.978
206:  170  170  171         129.029    129.043
207:  170  171  171         131.101    131.085
208:  171  172  171         133.204    133.029
209:  172  173  172         135.337    135.123
210:  173  174  174         137.502    136.920
211:  177  176  177         139.697    140.476
212:  178  178  177         141.925    142.431
213:  179  179  179         144.185    144.203
214:  181  180  180         146.478    146.528
215:  180  181  181         148.805    148.651
216:  182  183  182         151.165    150.676
217:  185  185  184         153.559    154.271
218:  187  186  187         155.988    156.044
219:  188  187  187         158.452    158.466
220:  187  188  188         160.952    160.655
221:  191  191  190         163.488    164.045
222:  192  192  191         166.061    166.126
223:  192  193  192         168.671    168.569
224:  193  194  194         171.319    170.486
225:  197  196  197         174.005    174.270
226:  198  198  199         176.730    176.754
227:  198  199  199         179.494    179.104
228:  202  201  201         182.298    182.859
229:  203  202  202         185.142    185.186
230:  203  204  203         188.028    187.706
231:  206  206  205         190.955    191.589
232:  206  207  207         193.924    193.873
233:  210  209  210         196.936    197.695
234:  211  210  211         199.992    200.059
235:  211  211  212         203.091    202.675
236:  215  214  215         206.235    206.639
237:  214  215  215         209.424    209.316
238:  218  217  218         212.659    213.363
239:  218  219  219         215.941    215.936
240:  221  221  221         219.270    219.808
241:  221  222  222         222.646    222.331
242:  225  224  225         226.071    226.076
243:  227  227  227         229.545    230.075
244:  227  228  228         233.069    232.659
245:  230  230  230         236.643    236.619
246:  233  233  232         240.269    241.223
247:  233  234  233         243.947    243.861
248:  237  236  236         247.677    247.784
249:  238  238  237         251.461    251.751
250:  241  241  241         255.299    255.670
251:  244  243  243         259.192    259.805
252:  246  245  245         263.141    263.666
253:  248  248  248         267.146    267.492
254:  250  250  249         271.209    271.188
255:  253  252  253         275.329    275.786
256:  255  255  255         279.457    279.482
