#  lumResponse - average luminance response
#  Display ID: GENERIC
#  20 files
#    58.1600 #ff0000
#   169.4600 #00ff00
#    27.3650 #0000ff
   1      0.2760  #000000    1   1 
   2      0.2760  #000001    1   2   -0.00018
   3      0.2760  #010000    1   3    0.00000
   4      0.2760  #010001    1   4    0.00000
   5      0.2767  #000100    1   5    0.00271
   6      0.2768  #000101    1   6    0.00018
   7      0.2767  #010100    1   7   -0.00018
   8      0.2767  #010101    2   1   -0.00018
   9      0.2768  #010102    2   2    0.00054
  10      0.2767  #020101    2   3   -0.00036
  11      0.2767  #020102    2   4    0.00000
  12      0.2771  #010201    2   5    0.00144
  13      0.2772  #010202    2   6    0.00018
  14      0.2772  #020201    2   7    0.00000
  15      0.2771  #020202    3   1   -0.00018
  16      0.2775  #020203    3   2    0.00144
  17      0.2773  #030202    3   3   -0.00054
  18      0.2774  #030203    3   4    0.00018
  19      0.2803  #020302    3   5    0.01022
  20      0.2806  #020303    3   6    0.00125
  21      0.2803  #030302    3   7   -0.00107
  22      0.2807  #030303    4   1    0.00125
  23      0.2808  #030304    4   2    0.00053
  24      0.2807  #040303    4   3   -0.00053
  25      0.2808  #040304    4   4    0.00053
  26      0.2812  #030403    4   5    0.00142
  27      0.2809  #030404    4   6   -0.00089
  28      0.2812  #040403    4   7    0.00071
  29      0.2815  #040404    5   1    0.00124
  30      0.2814  #040405    5   2   -0.00018
  31      0.2817  #050404    5   3    0.00071
  32      0.2818  #050405    5   4    0.00035
  33      0.2819  #040504    5   5    0.00053
  34      0.2821  #040505    5   6    0.00053
  35      0.2823  #050504    5   7    0.00071
  36      0.2823  #050505    6   1    0.00035
  37      0.2828  #050506    6   2    0.00159
  38      0.2824  #060505    6   3   -0.00124
  39      0.2829  #060506    6   4    0.00159
  40      0.2842  #050605    6   5    0.00458
  41      0.2847  #050606    6   6    0.00176
  42      0.2845  #060605    6   7   -0.00053
  43      0.2848  #060606    7   1    0.00070
  44      0.2851  #060607    7   2    0.00123
  45      0.2850  #070606    7   3   -0.00035
  46      0.2853  #070607    7   4    0.00105
  47      0.2858  #060706    7   5    0.00175
  48      0.2859  #060707    7   6    0.00035
  49      0.2858  #070706    7   7   -0.00052
  50      0.2862  #070707    8   1    0.00140
  51      0.2867  #070708    8   2    0.00192
  52      0.2864  #080707    8   3   -0.00105
  53      0.2868  #080708    8   4    0.00157
  54      0.2885  #070807    8   5    0.00574
  55      0.2892  #070808    8   6    0.00225
  56      0.2886  #080807    8   7   -0.00173
  57      0.2894  #080808    9   1    0.00259
  58      0.2896  #080809    9   2    0.00052
  59      0.2897  #090808    9   3    0.00035
  60      0.2899  #090809    9   4    0.00069
  61      0.2904  #080908    9   5    0.00207
  62      0.2908  #080909    9   6    0.00103
  63      0.2908  #090908    9   7    0.00017
  64      0.2909  #090909   10   1    0.00052
  65      0.2918  #09090a   10   2    0.00292
  66      0.2913  #0a0909   10   3   -0.00171
  67      0.2920  #0a090a   10   4    0.00223
  68      0.2941  #090a09   10   5    0.00734
  69      0.2949  #090a0a   10   6    0.00255
  70      0.2944  #0a0a09   10   7   -0.00136
  71      0.2950  #0a0a0a   11   1    0.00187
  72      0.2954  #0a0a0b   11   2    0.00152
  73      0.2955  #0b0a0a   11   3    0.00034
  74      0.2958  #0b0a0b   11   4    0.00085
  75      0.2966  #0a0b0a   11   5    0.00270
  76      0.2970  #0a0b0b   11   6    0.00152
  77      0.2969  #0b0b0a   11   7   -0.00034
  78      0.2973  #0b0b0b   12   1    0.00101
  79      0.2982  #0b0b0c   12   2    0.00302
  80      0.2989  #0c0b0b   12   3    0.00235
  81      0.2999  #0c0b0c   12   4    0.00334
  82      0.3013  #0b0c0b   12   5    0.00466
  83      0.3020  #0b0c0c   12   6    0.00232
  84      0.3026  #0c0c0b   12   7    0.00232
  85      0.3035  #0c0c0c   13   1    0.00297
  86      0.3040  #0c0c0d   13   2    0.00132
  87      0.3041  #0d0c0c   13   3    0.00033
  88      0.3045  #0d0c0d   13   4    0.00131
  89      0.3055  #0c0d0c   13   5    0.00328
  90      0.3058  #0c0d0d   13   6    0.00115
  91      0.3058  #0d0d0c   13   7    0.00000
  92      0.3063  #0d0d0d   14   1    0.00147
  93      0.3073  #0d0d0e   14   2    0.00342
  94      0.3074  #0e0d0d   14   3    0.00016
  95      0.3083  #0e0d0e   14   4    0.00292
  96      0.3108  #0d0e0d   14   5    0.00840
  97      0.3118  #0d0e0e   14   6    0.00305
  98      0.3119  #0e0e0d   14   7    0.00032
  99      0.3130  #0e0e0e   15   1    0.00352
 100      0.3133  #0e0e0f   15   2    0.00096
 101      0.3137  #0f0e0e   15   3    0.00128
 102      0.3139  #0f0e0f   15   4    0.00064
 103      0.3152  #0e0f0e   15   5    0.00413
 104      0.3156  #0e0f0f   15   6    0.00143
 105      0.3158  #0f0f0e   15   7    0.00032
 106      0.3162  #0f0f0f   16   1    0.00127
 107      0.3174  #0f0f10   16   2    0.00379
 108      0.3175  #100f0f   16   3    0.00032
 109      0.3188  #100f10   16   4    0.00424
 110      0.3216  #0f100f   16   5    0.00859
 111      0.3226  #0f1010   16   6    0.00342
 112      0.3228  #10100f   16   7    0.00062
 113      0.3241  #101010   17   1    0.00371
 114      0.3246  #101011   17   2    0.00170
 115      0.3246  #111010   17   3    0.00015
 116      0.3253  #111011   17   4    0.00215
 117      0.3268  #101110   17   5    0.00445
 118      0.3273  #101111   17   6    0.00168
 119      0.3275  #111110   17   7    0.00046
 120      0.3281  #111111   18   1    0.00183
 121      0.3294  #111112   18   2    0.00395
 122      0.3297  #121111   18   3    0.00076
 123      0.3312  #121112   18   4    0.00454
 124      0.3345  #111211   18   5    0.00992
 125      0.3357  #111212   18   6    0.00373
 126      0.3361  #121211   18   7    0.00104
 127      0.3376  #121212   19   1    0.00445
 128      0.3382  #121213   19   2    0.00178
 129      0.3384  #131212   19   3    0.00074
 130      0.3390  #131213   19   4    0.00177
 131      0.3407  #121312   19   5    0.00486
 132      0.3413  #121313   19   6    0.00191
 133      0.3416  #131312   19   7    0.00073
 134      0.3421  #131313   20   1    0.00146
 135      0.3434  #131314   20   2    0.00408
 136      0.3439  #141313   20   3    0.00145
 137      0.3453  #141314   20   4    0.00377
 138      0.3495  #131413   20   5    0.01238
 139      0.3509  #131414   20   6    0.00371
 140      0.3513  #141413   20   7    0.00128
 141      0.3528  #141414   21   1    0.00426
 142      0.3545  #141415   21   2    0.00467
 143      0.3551  #151414   21   3    0.00183
 144      0.3569  #151415   21   4    0.00492
 145      0.3609  #141514   21   5    0.01129
 146      0.3625  #141515   21   6    0.00442
 147      0.3632  #151514   21   7    0.00207
 148      0.3650  #151515   22   1    0.00467
 149      0.3655  #151516   22   2    0.00137
 150      0.3659  #161515   22   3    0.00123
 151      0.3666  #161516   22   4    0.00177
 152      0.3688  #151615   22   5    0.00612
 153      0.3694  #151616   22   6    0.00163
 154      0.3700  #161615   22   7    0.00162
 155      0.3706  #161616   23   1    0.00162
 156      0.3727  #161617   23   2    0.00552
 157      0.3731  #171616   23   3    0.00134
 158      0.3750  #171617   23   4    0.00508
 159      0.3801  #161716   23   5    0.01351
 160      0.3820  #161717   23   6    0.00485
 161      0.3826  #171716   23   7    0.00144
 162      0.3845  #171717   24   1    0.00495
 163      0.3865  #171718   24   2    0.00519
 164      0.3871  #181717   24   3    0.00155
 165      0.3892  #181718   24   4    0.00554
 166      0.3949  #171817   24   5    0.01441
 167      0.3968  #171818   24   6    0.00493
 168      0.3974  #181817   24   7    0.00164
 169      0.3995  #181818   25   1    0.00514
 170      0.4006  #181819   25   2    0.00275
 171      0.4010  #191818   25   3    0.00087
 172      0.4020  #191819   25   4    0.00262
 173      0.4045  #181918   25   5    0.00632
 174      0.4057  #181919   25   6    0.00284
 175      0.4062  #191918   25   7    0.00123
 176      0.4072  #191919   26   1    0.00246
 177      0.4095  #19191a   26   2    0.00563
 178      0.4103  #1a1919   26   3    0.00183
 179      0.4126  #1a191a   26   4    0.00571
 180      0.4189  #191a19   26   5    0.01503
 181      0.4212  #191a1a   26   6    0.00559
 182      0.4221  #1a1a19   26   7    0.00213
 183      0.4245  #1a1a1a   27   1    0.00579
 184      0.4257  #1a1a1b   27   2    0.00271
 185      0.4263  #1b1a1a   27   3    0.00129
 186      0.4274  #1b1a1b   27   4    0.00269
 187      0.4306  #1a1b1a   27   5    0.00758
 188      0.4317  #1a1b1b   27   6    0.00255
 189      0.4324  #1b1b1a   27   7    0.00162
 190      0.4336  #1b1b1b   28   1    0.00266
 191      0.4362  #1b1b1c   28   2    0.00598
 192      0.4383  #1c1b1b   28   3    0.00469
 193      0.4409  #1c1b1c   28   4    0.00592
 194      0.4470  #1b1c1b   28   5    0.01374
 195      0.4495  #1b1c1c   28   6    0.00569
 196      0.4515  #1c1c1b   28   7    0.00433
 197      0.4540  #1c1c1c   29   1    0.00574
 198      0.4563  #1c1c1d   29   2    0.00494
 199      0.4583  #1d1c1c   29   3    0.00437
 200      0.4604  #1d1c1d   29   4    0.00457
 201      0.4686  #1c1d1c   29   5    0.01776
 202      0.4708  #1c1d1d   29   6    0.00468
 203      0.4728  #1d1d1c   29   7    0.00413
 204      0.4750  #1d1d1d   30   1    0.00475
 205      0.4766  #1d1d1e   30   2    0.00326
 206      0.4774  #1e1d1d   30   3    0.00178
 207      0.4789  #1e1d1e   30   4    0.00293
 208      0.4829  #1d1e1d   30   5    0.00832
 209      0.4844  #1d1e1e   30   6    0.00331
 210      0.4853  #1e1e1d   30   7    0.00175
 211      0.4867  #1e1e1e   31   1    0.00288
 212      0.4896  #1e1e1f   31   2    0.00604
 213      0.4913  #1f1e1e   31   3    0.00336
 214      0.4945  #1f1e1f   31   4    0.00649
 215      0.5031  #1e1f1e   31   5    0.01724
 216      0.5061  #1e1f1f   31   6    0.00595
 217      0.5078  #1f1f1e   31   7    0.00335
 218      0.5109  #1f1f1f   32   1    0.00609
 219      0.5142  #1f1f20   32   2    0.00634
 220      0.5161  #201f1f   32   3    0.00379
 221      0.5192  #201f20   32   4    0.00608
 222      0.5274  #1f201f   32   5    0.01557
 223      0.5306  #1f2020   32   6    0.00605
 224      0.5327  #20201f   32   7    0.00386
 225      0.5360  #202020   33   1    0.00627
 226      0.5394  #202021   33   2    0.00632
 227      0.5415  #212020   33   3    0.00389
 228      0.5451  #212021   33   4    0.00653
 229      0.5540  #202120   33   5    0.01638
 230      0.5574  #202121   33   6    0.00594
 231      0.5597  #212120   33   7    0.00421
 232      0.5630  #212121   34   1    0.00597
 233      0.5649  #212122   34   2    0.00319
 234      0.5669  #222121   34   3    0.00362
 235      0.5686  #222122   34   4    0.00299
 236      0.5718  #212221   34   5    0.00561
 237      0.5735  #212222   34   6    0.00288
 238      0.5755  #222221   34   7    0.00357
 239      0.5771  #222222   35   1    0.00286
 240      0.5807  #222223   35   2    0.00605
 241      0.5832  #232222   35   3    0.00430
 242      0.5867  #232223   35   4    0.00598
 243      0.5969  #222322   35   5    0.01732
 244      0.6003  #222323   35   6    0.00560
 245      0.6028  #232322   35   7    0.00424
 246      0.6061  #232323   36   1    0.00554
 247      0.6100  #232324   36   2    0.00641
 248      0.6125  #242323   36   3    0.00393
 249      0.6165  #242324   36   4    0.00667
 250      0.6266  #232423   36   5    0.01625
 251      0.6308  #232424   36   6    0.00652
 252      0.6332  #242423   36   7    0.00396
 253      0.6371  #242424   37   1    0.00606
 254      0.6388  #242425   37   2    0.00259
 255      0.6401  #252424   37   3    0.00211
 256      0.6423  #252425   37   4    0.00343
 257      0.6476  #242524   37   5    0.00822
 258      0.6493  #242525   37   6    0.00270
 259      0.6506  #252524   37   7    0.00200
 260      0.6522  #252525   38   1    0.00238
 261      0.6573  #252526   38   2    0.00771
 262      0.6606  #262525   38   3    0.00516
 263      0.6652  #262526   38   4    0.00679
 264      0.6759  #252625   38   5    0.01603
 265      0.6800  #252626   38   6    0.00605
 266      0.6836  #262625   38   7    0.00528
 267      0.6875  #262626   39   1    0.00576
 268      0.6919  #262627   39   2    0.00631
 269      0.6952  #272626   39   3    0.00483
 270      0.6992  #272627   39   4    0.00574
 271      0.7127  #262726   39   5    0.01898
 272      0.7165  #262727   39   6    0.00539
 273      0.7198  #272726   39   7    0.00460
 274      0.7244  #272727   40   1    0.00630
 275      0.7293  #272728   40   2    0.00688
 276      0.7323  #282727   40   3    0.00404
 277      0.7371  #282728   40   4    0.00660
 278      0.7505  #272827   40   5    0.01801
 279      0.7556  #272828   40   6    0.00671
 280      0.7585  #282827   40   7    0.00390
 281      0.7638  #282828   41   1    0.00696
 282      0.7662  #282829   41   2    0.00301
 283      0.7684  #292828   41   3    0.00293
 284      0.7712  #292829   41   4    0.00364
 285      0.7768  #282928   41   5    0.00724
 286      0.7797  #282929   41   6    0.00373
 287      0.7823  #292928   41   7    0.00333
 288      0.7846  #292929   42   1    0.00300
 289      0.7903  #29292a   42   2    0.00711
 290      0.7941  #2a2929   42   3    0.00480
 291      0.7989  #2a292a   42   4    0.00615
 292      0.8143  #292a29   42   5    0.01909
 293      0.8194  #292a2a   42   6    0.00618
 294      0.8232  #2a2a29   42   7    0.00457
 295      0.8282  #2a2a2a   43   1    0.00612
 296      0.8347  #2a2a2b   43   2    0.00788
 297      0.8379  #2b2a2a   43   3    0.00371
 298      0.8438  #2b2a2b   43   4    0.00702
 299      0.8601  #2a2b2a   43   5    0.01919
 300      0.8661  #2a2b2b   43   6    0.00701
 301      0.8699  #2b2b2a   43   7    0.00432
 302      0.8759  #2b2b2b   44   1    0.00682
 303      0.8822  #2b2b2c   44   2    0.00722
 304      0.8861  #2c2b2b   44   3    0.00435
 305      0.8930  #2c2b2c   44   4    0.00776
 306      0.9098  #2b2c2b   44   5    0.01864
 307      0.9162  #2b2c2c   44   6    0.00706
 308      0.9201  #2c2c2b   44   7    0.00425
 309      0.9265  #2c2c2c   45   1    0.00688
 310      0.9302  #2c2c2d   45   2    0.00404
 311      0.9323  #2d2c2c   45   3    0.00231
 312      0.9357  #2d2c2d   45   4    0.00364
 313      0.9440  #2c2d2c   45   5    0.00872
 314      0.9480  #2c2d2d   45   6    0.00428
 315      0.9501  #2d2d2c   45   7    0.00221
 316      0.9536  #2d2d2d   46   1    0.00368
 317      0.9603  #2d2d2e   46   2    0.00700
 318      0.9646  #2e2d2d   46   3    0.00447
 319      0.9717  #2e2d2e   46   4    0.00733
 320      0.9904  #2d2e2d   46   5    0.01906
 321      0.9980  #2d2e2e   46   6    0.00759
 322      1.0025  #2e2e2d   46   7    0.00455
 323      1.0093  #2e2e2e   47   1    0.00671
 324      1.0164  #2e2e2f   47   2    0.00701
 325      1.0233  #2f2e2e   47   3    0.00681
 326      1.0303  #2f2e2f   47   4    0.00682
 327      1.0489  #2e2f2e   47   5    0.01784
 328      1.0562  #2e2f2f   47   6    0.00694
 329      1.0632  #2f2f2e   47   7    0.00661
 330      1.0704  #2f2f2f   48   1    0.00680
 331      1.0772  #2f2f30   48   2    0.00633
 332      1.0856  #302f2f   48   3    0.00772
 333      1.0919  #302f30   48   4    0.00583
 334      1.1132  #2f302f   48   5    0.01927
 335      1.1198  #2f3030   48   6    0.00596
 336      1.1275  #30302f   48   7    0.00690
 337      1.1352  #303030   49   1    0.00676
 338      1.1383  #303031   49   2    0.00268
 339      1.1419  #313030   49   3    0.00320
 340      1.1450  #313031   49   4    0.00271
 341      1.1568  #303130   49   5    0.01025
 342      1.1600  #303131   49   6    0.00272
 343      1.1636  #313130   49   7    0.00310
 344      1.1667  #313131   50   1    0.00266
 345      1.1756  #313132   50   2    0.00764
 346      1.1820  #323131   50   3    0.00543
 347      1.1903  #323132   50   4    0.00700
 348      1.2131  #313231   50   5    0.01893
 349      1.2217  #313232   50   6    0.00711
 350      1.2281  #323231   50   7    0.00527
 351      1.2369  #323232   51   1    0.00710
 352      1.2457  #323233   51   2    0.00713
 353      1.2521  #333232   51   3    0.00512
 354      1.2610  #333233   51   4    0.00700
 355      1.2868  #323332   51   5    0.02033
 356      1.2954  #323333   51   6    0.00662
 357      1.3013  #333332   51   7    0.00454
 358      1.3107  #333333   52   1    0.00716
 359      1.3196  #333334   52   2    0.00681
 360      1.3268  #343333   52   3    0.00548
 361      1.3353  #343334   52   4    0.00635
 362      1.3588  #333433   52   5    0.01745
 363      1.3679  #333434   52   6    0.00667
 364      1.3749  #343433   52   7    0.00510
 365      1.3844  #343434   53   1    0.00685
 366      1.3935  #343435   53   2    0.00662
 367      1.4015  #353434   53   3    0.00565
 368      1.4110  #353435   53   4    0.00683
 369      1.4348  #343534   53   5    0.01669
 370      1.4440  #343535   53   6    0.00639
 371      1.4528  #353534   53   7    0.00608
 372      1.4618  #353535   54   1    0.00618
 373      1.4675  #353536   54   2    0.00389
 374      1.4735  #363535   54   3    0.00405
 375      1.4785  #363536   54   4    0.00342
 376      1.4895  #353635   54   5    0.00745
 377      1.4941  #353636   54   6    0.00308
 378      1.5017  #363635   54   7    0.00504
 379      1.5063  #363636   55   1    0.00303
 380      1.5151  #363637   55   2    0.00583
 381      1.5272  #373636   55   3    0.00799
 382      1.5355  #373637   55   4    0.00542
 383      1.5613  #363736   55   5    0.01666
 384      1.5696  #363737   55   6    0.00530
 385      1.5820  #373736   55   7    0.00787
 386      1.5909  #373737   56   1    0.00558
 387      1.6005  #373738   56   2    0.00605
 388      1.6105  #383737   56   3    0.00623
 389      1.6186  #383738   56   4    0.00502
 390      1.6484  #373837   56   5    0.01824
 391      1.6592  #373838   56   6    0.00653
 392      1.6680  #383837   56   7    0.00526
 393      1.6764  #383838   57   1    0.00502
 394      1.6875  #383839   57   2    0.00660
 395      1.6961  #393838   57   3    0.00508
 396      1.7078  #393839   57   4    0.00690
 397      1.7372  #383938   57   5    0.01704
 398      1.7479  #383939   57   6    0.00614
 399      1.7567  #393938   57   7    0.00502
 400      1.7684  #393939   58   1    0.00667
 401      1.7794  #39393a   58   2    0.00620
 402      1.7881  #3a3939   58   3    0.00488
 403      1.8006  #3a393a   58   4    0.00697
 404      1.8327  #393a39   58   5    0.01767
 405      1.8459  #393a3a   58   6    0.00715
 406      1.8545  #3a3a39   58   7    0.00468
 407      1.8666  #3a3a3a   59   1    0.00648
 408      1.8732  #3a3a3b   59   2    0.00356
 409      1.8786  #3b3a3a   59   3    0.00291
 410      1.8842  #3b3a3b   59   4    0.00292
 411      1.9018  #3a3b3a   59   5    0.00932
 412      1.9088  #3a3b3b   59   6    0.00367
 413      1.9134  #3b3b3a   59   7    0.00238
 414      1.9194  #3b3b3b   60   1    0.00316
 415      1.9323  #3b3b3c   60   2    0.00667
 416      1.9418  #3c3b3b   60   3    0.00493
 417      1.9546  #3c3b3c   60   4    0.00657
 418      1.9896  #3b3c3b   60   5    0.01777
 419      2.0030  #3b3c3c   60   6    0.00669
 420      2.0121  #3c3c3b   60   7    0.00453
 421      2.0252  #3c3c3c   61   1    0.00649
 422      2.0376  #3c3c3d   61   2    0.00610
 423      2.0506  #3d3c3c   61   3    0.00636
 424      2.0651  #3d3c3d   61   4    0.00702
 425      2.0974  #3c3d3c   61   5    0.01557
 426      2.1108  #3c3d3d   61   6    0.00634
 427      2.1246  #3d3d3c   61   7    0.00649
 428      2.1374  #3d3d3d   62   1    0.00601
 429      2.1492  #3d3d3e   62   2    0.00553
 430      2.1624  #3e3d3d   62   3    0.00612
 431      2.1751  #3e3d3e   62   4    0.00586
 432      2.2123  #3d3e3d   62   5    0.01696
 433      2.2246  #3d3e3e   62   6    0.00554
 434      2.2384  #3e3e3d   62   7    0.00621
 435      2.2502  #3e3e3e   63   1    0.00521
 436      2.2653  #3e3e3f   63   2    0.00669
 437      2.2801  #3f3e3e   63   3    0.00656
 438      2.2952  #3f3e3f   63   4    0.00658
 439      2.3330  #3e3f3e   63   5    0.01633
 440      2.3476  #3e3f3f   63   6    0.00624
 441      2.3624  #3f3f3e   63   7    0.00628
 442      2.3770  #3f3f3f   64   1    0.00618
 443      2.3909  #3f3f40   64   2    0.00581
 444      2.4047  #403f3f   64   3    0.00573
 445      2.4184  #403f40   64   4    0.00570
 446      2.4585  #3f403f   64   5    0.01644
 447      2.4718  #3f4040   64   6    0.00542
 448      2.4866  #40403f   64   7    0.00595
 449      2.5001  #404040   65   1    0.00541
 450      2.5157  #404041   65   2    0.00622
 451      2.5290  #414040   65   3    0.00525
 452      2.5446  #414041   65   4    0.00617
 453      2.5878  #404140   65   5    0.01681
 454      2.6033  #404141   65   6    0.00597
 455      2.6173  #414140   65   7    0.00538
 456      2.6326  #414141   66   1    0.00581
 457      2.6400  #414142   66   2    0.00283
 458      2.6455  #424141   66   3    0.00208
 459      2.6532  #424142   66   4    0.00291
 460      2.6721  #414241   66   5    0.00712
 461      2.6797  #414242   66   6    0.00280
 462      2.6858  #424241   66   7    0.00231
 463      2.6932  #424242   67   1    0.00275
 464      2.7102  #424243   67   2    0.00626
 465      2.7232  #434242   67   3    0.00480
 466      2.7397  #434243   67   4    0.00602
 467      2.7871  #424342   67   5    0.01717
 468      2.8031  #424343   67   6    0.00572
 469      2.8165  #434342   67   7    0.00475
 470      2.8339  #434343   68   1    0.00618
 471      2.8509  #434344   68   2    0.00596
 472      2.8691  #444343   68   3    0.00636
 473      2.8866  #444344   68   4    0.00610
 474      2.9313  #434443   68   5    0.01537
 475      2.9493  #434444   68   6    0.00610
 476      2.9676  #444443   68   7    0.00619
 477      2.9855  #444444   69   1    0.00603
 478      3.0012  #444445   69   2    0.00526
 479      3.0181  #454444   69   3    0.00560
 480      3.0344  #454445   69   4    0.00539
 481      3.0888  #444544   69   5    0.01775
 482      3.1043  #444545   69   6    0.00501
 483      3.1219  #454544   69   7    0.00567
 484      3.1390  #454545   70   1    0.00545
 485      3.1576  #454546   70   2    0.00594
 486      3.1734  #464545   70   3    0.00498
 487      3.1932  #464546   70   4    0.00620
 488      3.2446  #454645   70   5    0.01597
 489      3.2655  #454646   70   6    0.00644
 490      3.2818  #464645   70   7    0.00498
 491      3.3005  #464646   71   1    0.00568
 492      3.3215  #464647   71   2    0.00633
 493      3.3441  #474646   71   3    0.00680
 494      3.3630  #474647   71   4    0.00564
 495      3.4160  #464746   71   5    0.01564
 496      3.4368  #464747   71   6    0.00609
 497      3.4580  #474746   71   7    0.00614
 498      3.4794  #474747   72   1    0.00618
 499      3.4974  #474748   72   2    0.00515
 500      3.5175  #484747   72   3    0.00572
 501      3.5370  #484748   72   4    0.00554
 502      3.5968  #474847   72   5    0.01677
 503      3.6150  #474848   72   6    0.00505
 504      3.6355  #484847   72   7    0.00564
 505      3.6536  #484848   73   1    0.00498
 506      3.6770  #484849   73   2    0.00637
 507      3.6953  #494848   73   3    0.00496
 508      3.7173  #494849   73   4    0.00595
 509      3.7772  #484948   73   5    0.01597
 510      3.7980  #484949   73   6    0.00549
 511      3.8188  #494948   73   7    0.00547
 512      3.8407  #494949   74   1    0.00572
 513      3.8492  #49494a   74   2    0.00221
 514      3.8617  #4a4949   74   3    0.00324
 515      3.8707  #4a494a   74   4    0.00233
 516      3.8872  #494a49   74   5    0.00425
 517      3.8972  #494a4a   74   6    0.00257
 518      3.9097  #4a4a49   74   7    0.00320
 519      3.9182  #4a4a4a   75   1    0.00217
 520      3.9402  #4a4a4b   75   2    0.00560
 521      3.9611  #4b4a4a   75   3    0.00528
 522      3.9836  #4b4a4b   75   4    0.00566
 523      4.0499  #4a4b4a   75   5    0.01653
 524      4.0715  #4a4b4b   75   6    0.00529
 525      4.0928  #4b4b4a   75   7    0.00522
 526      4.1148  #4b4b4b   76   1    0.00537
 527      4.1379  #4b4b4c   76   2    0.00559
 528      4.1582  #4c4b4b   76   3    0.00491
 529      4.1837  #4c4b4c   76   4    0.00613
 530      4.2470  #4b4c4b   76   5    0.01500
 531      4.2720  #4b4c4c   76   6    0.00587
 532      4.2920  #4c4c4b   76   7    0.00467
 533      4.3165  #4c4c4c   77   1    0.00569
 534      4.3410  #4c4c4d   77   2    0.00566
 535      4.3620  #4d4c4c   77   3    0.00483
 536      4.3870  #4d4c4d   77   4    0.00571
 537      4.4540  #4c4d4c   77   5    0.01516
 538      4.4785  #4c4d4d   77   6    0.00549
 539      4.5015  #4d4d4c   77   7    0.00512
 540      4.5245  #4d4d4d   78   1    0.00510
 541      4.5505  #4d4d4e   78   2    0.00573
 542      4.5825  #4e4d4d   78   3    0.00701
 543      4.6080  #4e4d4e   78   4    0.00555
 544      4.6695  #4d4e4d   78   5    0.01326
 545      4.6965  #4d4e4e   78   6    0.00577
 546      4.7260  #4e4e4d   78   7    0.00626
 547      4.7515  #4e4e4e   79   1    0.00538
 548      4.7740  #4e4e4f   79   2    0.00472
 549      4.8015  #4f4e4e   79   3    0.00574
 550      4.8255  #4f4e4f   79   4    0.00499
 551      4.9030  #4e4f4e   79   5    0.01593
 552      4.9255  #4e4f4f   79   6    0.00458
 553      4.9530  #4f4f4e   79   7    0.00557
 554      4.9740  #4f4f4f   80   1    0.00423
 555      5.0025  #4f4f50   80   2    0.00571
 556      5.0280  #504f4f   80   3    0.00508
 557      5.0560  #504f50   80   4    0.00555
 558      5.1300  #4f504f   80   5    0.01453
 559      5.1580  #4f5050   80   6    0.00544
 560      5.1835  #50504f   80   7    0.00493
 561      5.2100  #505050   81   1    0.00510
 562      5.2390  #505051   81   2    0.00555
 563      5.2685  #515050   81   3    0.00562
 564      5.2985  #515051   81   4    0.00568
 565      5.3765  #505150   81   5    0.01461
 566      5.4055  #505151   81   6    0.00538
 567      5.4345  #515150   81   7    0.00535
 568      5.4660  #515151   82   1    0.00578
 569      5.4930  #515152   82   2    0.00493
 570      5.5215  #525151   82   3    0.00517
 571      5.5495  #525152   82   4    0.00506
 572      5.6350  #515251   82   5    0.01529
 573      5.6625  #515252   82   6    0.00487
 574      5.6920  #525251   82   7    0.00520
 575      5.7190  #525252   83   1    0.00473
 576      5.7515  #525253   83   2    0.00567
 577      5.7795  #535252   83   3    0.00486
 578      5.8095  #535253   83   4    0.00518
 579      5.8970  #525352   83   5    0.01495
 580      5.9285  #525353   83   6    0.00533
 581      5.9560  #535352   83   7    0.00463
 582      5.9865  #535353   84   1    0.00511
 583      6.0175  #535354   84   2    0.00516
 584      6.0480  #545353   84   3    0.00506
 585      6.0800  #545354   84   4    0.00528
 586      6.1715  #535453   84   5    0.01494
 587      6.2010  #535454   84   6    0.00477
 588      6.2330  #545453   84   7    0.00515
 589      6.2625  #545454   85   1    0.00472
 590      6.2755  #545455   85   2    0.00207
 591      6.2845  #555454   85   3    0.00143
 592      6.2980  #555455   85   4    0.00215
 593      6.3250  #545554   85   5    0.00428
 594      6.3390  #545555   85   6    0.00221
 595      6.3465  #555554   85   7    0.00118
 596      6.3615  #555555   86   1    0.00236
 597      6.3900  #555556   86   2    0.00447
 598      6.4310  #565555   86   3    0.00640
 599      6.4645  #565556   86   4    0.00520
 600      6.5430  #555655   86   5    0.01207
 601      6.5770  #555656   86   6    0.00518
 602      6.6175  #565655   86   7    0.00614
 603      6.6500  #565656   87   1    0.00490
 604      6.6785  #565657   87   2    0.00428
 605      6.7175  #575656   87   3    0.00582
 606      6.7455  #575657   87   4    0.00416
 607      6.8485  #565756   87   5    0.01515
 608      6.8705  #565757   87   6    0.00321
 609      6.9135  #575756   87   7    0.00624
 610      6.9415  #575757   88   1    0.00404
 611      6.9760  #575758   88   2    0.00496
 612      7.0155  #585757   88   3    0.00565
 613      7.0455  #585758   88   4    0.00427
 614      7.1360  #575857   88   5    0.01276
 615      7.1770  #575858   88   6    0.00573
 616      7.2165  #585857   88   7    0.00549
 617      7.2460  #585858   89   1    0.00408
 618      7.2870  #585859   89   2    0.00564
 619      7.3150  #595858   89   3    0.00384
 620      7.3545  #595859   89   4    0.00539
 621      7.4380  #585958   89   5    0.01129
 622      7.4760  #585959   89   6    0.00510
 623      7.5130  #595958   89   7    0.00494
 624      7.5460  #595959   90   1    0.00438
 625      7.5820  #59595a   90   2    0.00476
 626      7.6170  #5a5959   90   3    0.00461
 627      7.6515  #5a595a   90   4    0.00452
 628      7.7435  #595a59   90   5    0.01195
 629      7.7835  #595a5a   90   6    0.00515
 630      7.8135  #5a5a59   90   7    0.00385
 631      7.8530  #5a5a5a   91   1    0.00504
 632      7.8825  #5a5a5b   91   2    0.00375
 633      7.9190  #5b5a5a   91   3    0.00462
 634      7.9490  #5b5a5b   91   4    0.00378
 635      8.0540  #5a5b5a   91   5    0.01312
 636      8.0880  #5a5b5b   91   6    0.00421
 637      8.1195  #5b5b5a   91   7    0.00389
 638      8.1545  #5b5b5b   92   1    0.00430
 639      8.1920  #5b5b5c   92   2    0.00459
 640      8.2300  #5c5b5b   92   3    0.00463
 641      8.2625  #5c5b5c   92   4    0.00394
 642      8.3675  #5b5c5b   92   5    0.01263
 643      8.4045  #5b5c5c   92   6    0.00441
 644      8.4370  #5c5c5b   92   7    0.00386
 645      8.4750  #5c5c5c   93   1    0.00449
 646      8.5130  #5c5c5d   93   2    0.00447
 647      8.5585  #5d5c5c   93   3    0.00533
 648      8.6020  #5d5c5d   93   4    0.00507
 649      8.6920  #5c5d5c   93   5    0.01041
 650      8.7290  #5c5d5d   93   6    0.00425
 651      8.7760  #5d5d5c   93   7    0.00537
 652      8.8140  #5d5d5d   94   1    0.00432
 653      8.8450  #5d5d5e   94   2    0.00351
 654      8.8940  #5e5d5d   94   3    0.00552
 655      8.9275  #5e5d5e   94   4    0.00376
 656      9.0370  #5d5e5d   94   5    0.01219
 657      9.0705  #5d5e5e   94   6    0.00370
 658      9.1200  #5e5e5d   94   7    0.00544
 659      9.1520  #5e5e5e   95   1    0.00350
 660      9.1895  #5e5e5f   95   2    0.00409
 661      9.2270  #5f5e5e   95   3    0.00407
 662      9.2650  #5f5e5f   95   4    0.00411
 663      9.3790  #5e5f5e   95   5    0.01223
 664      9.4105  #5e5f5f   95   6    0.00335
 665      9.4540  #5f5f5e   95   7    0.00461
 666      9.4915  #5f5f5f   96   1    0.00396
 667      9.5325  #5f5f60   96   2    0.00431
 668      9.5775  #605f5f   96   3    0.00471
 669      9.6125  #605f60   96   4    0.00365
 670      9.7280  #5f605f   96   5    0.01194
 671      9.7735  #5f6060   96   6    0.00467
 672      9.8085  #60605f   96   7    0.00357
 673      9.8535  #606060   97   1    0.00458
 674      9.8880  #606061   97   2    0.00350
 675      9.9330  #616060   97   3    0.00454
 676      9.9815  #616061   97   4    0.00487
 677     10.1030  #606160   97   5    0.01210
 678     10.1380  #606161   97   6    0.00346
 679     10.1830  #616160   97   7    0.00443
 680     10.2240  #616161   98   1    0.00402
 681     10.2675  #616162   98   2    0.00425
 682     10.3120  #626161   98   3    0.00432
 683     10.3555  #626162   98   4    0.00421
 684     10.4780  #616261   98   5    0.01176
 685     10.5220  #616262   98   6    0.00419
 686     10.5615  #626261   98   7    0.00375
 687     10.6040  #626262   99   1    0.00402
 688     10.6535  #626263   99   2    0.00466
 689     10.7100  #636262   99   3    0.00529
 690     10.7535  #636263   99   4    0.00405
 691     10.8560  #626362   99   5    0.00949
 692     10.9045  #626363   99   6    0.00446
 693     10.9615  #636362   99   7    0.00521
 694     10.9895  #636363  100   1    0.00255
 695     11.0295  #636364  100   2    0.00363
 696     11.0785  #646363  100   3    0.00443
 697     11.1135  #646364  100   4    0.00315
 698     11.2475  #636463  100   5    0.01199
 699     11.2845  #636464  100   6    0.00328
 700     11.3330  #646463  100   7    0.00429
 701     11.3735  #646464  101   1    0.00357
 702     11.4185  #646465  101   2    0.00395
 703     11.4710  #656464  101   3    0.00459
 704     11.5135  #656465  101   4    0.00370
 705     11.6270  #646564  101   5    0.00981
 706     11.6705  #646565  101   6    0.00373
 707     11.7275  #656564  101   7    0.00487
 708     11.7595  #656565  102   1    0.00272
 709     11.7980  #656566  102   2    0.00327
 710     11.8520  #666565  102   3    0.00457
 711     11.8920  #666566  102   4    0.00337
 712     12.0210  #656665  102   5    0.01079
 713     12.0615  #656666  102   6    0.00336
 714     12.1100  #666665  102   7    0.00401
 715     12.1595  #666666  103   1    0.00408
 716     12.2065  #666667  103   2    0.00386
 717     12.2480  #676666  103   3    0.00339
 718     12.3000  #676667  103   4    0.00424
 719     12.4300  #666766  103   5    0.01051
 720     12.4685  #666767  103   6    0.00309
 721     12.5200  #676766  103   7    0.00412
 722     12.5725  #676767  104   1    0.00418
 723     12.6155  #676768  104   2    0.00341
 724     12.6635  #686767  104   3    0.00380
 725     12.7145  #686768  104   4    0.00402
 726     12.8410  #676867  104   5    0.00990
 727     12.8880  #676868  104   6    0.00365
 728     12.9365  #686867  104   7    0.00376
 729     12.9875  #686868  105   1    0.00393
 730     13.0290  #686869  105   2    0.00319
 731     13.0805  #696868  105   3    0.00394
 732     13.1340  #696869  105   4    0.00408
 733     13.2620  #686968  105   5    0.00970
 734     13.3150  #686969  105   6    0.00399
 735     13.3580  #696968  105   7    0.00322
 736     13.4095  #696969  106   1    0.00385
 737     13.4610  #69696a  106   2    0.00383
 738     13.5265  #6a6969  106   3    0.00485
 739     13.5705  #6a696a  106   4    0.00325
 740     13.6850  #696a69  106   5    0.00840
 741     13.7495  #696a6a  106   6    0.00470
 742     13.8115  #6a6a69  106   7    0.00450
 743     13.8645  #6a6a6a  107   1    0.00383
 744     13.8975  #6a6a6b  107   2    0.00238
 745     13.9675  #6b6a6a  107   3    0.00502
 746     13.9925  #6b6a6b  107   4    0.00179
 747     14.1460  #6a6b6a  107   5    0.01091
 748     14.1870  #6a6b6b  107   6    0.00289
 749     14.2550  #6b6b6a  107   7    0.00478
 750     14.2990  #6b6b6b  108   1    0.00308
 751     14.3470  #6b6b6c  108   2    0.00335
 752     14.4045  #6c6b6b  108   3    0.00400
 753     14.4610  #6c6b6c  108   4    0.00391
 754     14.5935  #6b6c6b  108   5    0.00912
 755     14.6455  #6b6c6c  108   6    0.00356
 756     14.7030  #6c6c6b  108   7    0.00392
 757     14.7500  #6c6c6c  109   1    0.00319
 758     14.8140  #6c6c6d  109   2    0.00433
 759     14.8605  #6d6c6c  109   3    0.00313
 760     14.9075  #6d6c6d  109   4    0.00316
 761     15.0575  #6c6d6c  109   5    0.01001
 762     15.1050  #6c6d6d  109   6    0.00315
 763     15.1575  #6d6d6c  109   7    0.00347
 764     15.2155  #6d6d6d  110   1    0.00382
 765     15.2635  #6d6d6e  110   2    0.00315
 766     15.3220  #6e6d6d  110   3    0.00383
 767     15.3740  #6e6d6e  110   4    0.00339
 768     15.5160  #6d6e6d  110   5    0.00919
 769     15.5750  #6d6e6e  110   6    0.00380
 770     15.6275  #6e6e6d  110   7    0.00337
 771     15.6830  #6e6e6e  111   1    0.00355
 772     15.7400  #6e6e6f  111   2    0.00363
 773     15.7945  #6f6e6e  111   3    0.00346
 774     15.8405  #6f6e6f  111   4    0.00291
 775     15.9970  #6e6f6e  111   5    0.00983
 776     16.0485  #6e6f6f  111   6    0.00321
 777     16.0995  #6f6f6e  111   7    0.00317
 778     16.1565  #6f6f6f  112   1    0.00353
 779     16.2135  #6f6f70  112   2    0.00352
 780     16.2740  #706f6f  112   3    0.00372
 781     16.3145  #706f70  112   4    0.00249
 782     16.4775  #6f706f  112   5    0.00994
 783     16.5335  #6f7070  112   6    0.00339
 784     16.5845  #70706f  112   7    0.00308
 785     16.6570  #707070  113   1    0.00436
 786     16.6955  #707071  113   2    0.00231
 787     16.7700  #717070  113   3    0.00445
 788     16.8425  #717071  113   4    0.00431
 789     16.9675  #707170  113   5    0.00739
 790     17.0250  #707171  113   6    0.00338
 791     17.0950  #717170  113   7    0.00410
 792     17.1520  #717171  114   1    0.00333
 793     17.2035  #717172  114   2    0.00300
 794     17.2700  #727171  114   3    0.00386
 795     17.3240  #727172  114   4    0.00312
 796     17.4830  #717271  114   5    0.00914
 797     17.5105  #717272  114   6    0.00157
 798     17.5920  #727271  114   7    0.00464
 799     17.6350  #727272  115   1    0.00244
 800     17.6915  #727273  115   2    0.00320
 801     17.7600  #737272  115   3    0.00386
 802     17.8060  #737273  115   4    0.00259
 803     17.9795  #727372  115   5    0.00970
 804     18.0370  #727373  115   6    0.00319
 805     18.0945  #737372  115   7    0.00318
 806     18.1520  #737373  116   1    0.00317
 807     18.2045  #737374  116   2    0.00289
 808     18.2625  #747373  116   3    0.00318
 809     18.3350  #747374  116   4    0.00396
 810     18.4905  #737473  116   5    0.00845
 811     18.5535  #737474  116   6    0.00340
 812     18.6025  #747473  116   7    0.00264
 813     18.6745  #747474  117   1    0.00386
 814     18.7285  #747475  117   2    0.00289
 815     18.7960  #757474  117   3    0.00360
 816     18.8485  #757475  117   4    0.00279
 817     19.0110  #747574  117   5    0.00858
 818     19.0855  #747575  117   6    0.00391
 819     19.1380  #757574  117   7    0.00275
 820     19.1975  #757575  118   1    0.00310
 821     19.2615  #757576  118   2    0.00333
 822     19.3140  #767575  118   3    0.00272
 823     19.3920  #767576  118   4    0.00403
 824     19.5605  #757675  118   5    0.00865
 825     19.5925  #757676  118   6    0.00163
 826     19.6620  #767675  118   7    0.00354
 827     19.7235  #767676  119   1    0.00312
 828     19.7895  #767677  119   2    0.00334
 829     19.8615  #777676  119   3    0.00363
 830     19.9305  #777677  119   4    0.00347
 831     20.0610  #767776  119   5    0.00653
 832     20.1265  #767777  119   6    0.00326
 833     20.2205  #777776  119   7    0.00466
 834     20.2755  #777777  120   1    0.00272
 835     20.3320  #777778  120   2    0.00278
 836     20.3975  #787777  120   3    0.00322
 837     20.4395  #787778  120   4    0.00206
 838     20.6295  #777877  120   5    0.00925
 839     20.6850  #777878  120   6    0.00269
 840     20.7560  #787877  120   7    0.00343
 841     20.8075  #787878  121   1    0.00248
 842     20.8775  #787879  121   2    0.00336
 843     20.9445  #797878  121   3    0.00320
 844     21.0205  #797879  121   4    0.00362
 845     21.2040  #787978  121   5    0.00869
 846     21.2490  #787979  121   6    0.00212
 847     21.3265  #797978  121   7    0.00364
 848     21.3865  #797979  122   1    0.00281
 849     21.4470  #79797a  122   2    0.00282
 850     21.5310  #7a7979  122   3    0.00391
 851     21.5865  #7a797a  122   4    0.00257
 852     21.7795  #797a79  122   5    0.00890
 853     21.8355  #797a7a  122   6    0.00257
 854     21.9080  #7a7a79  122   7    0.00331
 855     21.9660  #7a7a7a  123   1    0.00264
 856     22.0395  #7a7a7b  123   2    0.00334
 857     22.1190  #7b7a7a  123   3    0.00360
 858     22.1875  #7b7a7b  123   4    0.00309
 859     22.3665  #7a7b7a  123   5    0.00804
 860     22.4450  #7a7b7b  123   6    0.00350
 861     22.5190  #7b7b7a  123   7    0.00329
 862     22.5930  #7b7b7b  124   1    0.00328
 863     22.6670  #7b7b7c  124   2    0.00327
 864     22.7405  #7c7b7b  124   3    0.00324
 865     22.8150  #7c7b7c  124   4    0.00327
 866     23.0140  #7b7c7b  124   5    0.00868
 867     23.0780  #7b7c7c  124   6    0.00278
 868     23.1520  #7c7c7b  124   7    0.00320
 869     23.2360  #7c7c7c  125   1    0.00362
 870     23.2895  #7c7c7d  125   2    0.00230
 871     23.3645  #7d7c7c  125   3    0.00322
 872     23.4435  #7d7c7d  125   4    0.00338
 873     23.6480  #7c7d7c  125   5    0.00869
 874     23.7140  #7c7d7d  125   6    0.00279
 875     23.7910  #7d7d7c  125   7    0.00324
 876     23.8590  #7d7d7d  126   1    0.00285
 877     23.9175  #7d7d7e  126   2    0.00245
 878     24.0115  #7e7d7d  126   3    0.00392
 879     24.1050  #7e7d7e  126   4    0.00389
 880     24.2770  #7d7e7d  126   5    0.00711
 881     24.3500  #7d7e7e  126   6    0.00300
 882     24.4495  #7e7e7d  126   7    0.00408
 883     24.5075  #7e7e7e  127   1    0.00237
 884     24.5800  #7e7e7f  127   2    0.00295
 885     24.6885  #7f7e7e  127   3    0.00440
 886     24.7560  #7f7e7f  127   4    0.00273
 887     24.9500  #7e7f7e  127   5    0.00781
 888     25.0000  #7e7f7f  127   6    0.00200
 889     25.1050  #7f7f7e  127   7    0.00419
 890     25.1750  #7f7f7f  128   1    0.00278
 891     25.2250  #7f7f80  128   2    0.00198
 892     25.3200  #807f7f  128   3    0.00376
 893     25.4000  #807f80  128   4    0.00315
 894     25.6000  #7f807f  128   5    0.00784
 895     25.6800  #7f8080  128   6    0.00312
 896     25.7500  #80807f  128   7    0.00272
 897     25.8100  #808080  129   1    0.00233
 898     25.8900  #808081  129   2    0.00309
 899     25.9800  #818080  129   3    0.00347
 900     26.0550  #818081  129   4    0.00288
 901     26.2500  #808180  129   5    0.00746
 902     26.3300  #808181  129   6    0.00304
 903     26.4200  #818180  129   7    0.00341
 904     26.4800  #818181  130   1    0.00227
 905     26.5550  #818182  130   2    0.00283
 906     26.6550  #828181  130   3    0.00376
 907     26.7250  #828182  130   4    0.00262
 908     26.9300  #818281  130   5    0.00764
 909     27.0150  #818282  130   6    0.00315
 910     27.1050  #828281  130   7    0.00333
 911     27.1800  #828282  131   1    0.00276
 912     27.2950  #828283  131   2    0.00422
 913     27.4500  #838282  131   3    0.00566
 914     27.5700  #838283  131   4    0.00436
 915     27.9300  #828382  131   5    0.01297
 916     28.0400  #828383  131   6    0.00393
 917     28.1950  #838382  131   7    0.00551
 918     28.3200  #838383  132   1    0.00442
 919     28.3850  #838384  132   2    0.00229
 920     28.5100  #848383  132   3    0.00439
 921     28.5750  #848384  132   4    0.00228
 922     28.7550  #838483  132   5    0.00628
 923     28.8550  #838484  132   6    0.00347
 924     28.9650  #848483  132   7    0.00380
 925     29.0300  #848484  133   1    0.00224
 926     29.0850  #848485  133   2    0.00189
 927     29.1800  #858484  133   3    0.00326
 928     29.2650  #858485  133   4    0.00291
 929     29.4800  #848584  133   5    0.00732
 930     29.5550  #848585  133   6    0.00254
 931     29.6600  #858584  133   7    0.00355
 932     29.7050  #858585  134   1    0.00152
 933     29.8000  #858586  134   2    0.00319
 934     29.8950  #868585  134   3    0.00318
 935     29.9600  #868586  134   4    0.00217
 936     30.1850  #858685  134   5    0.00748
 937     30.2650  #858686  134   6    0.00265
 938     30.3500  #868685  134   7    0.00280
 939     30.4350  #868686  135   1    0.00280
 940     30.5050  #868687  135   2    0.00230
 941     30.6050  #878686  135   3    0.00327
 942     30.6900  #878687  135   4    0.00277
 943     30.9200  #868786  135   5    0.00747
 944     31.0000  #868787  135   6    0.00258
 945     31.1000  #878786  135   7    0.00322
 946     31.1800  #878787  136   1    0.00257
 947     31.2650  #878788  136   2    0.00272
 948     31.3350  #888787  136   3    0.00224
 949     31.4300  #888788  136   4    0.00303
 950     31.6600  #878887  136   5    0.00729
 951     31.7500  #878888  136   6    0.00284
 952     31.8250  #888887  136   7    0.00236
 953     31.9150  #888888  137   1    0.00282
 954     32.0050  #888889  137   2    0.00282
 955     32.0950  #898888  137   3    0.00281
 956     32.1800  #898889  137   4    0.00264
 957     32.4200  #888988  137   5    0.00743
 958     32.4900  #888989  137   6    0.00216
 959     32.5800  #898988  137   7    0.00277
 960     32.6500  #898989  138   1    0.00215
 961     32.7350  #89898a  138   2    0.00260
 962     32.8750  #8a8989  138   3    0.00427
 963     32.9600  #8a898a  138   4    0.00258
 964     33.1650  #898a89  138   5    0.00620
 965     33.2550  #898a8a  138   6    0.00271
 966     33.3650  #8a8a89  138   7    0.00330
 967     33.4650  #8a8a8a  139   1    0.00299
 968     33.5300  #8a8a8b  139   2    0.00194
 969     33.6300  #8b8a8a  139   3    0.00298
 970     33.7150  #8b8a8b  139   4    0.00252
 971     33.9700  #8a8b8a  139   5    0.00753
 972     34.0400  #8a8b8b  139   6    0.00206
 973     34.1550  #8b8b8a  139   7    0.00337
 974     34.2350  #8b8b8b  140   1    0.00234
 975     34.3200  #8b8b8c  140   2    0.00248
 976     34.4100  #8c8b8b  140   3    0.00262
 977     34.5050  #8c8b8c  140   4    0.00276
 978     34.7200  #8b8c8b  140   5    0.00621
 979     34.8450  #8b8c8c  140   6    0.00359
 980     34.9450  #8c8c8b  140   7    0.00287
 981     35.0300  #8c8c8c  141   1    0.00243
 982     35.1100  #8c8c8d  141   2    0.00228
 983     35.2300  #8d8c8c  141   3    0.00341
 984     35.3250  #8d8c8d  141   4    0.00269
 985     35.5700  #8c8d8c  141   5    0.00691
 986     35.6700  #8c8d8d  141   6    0.00281
 987     35.7650  #8d8d8c  141   7    0.00266
 988     35.8700  #8d8d8d  142   1    0.00293
 989     35.9550  #8d8d8e  142   2    0.00237
 990     36.0500  #8e8d8d  142   3    0.00264
 991     36.1300  #8e8d8e  142   4    0.00222
 992     36.4000  #8d8e8d  142   5    0.00745
 993     36.4850  #8d8e8e  142   6    0.00233
 994     36.5900  #8e8e8d  142   7    0.00287
 995     36.6600  #8e8e8e  143   1    0.00191
 996     36.8200  #8e8e8f  143   2    0.00435
 997     37.0000  #8f8e8e  143   3    0.00488
 998     37.1500  #8f8e8f  143   4    0.00405
 999     37.5850  #8e8f8e  143   5    0.01164
1000     37.7450  #8e8f8f  143   6    0.00425
1001     37.9200  #8f8f8e  143   7    0.00463
1002     38.0850  #8f8f8f  144   1    0.00434
1003     38.1650  #8f8f90  144   2    0.00210
1004     38.3150  #908f8f  144   3    0.00392
1005     38.4150  #908f90  144   4    0.00261
1006     38.6350  #8f908f  144   5    0.00571
1007     38.7350  #8f9090  144   6    0.00258
1008     38.8450  #90908f  144   7    0.00284
1009     38.9500  #909090  145   1    0.00270
1010     39.0300  #909091  145   2    0.00205
1011     39.1450  #919090  145   3    0.00294
1012     39.2350  #919091  145   4    0.00230
1013     39.5050  #909190  145   5    0.00686
1014     39.5900  #909191  145   6    0.00215
1015     39.7250  #919190  145   7    0.00340
1016     39.8000  #919191  146   1    0.00189
1017     39.8900  #919192  146   2    0.00226
1018     39.9950  #929191  146   3    0.00263
1019     40.0950  #929192  146   4    0.00250
1020     40.3650  #919291  146   5    0.00671
1021     40.4750  #919292  146   6    0.00272
1022     40.5900  #929291  146   7    0.00284
1023     40.7000  #929292  147   1    0.00271
1024     40.7900  #929293  147   2    0.00221
1025     40.8900  #939292  147   3    0.00245
1026     40.9950  #939293  147   4    0.00256
1027     41.2600  #929392  147   5    0.00644
1028     41.3550  #929393  147   6    0.00230
1029     41.4700  #939392  147   7    0.00278
1030     41.5750  #939393  148   1    0.00253
1031     41.6750  #939394  148   2    0.00240
1032     41.7900  #949393  148   3    0.00276
1033     41.8950  #949394  148   4    0.00251
1034     42.1600  #939493  148   5    0.00631
1035     42.2600  #939494  148   6    0.00237
1036     42.3900  #949493  148   7    0.00307
1037     42.4900  #949494  149   1    0.00236
1038     42.5850  #949495  149   2    0.00223
1039     42.6950  #959494  149   3    0.00258
1040     42.7850  #959495  149   4    0.00211
1041     43.0950  #949594  149   5    0.00722
1042     43.1850  #949595  149   6    0.00209
1043     43.2900  #959594  149   7    0.00243
1044     43.3900  #959595  150   1    0.00231
1045     43.4900  #959596  150   2    0.00230
1046     43.6600  #969595  150   3    0.00390
1047     43.7650  #969596  150   4    0.00240
1048     44.0000  #959695  150   5    0.00536
1049     44.0950  #959696  150   6    0.00216
1050     44.2650  #969695  150   7    0.00385
1051     44.3600  #969696  151   1    0.00214
1052     44.4750  #969697  151   2    0.00259
1053     44.5850  #979696  151   3    0.00247
1054     44.6850  #979697  151   4    0.00224
1055     44.9850  #969796  151   5    0.00669
1056     45.0850  #969797  151   6    0.00222
1057     45.2200  #979796  151   7    0.00299
1058     45.3150  #979797  152   1    0.00210
1059     45.3950  #979798  152   2    0.00176
1060     45.5200  #989797  152   3    0.00275
1061     45.6050  #989798  152   4    0.00187
1062     45.9100  #979897  152   5    0.00667
1063     46.0000  #979898  152   6    0.00196
1064     46.1300  #989897  152   7    0.00282
1065     46.2300  #989898  153   1    0.00217
1066     46.3700  #989899  153   2    0.00302
1067     46.6250  #999898  153   3    0.00548
1068     46.7750  #999899  153   4    0.00321
1069     47.3100  #989998  153   5    0.01137
1070     47.4850  #989999  153   6    0.00369
1071     47.7150  #999998  153   7    0.00483
1072     47.8650  #999999  154   1    0.00314
1073     47.9600  #99999a  154   2    0.00198
1074     48.0900  #9a9999  154   3    0.00271
1075     48.2100  #9a999a  154   4    0.00249
1076     48.4950  #999a99  154   5    0.00589
1077     48.6000  #999a9a  154   6    0.00216
1078     48.7400  #9a9a99  154   7    0.00288
1079     48.8500  #9a9a9a  155   1    0.00225
1080     48.9450  #9a9a9b  155   2    0.00194
1081     49.1000  #9b9a9a  155   3    0.00316
1082     49.1950  #9b9a9b  155   4    0.00193
1083     49.5300  #9a9b9a  155   5    0.00679
1084     49.6350  #9a9b9b  155   6    0.00212
1085     49.7600  #9b9b9a  155   7    0.00252
1086     49.8700  #9b9b9b  156   1    0.00221
1087     49.9700  #9b9b9c  156   2    0.00200
1088     50.1550  #9c9b9b  156   3    0.00370
1089     50.2650  #9c9b9c  156   4    0.00219
1090     50.5300  #9b9c9b  156   5    0.00526
1091     50.6450  #9b9c9c  156   6    0.00227
1092     50.8100  #9c9c9b  156   7    0.00325
1093     50.9300  #9c9c9c  157   1    0.00236
1094     51.0200  #9c9c9d  157   2    0.00177
1095     51.1500  #9d9c9c  157   3    0.00254
1096     51.2550  #9d9c9d  157   4    0.00205
1097     51.5700  #9c9d9c  157   5    0.00613
1098     51.7150  #9c9d9d  157   6    0.00281
1099     51.8350  #9d9d9c  157   7    0.00232
1100     51.9400  #9d9d9d  158   1    0.00202
1101     52.0450  #9d9d9e  158   2    0.00202
1102     52.1800  #9e9d9d  158   3    0.00259
1103     52.2750  #9e9d9e  158   4    0.00182
1104     52.5950  #9d9e9d  158   5    0.00610
1105     52.7300  #9d9e9e  158   6    0.00256
1106     52.8750  #9e9e9d  158   7    0.00275
1107     52.9850  #9e9e9e  159   1    0.00208
1108     53.0950  #9e9e9f  159   2    0.00207
1109     53.2250  #9f9e9e  159   3    0.00245
1110     53.3550  #9f9e9f  159   4    0.00244
1111     53.6900  #9e9f9e  159   5    0.00626
1112     53.8100  #9e9f9f  159   6    0.00223
1113     53.9450  #9f9f9e  159   7    0.00251
1114     54.0600  #9f9f9f  160   1    0.00213
1115     54.1900  #9f9fa0  160   2    0.00240
1116     54.3200  #a09f9f  160   3    0.00240
1117     54.4450  #a09fa0  160   4    0.00230
1118     54.7800  #9fa09f  160   5    0.00613
1119     54.8850  #9fa0a0  160   6    0.00191
1120     55.0300  #a0a09f  160   7    0.00264
1121     55.1500  #a0a0a0  161   1    0.00218
1122     55.3550  #a0a0a1  161   2    0.00371
1123     55.6150  #a1a0a0  161   3    0.00469
1124     55.8050  #a1a0a1  161   4    0.00341
1125     56.3850  #a0a1a0  161   5    0.01034
1126     56.5650  #a0a1a1  161   6    0.00319
1127     56.8150  #a1a1a0  161   7    0.00441
1128     57.0450  #a1a1a1  162   1    0.00404
1129     57.1700  #a1a1a2  162   2    0.00219
1130     57.3400  #a2a1a1  162   3    0.00297
1131     57.4750  #a2a1a2  162   4    0.00235
1132     57.7900  #a1a2a1  162   5    0.00547
1133     57.9150  #a1a2a2  162   6    0.00216
1134     58.0850  #a2a2a1  162   7    0.00293
1135     58.2200  #a2a2a2  163   1    0.00232
1136     58.3000  #a2a2a3  163   2    0.00137
1137     58.4650  #a3a2a2  163   3    0.00283
1138     58.5550  #a3a2a3  163   4    0.00154
1139     58.9200  #a2a3a2  163   5    0.00621
1140     59.0400  #a2a3a3  163   6    0.00203
1141     59.1900  #a3a3a2  163   7    0.00254
1142     59.3050  #a3a3a3  164   1    0.00194
1143     59.4200  #a3a3a4  164   2    0.00194
1144     59.5700  #a4a3a3  164   3    0.00252
1145     59.6750  #a4a3a4  164   4    0.00176
1146     60.0200  #a3a4a3  164   5    0.00576
1147     60.1500  #a3a4a4  164   6    0.00216
1148     60.2900  #a4a4a3  164   7    0.00232
1149     60.4200  #a4a4a4  165   1    0.00215
1150     60.5350  #a4a4a5  165   2    0.00190
1151     60.6900  #a5a4a4  165   3    0.00256
1152     60.8150  #a5a4a5  165   4    0.00206
1153     61.1600  #a4a5a4  165   5    0.00566
1154     61.2850  #a4a5a5  165   6    0.00204
1155     61.4200  #a5a5a4  165   7    0.00220
1156     61.5550  #a5a5a5  166   1    0.00220
1157     61.6800  #a5a5a6  166   2    0.00203
1158     61.8150  #a6a5a5  166   3    0.00219
1159     61.9550  #a6a5a6  166   4    0.00226
1160     62.3050  #a5a6a5  166   5    0.00563
1161     62.4300  #a5a6a6  166   6    0.00200
1162     62.5800  #a6a6a5  166   7    0.00240
1163     62.7150  #a6a6a6  167   1    0.00215
1164     62.8350  #a6a6a7  167   2    0.00191
1165     62.9950  #a7a6a6  167   3    0.00254
1166     63.1000  #a7a6a7  167   4    0.00167
1167     63.4700  #a6a7a6  167   5    0.00585
1168     63.5850  #a6a7a7  167   6    0.00181
1169     63.7400  #a7a7a6  167   7    0.00243
1170     63.8850  #a7a7a7  168   1    0.00227
1171     64.0900  #a7a7a8  168   2    0.00320
1172     64.3900  #a8a7a7  168   3    0.00467
1173     64.6500  #a8a7a8  168   4    0.00403
1174     65.2100  #a7a8a7  168   5    0.00862
1175     65.4350  #a7a8a8  168   6    0.00344
1176     65.7350  #a8a8a7  168   7    0.00457
1177     65.9550  #a8a8a8  169   1    0.00334
1178     66.0800  #a8a8a9  169   2    0.00189
1179     66.2350  #a9a8a8  169   3    0.00234
1180     66.3550  #a9a8a9  169   4    0.00181
1181     66.7550  #a8a9a8  169   5    0.00601
1182     66.8750  #a8a9a9  169   6    0.00180
1183     67.0450  #a9a9a8  169   7    0.00254
1184     67.1550  #a9a9a9  170   1    0.00164
1185     67.2800  #a9a9aa  170   2    0.00186
1186     67.4500  #aaa9a9  170   3    0.00252
1187     67.5850  #aaa9aa  170   4    0.00200
1188     67.9450  #a9aaa9  170   5    0.00531
1189     68.0800  #a9aaaa  170   6    0.00198
1190     68.2400  #aaaaa9  170   7    0.00235
1191     68.3800  #aaaaaa  171   1    0.00205
1192     68.5150  #aaaaab  171   2    0.00197
1193     68.6700  #abaaaa  171   3    0.00226
1194     68.8000  #abaaab  171   4    0.00189
1195     69.1900  #aaabaa  171   5    0.00565
1196     69.3200  #aaabab  171   6    0.00188
1197     69.4700  #ababaa  171   7    0.00216
1198     69.6200  #ababab  172   1    0.00216
1199     69.7500  #ababac  172   2    0.00187
1200     69.9050  #acabab  172   3    0.00222
1201     70.0450  #acabac  172   4    0.00200
1202     70.4150  #abacab  172   5    0.00527
1203     70.5450  #abacac  172   6    0.00184
1204     70.7150  #acacab  172   7    0.00241
1205     70.8450  #acacac  173   1    0.00184
1206     70.9950  #acacad  173   2    0.00212
1207     71.1650  #adacac  173   3    0.00239
1208     71.2850  #adacad  173   4    0.00168
1209     71.7000  #acadac  173   5    0.00580
1210     71.8400  #acadad  173   6    0.00195
1211     72.0100  #adadac  173   7    0.00236
1212     72.1250  #adadad  174   1    0.00160
1213     72.3500  #adadae  174   2    0.00311
1214     72.7400  #aeadad  174   3    0.00538
1215     72.9500  #aeadae  174   4    0.00288
1216     73.5850  #adaead  174   5    0.00867
1217     73.8050  #adaeae  174   6    0.00299
1218     74.1600  #aeaead  174   7    0.00480
1219     74.3800  #aeaeae  175   1    0.00296
1220     74.5300  #aeaeaf  175   2    0.00201
1221     74.7050  #afaeae  175   3    0.00235
1222     74.8300  #afaeaf  175   4    0.00167
1223     75.2350  #aeafae  175   5    0.00540
1224     75.3850  #aeafaf  175   6    0.00199
1225     75.5550  #afafae  175   7    0.00225
1226     75.6950  #afafaf  176   1    0.00185
1227     75.8450  #afafb0  176   2    0.00198
1228     76.0100  #b0afaf  176   3    0.00217
1229     76.1600  #b0afb0  176   4    0.00197
1230     76.5700  #afb0af  176   5    0.00537
1231     76.7150  #afb0b0  176   6    0.00189
1232     76.8900  #b0b0af  176   7    0.00228
1233     77.0150  #b0b0b0  177   1    0.00162
1234     77.1550  #b0b0b1  177   2    0.00182
1235     77.3250  #b1b0b0  177   3    0.00220
1236     77.4800  #b1b0b1  177   4    0.00200
1237     77.8750  #b0b1b0  177   5    0.00509
1238     78.0350  #b0b1b1  177   6    0.00205
1239     78.2000  #b1b1b0  177   7    0.00211
1240     78.3400  #b1b1b1  178   1    0.00179
1241     78.4950  #b1b1b2  178   2    0.00198
1242     78.6700  #b2b1b1  178   3    0.00223
1243     78.8250  #b2b1b2  178   4    0.00197
1244     79.2100  #b1b2b1  178   5    0.00487
1245     79.3550  #b1b2b2  178   6    0.00183
1246     79.5500  #b2b2b1  178   7    0.00245
1247     79.6800  #b2b2b2  179   1    0.00163
1248     79.8300  #b2b2b3  179   2    0.00188
1249     80.0250  #b3b2b2  179   3    0.00244
1250     80.1650  #b3b2b3  179   4    0.00175
1251     80.5750  #b2b3b2  179   5    0.00510
1252     80.7350  #b2b3b3  179   6    0.00198
1253     80.9200  #b3b3b2  179   7    0.00229
1254     81.0700  #b3b3b3  180   1    0.00185
1255     81.3200  #b3b3b4  180   2    0.00308
1256     81.7150  #b4b3b3  180   3    0.00485
1257     81.9600  #b4b3b4  180   4    0.00299
1258     82.6550  #b3b4b3  180   5    0.00844
1259     82.9250  #b3b4b4  180   6    0.00326
1260     83.3000  #b4b4b3  180   7    0.00451
1261     83.5700  #b4b4b4  181   1    0.00324
1262     83.7150  #b4b4b5  181   2    0.00173
1263     83.9000  #b5b4b4  181   3    0.00221
1264     84.0550  #b5b4b5  181   4    0.00185
1265     84.4900  #b4b5b4  181   5    0.00516
1266     84.6450  #b4b5b5  181   6    0.00183
1267     84.8350  #b5b5b4  181   7    0.00224
1268     84.9850  #b5b5b5  182   1    0.00177
1269     85.1450  #b5b5b6  182   2    0.00188
1270     85.3250  #b6b5b5  182   3    0.00211
1271     85.4650  #b6b5b6  182   4    0.00164
1272     85.9150  #b5b6b5  182   5    0.00525
1273     86.0700  #b5b6b6  182   6    0.00180
1274     86.2400  #b6b6b5  182   7    0.00197
1275     86.4100  #b6b6b6  183   1    0.00197
1276     86.5700  #b6b6b7  183   2    0.00185
1277     86.7500  #b7b6b6  183   3    0.00208
1278     86.8950  #b7b6b7  183   4    0.00167
1279     87.3600  #b6b7b6  183   5    0.00534
1280     87.5200  #b6b7b7  183   6    0.00183
1281     87.7100  #b7b7b6  183   7    0.00217
1282     87.8700  #b7b7b7  184   1    0.00182
1283     88.0450  #b7b7b8  184   2    0.00199
1284     88.2050  #b8b7b7  184   3    0.00182
1285     88.3650  #b8b7b8  184   4    0.00181
1286     88.8100  #b7b8b7  184   5    0.00502
1287     88.9600  #b7b8b8  184   6    0.00169
1288     89.1450  #b8b8b7  184   7    0.00208
1289     89.3100  #b8b8b8  185   1    0.00185
1290     89.4650  #b8b8b9  185   2    0.00173
1291     89.6600  #b9b8b8  185   3    0.00218
1292     89.8300  #b9b8b9  185   4    0.00189
1293     90.2650  #b8b9b8  185   5    0.00483
1294     90.4250  #b8b9b9  185   6    0.00177
1295     90.6250  #b9b9b8  185   7    0.00221
1296     90.7750  #b9b9b9  186   1    0.00165
1297     91.0600  #b9b9ba  186   2    0.00313
1298     91.4200  #bab9b9  186   3    0.00395
1299     91.6800  #bab9ba  186   4    0.00284
1300     92.4700  #b9bab9  186   5    0.00858
1301     92.7450  #b9baba  186   6    0.00297
1302     93.0900  #babab9  186   7    0.00371
1303     93.3800  #bababa  187   1    0.00311
1304     93.5250  #bababb  187   2    0.00155
1305     93.7250  #bbbaba  187   3    0.00214
1306     93.9050  #bbbabb  187   4    0.00192
1307     94.3450  #babbba  187   5    0.00467
1308     94.5250  #babbbb  187   6    0.00191
1309     94.7450  #bbbbba  187   7    0.00232
1310     94.9050  #bbbbbb  188   1    0.00169
1311     95.0800  #bbbbbc  188   2    0.00184
1312     95.2950  #bcbbbb  188   3    0.00226
1313     95.4350  #bcbbbc  188   4    0.00147
1314     95.9250  #bbbcbb  188   5    0.00512
1315     96.0750  #bbbcbc  188   6    0.00156
1316     96.3000  #bcbcbb  188   7    0.00234
1317     96.4600  #bcbcbc  189   1    0.00166
1318     96.6200  #bcbcbd  189   2    0.00166
1319     96.8100  #bdbcbc  189   3    0.00196
1320     96.9850  #bdbcbd  189   4    0.00181
1321     97.4600  #bcbdbc  189   5    0.00489
1322     97.6550  #bcbdbd  189   6    0.00200
1323     97.8600  #bdbdbc  189   7    0.00210
1324     98.0200  #bdbdbd  190   1    0.00163
1325     98.2050  #bdbdbe  190   2    0.00189
1326     98.4200  #bebdbd  190   3    0.00219
1327     98.5900  #bebdbe  190   4    0.00173
1328     99.0750  #bdbebd  190   5    0.00491
1329     99.2450  #bdbebe  190   6    0.00171
1330     99.4550  #bebebd  190   7    0.00211
1331     99.6350  #bebebe  191   1    0.00181
1332     99.9200  #bebebf  191   2    0.00286
1333    100.2750  #bfbebe  191   3    0.00355
1334    100.5800  #bfbebf  191   4    0.00304
1335    101.4550  #bebfbe  191   5    0.00866
1336    101.7500  #bebfbf  191   6    0.00290
1337    102.1050  #bfbfbe  191   7    0.00348
1338    102.4050  #bfbfbf  192   1    0.00293
1339    102.5750  #bfbfc0  192   2    0.00166
1340    102.7600  #c0bfbf  192   3    0.00180
1341    102.9500  #c0bfc0  192   4    0.00185
1342    103.4250  #bfc0bf  192   5    0.00460
1343    103.6000  #bfc0c0  192   6    0.00169
1344    103.7950  #c0c0bf  192   7    0.00188
1345    103.9650  #c0c0c0  193   1    0.00164
1346    104.1550  #c0c0c1  193   2    0.00183
1347    104.3800  #c1c0c0  193   3    0.00216
1348    104.5500  #c1c0c1  193   4    0.00163
1349    105.0150  #c0c1c0  193   5    0.00444
1350    105.1750  #c0c1c1  193   6    0.00152
1351    105.4000  #c1c1c0  193   7    0.00214
1352    105.5850  #c1c1c1  194   1    0.00175
1353    105.7750  #c1c1c2  194   2    0.00180
1354    105.9750  #c2c1c1  194   3    0.00189
1355    106.1500  #c2c1c2  194   4    0.00165
1356    106.6250  #c1c2c1  194   5    0.00446
1357    106.8050  #c1c2c2  194   6    0.00169
1358    107.0250  #c2c2c1  194   7    0.00206
1359    107.1850  #c2c2c2  195   1    0.00149
1360    107.3850  #c2c2c3  195   2    0.00186
1361    107.5800  #c3c2c2  195   3    0.00181
1362    107.7500  #c3c2c3  195   4    0.00158
1363    108.2400  #c2c3c2  195   5    0.00454
1364    108.4300  #c2c3c3  195   6    0.00175
1365    108.6050  #c3c3c2  195   7    0.00161
1366    108.8250  #c3c3c3  196   1    0.00202
1367    109.1300  #c3c3c4  196   2    0.00280
1368    109.5500  #c4c3c3  196   3    0.00384
1369    109.8700  #c4c3c4  196   4    0.00292
1370    110.7350  #c3c4c3  196   5    0.00784
1371    111.0450  #c3c4c4  196   6    0.00280
1372    111.4400  #c4c4c3  196   7    0.00355
1373    111.7450  #c4c4c4  197   1    0.00273
1374    111.9000  #c4c4c5  197   2    0.00139
1375    112.1200  #c5c4c4  197   3    0.00196
1376    112.3150  #c5c4c5  197   4    0.00174
1377    112.8550  #c4c5c4  197   5    0.00480
1378    113.0350  #c4c5c5  197   6    0.00159
1379    113.2650  #c5c5c4  197   7    0.00203
1380    113.4100  #c5c5c5  198   1    0.00128
1381    113.6000  #c5c5c6  198   2    0.00167
1382    113.8300  #c6c5c5  198   3    0.00202
1383    114.0150  #c6c5c6  198   4    0.00162
1384    114.5200  #c5c6c5  198   5    0.00442
1385    114.7000  #c5c6c6  198   6    0.00157
1386    114.9550  #c6c6c5  198   7    0.00222
1387    115.1450  #c6c6c6  199   1    0.00165
1388    115.3150  #c6c6c7  199   2    0.00148
1389    115.5550  #c7c6c6  199   3    0.00208
1390    115.7350  #c7c6c7  199   4    0.00156
1391    116.2200  #c6c7c6  199   5    0.00418
1392    116.4050  #c6c7c7  199   6    0.00159
1393    116.6350  #c7c7c6  199   7    0.00197
1394    116.8200  #c7c7c7  200   1    0.00158
1395    116.9900  #c7c7c8  200   2    0.00145
1396    117.2250  #c8c7c7  200   3    0.00201
1397    117.4250  #c8c7c8  200   4    0.00170
1398    117.9400  #c7c8c7  200   5    0.00438
1399    118.1100  #c7c8c8  200   6    0.00144
1400    118.3550  #c8c8c7  200   7    0.00207
1401    118.5350  #c8c8c8  201   1    0.00152
1402    118.8650  #c8c8c9  201   2    0.00278
1403    119.2700  #c9c8c8  201   3    0.00340
1404    119.6000  #c9c8c9  201   4    0.00276
1405    120.4800  #c8c9c8  201   5    0.00733
1406    120.9250  #c8c9c9  201   6    0.00369
1407    121.3300  #c9c9c8  201   7    0.00334
1408    121.6500  #c9c9c9  202   1    0.00263
1409    121.8300  #c9c9ca  202   2    0.00148
1410    122.0800  #cac9c9  202   3    0.00205
1411    122.2500  #cac9ca  202   4    0.00139
1412    122.7850  #c9cac9  202   5    0.00437
1413    122.9700  #c9caca  202   6    0.00151
1414    123.2250  #cacac9  202   7    0.00207
1415    123.4000  #cacaca  203   1    0.00142
1416    123.5950  #cacacb  203   2    0.00158
1417    123.8250  #cbcaca  203   3    0.00186
1418    124.0350  #cbcacb  203   4    0.00169
1419    124.6050  #cacbca  203   5    0.00458
1420    124.7900  #cacbcb  203   6    0.00148
1421    125.0350  #cbcbca  203   7    0.00196
1422    125.2200  #cbcbcb  204   1    0.00148
1423    125.3900  #cbcbcc  204   2    0.00136
1424    125.6200  #cccbcb  204   3    0.00183
1425    125.8200  #cccbcc  204   4    0.00159
1426    126.4000  #cbcccb  204   5    0.00460
1427    126.5850  #cbcccc  204   6    0.00146
1428    126.8150  #cccccb  204   7    0.00182
1429    127.0050  #cccccc  205   1    0.00150
1430    127.3300  #cccccd  205   2    0.00256
1431    127.7100  #cdcccc  205   3    0.00298
1432    128.0450  #cdcccd  205   4    0.00262
1433    128.9850  #cccdcc  205   5    0.00731
1434    129.3050  #cccdcd  205   6    0.00248
1435    129.7000  #cdcdcc  205   7    0.00305
1436    130.0400  #cdcdcd  206   1    0.00262
1437    130.2300  #cdcdce  206   2    0.00146
1438    130.4200  #cecdcd  206   3    0.00146
1439    130.6450  #cecdce  206   4    0.00172
1440    131.1250  #cdcecd  206   5    0.00367
1441    131.3350  #cdcece  206   6    0.00160
1442    131.5200  #cececd  206   7    0.00141
1443    131.7350  #cecece  207   1    0.00163
1444    131.9400  #cececf  207   2    0.00155
1445    132.1450  #cfcece  207   3    0.00155
1446    132.3350  #cfcecf  207   4    0.00144
1447    132.8300  #cecfce  207   5    0.00373
1448    133.0350  #cecfcf  207   6    0.00154
1449    133.2500  #cfcfce  207   7    0.00161
1450    133.4350  #cfcfcf  208   1    0.00139
1451    133.6750  #cfcfd0  208   2    0.00180
1452    133.8700  #d0cfcf  208   3    0.00146
1453    134.0900  #d0cfd0  208   4    0.00164
1454    134.5600  #cfd0cf  208   5    0.00350
1455    134.7750  #cfd0d0  208   6    0.00160
1456    134.9800  #d0d0cf  208   7    0.00152
1457    135.1950  #d0d0d0  209   1    0.00159
1458    135.5200  #d0d0d1  209   2    0.00240
1459    135.9600  #d1d0d0  209   3    0.00324
1460    136.2650  #d1d0d1  209   4    0.00224
1461    137.1750  #d0d1d0  209   5    0.00666
1462    137.4700  #d0d1d1  209   6    0.00215
1463    137.9300  #d1d1d0  209   7    0.00334
1464    138.2400  #d1d1d1  210   1    0.00224
1465    138.4200  #d1d1d2  210   2    0.00130
1466    138.6650  #d2d1d1  210   3    0.00177
1467    138.8500  #d2d1d2  210   4    0.00133
1468    139.3800  #d1d2d1  210   5    0.00381
1469    139.5650  #d1d2d2  210   6    0.00133
1470    139.8200  #d2d2d1  210   7    0.00183
1471    139.9950  #d2d2d2  211   1    0.00125
1472    140.1800  #d2d2d3  211   2    0.00132
1473    140.4450  #d3d2d2  211   3    0.00189
1474    140.6250  #d3d2d3  211   4    0.00128
1475    141.1650  #d2d3d2  211   5    0.00383
1476    141.3300  #d2d3d3  211   6    0.00117
1477    141.6000  #d3d3d2  211   7    0.00191
1478    141.7850  #d3d3d3  212   1    0.00131
1479    141.9450  #d3d3d4  212   2    0.00113
1480    142.1650  #d4d3d3  212   3    0.00155
1481    142.3450  #d4d3d4  212   4    0.00127
1482    142.9200  #d3d4d3  212   5    0.00403
1483    143.0750  #d3d4d4  212   6    0.00108
1484    143.2700  #d4d4d3  212   7    0.00136
1485    143.5050  #d4d4d4  213   1    0.00164
1486    143.7250  #d4d4d5  213   2    0.00153
1487    143.8700  #d5d4d4  213   3    0.00101
1488    144.0300  #d5d4d5  213   4    0.00111
1489    144.6800  #d4d5d4  213   5    0.00450
1490    144.8800  #d4d5d5  213   6    0.00138
1491    145.0300  #d5d5d4  213   7    0.00103
1492    145.2350  #d5d5d5  214   1    0.00141
1493    145.5900  #d5d5d6  214   2    0.00244
1494    146.0150  #d6d5d5  214   3    0.00291
1495    146.3600  #d6d5d6  214   4    0.00236
1496    147.2900  #d5d6d5  214   5    0.00633
1497    147.5800  #d5d6d6  214   6    0.00197
1498    148.1150  #d6d6d5  214   7    0.00362
1499    148.4000  #d6d6d6  215   1    0.00192
1500    148.6500  #d6d6d7  215   2    0.00168
1501    148.8500  #d7d6d6  215   3    0.00134
1502    149.0500  #d7d6d7  215   4    0.00134
1503    149.6500  #d6d7d6  215   5    0.00402
1504    149.8000  #d6d7d7  215   6    0.00100
1505    150.0300  #d7d7d6  215   7    0.00153
1506    150.3000  #d7d7d7  216   1    0.00180
1507    150.4900  #d7d7d8  216   2    0.00126
1508    150.7500  #d8d7d7  216   3    0.00173
1509    150.9600  #d8d7d8  216   4    0.00139
1510    151.4950  #d7d8d7  216   5    0.00354
1511    151.7000  #d7d8d8  216   6    0.00135
1512    151.8750  #d8d8d7  216   7    0.00115
1513    152.1600  #d8d8d8  217   1    0.00187
1514    152.3850  #d8d8d9  217   2    0.00148
1515    152.6000  #d9d8d8  217   3    0.00141
1516    152.8250  #d9d8d9  217   4    0.00147
1517    153.3800  #d8d9d8  217   5    0.00363
1518    153.5700  #d8d9d9  217   6    0.00124
1519    153.7750  #d9d9d8  217   7    0.00133
1520    154.0450  #d9d9d9  218   1    0.00175
1521    154.3400  #d9d9da  218   2    0.00191
1522    154.8750  #dad9d9  218   3    0.00346
1523    155.1200  #dad9da  218   4    0.00158
1524    156.1900  #d9dad9  218   5    0.00687
1525    156.5150  #d9dada  218   6    0.00208
1526    156.9200  #dadad9  218   7    0.00258
1527    157.2800  #dadada  219   1    0.00229
1528    157.5050  #dadadb  219   2    0.00143
1529    157.7700  #dbdada  219   3    0.00168
1530    157.9500  #dbdadb  219   4    0.00114
1531    158.6150  #dadbda  219   5    0.00420
1532    158.8150  #dadbdb  219   6    0.00126
1533    158.9900  #dbdbda  219   7    0.00110
1534    159.2200  #dbdbdb  220   1    0.00145
1535    159.4200  #dbdbdc  220   2    0.00126
1536    159.7100  #dcdbdb  220   3    0.00182
1537    159.9000  #dcdbdc  220   4    0.00119
1538    160.4850  #dbdcdb  220   5    0.00365
1539    160.6400  #dbdcdc  220   6    0.00097
1540    160.9450  #dcdcdb  220   7    0.00190
1541    161.1750  #dcdcdc  221   1    0.00143
1542    161.3200  #dcdcdd  221   2    0.00090
1543    161.6350  #dddcdc  221   3    0.00195
1544    161.8700  #dddcdd  221   4    0.00145
1545    162.4300  #dcdddc  221   5    0.00345
1546    162.6200  #dcdddd  221   6    0.00117
1547    162.8800  #dddddc  221   7    0.00160
1548    163.1000  #dddddd  222   1    0.00135
1549    163.3600  #ddddde  222   2    0.00159
1550    163.7950  #dedddd  222   3    0.00266
1551    164.0950  #deddde  222   4    0.00183
1552    165.1400  #dddedd  222   5    0.00635
1553    165.5950  #dddede  222   6    0.00275
1554    165.9400  #dededd  222   7    0.00208
1555    166.3450  #dedede  223   1    0.00244
1556    166.5300  #dededf  223   2    0.00111
1557    166.8550  #dfdede  223   3    0.00195
1558    166.9900  #dfdedf  223   4    0.00081
1559    167.6200  #dedfde  223   5    0.00377
1560    167.9400  #dedfdf  223   6    0.00191
1561    168.1200  #dfdfde  223   7    0.00107
1562    168.2350  #dfdfdf  224   1    0.00068
1563    168.4550  #dfdfe0  224   2    0.00131
1564    168.7350  #e0dfdf  224   3    0.00166
1565    169.1000  #e0dfe0  224   4    0.00216
1566    169.4500  #dfe0df  224   5    0.00207
1567    169.7250  #dfe0e0  224   6    0.00162
1568    170.0000  #e0e0df  224   7    0.00162
1569    170.2200  #e0e0e0  225   1    0.00129
1570    170.4650  #e0e0e1  225   2    0.00144
1571    170.7250  #e1e0e0  225   3    0.00152
1572    170.7850  #e1e0e1  225   4    0.00035
1573    171.5100  #e0e1e0  225   5    0.00424
1574    171.7000  #e0e1e1  225   6    0.00111
1575    171.9500  #e1e1e0  225   7    0.00145
1576    172.1500  #e1e1e1  226   1    0.00116
1577    172.6000  #e1e1e2  226   2    0.00261
1578    172.9000  #e2e1e1  226   3    0.00174
1579    173.2000  #e2e1e2  226   4    0.00173
1580    174.4000  #e1e2e1  226   5    0.00690
1581    174.8000  #e1e2e2  226   6    0.00229
1582    175.2000  #e2e2e1  226   7    0.00229
1583    175.6000  #e2e2e2  227   1    0.00228
1584    175.8500  #e2e2e3  227   2    0.00142
1585    176.1500  #e3e2e2  227   3    0.00170
1586    176.3500  #e3e2e3  227   4    0.00113
1587    176.9000  #e2e3e2  227   5    0.00311
1588    177.1000  #e2e3e3  227   6    0.00113
1589    177.3000  #e3e3e2  227   7    0.00113
1590    177.6000  #e3e3e3  228   1    0.00169
1591    177.9000  #e3e3e4  228   2    0.00169
1592    178.1500  #e4e3e3  228   3    0.00140
1593    178.3000  #e4e3e4  228   4    0.00084
1594    179.0000  #e3e4e3  228   5    0.00392
1595    179.2500  #e3e4e4  228   6    0.00140
1596    179.4000  #e4e4e3  228   7    0.00084
1597    179.6500  #e4e4e4  229   1    0.00139
1598    180.0000  #e4e4e5  229   2    0.00195
1599    180.2000  #e5e4e4  229   3    0.00111
1600    180.4500  #e5e4e5  229   4    0.00139
1601    180.9500  #e4e5e4  229   5    0.00277
1602    181.2500  #e4e5e5  229   6    0.00166
1603    181.6000  #e5e5e4  229   7    0.00193
1604    181.8500  #e5e5e5  230   1    0.00138
1605    182.0500  #e5e5e6  230   2    0.00110
1606    182.4000  #e6e5e5  230   3    0.00192
1607    182.9000  #e6e5e6  230   4    0.00274
1608    184.1000  #e5e6e5  230   5    0.00654
1609    184.5500  #e5e6e6  230   6    0.00244
1610    184.8500  #e6e6e5  230   7    0.00162
1611    185.2500  #e6e6e6  231   1    0.00216
1612    185.6500  #e6e6e7  231   2    0.00216
1613    185.7500  #e7e6e6  231   3    0.00054
1614    185.9000  #e7e6e7  231   4    0.00081
1615    186.3500  #e6e7e6  231   5    0.00242
1616    186.8000  #e6e7e7  231   6    0.00241
1617    186.9000  #e7e7e6  231   7    0.00054
1618    187.0500  #e7e7e7  232   1    0.00080
1619    187.2000  #e7e7e8  232   2    0.00080
1620    187.4500  #e8e7e7  232   3    0.00133
1621    187.9000  #e8e7e8  232   4    0.00240
1622    188.1000  #e7e8e7  232   5    0.00106
1623    188.3500  #e7e8e8  232   6    0.00133
1624    188.6500  #e8e8e7  232   7    0.00159
1625    189.0000  #e8e8e8  233   1    0.00185
1626    189.2000  #e8e8e9  233   2    0.00106
1627    189.5000  #e9e8e8  233   3    0.00158
1628    189.7000  #e9e8e9  233   4    0.00105
1629    190.7500  #e8e9e8  233   5    0.00552
1630    191.1500  #e8e9e9  233   6    0.00209
1631    191.4000  #e9e9e8  233   7    0.00131
1632    191.9500  #e9e9e9  234   1    0.00287
1633    192.1000  #e9e9ea  234   2    0.00078
1634    192.2500  #eae9e9  234   3    0.00078
1635    192.3000  #eae9ea  234   4    0.00026
1636    193.0500  #e9eae9  234   5    0.00389
1637    193.1500  #e9eaea  234   6    0.00052
1638    193.3000  #eaeae9  234   7    0.00078
1639    193.5500  #eaeaea  235   1    0.00129
1640    193.9000  #eaeaeb  235   2    0.00181
1641    194.0500  #ebeaea  235   3    0.00077
1642    194.1500  #ebeaeb  235   4    0.00052
1643    194.9000  #eaebea  235   5    0.00386
1644    195.0000  #eaebeb  235   6    0.00051
1645    195.2000  #ebebea  235   7    0.00103
1646    195.3500  #ebebeb  236   1    0.00077
1647    195.6500  #ebebec  236   2    0.00153
1648    195.9000  #ecebeb  236   3    0.00128
1649    196.0000  #ecebec  236   4    0.00051
1650    196.6000  #ebeceb  236   5    0.00306
1651    196.9000  #ebecec  236   6    0.00152
1652    196.9500  #ececeb  236   7    0.00025
1653    197.0500  #ececec  237   1    0.00051
1654    197.5000  #ececed  237   2    0.00228
1655    197.9000  #edecec  237   3    0.00202
1656    198.3500  #edeced  237   4    0.00227
1657    199.2500  #ecedec  237   5    0.00453
1658    199.6000  #eceded  237   6    0.00176
1659    200.0000  #ededec  237   7    0.00200
1660    200.4500  #ededed  238   1    0.00225
1661    200.7000  #ededee  238   2    0.00125
1662    200.9000  #eeeded  238   3    0.00100
1663    200.9500  #eeedee  238   4    0.00025
1664    201.7500  #edeeed  238   5    0.00397
1665    201.9500  #edeeee  238   6    0.00099
1666    202.0500  #eeeeed  238   7    0.00050
1667    202.2000  #eeeeee  239   1    0.00074
1668    202.3000  #eeeeef  239   2    0.00049
1669    202.8500  #efeeee  239   3    0.00272
1670    203.0000  #efeeef  239   4    0.00074
1671    203.3500  #eeefee  239   5    0.00172
1672    203.8000  #eeefef  239   6    0.00221
1673    204.0000  #efefee  239   7    0.00098
1674    204.2000  #efefef  240   1    0.00098
1675    204.3500  #efeff0  240   2    0.00073
1676    205.0500  #f0efef  240   3    0.00342
1677    205.3000  #f0eff0  240   4    0.00122
1678    206.4500  #eff0ef  240   5    0.00559
1679    206.9000  #eff0f0  240   6    0.00218
1680    207.1500  #f0f0ef  240   7    0.00121
1681    207.6500  #f0f0f0  241   1    0.00241
1682    207.7500  #f0f0f1  241   2    0.00048
1683    208.1500  #f1f0f0  241   3    0.00192
1684    208.2500  #f1f0f1  241   4    0.00048
1685    208.9000  #f0f1f0  241   5    0.00312
1686    209.1500  #f0f1f1  241   6    0.00120
1687    209.3500  #f1f1f0  241   7    0.00096
1688    209.6000  #f1f1f1  242   1    0.00119
1689    209.8000  #f1f1f2  242   2    0.00095
1690    210.1000  #f2f1f1  242   3    0.00143
1691    210.1500  #f2f1f2  242   4    0.00024
1692    210.9500  #f1f2f1  242   5    0.00380
1693    211.1000  #f1f2f2  242   6    0.00071
1694    211.4000  #f2f2f1  242   7    0.00142
1695    211.5000  #f2f2f2  243   1    0.00047
1696    211.8500  #f2f2f3  243   2    0.00165
1697    212.0000  #f3f2f2  243   3    0.00071
1698    212.4000  #f3f2f3  243   4    0.00189
1699    212.9000  #f2f3f2  243   5    0.00235
1700    213.1500  #f2f3f3  243   6    0.00117
1701    213.6000  #f3f3f2  243   7    0.00211
1702    213.9000  #f3f3f3  244   1    0.00140
1703    214.3000  #f3f3f4  244   2    0.00187
1704    214.6000  #f4f3f3  244   3    0.00140
1705    215.0000  #f4f3f4  244   4    0.00186
1706    216.3000  #f3f4f3  244   5    0.00603
1707    216.7000  #f3f4f4  244   6    0.00185
1708    217.2000  #f4f4f3  244   7    0.00230
1709    217.6500  #f4f4f4  245   1    0.00207
1710    217.7500  #f4f4f5  245   2    0.00046
1711    217.9000  #f5f4f4  245   3    0.00069
1712    218.2500  #f5f4f5  245   4    0.00160
1713    218.9500  #f4f5f4  245   5    0.00320
1714    219.4000  #f4f5f5  245   6    0.00205
1715    219.4000  #f5f5f4  245   7    0.00000
1716    219.6500  #f5f5f5  246   1    0.00114
1717    219.8500  #f5f5f6  246   2    0.00091
1718    220.3500  #f6f5f5  246   3    0.00227
1719    220.4500  #f6f5f6  246   4    0.00045
1720    221.3000  #f5f6f5  246   5    0.00385
1721    221.3500  #f5f6f6  246   6    0.00023
1722    221.7500  #f6f6f5  246   7    0.00181
1723    222.0500  #f6f6f6  247   1    0.00135
1724    222.5000  #f6f6f7  247   2    0.00202
1725    222.7500  #f7f6f6  247   3    0.00112
1726    223.3000  #f7f6f7  247   4    0.00247
1727    224.7000  #f6f7f6  247   5    0.00625
1728    225.2500  #f6f7f7  247   6    0.00244
1729    225.7000  #f7f7f6  247   7    0.00200
1730    226.1000  #f7f7f7  248   1    0.00177
1731    226.4500  #f7f7f8  248   2    0.00155
1732    226.5500  #f8f7f7  248   3    0.00044
1733    226.9000  #f8f7f8  248   4    0.00154
1734    227.7000  #f7f8f7  248   5    0.00352
1735    228.0000  #f7f8f8  248   6    0.00132
1736    228.4000  #f8f8f7  248   7    0.00175
1737    228.6000  #f8f8f8  249   1    0.00088
1738    228.9500  #f8f8f9  249   2    0.00153
1739    229.2000  #f9f8f8  249   3    0.00109
1740    229.4500  #f9f8f9  249   4    0.00109
1741    230.4500  #f8f9f8  249   5    0.00435
1742    230.6500  #f8f9f9  249   6    0.00087
1743    231.1000  #f9f9f8  249   7    0.00195
1744    231.3000  #f9f9f9  250   1    0.00087
1745    231.6500  #f9f9fa  250   2    0.00151
1746    231.9000  #faf9f9  250   3    0.00108
1747    232.1500  #faf9fa  250   4    0.00108
1748    233.0000  #f9faf9  250   5    0.00365
1749    233.4000  #f9fafa  250   6    0.00172
1750    233.5000  #fafaf9  250   7    0.00043
1751    233.9000  #fafafa  251   1    0.00171
1752    234.5000  #fafafb  251   2    0.00256
1753    234.9000  #fbfafa  251   3    0.00170
1754    235.6000  #fbfafb  251   4    0.00298
1755    237.2500  #fafbfa  251   5    0.00698
1756    237.9000  #fafbfb  251   6    0.00274
1757    238.3500  #fbfbfa  251   7    0.00189
1758    239.0000  #fbfbfb  252   1    0.00272
1759    239.3500  #fbfbfc  252   2    0.00146
1760    239.5500  #fcfbfb  252   3    0.00084
1761    239.9000  #fcfbfc  252   4    0.00146
1762    240.9500  #fbfcfb  252   5    0.00437
1763    241.3000  #fbfcfc  252   6    0.00145
1764    241.4000  #fcfcfb  252   7    0.00041
1765    241.8500  #fcfcfc  253   1    0.00186
1766    242.3000  #fcfcfd  253   2    0.00186
1767    242.4000  #fdfcfc  253   3    0.00041
1768    243.0000  #fdfcfd  253   4    0.00247
1769    244.2000  #fcfdfc  253   5    0.00493
1770    244.4000  #fcfdfd  253   6    0.00082
1771    244.4000  #fdfdfc  253   7    0.00000
1772    245.1500  #fdfdfd  254   1    0.00306
1773    245.3500  #fdfdfe  254   2    0.00082
1774    246.1500  #fefdfd  254   3    0.00326
1775    246.4000  #fefdfe  254   4    0.00102
1776    249.1000  #fdfefd  254   5    0.01090
1777    249.4000  #fdfefe  254   6    0.00120
1778    250.1000  #fefefd  254   7    0.00280
1779    250.5000  #fefefe  255   1    0.00160
1780    250.5000  #fefeff  255   2    0.00000
1781    251.1500  #fffefe  255   3    0.00259
1782    251.2000  #fffeff  255   4    0.00020
1783    252.9500  #fefffe  255   5    0.00694
1784    252.9500  #feffff  255   6    0.00000
1785    253.6500  #fffffe  255   7    0.00276
1786    253.5500  #ffffff  256   1   -0.00039
