#  lumResponse vers. 1.6 - 01/13/07 13:39:06
#  Display ID: DELL_3007WFP_FK28569QG3ON
#  iLdelay=1  avgN=1  ILlimit_plus=0.20 ILlimit_minus=-0.05  R=21.7% G=69.4% B=8.9%
#  78.3  #ff0000
#  250.0  #00ff00
#  32.0  #0000ff
   1    0.456  #000000    1 1  0.0000
   2    0.457  #000001    1 2  0.0022
   3    0.456  #010000    1 3  -0.0022
   4    0.456  #010001    1 4  0.0000
   5    0.457  #000100    1 5  0.0022
   6    0.457  #000101    1 6  0.0000
   7    0.457  #010100    1 7  0.0000
   8    0.457  #010101    2 1  0.0000
   9    0.458  #010102    2 2  0.0022
  10    0.456  #020101    2 3  -0.0044
  11    0.457  #020102    2 4  0.0022
  12    0.458  #010201    2 5  0.0022
  13    0.458  #010202    2 6  0.0000
  14    0.458  #020201    2 7  0.0000
  15    0.458  #020202    3 1  0.0000
  16    0.459  #020203    3 2  0.0022
  17    0.459  #030202    3 3  0.0000
  18    0.458  #030203    3 4  -0.0022
  19    0.459  #020302    3 5  0.0022
  20    0.460  #020303    3 6  0.0022
  21    0.459  #030302    3 7  -0.0022
  22    0.456  #030303    4 1  -0.0066
  23    0.460  #030304    4 2  0.0087
  24    0.461  #040303    4 3  0.0022
  25    0.461  #040304    4 4  0.0000
  26    0.462  #030403    4 5  0.0022
  27    0.462  #030404    4 6  0.0000
  28    0.462  #040403    4 7  0.0000
  29    0.463  #040404    5 1  0.0022
  30    0.463  #040405    5 2  0.0000
  31    0.463  #050404    5 3  0.0000
  32    0.464  #050405    5 4  0.0022
  33    0.465  #040504    5 5  0.0022
  34    0.466  #040505    5 6  0.0021
  35    0.466  #050504    5 7  0.0000
  36    0.467  #050505    6 1  0.0021
  37    0.467  #050506    6 2  0.0000
  38    0.469  #060505    6 3  0.0043
  39    0.469  #060506    6 4  0.0000
  40    0.472  #050605    6 5  0.0064
  41    0.472  #050606    6 6  0.0000
  42    0.472  #060605    6 7  0.0000
  43    0.473  #060606    7 1  0.0021
  44    0.474  #060607    7 2  0.0021
  45    0.475  #070606    7 3  0.0021
  46    0.475  #070607    7 4  0.0000
  47    0.479  #060706    7 5  0.0084
  48    0.480  #060707    7 6  0.0021
  49    0.480  #070706    7 7  0.0000
  50    0.483  #070707    8 1  0.0062
  51    0.483  #070708    8 2  0.0000
  52    0.484  #080707    8 3  0.0021
  53    0.486  #080708    8 4  0.0041
  54    0.491  #070807    8 5  0.0102
  55    0.490  #070808    8 6  -0.0020
  56    0.493  #080807    8 7  0.0061
  57    0.494  #080808    9 1  0.0020
  58    0.495  #080809    9 2  0.0020
  59    0.497  #090808    9 3  0.0040
  60    0.499  #090809    9 4  0.0040
  61    0.505  #080908    9 5  0.0120
  62    0.506  #080909    9 6  0.0020
  63    0.508  #090908    9 7  0.0039
  64    0.511  #090909   10 1  0.0059
  65    0.511  #09090a   10 2  0.0000
  66    0.514  #0a0909   10 3  0.0059
  67    0.515  #0a090a   10 4  0.0019
  68    0.522  #090a09   10 5  0.0135
  69    0.524  #090a0a   10 6  0.0038
  70    0.526  #0a0a09   10 7  0.0038
  71    0.528  #0a0a0a   11 1  0.0038
  72    0.530  #0a0a0b   11 2  0.0038
  73    0.533  #0b0a0a   11 3  0.0056
  74    0.536  #0b0a0b   11 4  0.0056
  75    0.544  #0a0b0a   11 5  0.0148
  76    0.545  #0a0b0b   11 6  0.0018
  77    0.548  #0b0b0a   11 7  0.0055
  78    0.550  #0b0b0b   12 1  0.0036
  79    0.553  #0b0b0c   12 2  0.0054
  80    0.556  #0c0b0b   12 3  0.0054
  81    0.558  #0c0b0c   12 4  0.0036
  82    0.569  #0b0c0b   12 5  0.0195
  83    0.571  #0b0c0c   12 6  0.0035
  84    0.574  #0c0c0b   12 7  0.0052
  85    0.577  #0c0c0c   13 1  0.0052
  86    0.579  #0c0c0d   13 2  0.0035
  87    0.584  #0d0c0c   13 3  0.0086
  88    0.586  #0d0c0d   13 4  0.0034
  89    0.598  #0c0d0c   13 5  0.0203
  90    0.600  #0c0d0d   13 6  0.0033
  91    0.605  #0d0d0c   13 7  0.0083
  92    0.608  #0d0d0d   14 1  0.0049
  93    0.611  #0d0d0e   14 2  0.0049
  94    0.616  #0e0d0d   14 3  0.0081
  95    0.619  #0e0d0e   14 4  0.0049
  96    0.633  #0d0e0d   14 5  0.0224
  97    0.636  #0d0e0e   14 6  0.0047
  98    0.641  #0e0e0d   14 7  0.0078
  99    0.644  #0e0e0e   15 1  0.0047
 100    0.648  #0e0e0f   15 2  0.0062
 101    0.653  #0f0e0e   15 3  0.0077
 102    0.657  #0f0e0f   15 4  0.0061
 103    0.674  #0e0f0e   15 5  0.0255
 104    0.678  #0e0f0f   15 6  0.0059
 105    0.684  #0f0f0e   15 7  0.0088
 106    0.687  #0f0f0f   16 1  0.0044
 107    0.692  #0f0f10   16 2  0.0073
 108    0.699  #100f0f   16 3  0.0101
 109    0.704  #100f10   16 4  0.0071
 110    0.722  #0f100f   16 5  0.0252
 111    0.727  #0f1010   16 6  0.0069
 112    0.734  #10100f   16 7  0.0096
 113    0.739  #101010   17 1  0.0068
 114    0.744  #101011   17 2  0.0067
 115    0.752  #111010   17 3  0.0107
 116    0.757  #111011   17 4  0.0066
 117    0.778  #101110   17 5  0.0274
 118    0.784  #101111   17 6  0.0077
 119    0.792  #111110   17 7  0.0102
 120    0.797  #111111   18 1  0.0063
 121    0.802  #111112   18 2  0.0063
 122    0.810  #121111   18 3  0.0099
 123    0.815  #121112   18 4  0.0062
 124    0.835  #111211   18 5  0.0242
 125    0.842  #111212   18 6  0.0083
 126    0.851  #121211   18 7  0.0106
 127    0.856  #121212   19 1  0.0059
 128    0.861  #121213   19 2  0.0058
 129    0.869  #131212   19 3  0.0092
 130    0.876  #131213   19 4  0.0080
 131    0.898  #121312   19 5  0.0248
 132    0.904  #121313   19 6  0.0067
 133    0.911  #131312   19 7  0.0077
 134    0.917  #131313   20 1  0.0066
 135    0.922  #131314   20 2  0.0054
 136    0.932  #141313   20 3  0.0108
 137    0.938  #141314   20 4  0.0064
 138    0.962  #131413   20 5  0.0253
 139    0.968  #131414   20 6  0.0062
 140    0.977  #141413   20 7  0.0093
 141    0.983  #141414   21 1  0.0061
 142    0.990  #141415   21 2  0.0071
 143    0.998  #151414   21 3  0.0080
 144    1.005  #151415   21 4  0.0070
 145    1.032  #141514   21 5  0.0265
 146    1.039  #141515   21 6  0.0068
 147    1.049  #151514   21 7  0.0096
 148    1.055  #151515   22 1  0.0057
 149    1.063  #151516   22 2  0.0076
 150    1.073  #161515   22 3  0.0094
 151    1.081  #161516   22 4  0.0074
 152    1.111  #151615   22 5  0.0274
 153    1.118  #151616   22 6  0.0063
 154    1.129  #161615   22 7  0.0098
 155    1.137  #161616   23 1  0.0071
 156    1.145  #161617   23 2  0.0070
 157    1.157  #171616   23 3  0.0104
 158    1.165  #171617   23 4  0.0069
 159    1.201  #161716   23 5  0.0304
 160    1.208  #161717   23 6  0.0058
 161    1.220  #171716   23 7  0.0099
 162    1.229  #171717   24 1  0.0073
 163    1.237  #171718   24 2  0.0065
 164    1.252  #181717   24 3  0.0121
 165    1.261  #181718   24 4  0.0072
 166    1.300  #171817   24 5  0.0305
 167    1.310  #171818   24 6  0.0077
 168    1.324  #181817   24 7  0.0106
 169    1.332  #181818   25 1  0.0060
 170    1.343  #181819   25 2  0.0082
 171    1.358  #191818   25 3  0.0111
 172    1.368  #191819   25 4  0.0073
 173    1.412  #181918   25 5  0.0317
 174    1.422  #181919   25 6  0.0071
 175    1.438  #191918   25 7  0.0112
 176    1.449  #191919   26 1  0.0076
 177    1.459  #19191a   26 2  0.0069
 178    1.477  #1a1919   26 3  0.0123
 179    1.487  #1a191a   26 4  0.0067
 180    1.534  #191a19   26 5  0.0311
 181    1.545  #191a1a   26 6  0.0071
 182    1.561  #1a1a19   26 7  0.0103
 183    1.573  #1a1a1a   27 1  0.0077
 184    1.585  #1a1a1b   27 2  0.0076
 185    1.603  #1b1a1a   27 3  0.0113
 186    1.613  #1b1a1b   27 4  0.0062
 187    1.664  #1a1b1a   27 5  0.0311
 188    1.675  #1a1b1b   27 6  0.0066
 189    1.693  #1b1b1a   27 7  0.0107
 190    1.704  #1b1b1b   28 1  0.0065
 191    1.716  #1b1b1c   28 2  0.0070
 192    1.735  #1c1b1b   28 3  0.0110
 193    1.747  #1c1b1c   28 4  0.0069
 194    1.790  #1b1c1b   28 5  0.0243
 195    1.810  #1b1c1c   28 6  0.0111
 196    1.820  #1c1c1b   28 7  0.0055
 197    1.840  #1c1c1c   29 1  0.0109
 198    1.850  #1c1c1d   29 2  0.0054
 199    1.870  #1d1c1c   29 3  0.0108
 200    1.880  #1d1c1d   29 4  0.0053
 201    1.930  #1c1d1c   29 5  0.0262
 202    1.950  #1c1d1d   29 6  0.0103
 203    1.970  #1d1d1c   29 7  0.0102
 204    1.980  #1d1d1d   30 1  0.0051
 205    1.990  #1d1d1e   30 2  0.0050
 206    2.010  #1e1d1d   30 3  0.0100
 207    2.030  #1e1d1e   30 4  0.0099
 208    2.090  #1d1e1d   30 5  0.0291
 209    2.100  #1d1e1e   30 6  0.0048
 210    2.120  #1e1e1d   30 7  0.0095
 211    2.140  #1e1e1e   31 1  0.0094
 212    2.150  #1e1e1f   31 2  0.0047
 213    2.170  #1f1e1e   31 3  0.0093
 214    2.190  #1f1e1f   31 4  0.0092
 215    2.250  #1e1f1e   31 5  0.0270
 216    2.270  #1e1f1f   31 6  0.0088
 217    2.290  #1f1f1e   31 7  0.0088
 218    2.300  #1f1f1f   32 1  0.0044
 219    2.320  #1f1f20   32 2  0.0087
 220    2.350  #201f1f   32 3  0.0128
 221    2.360  #201f20   32 4  0.0042
 222    2.440  #1f201f   32 5  0.0333
 223    2.450  #1f2020   32 6  0.0041
 224    2.480  #20201f   32 7  0.0122
 225    2.500  #202020   33 1  0.0080
 226    2.510  #202021   33 2  0.0040
 227    2.540  #212020   33 3  0.0119
 228    2.550  #212021   33 4  0.0039
 229    2.630  #202120   33 5  0.0309
 230    2.650  #202121   33 6  0.0076
 231    2.680  #212120   33 7  0.0113
 232    2.690  #212121   34 1  0.0037
 233    2.710  #212122   34 2  0.0074
 234    2.740  #222121   34 3  0.0110
 235    2.760  #222122   34 4  0.0073
 236    2.830  #212221   34 5  0.0250
 237    2.850  #212222   34 6  0.0070
 238    2.880  #222221   34 7  0.0105
 239    2.900  #222222   35 1  0.0069
 240    2.920  #222223   35 2  0.0069
 241    2.940  #232222   35 3  0.0068
 242    2.960  #232223   35 4  0.0068
 243    3.050  #222322   35 5  0.0300
 244    3.060  #222323   35 6  0.0033
 245    3.090  #232322   35 7  0.0098
 246    3.110  #232323   36 1  0.0065
 247    3.130  #232324   36 2  0.0064
 248    3.160  #242323   36 3  0.0095
 249    3.180  #242324   36 4  0.0063
 250    3.260  #232423   36 5  0.0248
 251    3.280  #232424   36 6  0.0061
 252    3.310  #242423   36 7  0.0091
 253    3.330  #242424   37 1  0.0060
 254    3.350  #242425   37 2  0.0060
 255    3.380  #252424   37 3  0.0089
 256    3.400  #252425   37 4  0.0059
 257    3.490  #242524   37 5  0.0261
 258    3.500  #242525   37 6  0.0029
 259    3.540  #252524   37 7  0.0114
 260    3.560  #252525   38 1  0.0056
 261    3.580  #252526   38 2  0.0056
 262    3.610  #262525   38 3  0.0083
 263    3.630  #262526   38 4  0.0055
 264    3.720  #252625   38 5  0.0245
 265    3.740  #252626   38 6  0.0054
 266    3.770  #262625   38 7  0.0080
 267    3.790  #262626   39 1  0.0053
 268    3.820  #262627   39 2  0.0079
 269    3.850  #272626   39 3  0.0078
 270    3.870  #272627   39 4  0.0052
 271    3.970  #262726   39 5  0.0255
 272    3.990  #262727   39 6  0.0050
 273    4.020  #272726   39 7  0.0075
 274    4.040  #272727   40 1  0.0050
 275    4.060  #272728   40 2  0.0049
 276    4.100  #282727   40 3  0.0098
 277    4.120  #282728   40 4  0.0049
 278    4.220  #272827   40 5  0.0240
 279    4.240  #272828   40 6  0.0047
 280    4.280  #282827   40 7  0.0094
 281    4.300  #282828   41 1  0.0047
 282    4.320  #282829   41 2  0.0046
 283    4.360  #292828   41 3  0.0092
 284    4.380  #292829   41 4  0.0046
 285    4.490  #282928   41 5  0.0248
 286    4.520  #282929   41 6  0.0067
 287    4.550  #292928   41 7  0.0066
 288    4.580  #292929   42 1  0.0066
 289    4.600  #29292a   42 2  0.0044
 290    4.640  #2a2929   42 3  0.0087
 291    4.660  #2a292a   42 4  0.0043
 292    4.770  #292a29   42 5  0.0233
 293    4.800  #292a2a   42 6  0.0063
 294    4.840  #2a2a29   42 7  0.0083
 295    4.870  #2a2a2a   43 1  0.0062
 296    4.890  #2a2a2b   43 2  0.0041
 297    4.930  #2b2a2a   43 3  0.0081
 298    4.960  #2b2a2b   43 4  0.0061
 299    5.080  #2a2b2a   43 5  0.0239
 300    5.110  #2a2b2b   43 6  0.0059
 301    5.150  #2b2b2a   43 7  0.0078
 302    5.180  #2b2b2b   44 1  0.0058
 303    5.200  #2b2b2c   44 2  0.0039
 304    5.250  #2c2b2b   44 3  0.0096
 305    5.270  #2c2b2c   44 4  0.0038
 306    5.400  #2b2c2b   44 5  0.0244
 307    5.430  #2b2c2c   44 6  0.0055
 308    5.470  #2c2c2b   44 7  0.0073
 309    5.500  #2c2c2c   45 1  0.0055
 310    5.520  #2c2c2d   45 2  0.0036
 311    5.570  #2d2c2c   45 3  0.0090
 312    5.600  #2d2c2d   45 4  0.0054
 313    5.730  #2c2d2c   45 5  0.0229
 314    5.760  #2c2d2d   45 6  0.0052
 315    5.810  #2d2d2c   45 7  0.0086
 316    5.840  #2d2d2d   46 1  0.0052
 317    5.860  #2d2d2e   46 2  0.0034
 318    5.910  #2e2d2d   46 3  0.0085
 319    5.940  #2e2d2e   46 4  0.0051
 320    6.080  #2d2e2d   46 5  0.0233
 321    6.110  #2d2e2e   46 6  0.0049
 322    6.160  #2e2e2d   46 7  0.0081
 323    6.190  #2e2e2e   47 1  0.0049
 324    6.220  #2e2e2f   47 2  0.0048
 325    6.270  #2f2e2e   47 3  0.0080
 326    6.300  #2f2e2f   47 4  0.0048
 327    6.450  #2e2f2e   47 5  0.0235
 328    6.480  #2e2f2f   47 6  0.0046
 329    6.530  #2f2f2e   47 7  0.0077
 330    6.570  #2f2f2f   48 1  0.0061
 331    6.600  #2f2f30   48 2  0.0046
 332    6.650  #302f2f   48 3  0.0075
 333    6.680  #302f30   48 4  0.0045
 334    6.840  #2f302f   48 5  0.0237
 335    6.870  #2f3030   48 6  0.0044
 336    6.930  #30302f   48 7  0.0087
 337    6.960  #303030   49 1  0.0043
 338    7.000  #303031   49 2  0.0057
 339    7.050  #313030   49 3  0.0071
 340    7.080  #313031   49 4  0.0042
 341    7.240  #303130   49 5  0.0223
 342    7.270  #303131   49 6  0.0041
 343    7.330  #313130   49 7  0.0082
 344    7.370  #313131   50 1  0.0054
 345    7.400  #313132   50 2  0.0041
 346    7.450  #323131   50 3  0.0067
 347    7.490  #323132   50 4  0.0054
 348    7.660  #313231   50 5  0.0224
 349    7.690  #313232   50 6  0.0039
 350    7.740  #323231   50 7  0.0065
 351    7.780  #323232   51 1  0.0052
 352    7.820  #323233   51 2  0.0051
 353    7.880  #333232   51 3  0.0076
 354    7.910  #333233   51 4  0.0038
 355    8.080  #323332   51 5  0.0213
 356    8.120  #323333   51 6  0.0049
 357    8.170  #333332   51 7  0.0061
 358    8.210  #333333   52 1  0.0049
 359    8.250  #333334   52 2  0.0049
 360    8.310  #343333   52 3  0.0072
 361    8.350  #343334   52 4  0.0048
 362    8.520  #333433   52 5  0.0202
 363    8.560  #333434   52 6  0.0047
 364    8.620  #343433   52 7  0.0070
 365    8.660  #343434   53 1  0.0046
 366    8.700  #343435   53 2  0.0046
 367    8.760  #353434   53 3  0.0069
 368    8.800  #353435   53 4  0.0046
 369    8.990  #343534   53 5  0.0214
 370    9.030  #343535   53 6  0.0044
 371    9.090  #353534   53 7  0.0066
 372    9.130  #353535   54 1  0.0044
 373    9.170  #353536   54 2  0.0044
 374    9.240  #363535   54 3  0.0076
 375    9.270  #363536   54 4  0.0032
 376    9.460  #353635   54 5  0.0203
 377    9.500  #353636   54 6  0.0042
 378    9.560  #363635   54 7  0.0063
 379    9.610  #363636   55 1  0.0052
 380    9.650  #363637   55 2  0.0042
 381    9.710  #373636   55 3  0.0062
 382    9.750  #373637   55 4  0.0041
 383    9.950  #363736   55 5  0.0203
 384   10.000  #363737   55 6  0.0050
 385   10.060  #373736   55 7  0.0060
 386   10.100  #373737   56 1  0.0040
 387   10.150  #373738   56 2  0.0049
 388   10.210  #383737   56 3  0.0059
 389   10.250  #383738   56 4  0.0039
 390   10.450  #373837   56 5  0.0193
 391   10.500  #373838   56 6  0.0048
 392   10.570  #383837   56 7  0.0066
 393   10.600  #383838   57 1  0.0028
 394   10.650  #383839   57 2  0.0047
 395   10.720  #393838   57 3  0.0066
 396   10.760  #393839   57 4  0.0037
 397   10.980  #383938   57 5  0.0202
 398   11.020  #383939   57 6  0.0036
 399   11.090  #393938   57 7  0.0063
 400   11.130  #393939   58 1  0.0036
 401   11.180  #39393a   58 2  0.0045
 402   11.260  #3a3939   58 3  0.0071
 403   11.310  #3a393a   58 4  0.0044
 404   11.530  #393a39   58 5  0.0193
 405   11.580  #393a3a   58 6  0.0043
 406   11.650  #3a3a39   58 7  0.0060
 407   11.700  #3a3a3a   59 1  0.0043
 408   11.750  #3a3a3b   59 2  0.0043
 409   11.820  #3b3a3a   59 3  0.0059
 410   11.870  #3b3a3b   59 4  0.0042
 411   12.100  #3a3b3a   59 5  0.0192
 412   12.140  #3a3b3b   59 6  0.0033
 413   12.220  #3b3b3a   59 7  0.0066
 414   12.260  #3b3b3b   60 1  0.0033
 415   12.320  #3b3b3c   60 2  0.0049
 416   12.390  #3c3b3b   60 3  0.0057
 417   12.440  #3c3b3c   60 4  0.0040
 418   12.680  #3b3c3b   60 5  0.0191
 419   12.730  #3b3c3c   60 6  0.0039
 420   12.810  #3c3c3b   60 7  0.0063
 421   12.860  #3c3c3c   61 1  0.0039
 422   12.910  #3c3c3d   61 2  0.0039
 423   12.990  #3d3c3c   61 3  0.0062
 424   13.040  #3d3c3d   61 4  0.0038
 425   13.280  #3c3d3c   61 5  0.0182
 426   13.330  #3c3d3d   61 6  0.0038
 427   13.410  #3d3d3c   61 7  0.0060
 428   13.460  #3d3d3d   62 1  0.0037
 429   13.520  #3d3d3e   62 2  0.0044
 430   13.610  #3e3d3d   62 3  0.0066
 431   13.660  #3e3d3e   62 4  0.0037
 432   13.920  #3d3e3d   62 5  0.0189
 433   13.970  #3d3e3e   62 6  0.0036
 434   14.060  #3e3e3d   62 7  0.0064
 435   14.110  #3e3e3e   63 1  0.0035
 436   14.170  #3e3e3f   63 2  0.0042
 437   14.260  #3f3e3e   63 3  0.0063
 438   14.310  #3f3e3f   63 4  0.0035
 439   14.590  #3e3f3e   63 5  0.0194
 440   14.640  #3e3f3f   63 6  0.0034
 441   14.740  #3f3f3e   63 7  0.0068
 442   14.790  #3f3f3f   64 1  0.0034
 443   14.840  #3f3f40   64 2  0.0034
 444   14.930  #403f3f   64 3  0.0060
 445   14.970  #403f40   64 4  0.0027
 446   15.220  #3f403f   64 5  0.0166
 447   15.270  #3f4040   64 6  0.0033
 448   15.360  #40403f   64 7  0.0059
 449   15.420  #404040   65 1  0.0039
 450   15.460  #404041   65 2  0.0026
 451   15.550  #414040   65 3  0.0058
 452   15.590  #414041   65 4  0.0026
 453   15.840  #404140   65 5  0.0159
 454   15.890  #404141   65 6  0.0032
 455   15.970  #414140   65 7  0.0050
 456   16.030  #414141   66 1  0.0038
 457   16.070  #414142   66 2  0.0025
 458   16.160  #424141   66 3  0.0056
 459   16.210  #424142   66 4  0.0031
 460   16.460  #414241   66 5  0.0153
 461   16.510  #414242   66 6  0.0030
 462   16.600  #424241   66 7  0.0054
 463   16.660  #424242   67 1  0.0036
 464   16.700  #424243   67 2  0.0024
 465   16.790  #434242   67 3  0.0054
 466   16.840  #434243   67 4  0.0030
 467   17.100  #424342   67 5  0.0153
 468   17.160  #424343   67 6  0.0035
 469   17.240  #434342   67 7  0.0047
 470   17.300  #434343   68 1  0.0035
 471   17.340  #434344   68 2  0.0023
 472   17.440  #444343   68 3  0.0058
 473   17.480  #444344   68 4  0.0023
 474   17.750  #434443   68 5  0.0153
 475   17.800  #434444   68 6  0.0028
 476   17.800  #444443   68 7  0.0000
 477   17.900  #444444   69 1  0.0056
 478   17.900  #444445   69 2  0.0000
 479   18.000  #454444   69 3  0.0056
 480   18.100  #454445   69 4  0.0055
 481   18.400  #444544   69 5  0.0164
 482   18.400  #444545   69 6  0.0000
 483   18.500  #454544   69 7  0.0054
 484   18.600  #454545   70 1  0.0054
 485   18.600  #454546   70 2  0.0000
 486   18.700  #464545   70 3  0.0054
 487   18.800  #464546   70 4  0.0053
 488   19.000  #454645   70 5  0.0106
 489   19.100  #454646   70 6  0.0052
 490   19.200  #464645   70 7  0.0052
 491   19.200  #464646   71 1  0.0000
 492   19.300  #464647   71 2  0.0052
 493   19.400  #474646   71 3  0.0052
 494   19.400  #474647   71 4  0.0000
 495   19.700  #464746   71 5  0.0153
 496   19.800  #464747   71 6  0.0051
 497   19.900  #474746   71 7  0.0050
 498   20.000  #474747   72 1  0.0050
 499   20.000  #474748   72 2  0.0000
 500   20.100  #484747   72 3  0.0050
 501   20.100  #484748   72 4  0.0000
 502   20.400  #474847   72 5  0.0148
 503   20.500  #474848   72 6  0.0049
 504   20.600  #484847   72 7  0.0049
 505   20.600  #484848   73 1  0.0000
 506   20.700  #484849   73 2  0.0048
 507   20.800  #494848   73 3  0.0048
 508   20.900  #494849   73 4  0.0048
 509   21.100  #484948   73 5  0.0095
 510   21.200  #484949   73 6  0.0047
 511   21.300  #494948   73 7  0.0047
 512   21.400  #494949   74 1  0.0047
 513   21.400  #49494a   74 2  0.0000
 514   21.500  #4a4949   74 3  0.0047
 515   21.600  #4a494a   74 4  0.0046
 516   21.900  #494a49   74 5  0.0138
 517   21.900  #494a4a   74 6  0.0000
 518   22.000  #4a4a49   74 7  0.0046
 519   22.100  #4a4a4a   75 1  0.0045
 520   22.200  #4a4a4b   75 2  0.0045
 521   22.300  #4b4a4a   75 3  0.0045
 522   22.300  #4b4a4b   75 4  0.0000
 523   22.600  #4a4b4a   75 5  0.0134
 524   22.700  #4a4b4b   75 6  0.0044
 525   22.800  #4b4b4a   75 7  0.0044
 526   22.800  #4b4b4b   76 1  0.0000
 527   22.900  #4b4b4c   76 2  0.0044
 528   23.000  #4c4b4b   76 3  0.0044
 529   23.100  #4c4b4c   76 4  0.0043
 530   23.400  #4b4c4b   76 5  0.0129
 531   23.500  #4b4c4c   76 6  0.0043
 532   23.600  #4c4c4b   76 7  0.0042
 533   23.600  #4c4c4c   77 1  0.0000
 534   23.700  #4c4c4d   77 2  0.0042
 535   23.800  #4d4c4c   77 3  0.0042
 536   23.900  #4d4c4d   77 4  0.0042
 537   24.200  #4c4d4c   77 5  0.0125
 538   24.200  #4c4d4d   77 6  0.0000
 539   24.300  #4d4d4c   77 7  0.0041
 540   24.400  #4d4d4d   78 1  0.0041
 541   24.500  #4d4d4e   78 2  0.0041
 542   24.600  #4e4d4d   78 3  0.0041
 543   24.600  #4e4d4e   78 4  0.0000
 544   24.900  #4d4e4d   78 5  0.0121
 545   25.000  #4d4e4e   78 6  0.0040
 546   25.100  #4e4e4d   78 7  0.0040
 547   25.200  #4e4e4e   79 1  0.0040
 548   25.200  #4e4e4f   79 2  0.0000
 549   25.300  #4f4e4e   79 3  0.0040
 550   25.400  #4f4e4f   79 4  0.0039
 551   25.700  #4e4f4e   79 5  0.0117
 552   25.800  #4e4f4f   79 6  0.0039
 553   25.900  #4f4f4e   79 7  0.0039
 554   26.000  #4f4f4f   80 1  0.0039
 555   26.000  #4f4f50   80 2  0.0000
 556   26.100  #504f4f   80 3  0.0038
 557   26.200  #504f50   80 4  0.0038
 558   26.500  #4f504f   80 5  0.0114
 559   26.600  #4f5050   80 6  0.0038
 560   26.700  #50504f   80 7  0.0038
 561   26.800  #505050   81 1  0.0037
 562   26.800  #505051   81 2  0.0000
 563   27.000  #515050   81 3  0.0074
 564   27.200  #515051   81 4  0.0074
 565   27.600  #505150   81 5  0.0146
 566   27.700  #505151   81 6  0.0036
 567   27.800  #515150   81 7  0.0036
 568   27.900  #515151   82 1  0.0036
 569   28.000  #515152   82 2  0.0036
 570   28.100  #525151   82 3  0.0036
 571   28.200  #525152   82 4  0.0036
 572   28.500  #515251   82 5  0.0106
 573   28.600  #515252   82 6  0.0035
 574   28.800  #525251   82 7  0.0070
 575   28.800  #525252   83 1  0.0000
 576   28.900  #525253   83 2  0.0035
 577   29.000  #535252   83 3  0.0035
 578   29.100  #535253   83 4  0.0034
 579   29.400  #525352   83 5  0.0103
 580   29.500  #525353   83 6  0.0034
 581   29.600  #535352   83 7  0.0034
 582   29.700  #535353   84 1  0.0034
 583   29.800  #535354   84 2  0.0034
 584   29.900  #545353   84 3  0.0034
 585   30.000  #545354   84 4  0.0033
 586   30.400  #535453   84 5  0.0132
 587   30.500  #535454   84 6  0.0033
 588   30.600  #545453   84 7  0.0033
 589   30.600  #545454   85 1  0.0000
 590   30.800  #545455   85 2  0.0065
 591   30.800  #555454   85 3  0.0000
 592   31.000  #555455   85 4  0.0065
 593   31.200  #545554   85 5  0.0064
 594   31.400  #545555   85 6  0.0064
 595   31.500  #555554   85 7  0.0032
 596   31.600  #555555   86 1  0.0032
 597   31.600  #555556   86 2  0.0000
 598   31.800  #565555   86 3  0.0063
 599   31.900  #565556   86 4  0.0031
 600   32.200  #555655   86 5  0.0094
 601   32.300  #555656   86 6  0.0031
 602   32.400  #565655   86 7  0.0031
 603   32.600  #565656   87 1  0.0062
 604   32.600  #565657   87 2  0.0000
 605   32.700  #575656   87 3  0.0031
 606   32.800  #575657   87 4  0.0031
 607   33.200  #565756   87 5  0.0121
 608   33.300  #565757   87 6  0.0030
 609   33.400  #575756   87 7  0.0030
 610   33.500  #575757   88 1  0.0030
 611   33.500  #575758   88 2  0.0000
 612   33.700  #585757   88 3  0.0060
 613   33.700  #585758   88 4  0.0000
 614   34.100  #575857   88 5  0.0118
 615   34.200  #575858   88 6  0.0029
 616   34.300  #585857   88 7  0.0029
 617   34.500  #585858   89 1  0.0058
 618   34.500  #585859   89 2  0.0000
 619   34.700  #595858   89 3  0.0058
 620   34.700  #595859   89 4  0.0000
 621   35.100  #585958   89 5  0.0115
 622   35.200  #585959   89 6  0.0028
 623   35.400  #595958   89 7  0.0057
 624   35.400  #595959   90 1  0.0000
 625   35.500  #59595a   90 2  0.0028
 626   35.600  #5a5959   90 3  0.0028
 627   35.700  #5a595a   90 4  0.0028
 628   36.100  #595a59   90 5  0.0111
 629   36.200  #595a5a   90 6  0.0028
 630   36.300  #5a5a59   90 7  0.0028
 631   36.400  #5a5a5a   91 1  0.0028
 632   36.500  #5a5a5b   91 2  0.0027
 633   36.500  #5b5a5a   91 3  0.0000
 634   36.700  #5b5a5b   91 4  0.0055
 635   37.100  #5a5b5a   91 5  0.0108
 636   37.100  #5a5b5b   91 6  0.0000
 637   37.300  #5b5b5a   91 7  0.0054
 638   37.400  #5b5b5b   92 1  0.0027
 639   37.400  #5b5b5c   92 2  0.0000
 640   37.600  #5c5b5b   92 3  0.0053
 641   37.700  #5c5b5c   92 4  0.0027
 642   38.100  #5b5c5b   92 5  0.0106
 643   38.100  #5b5c5c   92 6  0.0000
 644   38.300  #5c5c5b   92 7  0.0052
 645   38.300  #5c5c5c   93 1  0.0000
 646   38.400  #5c5c5d   93 2  0.0026
 647   38.500  #5d5c5c   93 3  0.0026
 648   38.700  #5d5c5d   93 4  0.0052
 649   39.100  #5c5d5c   93 5  0.0103
 650   39.200  #5c5d5d   93 6  0.0026
 651   39.300  #5d5d5c   93 7  0.0025
 652   39.400  #5d5d5d   94 1  0.0025
 653   39.500  #5d5d5e   94 2  0.0025
 654   39.700  #5e5d5d   94 3  0.0051
 655   39.700  #5e5d5e   94 4  0.0000
 656   40.100  #5d5e5d   94 5  0.0100
 657   40.200  #5d5e5e   94 6  0.0025
 658   40.300  #5e5e5d   94 7  0.0025
 659   40.500  #5e5e5e   95 1  0.0050
 660   40.500  #5e5e5f   95 2  0.0000
 661   40.700  #5f5e5e   95 3  0.0049
 662   40.700  #5f5e5f   95 4  0.0000
 663   41.100  #5e5f5e   95 5  0.0098
 664   41.200  #5e5f5f   95 6  0.0024
 665   41.300  #5f5f5e   95 7  0.0024
 666   41.400  #5f5f5f   96 1  0.0024
 667   41.600  #5f5f60   96 2  0.0048
 668   41.700  #605f5f   96 3  0.0024
 669   41.700  #605f60   96 4  0.0000
 670   42.200  #5f605f   96 5  0.0119
 671   42.300  #5f6060   96 6  0.0024
 672   42.400  #60605f   96 7  0.0024
 673   42.600  #606060   97 1  0.0047
 674   42.600  #606061   97 2  0.0000
 675   42.800  #616060   97 3  0.0047
 676   42.900  #616061   97 4  0.0023
 677   43.300  #606160   97 5  0.0093
 678   43.400  #606161   97 6  0.0023
 679   43.600  #616160   97 7  0.0046
 680   43.600  #616161   98 1  0.0000
 681   43.700  #616162   98 2  0.0023
 682   43.800  #626161   98 3  0.0023
 683   44.000  #626162   98 4  0.0046
 684   44.300  #616261   98 5  0.0068
 685   44.400  #616262   98 6  0.0023
 686   44.600  #626261   98 7  0.0045
 687   44.600  #626262   99 1  0.0000
 688   44.700  #626263   99 2  0.0022
 689   44.900  #636262   99 3  0.0045
 690   45.000  #636263   99 4  0.0022
 691   45.400  #626362   99 5  0.0088
 692   45.400  #626363   99 6  0.0000
 693   45.700  #636362   99 7  0.0066
 694   45.600  #636363  100 1  -0.0022
 695   45.800  #636364  100 2  0.0044
 696   45.900  #646363  100 3  0.0022
 697   46.000  #646364  100 4  0.0022
 698   46.400  #636463  100 5  0.0087
 699   46.600  #636464  100 6  0.0043
 700   46.700  #646463  100 7  0.0021
 701   46.800  #646464  101 1  0.0021
 702   46.800  #646465  101 2  0.0000
 703   47.000  #656464  101 3  0.0043
 704   47.100  #656465  101 4  0.0021
 705   47.600  #646564  101 5  0.0106
 706   47.700  #646565  101 6  0.0021
 707   47.800  #656564  101 7  0.0021
 708   47.900  #656565  102 1  0.0021
 709   48.000  #656566  102 2  0.0021
 710   48.100  #666565  102 3  0.0021
 711   48.300  #666566  102 4  0.0041
 712   48.700  #656665  102 5  0.0082
 713   48.700  #656666  102 6  0.0000
 714   48.800  #666665  102 7  0.0021
 715   49.100  #666666  103 1  0.0061
 716   49.100  #666667  103 2  0.0000
 717   49.200  #676666  103 3  0.0020
 718   49.400  #676667  103 4  0.0041
 719   49.800  #666766  103 5  0.0081
 720   49.900  #666767  103 6  0.0020
 721   50.000  #676766  103 7  0.0020
 722   50.100  #676767  104 1  0.0020
 723   50.300  #676768  104 2  0.0040
 724   50.400  #686767  104 3  0.0020
 725   50.500  #686768  104 4  0.0020
 726   50.900  #676867  104 5  0.0079
 727   51.000  #676868  104 6  0.0020
 728   51.100  #686867  104 7  0.0020
 729   51.200  #686868  105 1  0.0020
 730   51.300  #686869  105 2  0.0020
 731   51.500  #696868  105 3  0.0039
 732   51.600  #696869  105 4  0.0019
 733   52.000  #686968  105 5  0.0077
 734   52.000  #686969  105 6  0.0000
 735   52.300  #696968  105 7  0.0058
 736   52.300  #696969  106 1  0.0000
 737   52.400  #69696a  106 2  0.0019
 738   52.500  #6a6969  106 3  0.0019
 739   52.600  #6a696a  106 4  0.0019
 740   53.100  #696a69  106 5  0.0095
 741   53.100  #696a6a  106 6  0.0000
 742   53.400  #6a6a69  106 7  0.0056
 743   53.400  #6a6a6a  107 1  0.0000
 744   53.600  #6a6a6b  107 2  0.0037
 745   53.700  #6b6a6a  107 3  0.0019
 746   53.800  #6b6a6b  107 4  0.0019
 747   54.100  #6a6b6a  107 5  0.0056
 748   54.400  #6a6b6b  107 6  0.0055
 749   54.400  #6b6b6a  107 7  0.0000
 750   54.500  #6b6b6b  108 1  0.0018
 751   54.700  #6b6b6c  108 2  0.0037
 752   54.800  #6c6b6b  108 3  0.0018
 753   54.900  #6c6b6c  108 4  0.0018
 754   55.300  #6b6c6b  108 5  0.0073
 755   55.400  #6b6c6c  108 6  0.0018
 756   55.500  #6c6c6b  108 7  0.0018
 757   55.700  #6c6c6c  109 1  0.0036
 758   55.600  #6c6c6d  109 2  -0.0018
 759   56.000  #6d6c6c  109 3  0.0072
 760   56.100  #6d6c6d  109 4  0.0018
 761   56.400  #6c6d6c  109 5  0.0053
 762   56.600  #6c6d6d  109 6  0.0035
 763   56.700  #6d6d6c  109 7  0.0018
 764   56.800  #6d6d6d  110 1  0.0018
 765   56.900  #6d6d6e  110 2  0.0018
 766   57.100  #6e6d6d  110 3  0.0035
 767   57.200  #6e6d6e  110 4  0.0017
 768   57.600  #6d6e6d  110 5  0.0070
 769   57.700  #6d6e6e  110 6  0.0017
 770   57.800  #6e6e6d  110 7  0.0017
 771   57.900  #6e6e6e  111 1  0.0017
 772   58.000  #6e6e6f  111 2  0.0017
 773   58.200  #6f6e6e  111 3  0.0034
 774   58.300  #6f6e6f  111 4  0.0017
 775   58.800  #6e6f6e  111 5  0.0085
 776   58.900  #6e6f6f  111 6  0.0017
 777   59.000  #6f6f6e  111 7  0.0017
 778   59.100  #6f6f6f  112 1  0.0017
 779   59.100  #6f6f70  112 2  0.0000
 780   59.400  #706f6f  112 3  0.0051
 781   59.400  #706f70  112 4  0.0000
 782   59.800  #6f706f  112 5  0.0067
 783   60.000  #6f7070  112 6  0.0033
 784   60.100  #70706f  112 7  0.0017
 785   60.200  #707070  113 1  0.0017
 786   60.400  #707071  113 2  0.0033
 787   60.500  #717070  113 3  0.0017
 788   60.600  #717071  113 4  0.0017
 789   61.000  #707170  113 5  0.0066
 790   61.100  #707171  113 6  0.0016
 791   61.100  #717170  113 7  0.0000
 792   61.200  #717171  114 1  0.0016
 793   61.400  #717172  114 2  0.0033
 794   61.500  #727171  114 3  0.0016
 795   61.600  #727172  114 4  0.0016
 796   62.100  #717271  114 5  0.0081
 797   62.200  #717272  114 6  0.0016
 798   62.300  #727271  114 7  0.0016
 799   62.400  #727272  115 1  0.0016
 800   62.500  #727273  115 2  0.0016
 801   62.700  #737272  115 3  0.0032
 802   62.800  #737273  115 4  0.0016
 803   63.100  #727372  115 5  0.0048
 804   63.300  #727373  115 6  0.0032
 805   63.400  #737372  115 7  0.0016
 806   63.500  #737373  116 1  0.0016
 807   63.600  #737374  116 2  0.0016
 808   63.700  #747373  116 3  0.0016
 809   63.900  #747374  116 4  0.0031
 810   64.300  #737473  116 5  0.0062
 811   64.400  #737474  116 6  0.0016
 812   64.600  #747473  116 7  0.0031
 813   64.700  #747474  117 1  0.0015
 814   64.800  #747475  117 2  0.0015
 815   64.900  #757474  117 3  0.0015
 816   65.000  #757475  117 4  0.0015
 817   65.500  #747574  117 5  0.0077
 818   65.500  #747575  117 6  0.0000
 819   65.800  #757574  117 7  0.0046
 820   65.800  #757575  118 1  0.0000
 821   65.900  #757576  118 2  0.0015
 822   66.100  #767575  118 3  0.0030
 823   66.200  #767576  118 4  0.0015
 824   66.600  #757675  118 5  0.0060
 825   66.700  #757676  118 6  0.0015
 826   66.900  #767675  118 7  0.0030
 827   67.000  #767676  119 1  0.0015
 828   67.100  #767677  119 2  0.0015
 829   67.200  #777676  119 3  0.0015
 830   67.200  #777677  119 4  0.0000
 831   67.800  #767776  119 5  0.0089
 832   67.900  #767777  119 6  0.0015
 833   68.000  #777776  119 7  0.0015
 834   68.100  #777777  120 1  0.0015
 835   68.200  #777778  120 2  0.0015
 836   68.400  #787777  120 3  0.0029
 837   68.500  #787778  120 4  0.0015
 838   68.900  #777877  120 5  0.0058
 839   69.000  #777878  120 6  0.0015
 840   69.100  #787877  120 7  0.0014
 841   69.300  #787878  121 1  0.0029
 842   69.300  #787879  121 2  0.0000
 843   69.500  #797878  121 3  0.0029
 844   69.600  #797879  121 4  0.0014
 845   70.000  #787978  121 5  0.0057
 846   70.100  #787979  121 6  0.0014
 847   70.300  #797978  121 7  0.0028
 848   70.400  #797979  122 1  0.0014
 849   70.500  #79797a  122 2  0.0014
 850   70.600  #7a7979  122 3  0.0014
 851   70.700  #7a797a  122 4  0.0014
 852   71.200  #797a79  122 5  0.0070
 853   71.300  #797a7a  122 6  0.0014
 854   71.500  #7a7a79  122 7  0.0028
 855   71.500  #7a7a7a  123 1  0.0000
 856   71.700  #7a7a7b  123 2  0.0028
 857   71.800  #7b7a7a  123 3  0.0014
 858   71.900  #7b7a7b  123 4  0.0014
 859   72.400  #7a7b7a  123 5  0.0069
 860   72.500  #7a7b7b  123 6  0.0014
 861   72.700  #7b7b7a  123 7  0.0028
 862   72.700  #7b7b7b  124 1  0.0000
 863   72.800  #7b7b7c  124 2  0.0014
 864   73.100  #7c7b7b  124 3  0.0041
 865   73.100  #7c7b7c  124 4  0.0000
 866   73.500  #7b7c7b  124 5  0.0055
 867   73.600  #7b7c7c  124 6  0.0014
 868   73.800  #7c7c7b  124 7  0.0027
 869   73.900  #7c7c7c  125 1  0.0014
 870   74.000  #7c7c7d  125 2  0.0014
 871   74.200  #7d7c7c  125 3  0.0027
 872   74.200  #7d7c7d  125 4  0.0000
 873   74.800  #7c7d7c  125 5  0.0081
 874   74.900  #7c7d7d  125 6  0.0013
 875   74.900  #7d7d7c  125 7  0.0000
 876   75.100  #7d7d7d  126 1  0.0027
 877   75.200  #7d7d7e  126 2  0.0013
 878   75.400  #7e7d7d  126 3  0.0027
 879   75.500  #7e7d7e  126 4  0.0013
 880   76.000  #7d7e7d  126 5  0.0066
 881   76.100  #7d7e7e  126 6  0.0013
 882   76.200  #7e7e7d  126 7  0.0013
 883   76.400  #7e7e7e  127 1  0.0026
 884   76.600  #7e7e7f  127 2  0.0026
 885   76.700  #7f7e7e  127 3  0.0013
 886   76.800  #7f7e7f  127 4  0.0013
 887   77.300  #7e7f7e  127 5  0.0065
 888   77.500  #7e7f7f  127 6  0.0026
 889   77.600  #7f7f7e  127 7  0.0013
 890   77.700  #7f7f7f  128 1  0.0013
 891   78.000  #7f7f80  128 2  0.0039
 892   78.100  #807f7f  128 3  0.0013
 893   78.400  #807f80  128 4  0.0038
 894   78.900  #7f807f  128 5  0.0064
 895   79.100  #7f8080  128 6  0.0025
 896   79.400  #80807f  128 7  0.0038
 897   79.400  #808080  129 1  0.0000
 898   79.700  #808081  129 2  0.0038
 899   79.800  #818080  129 3  0.0013
 900   80.000  #818081  129 4  0.0025
 901   80.600  #808180  129 5  0.0075
 902   80.700  #808181  129 6  0.0012
 903   81.000  #818180  129 7  0.0037
 904   81.200  #818181  130 1  0.0025
 905   81.300  #818182  130 2  0.0012
 906   81.600  #828181  130 3  0.0037
 907   81.600  #828182  130 4  0.0000
 908   82.400  #818281  130 5  0.0098
 909   82.400  #818282  130 6  0.0000
 910   82.800  #828281  130 7  0.0048
 911   82.900  #828282  131 1  0.0012
 912   83.000  #828283  131 2  0.0012
 913   83.200  #838282  131 3  0.0024
 914   83.400  #838283  131 4  0.0024
 915   84.100  #828382  131 5  0.0084
 916   84.200  #828383  131 6  0.0012
 917   84.400  #838382  131 7  0.0024
 918   84.600  #838383  132 1  0.0024
 919   84.800  #838384  132 2  0.0024
 920   84.900  #848383  132 3  0.0012
 921   85.100  #848384  132 4  0.0024
 922   85.700  #838483  132 5  0.0070
 923   85.900  #838484  132 6  0.0023
 924   86.100  #848483  132 7  0.0023
 925   86.200  #848484  133 1  0.0012
 926   86.400  #848485  133 2  0.0023
 927   86.600  #858484  133 3  0.0023
 928   86.700  #858485  133 4  0.0012
 929   87.400  #848584  133 5  0.0080
 930   87.500  #848585  133 6  0.0011
 931   87.800  #858584  133 7  0.0034
 932   87.900  #858585  134 1  0.0011
 933   88.100  #858586  134 2  0.0023
 934   88.300  #868585  134 3  0.0023
 935   88.400  #868586  134 4  0.0011
 936   89.100  #858685  134 5  0.0079
 937   89.200  #858686  134 6  0.0011
 938   89.400  #868685  134 7  0.0022
 939   89.600  #868686  135 1  0.0022
 940   89.800  #868687  135 2  0.0022
 941   90.000  #878686  135 3  0.0022
 942   90.000  #878687  135 4  0.0000
 943   90.700  #868786  135 5  0.0077
 944   90.900  #868787  135 6  0.0022
 945   91.100  #878786  135 7  0.0022
 946   91.400  #878787  136 1  0.0033
 947   91.400  #878788  136 2  0.0000
 948   91.700  #888787  136 3  0.0033
 949   91.900  #888788  136 4  0.0022
 950   92.500  #878887  136 5  0.0065
 951   92.700  #878888  136 6  0.0022
 952   92.900  #888887  136 7  0.0022
 953   92.900  #888888  137 1  0.0000
 954   93.200  #888889  137 2  0.0032
 955   93.300  #898888  137 3  0.0011
 956   93.500  #898889  137 4  0.0021
 957   94.200  #888988  137 5  0.0075
 958   94.400  #888989  137 6  0.0021
 959   94.500  #898988  137 7  0.0011
 960   94.800  #898989  138 1  0.0032
 961   94.900  #89898a  138 2  0.0011
 962   95.100  #8a8989  138 3  0.0021
 963   95.300  #8a898a  138 4  0.0021
 964   95.900  #898a89  138 5  0.0063
 965   96.000  #898a8a  138 6  0.0010
 966   96.300  #8a8a89  138 7  0.0031
 967   96.500  #8a8a8a  139 1  0.0021
 968   96.600  #8a8a8b  139 2  0.0010
 969   96.800  #8b8a8a  139 3  0.0021
 970   96.900  #8b8a8b  139 4  0.0010
 971   97.700  #8a8b8a  139 5  0.0082
 972   97.700  #8a8b8b  139 6  0.0000
 973   98.000  #8b8b8a  139 7  0.0031
 974   98.300  #8b8b8b  140 1  0.0031
 975   98.400  #8b8b8c  140 2  0.0010
 976   98.500  #8c8b8b  140 3  0.0010
 977   98.800  #8c8b8c  140 4  0.0030
 978   99.400  #8b8c8b  140 5  0.0061
 979   99.700  #8b8c8c  140 6  0.0030
 980   99.800  #8c8c8b  140 7  0.0010
 981  100.100  #8c8c8c  141 1  0.0030
 982  100.200  #8c8c8d  141 2  0.0010
 983  100.400  #8d8c8c  141 3  0.0020
 984  100.600  #8d8c8d  141 4  0.0020
 985  101.300  #8c8d8c  141 5  0.0069
 986  101.400  #8c8d8d  141 6  0.0010
 987  101.600  #8d8d8c  141 7  0.0020
 988  101.900  #8d8d8d  142 1  0.0029
 989  102.100  #8d8d8e  142 2  0.0020
 990  102.200  #8e8d8d  142 3  0.0010
 991  102.400  #8e8d8e  142 4  0.0020
 992  103.100  #8d8e8d  142 5  0.0068
 993  103.400  #8d8e8e  142 6  0.0029
 994  103.400  #8e8e8d  142 7  0.0000
 995  103.500  #8e8e8e  143 1  0.0010
 996  103.900  #8e8e8f  143 2  0.0039
 997  104.200  #8f8e8e  143 3  0.0029
 998  104.200  #8f8e8f  143 4  0.0000
 999  105.000  #8e8f8e  143 5  0.0076
1000  105.000  #8e8f8f  143 6  0.0000
1001  105.300  #8f8f8e  143 7  0.0029
1002  105.400  #8f8f8f  144 1  0.0009
1003  105.700  #8f8f90  144 2  0.0028
1004  105.900  #908f8f  144 3  0.0019
1005  106.000  #908f90  144 4  0.0009
1006  106.800  #8f908f  144 5  0.0075
1007  107.100  #8f9090  144 6  0.0028
1008  107.200  #90908f  144 7  0.0009
1009  107.500  #909090  145 1  0.0028
1010  107.600  #909091  145 2  0.0009
1011  107.700  #919090  145 3  0.0009
1012  108.000  #919091  145 4  0.0028
1013  108.800  #909190  145 5  0.0074
1014  109.000  #909191  145 6  0.0018
1015  109.200  #919190  145 7  0.0018
1016  109.400  #919191  146 1  0.0018
1017  109.400  #919192  146 2  0.0000
1018  109.600  #929191  146 3  0.0018
1019  109.900  #929192  146 4  0.0027
1020  110.500  #919291  146 5  0.0054
1021  110.900  #919292  146 6  0.0036
1022  111.000  #929291  146 7  0.0009
1023  111.200  #929292  147 1  0.0018
1024  111.400  #929293  147 2  0.0018
1025  111.700  #939292  147 3  0.0027
1026  111.900  #939293  147 4  0.0018
1027  112.600  #929392  147 5  0.0062
1028  112.800  #929393  147 6  0.0018
1029  113.100  #939392  147 7  0.0027
1030  113.000  #939393  148 1  -0.0009
1031  113.400  #939394  148 2  0.0035
1032  113.600  #949393  148 3  0.0018
1033  113.600  #949394  148 4  0.0000
1034  114.300  #939493  148 5  0.0061
1035  114.700  #939494  148 6  0.0035
1036  114.900  #949493  148 7  0.0017
1037  115.100  #949494  149 1  0.0017
1038  115.100  #949495  149 2  0.0000
1039  115.400  #959494  149 3  0.0026
1040  115.700  #959495  149 4  0.0026
1041  116.500  #949594  149 5  0.0069
1042  116.500  #949595  149 6  0.0000
1043  116.800  #959594  149 7  0.0026
1044  116.900  #959595  150 1  0.0009
1045  117.200  #959596  150 2  0.0026
1046  117.600  #969595  150 3  0.0034
1047  117.600  #969596  150 4  0.0000
1048  118.500  #959695  150 5  0.0076
1049  118.800  #959696  150 6  0.0025
1050  118.700  #969695  150 7  -0.0008
1051  119.100  #969696  151 1  0.0034
1052  119.200  #969697  151 2  0.0008
1053  119.600  #979696  151 3  0.0034
1054  119.800  #979697  151 4  0.0017
1055  120.300  #969796  151 5  0.0042
1056  120.800  #969797  151 6  0.0041
1057  121.000  #979796  151 7  0.0017
1058  121.100  #979797  152 1  0.0008
1059  121.400  #979798  152 2  0.0025
1060  121.600  #989797  152 3  0.0016
1061  121.600  #989798  152 4  0.0000
1062  122.300  #979897  152 5  0.0057
1063  122.600  #979898  152 6  0.0024
1064  123.000  #989897  152 7  0.0033
1065  123.200  #989898  153 1  0.0016
1066  123.400  #989899  153 2  0.0016
1067  123.600  #999898  153 3  0.0016
1068  123.900  #999899  153 4  0.0024
1069  124.500  #989998  153 5  0.0048
1070  124.500  #989999  153 6  0.0000
1071  125.000  #999998  153 7  0.0040
1072  125.200  #999999  154 1  0.0016
1073  125.200  #99999a  154 2  0.0000
1074  125.500  #9a9999  154 3  0.0024
1075  125.800  #9a999a  154 4  0.0024
1076  126.500  #999a99  154 5  0.0055
1077  126.800  #999a9a  154 6  0.0024
1078  127.000  #9a9a99  154 7  0.0016
1079  127.200  #9a9a9a  155 1  0.0016
1080  127.400  #9a9a9b  155 2  0.0016
1081  127.800  #9b9a9a  155 3  0.0031
1082  127.900  #9b9a9b  155 4  0.0008
1083  128.700  #9a9b9a  155 5  0.0062
1084  128.900  #9a9b9b  155 6  0.0016
1085  129.100  #9b9b9a  155 7  0.0016
1086  129.400  #9b9b9b  156 1  0.0023
1087  129.500  #9b9b9c  156 2  0.0008
1088  129.800  #9c9b9b  156 3  0.0023
1089  130.000  #9c9b9c  156 4  0.0015
1090  130.600  #9b9c9b  156 5  0.0046
1091  130.900  #9b9c9c  156 6  0.0023
1092  131.100  #9c9c9b  156 7  0.0015
1093  131.300  #9c9c9c  157 1  0.0015
1094  131.500  #9c9c9d  157 2  0.0015
1095  131.800  #9d9c9c  157 3  0.0023
1096  131.900  #9d9c9d  157 4  0.0008
1097  132.700  #9c9d9c  157 5  0.0060
1098  133.100  #9c9d9d  157 6  0.0030
1099  133.200  #9d9d9c  157 7  0.0008
1100  133.300  #9d9d9d  158 1  0.0008
1101  133.500  #9d9d9e  158 2  0.0015
1102  133.800  #9e9d9d  158 3  0.0022
1103  134.000  #9e9d9e  158 4  0.0015
1104  134.700  #9d9e9d  158 5  0.0052
1105  135.000  #9d9e9e  158 6  0.0022
1106  135.200  #9e9e9d  158 7  0.0015
1107  135.500  #9e9e9e  159 1  0.0022
1108  135.500  #9e9e9f  159 2  0.0000
1109  136.000  #9f9e9e  159 3  0.0037
1110  136.200  #9f9e9f  159 4  0.0015
1111  136.700  #9e9f9e  159 5  0.0037
1112  137.000  #9e9f9f  159 6  0.0022
1113  137.400  #9f9f9e  159 7  0.0029
1114  137.500  #9f9f9f  160 1  0.0007
1115  137.800  #9f9fa0  160 2  0.0022
1116  137.900  #a09f9f  160 3  0.0007
1117  138.300  #a09fa0  160 4  0.0029
1118  139.000  #9fa09f  160 5  0.0050
1119  139.200  #9fa0a0  160 6  0.0014
1120  139.500  #a0a09f  160 7  0.0022
1121  139.600  #a0a0a0  161 1  0.0007
1122  139.900  #a0a0a1  161 2  0.0021
1123  140.400  #a1a0a0  161 3  0.0036
1124  140.300  #a1a0a1  161 4  -0.0007
1125  141.200  #a0a1a0  161 5  0.0064
1126  141.400  #a0a1a1  161 6  0.0014
1127  141.700  #a1a1a0  161 7  0.0021
1128  142.000  #a1a1a1  162 1  0.0021
1129  141.900  #a1a1a2  162 2  -0.0007
1130  142.200  #a2a1a1  162 3  0.0021
1131  142.400  #a2a1a2  162 4  0.0014
1132  143.300  #a1a2a1  162 5  0.0063
1133  143.500  #a1a2a2  162 6  0.0014
1134  143.700  #a2a2a1  162 7  0.0014
1135  144.000  #a2a2a2  163 1  0.0021
1136  144.100  #a2a2a3  163 2  0.0007
1137  144.400  #a3a2a2  163 3  0.0021
1138  144.800  #a3a2a3  163 4  0.0028
1139  145.300  #a2a3a2  163 5  0.0034
1140  145.600  #a2a3a3  163 6  0.0021
1141  146.000  #a3a3a2  163 7  0.0027
1142  146.200  #a3a3a3  164 1  0.0014
1143  146.400  #a3a3a4  164 2  0.0014
1144  146.500  #a4a3a3  164 3  0.0007
1145  146.800  #a4a3a4  164 4  0.0020
1146  147.600  #a3a4a3  164 5  0.0054
1147  147.800  #a3a4a4  164 6  0.0014
1148  148.200  #a4a4a3  164 7  0.0027
1149  148.300  #a4a4a4  165 1  0.0007
1150  148.400  #a4a4a5  165 2  0.0007
1151  148.800  #a5a4a4  165 3  0.0027
1152  149.000  #a5a4a5  165 4  0.0013
1153  149.800  #a4a5a4  165 5  0.0054
1154  149.900  #a4a5a5  165 6  0.0007
1155  150.400  #a5a5a4  165 7  0.0033
1156  150.500  #a5a5a5  166 1  0.0007
1157  150.600  #a5a5a6  166 2  0.0007
1158  151.000  #a6a5a5  166 3  0.0027
1159  151.200  #a6a5a6  166 4  0.0013
1160  152.100  #a5a6a5  166 5  0.0059
1161  152.200  #a5a6a6  166 6  0.0007
1162  152.400  #a6a6a5  166 7  0.0013
1163  152.800  #a6a6a6  167 1  0.0026
1164  152.800  #a6a6a7  167 2  0.0000
1165  153.200  #a7a6a6  167 3  0.0026
1166  153.400  #a7a6a7  167 4  0.0013
1167  154.000  #a6a7a6  167 5  0.0039
1168  154.400  #a6a7a7  167 6  0.0026
1169  154.600  #a7a7a6  167 7  0.0013
1170  154.900  #a7a7a7  168 1  0.0019
1171  155.000  #a7a7a8  168 2  0.0006
1172  155.300  #a8a7a7  168 3  0.0019
1173  155.500  #a8a7a8  168 4  0.0013
1174  156.500  #a7a8a7  168 5  0.0064
1175  156.400  #a7a8a8  168 6  -0.0006
1176  157.000  #a8a8a7  168 7  0.0038
1177  157.100  #a8a8a8  169 1  0.0006
1178  157.200  #a8a8a9  169 2  0.0006
1179  157.500  #a9a8a8  169 3  0.0019
1180  157.700  #a9a8a9  169 4  0.0013
1181  158.400  #a8a9a8  169 5  0.0044
1182  158.700  #a8a9a9  169 6  0.0019
1183  159.100  #a9a9a8  169 7  0.0025
1184  159.200  #a9a9a9  170 1  0.0006
1185  159.300  #a9a9aa  170 2  0.0006
1186  159.700  #aaa9a9  170 3  0.0025
1187  159.800  #aaa9aa  170 4  0.0006
1188  160.700  #a9aaa9  170 5  0.0056
1189  160.900  #a9aaaa  170 6  0.0012
1190  161.300  #aaaaa9  170 7  0.0025
1191  161.500  #aaaaaa  171 1  0.0012
1192  161.600  #aaaaab  171 2  0.0006
1193  162.100  #abaaaa  171 3  0.0031
1194  162.100  #abaaab  171 4  0.0000
1195  162.700  #aaabaa  171 5  0.0037
1196  163.100  #aaabab  171 6  0.0025
1197  163.500  #ababaa  171 7  0.0024
1198  163.700  #ababab  172 1  0.0012
1199  163.900  #ababac  172 2  0.0012
1200  164.100  #acabab  172 3  0.0012
1201  164.300  #acabac  172 4  0.0012
1202  165.300  #abacab  172 5  0.0061
1203  165.400  #abacac  172 6  0.0006
1204  165.700  #acacab  172 7  0.0018
1205  166.100  #acacac  173 1  0.0024
1206  166.100  #acacad  173 2  0.0000
1207  166.600  #adacac  173 3  0.0030
1208  166.500  #adacad  173 4  -0.0006
1209  167.600  #acadac  173 5  0.0066
1210  167.700  #acadad  173 6  0.0006
1211  167.800  #adadac  173 7  0.0006
1212  168.100  #adadad  174 1  0.0018
1213  168.400  #adadae  174 2  0.0018
1214  168.800  #aeadad  174 3  0.0024
1215  168.800  #aeadae  174 4  0.0000
1216  169.800  #adaead  174 5  0.0059
1217  170.100  #adaeae  174 6  0.0018
1218  170.200  #aeaead  174 7  0.0006
1219  170.500  #aeaeae  175 1  0.0018
1220  170.600  #aeaeaf  175 2  0.0006
1221  171.200  #afaeae  175 3  0.0035
1222  171.300  #afaeaf  175 4  0.0006
1223  171.900  #aeafae  175 5  0.0035
1224  172.300  #aeafaf  175 6  0.0023
1225  172.600  #afafae  175 7  0.0017
1226  172.600  #afafaf  176 1  0.0000
1227  173.000  #afafb0  176 2  0.0023
1228  173.100  #b0afaf  176 3  0.0006
1229  173.600  #b0afb0  176 4  0.0029
1230  174.300  #afb0af  176 5  0.0040
1231  174.400  #afb0b0  176 6  0.0006
1232  174.600  #b0b0af  176 7  0.0011
1233  175.000  #b0b0b0  177 1  0.0023
1234  175.100  #b0b0b1  177 2  0.0006
1235  175.700  #b1b0b0  177 3  0.0034
1236  175.400  #b1b0b1  177 4  -0.0017
1237  176.300  #b0b1b0  177 5  0.0051
1238  176.700  #b0b1b1  177 6  0.0023
1239  176.900  #b1b1b0  177 7  0.0011
1240  177.200  #b1b1b1  178 1  0.0017
1241  177.400  #b1b1b2  178 2  0.0011
1242  178.000  #b2b1b1  178 3  0.0034
1243  177.900  #b2b1b2  178 4  -0.0006
1244  178.000  #b1b2b1  178 5  0.0006
1245  178.800  #b1b2b2  178 6  0.0045
1246  178.000  #b2b2b1  178 7  -0.0045
1247  179.000  #b2b2b2  179 1  0.0056
1248  179.000  #b2b2b3  179 2  0.0000
1249  180.000  #b3b2b2  179 3  0.0056
1250  180.000  #b3b2b3  179 4  0.0000
1251  181.000  #b2b3b2  179 5  0.0055
1252  181.000  #b2b3b3  179 6  0.0000
1253  181.000  #b3b3b2  179 7  0.0000
1254  181.000  #b3b3b3  180 1  0.0000
1255  182.000  #b3b3b4  180 2  0.0055
1256  182.000  #b4b3b3  180 3  0.0000
1257  182.000  #b4b3b4  180 4  0.0000
1258  183.000  #b3b4b3  180 5  0.0055
1259  183.000  #b3b4b4  180 6  0.0000
1260  183.000  #b4b4b3  180 7  0.0000
1261  184.000  #b4b4b4  181 1  0.0054
1262  184.000  #b4b4b5  181 2  0.0000
1263  184.000  #b5b4b4  181 3  0.0000
1264  184.000  #b5b4b5  181 4  0.0000
1265  185.000  #b4b5b4  181 5  0.0054
1266  186.000  #b4b5b5  181 6  0.0054
1267  186.000  #b5b5b4  181 7  0.0000
1268  186.000  #b5b5b5  182 1  0.0000
1269  186.000  #b5b5b6  182 2  0.0000
1270  186.000  #b6b5b5  182 3  0.0000
1271  187.000  #b6b5b6  182 4  0.0054
1272  187.000  #b5b6b5  182 5  0.0000
1273  188.000  #b5b6b6  182 6  0.0053
1274  188.000  #b6b6b5  182 7  0.0000
1275  188.000  #b6b6b6  183 1  0.0000
1276  188.000  #b6b6b7  183 2  0.0000
1277  189.000  #b7b6b6  183 3  0.0053
1278  189.000  #b7b6b7  183 4  0.0000
1279  190.000  #b6b7b6  183 5  0.0053
1280  190.000  #b6b7b7  183 6  0.0000
1281  190.000  #b7b7b6  183 7  0.0000
1282  190.000  #b7b7b7  184 1  0.0000
1283  191.000  #b7b7b8  184 2  0.0052
1284  191.000  #b8b7b7  184 3  0.0000
1285  191.000  #b8b7b8  184 4  0.0000
1286  192.000  #b7b8b7  184 5  0.0052
1287  192.000  #b7b8b8  184 6  0.0000
1288  192.000  #b8b8b7  184 7  0.0000
1289  193.000  #b8b8b8  185 1  0.0052
1290  193.000  #b8b8b9  185 2  0.0000
1291  193.000  #b9b8b8  185 3  0.0000
1292  193.000  #b9b8b9  185 4  0.0000
1293  194.000  #b8b9b8  185 5  0.0052
1294  194.000  #b8b9b9  185 6  0.0000
1295  194.000  #b9b9b8  185 7  0.0000
1296  195.000  #b9b9b9  186 1  0.0051
1297  195.000  #b9b9ba  186 2  0.0000
1298  196.000  #bab9b9  186 3  0.0051
1299  196.000  #bab9ba  186 4  0.0000
1300  197.000  #b9bab9  186 5  0.0051
1301  197.000  #b9baba  186 6  0.0000
1302  197.000  #babab9  186 7  0.0000
1303  197.000  #bababa  187 1  0.0000
1304  198.000  #bababb  187 2  0.0051
1305  198.000  #bbbaba  187 3  0.0000
1306  198.000  #bbbabb  187 4  0.0000
1307  199.000  #babbba  187 5  0.0050
1308  199.000  #babbbb  187 6  0.0000
1309  199.000  #bbbbba  187 7  0.0000
1310  200.000  #bbbbbb  188 1  0.0050
1311  200.000  #bbbbbc  188 2  0.0000
1312  200.000  #bcbbbb  188 3  0.0000
1313  200.000  #bcbbbc  188 4  0.0000
1314  201.000  #bbbcbb  188 5  0.0050
1315  201.000  #bbbcbc  188 6  0.0000
1316  201.000  #bcbcbb  188 7  0.0000
1317  202.000  #bcbcbc  189 1  0.0050
1318  202.000  #bcbcbd  189 2  0.0000
1319  203.000  #bdbcbc  189 3  0.0049
1320  203.000  #bdbcbd  189 4  0.0000
1321  203.000  #bcbdbc  189 5  0.0000
1322  204.000  #bcbdbd  189 6  0.0049
1323  204.000  #bdbdbc  189 7  0.0000
1324  204.000  #bdbdbd  190 1  0.0000
1325  204.000  #bdbdbe  190 2  0.0000
1326  205.000  #bebdbd  190 3  0.0049
1327  205.000  #bebdbe  190 4  0.0000
1328  205.000  #bdbebd  190 5  0.0000
1329  206.000  #bdbebe  190 6  0.0049
1330  206.000  #bebebd  190 7  0.0000
1331  207.000  #bebebe  191 1  0.0048
1332  207.000  #bebebf  191 2  0.0000
1333  207.000  #bfbebe  191 3  0.0000
1334  207.000  #bfbebf  191 4  0.0000
1335  208.000  #bebfbe  191 5  0.0048
1336  208.000  #bebfbf  191 6  0.0000
1337  209.000  #bfbfbe  191 7  0.0048
1338  209.000  #bfbfbf  192 1  0.0000
1339  209.000  #bfbfc0  192 2  0.0000
1340  210.000  #c0bfbf  192 3  0.0048
1341  210.000  #c0bfc0  192 4  0.0000
1342  211.000  #bfc0bf  192 5  0.0048
1343  211.000  #bfc0c0  192 6  0.0000
1344  211.000  #c0c0bf  192 7  0.0000
1345  212.000  #c0c0c0  193 1  0.0047
1346  212.000  #c0c0c1  193 2  0.0000
1347  212.000  #c1c0c0  193 3  0.0000
1348  213.000  #c1c0c1  193 4  0.0047
1349  214.000  #c0c1c0  193 5  0.0047
1350  214.000  #c0c1c1  193 6  0.0000
1351  214.000  #c1c1c0  193 7  0.0000
1352  215.000  #c1c1c1  194 1  0.0047
1353  215.000  #c1c1c2  194 2  0.0000
1354  215.000  #c2c1c1  194 3  0.0000
1355  215.000  #c2c1c2  194 4  0.0000
1356  217.000  #c1c2c1  194 5  0.0093
1357  217.000  #c1c2c2  194 6  0.0000
1358  217.000  #c2c2c1  194 7  0.0000
1359  218.000  #c2c2c2  195 1  0.0046
1360  218.000  #c2c2c3  195 2  0.0000
1361  218.000  #c3c2c2  195 3  0.0000
1362  218.000  #c3c2c3  195 4  0.0000
1363  219.000  #c2c3c2  195 5  0.0046
1364  220.000  #c2c3c3  195 6  0.0046
1365  220.000  #c3c3c2  195 7  0.0000
1366  220.000  #c3c3c3  196 1  0.0000
1367  221.000  #c3c3c4  196 2  0.0045
1368  221.000  #c4c3c3  196 3  0.0000
1369  221.000  #c4c3c4  196 4  0.0000
1370  222.000  #c3c4c3  196 5  0.0045
1371  223.000  #c3c4c4  196 6  0.0045
1372  223.000  #c4c4c3  196 7  0.0000
1373  223.000  #c4c4c4  197 1  0.0000
1374  223.000  #c4c4c5  197 2  0.0000
1375  224.000  #c5c4c4  197 3  0.0045
1376  224.000  #c5c4c5  197 4  0.0000
1377  225.000  #c4c5c4  197 5  0.0045
1378  226.000  #c4c5c5  197 6  0.0044
1379  226.000  #c5c5c4  197 7  0.0000
1380  227.000  #c5c5c5  198 1  0.0044
1381  226.000  #c5c5c6  198 2  -0.0044
1382  227.000  #c6c5c5  198 3  0.0044
1383  227.000  #c6c5c6  198 4  0.0000
1384  228.000  #c5c6c5  198 5  0.0044
1385  229.000  #c5c6c6  198 6  0.0044
1386  229.000  #c6c6c5  198 7  0.0000
1387  229.000  #c6c6c6  199 1  0.0000
1388  230.000  #c6c6c7  199 2  0.0044
1389  230.000  #c7c6c6  199 3  0.0000
1390  230.000  #c7c6c7  199 4  0.0000
1391  231.000  #c6c7c6  199 5  0.0043
1392  232.000  #c6c7c7  199 6  0.0043
1393  232.000  #c7c7c6  199 7  0.0000
1394  232.000  #c7c7c7  200 1  0.0000
1395  233.000  #c7c7c8  200 2  0.0043
1396  233.000  #c8c7c7  200 3  0.0000
1397  233.000  #c8c7c8  200 4  0.0000
1398  234.000  #c7c8c7  200 5  0.0043
1399  235.000  #c7c8c8  200 6  0.0043
1400  235.000  #c8c8c7  200 7  0.0000
1401  235.000  #c8c8c8  201 1  0.0000
1402  235.000  #c8c8c9  201 2  0.0000
1403  236.000  #c9c8c8  201 3  0.0042
1404  236.000  #c9c8c9  201 4  0.0000
1405  237.000  #c8c9c8  201 5  0.0042
1406  238.000  #c8c9c9  201 6  0.0042
1407  238.000  #c9c9c8  201 7  0.0000
1408  238.000  #c9c9c9  202 1  0.0000
1409  238.000  #c9c9ca  202 2  0.0000
1410  239.000  #cac9c9  202 3  0.0042
1411  239.000  #cac9ca  202 4  0.0000
1412  240.000  #c9cac9  202 5  0.0042
1413  241.000  #c9caca  202 6  0.0042
1414  241.000  #cacac9  202 7  0.0000
1415  241.000  #cacaca  203 1  0.0000
1416  241.000  #cacacb  203 2  0.0000
1417  242.000  #cbcaca  203 3  0.0041
1418  242.000  #cbcacb  203 4  0.0000
1419  244.000  #cacbca  203 5  0.0082
1420  243.000  #cacbcb  203 6  -0.0041
1421  244.000  #cbcbca  203 7  0.0041
1422  244.000  #cbcbcb  204 1  0.0000
1423  244.000  #cbcbcc  204 2  0.0000
1424  245.000  #cccbcb  204 3  0.0041
1425  245.000  #cccbcc  204 4  0.0000
1426  247.000  #cbcccb  204 5  0.0081
1427  247.000  #cbcccc  204 6  0.0000
1428  247.000  #cccccb  204 7  0.0000
1429  247.000  #cccccc  205 1  0.0000
1430  247.000  #cccccd  205 2  0.0000
1431  248.000  #cdcccc  205 3  0.0040
1432  248.000  #cdcccd  205 4  0.0000
1433  249.000  #cccdcc  205 5  0.0040
1434  250.000  #cccdcd  205 6  0.0040
1435  250.000  #cdcdcc  205 7  0.0000
1436  250.000  #cdcdcd  206 1  0.0000
1437  250.000  #cdcdce  206 2  0.0000
1438  251.000  #cecdcd  206 3  0.0040
1439  251.000  #cecdce  206 4  0.0000
1440  252.000  #cdcecd  206 5  0.0040
1441  252.000  #cdcece  206 6  0.0000
1442  253.000  #cececd  206 7  0.0040
1443  253.000  #cecece  207 1  0.0000
1444  253.000  #cececf  207 2  0.0000
1445  254.000  #cfcece  207 3  0.0039
1446  254.000  #cfcecf  207 4  0.0000
1447  255.000  #cecfce  207 5  0.0039
1448  255.000  #cecfcf  207 6  0.0000
1449  256.000  #cfcfce  207 7  0.0039
1450  257.000  #cfcfcf  208 1  0.0039
1451  256.000  #cfcfd0  208 2  -0.0039
1452  257.000  #d0cfcf  208 3  0.0039
1453  257.000  #d0cfd0  208 4  0.0000
1454  258.000  #cfd0cf  208 5  0.0039
1455  259.000  #cfd0d0  208 6  0.0039
1456  259.000  #d0d0cf  208 7  0.0000
1457  259.000  #d0d0d0  209 1  0.0000
1458  259.000  #d0d0d1  209 2  0.0000
1459  259.000  #d1d0d0  209 3  0.0000
1460  260.000  #d1d0d1  209 4  0.0039
1461  261.000  #d0d1d0  209 5  0.0038
1462  261.000  #d0d1d1  209 6  0.0000
1463  262.000  #d1d1d0  209 7  0.0038
1464  262.000  #d1d1d1  210 1  0.0000
1465  262.000  #d1d1d2  210 2  0.0000
1466  263.000  #d2d1d1  210 3  0.0038
1467  263.000  #d2d1d2  210 4  0.0000
1468  264.000  #d1d2d1  210 5  0.0038
1469  264.000  #d1d2d2  210 6  0.0000
1470  265.000  #d2d2d1  210 7  0.0038
1471  265.000  #d2d2d2  211 1  0.0000
1472  265.000  #d2d2d3  211 2  0.0000
1473  266.000  #d3d2d2  211 3  0.0038
1474  266.000  #d3d2d3  211 4  0.0000
1475  267.000  #d2d3d2  211 5  0.0038
1476  267.000  #d2d3d3  211 6  0.0000
1477  268.000  #d3d3d2  211 7  0.0037
1478  268.000  #d3d3d3  212 1  0.0000
1479  269.000  #d3d3d4  212 2  0.0037
1480  268.000  #d4d3d3  212 3  -0.0037
1481  269.000  #d4d3d4  212 4  0.0037
1482  270.000  #d3d4d3  212 5  0.0037
1483  270.000  #d3d4d4  212 6  0.0000
1484  271.000  #d4d4d3  212 7  0.0037
1485  271.000  #d4d4d4  213 1  0.0000
1486  271.000  #d4d4d5  213 2  0.0000
1487  271.000  #d5d4d4  213 3  0.0000
1488  271.000  #d5d4d5  213 4  0.0000
1489  273.000  #d4d5d4  213 5  0.0074
1490  273.000  #d4d5d5  213 6  0.0000
1491  274.000  #d5d5d4  213 7  0.0037
1492  274.000  #d5d5d5  214 1  0.0000
1493  274.000  #d5d5d6  214 2  0.0000
1494  274.000  #d6d5d5  214 3  0.0000
1495  274.000  #d6d5d6  214 4  0.0000
1496  276.000  #d5d6d5  214 5  0.0073
1497  276.000  #d5d6d6  214 6  0.0000
1498  276.000  #d6d6d5  214 7  0.0000
1499  277.000  #d6d6d6  215 1  0.0036
1500  277.000  #d6d6d7  215 2  0.0000
1501  277.000  #d7d6d6  215 3  0.0000
1502  277.000  #d7d6d7  215 4  0.0000
1503  279.000  #d6d7d6  215 5  0.0072
1504  279.000  #d6d7d7  215 6  0.0000
1505  280.000  #d7d7d6  215 7  0.0036
1506  280.000  #d7d7d7  216 1  0.0000
1507  280.000  #d7d7d8  216 2  0.0000
1508  281.000  #d8d7d7  216 3  0.0036
1509  280.000  #d8d7d8  216 4  -0.0036
1510  282.000  #d7d8d7  216 5  0.0071
1511  282.000  #d7d8d8  216 6  0.0000
1512  283.000  #d8d8d7  216 7  0.0035
1513  283.000  #d8d8d8  217 1  0.0000
1514  283.000  #d8d8d9  217 2  0.0000
1515  283.000  #d9d8d8  217 3  0.0000
1516  284.000  #d9d8d9  217 4  0.0035
1517  284.000  #d8d9d8  217 5  0.0000
1518  285.000  #d8d9d9  217 6  0.0035
1519  285.000  #d9d9d8  217 7  0.0000
1520  286.000  #d9d9d9  218 1  0.0035
1521  286.000  #d9d9da  218 2  0.0000
1522  286.000  #dad9d9  218 3  0.0000
1523  286.000  #dad9da  218 4  0.0000
1524  288.000  #d9dad9  218 5  0.0070
1525  288.000  #d9dada  218 6  0.0000
1526  288.000  #dadad9  218 7  0.0000
1527  288.000  #dadada  219 1  0.0000
1528  288.000  #dadadb  219 2  0.0000
1529  289.000  #dbdada  219 3  0.0035
1530  290.000  #dbdadb  219 4  0.0035
1531  291.000  #dadbda  219 5  0.0034
1532  291.000  #dadbdb  219 6  0.0000
1533  291.000  #dbdbda  219 7  0.0000
1534  291.000  #dbdbdb  220 1  0.0000
1535  292.000  #dbdbdc  220 2  0.0034
1536  292.000  #dcdbdb  220 3  0.0000
1537  293.000  #dcdbdc  220 4  0.0034
1538  294.000  #dbdcdb  220 5  0.0034
1539  294.000  #dbdcdc  220 6  0.0000
1540  294.000  #dcdcdb  220 7  0.0000
1541  295.000  #dcdcdc  221 1  0.0034
1542  294.000  #dcdcdd  221 2  -0.0034
1543  295.000  #dddcdc  221 3  0.0034
1544  295.000  #dddcdd  221 4  0.0000
1545  296.000  #dcdddc  221 5  0.0034
1546  296.000  #dcdddd  221 6  0.0000
1547  297.000  #dddddc  221 7  0.0034
1548  298.000  #dddddd  222 1  0.0034
1549  297.000  #ddddde  222 2  -0.0034
1550  298.000  #dedddd  222 3  0.0034
1551  298.000  #deddde  222 4  0.0000
1552  299.000  #dddedd  222 5  0.0034
1553  300.000  #dddede  222 6  0.0033
1554  300.000  #dededd  222 7  0.0000
1555  300.000  #dedede  223 1  0.0000
1556  300.000  #dededf  223 2  0.0000
1557  300.000  #dfdede  223 3  0.0000
1558  301.000  #dfdedf  223 4  0.0033
1559  302.000  #dedfde  223 5  0.0033
1560  302.000  #dedfdf  223 6  0.0000
1561  302.000  #dfdfde  223 7  0.0000
1562  303.000  #dfdfdf  224 1  0.0033
1563  303.000  #dfdfe0  224 2  0.0000
1564  303.000  #e0dfdf  224 3  0.0000
1565  304.000  #e0dfe0  224 4  0.0033
1566  304.000  #dfe0df  224 5  0.0000
1567  305.000  #dfe0e0  224 6  0.0033
1568  305.000  #e0e0df  224 7  0.0000
1569  306.000  #e0e0e0  225 1  0.0033
1570  305.000  #e0e0e1  225 2  -0.0033
1571  306.000  #e1e0e0  225 3  0.0033
1572  306.000  #e1e0e1  225 4  0.0000
1573  307.000  #e0e1e0  225 5  0.0033
1574  308.000  #e0e1e1  225 6  0.0033
1575  308.000  #e1e1e0  225 7  0.0000
1576  308.000  #e1e1e1  226 1  0.0000
1577  308.000  #e1e1e2  226 2  0.0000
1578  309.000  #e2e1e1  226 3  0.0032
1579  309.000  #e2e1e2  226 4  0.0000
1580  310.000  #e1e2e1  226 5  0.0032
1581  310.000  #e1e2e2  226 6  0.0000
1582  310.000  #e2e2e1  226 7  0.0000
1583  311.000  #e2e2e2  227 1  0.0032
1584  311.000  #e2e2e3  227 2  0.0000
1585  311.000  #e3e2e2  227 3  0.0000
1586  311.000  #e3e2e3  227 4  0.0000
1587  312.000  #e2e3e2  227 5  0.0032
1588  313.000  #e2e3e3  227 6  0.0032
1589  313.000  #e3e3e2  227 7  0.0000
1590  313.000  #e3e3e3  228 1  0.0000
1591  314.000  #e3e3e4  228 2  0.0032
1592  314.000  #e4e3e3  228 3  0.0000
1593  314.000  #e4e3e4  228 4  0.0000
1594  315.000  #e3e4e3  228 5  0.0032
1595  315.000  #e3e4e4  228 6  0.0000
1596  316.000  #e4e4e3  228 7  0.0032
1597  315.000  #e4e4e4  229 1  -0.0032
1598  316.000  #e4e4e5  229 2  0.0032
1599  316.000  #e5e4e4  229 3  0.0000
1600  316.000  #e5e4e5  229 4  0.0000
1601  317.000  #e4e5e4  229 5  0.0032
1602  318.000  #e4e5e5  229 6  0.0031
1603  318.000  #e5e5e4  229 7  0.0000
1604  319.000  #e5e5e5  230 1  0.0031
1605  319.000  #e5e5e6  230 2  0.0000
1606  319.000  #e6e5e5  230 3  0.0000
1607  319.000  #e6e5e6  230 4  0.0000
1608  320.000  #e5e6e5  230 5  0.0031
1609  320.000  #e5e6e6  230 6  0.0000
1610  321.000  #e6e6e5  230 7  0.0031
1611  321.000  #e6e6e6  231 1  0.0000
1612  321.000  #e6e6e7  231 2  0.0000
1613  322.000  #e7e6e6  231 3  0.0031
1614  322.000  #e7e6e7  231 4  0.0000
1615  323.000  #e6e7e6  231 5  0.0031
1616  323.000  #e6e7e7  231 6  0.0000
1617  323.000  #e7e7e6  231 7  0.0000
1618  323.000  #e7e7e7  232 1  0.0000
1619  324.000  #e7e7e8  232 2  0.0031
1620  324.000  #e8e7e7  232 3  0.0000
1621  324.000  #e8e7e8  232 4  0.0000
1622  325.000  #e7e8e7  232 5  0.0031
1623  325.000  #e7e8e8  232 6  0.0000
1624  326.000  #e8e8e7  232 7  0.0031
1625  326.000  #e8e8e8  233 1  0.0000
1626  326.000  #e8e8e9  233 2  0.0000
1627  327.000  #e9e8e8  233 3  0.0031
1628  327.000  #e9e8e9  233 4  0.0000
1629  328.000  #e8e9e8  233 5  0.0031
1630  328.000  #e8e9e9  233 6  0.0000
1631  328.000  #e9e9e8  233 7  0.0000
1632  329.000  #e9e9e9  234 1  0.0030
1633  329.000  #e9e9ea  234 2  0.0000
1634  329.000  #eae9e9  234 3  0.0000
1635  330.000  #eae9ea  234 4  0.0030
1636  330.000  #e9eae9  234 5  0.0000
1637  331.000  #e9eaea  234 6  0.0030
1638  332.000  #eaeae9  234 7  0.0030
1639  332.000  #eaeaea  235 1  0.0000
1640  332.000  #eaeaeb  235 2  0.0000
1641  332.000  #ebeaea  235 3  0.0000
1642  332.000  #ebeaeb  235 4  0.0000
1643  333.000  #eaebea  235 5  0.0030
1644  333.000  #eaebeb  235 6  0.0000
1645  333.000  #ebebea  235 7  0.0000
1646  334.000  #ebebeb  236 1  0.0030
1647  334.000  #ebebec  236 2  0.0000
1648  335.000  #ecebeb  236 3  0.0030
1649  335.000  #ecebec  236 4  0.0000
1650  336.000  #ebeceb  236 5  0.0030
1651  337.000  #ebecec  236 6  0.0030
1652  337.000  #ececeb  236 7  0.0000
1653  337.000  #ececec  237 1  0.0000
1654  337.000  #ececed  237 2  0.0000
1655  337.000  #edecec  237 3  0.0000
1656  337.000  #edeced  237 4  0.0000
1657  338.000  #ecedec  237 5  0.0030
1658  339.000  #eceded  237 6  0.0030
1659  339.000  #ededec  237 7  0.0000
1660  338.000  #ededed  238 1  -0.0030
1661  339.000  #ededee  238 2  0.0030
1662  339.000  #eeeded  238 3  0.0000
1663  340.000  #eeedee  238 4  0.0029
1664  341.000  #edeeed  238 5  0.0029
1665  340.000  #edeeee  238 6  -0.0029
1666  341.000  #eeeeed  238 7  0.0029
1667  341.000  #eeeeee  239 1  0.0000
1668  342.000  #eeeeef  239 2  0.0029
1669  342.000  #efeeee  239 3  0.0000
1670  342.000  #efeeef  239 4  0.0000
1671  343.000  #eeefee  239 5  0.0029
1672  343.000  #eeefef  239 6  0.0000
1673  343.000  #efefee  239 7  0.0000
1674  344.000  #efefef  240 1  0.0029
1675  344.000  #efeff0  240 2  0.0000
1676  344.000  #f0efef  240 3  0.0000
1677  344.000  #f0eff0  240 4  0.0000
1678  345.000  #eff0ef  240 5  0.0029
1679  346.000  #eff0f0  240 6  0.0029
1680  345.000  #f0f0ef  240 7  -0.0029
1681  345.000  #f0f0f0  241 1  0.0000
1682  346.000  #f0f0f1  241 2  0.0029
1683  346.000  #f1f0f0  241 3  0.0000
1684  346.000  #f1f0f1  241 4  0.0000
1685  347.000  #f0f1f0  241 5  0.0029
1686  347.000  #f0f1f1  241 6  0.0000
1687  347.000  #f1f1f0  241 7  0.0000
1688  348.000  #f1f1f1  242 1  0.0029
1689  348.000  #f1f1f2  242 2  0.0000
1690  348.000  #f2f1f1  242 3  0.0000
1691  348.000  #f2f1f2  242 4  0.0000
1692  350.000  #f1f2f1  242 5  0.0057
1693  349.000  #f1f2f2  242 6  -0.0029
1694  350.000  #f2f2f1  242 7  0.0029
1695  350.000  #f2f2f2  243 1  0.0000
1696  350.000  #f2f2f3  243 2  0.0000
1697  351.000  #f3f2f2  243 3  0.0029
1698  350.000  #f3f2f3  243 4  -0.0029
1699  351.000  #f2f3f2  243 5  0.0029
1700  351.000  #f2f3f3  243 6  0.0000
1701  352.000  #f3f3f2  243 7  0.0028
1702  352.000  #f3f3f3  244 1  0.0000
1703  352.000  #f3f3f4  244 2  0.0000
1704  352.000  #f4f3f3  244 3  0.0000
1705  352.000  #f4f3f4  244 4  0.0000
1706  353.000  #f3f4f3  244 5  0.0028
1707  354.000  #f3f4f4  244 6  0.0028
1708  354.000  #f4f4f3  244 7  0.0000
1709  355.000  #f4f4f4  245 1  0.0028
1710  354.000  #f4f4f5  245 2  -0.0028
1711  355.000  #f5f4f4  245 3  0.0028
1712  355.000  #f5f4f5  245 4  0.0000
1713  356.000  #f4f5f4  245 5  0.0028
1714  356.000  #f4f5f5  245 6  0.0000
1715  356.000  #f5f5f4  245 7  0.0000
1716  356.000  #f5f5f5  246 1  0.0000
1717  356.000  #f5f5f6  246 2  0.0000
1718  357.000  #f6f5f5  246 3  0.0028
1719  357.000  #f6f5f6  246 4  0.0000
1720  357.000  #f5f6f5  246 5  0.0000
1721  358.000  #f5f6f6  246 6  0.0028
1722  358.000  #f6f6f5  246 7  0.0000
1723  358.000  #f6f6f6  247 1  0.0000
1724  359.000  #f6f6f7  247 2  0.0028
1725  359.000  #f7f6f6  247 3  0.0000
1726  359.000  #f7f6f7  247 4  0.0000
1727  359.000  #f6f7f6  247 5  0.0000
1728  360.000  #f6f7f7  247 6  0.0028
1729  360.000  #f7f7f6  247 7  0.0000
1730  360.000  #f7f7f7  248 1  0.0000
1731  361.000  #f7f7f8  248 2  0.0028
1732  361.000  #f8f7f7  248 3  0.0000
1733  361.000  #f8f7f8  248 4  0.0000
1734  362.000  #f7f8f7  248 5  0.0028
1735  361.000  #f7f8f8  248 6  -0.0028
1736  362.000  #f8f8f7  248 7  0.0028
1737  362.000  #f8f8f8  249 1  0.0000
1738  362.000  #f8f8f9  249 2  0.0000
1739  362.000  #f9f8f8  249 3  0.0000
1740  363.000  #f9f8f9  249 4  0.0028
1741  363.000  #f8f9f8  249 5  0.0000
1742  363.000  #f8f9f9  249 6  0.0000
1743  364.000  #f9f9f8  249 7  0.0028
1744  364.000  #f9f9f9  250 1  0.0000
1745  364.000  #f9f9fa  250 2  0.0000
1746  364.000  #faf9f9  250 3  0.0000
1747  364.000  #faf9fa  250 4  0.0000
1748  365.000  #f9faf9  250 5  0.0027
1749  365.000  #f9fafa  250 6  0.0000
1750  365.000  #fafaf9  250 7  0.0000
1751  365.000  #fafafa  251 1  0.0000
1752  365.000  #fafafb  251 2  0.0000
1753  365.000  #fbfafa  251 3  0.0000
1754  366.000  #fbfafb  251 4  0.0027
1755  366.000  #fafbfa  251 5  0.0000
1756  366.000  #fafbfb  251 6  0.0000
1757  367.000  #fbfbfa  251 7  0.0027
1758  367.000  #fbfbfb  252 1  0.0000
1759  367.000  #fbfbfc  252 2  0.0000
1760  367.000  #fcfbfb  252 3  0.0000
1761  367.000  #fcfbfc  252 4  0.0000
1762  367.000  #fbfcfb  252 5  0.0000
1763  368.000  #fbfcfc  252 6  0.0027
1764  368.000  #fcfcfb  252 7  0.0000
1765  368.000  #fcfcfc  253 1  0.0000
1766  368.000  #fcfcfd  253 2  0.0000
1767  368.000  #fdfcfc  253 3  0.0000
1768  368.000  #fdfcfd  253 4  0.0000
1769  369.000  #fcfdfc  253 5  0.0027
1770  369.000  #fcfdfd  253 6  0.0000
1771  369.000  #fdfdfc  253 7  0.0000
1772  369.000  #fdfdfd  254 1  0.0000
1773  370.000  #fdfdfe  254 2  0.0027
1774  370.000  #fefdfd  254 3  0.0000
1775  370.000  #fefdfe  254 4  0.0000
1776  371.000  #fdfefd  254 5  0.0027
1777  371.000  #fdfefe  254 6  0.0000
1778  372.000  #fefefd  254 7  0.0027
1779  371.000  #fefefe  255 1  -0.0027
1780  372.000  #fefeff  255 2  0.0027
1781  371.000  #fffefe  255 3  -0.0027
1782  371.000  #fffeff  255 4  0.0000
1783  371.000  #fefffe  255 5  0.0000
1784  371.000  #feffff  255 6  0.0000
1785  371.000  #fffffe  255 7  0.0000
1786  371.000  #ffffff  256 1  0.0000
