#  lumResponse vers. 1.6 - 01/15/07 16:18:47
#  Display ID: DELL_3007WFP_FK28569QG3WV
#  iLdelay=1  avgN=1  ILlimit_plus=0.20 ILlimit_minus=-0.05  R=23.3% G=68.2% B=8.5%
#  83.5  #ff0000
#  244.0  #00ff00
#  30.5  #0000ff
   1    0.452  #000000    1 1  0.0000
   2    0.452  #000001    1 2  0.0000
   3    0.451  #010000    1 3  -0.0022
   4    0.452  #010001    1 4  0.0022
   5    0.452  #000100    1 5  0.0000
   6    0.452  #000101    1 6  0.0000
   7    0.452  #010100    1 7  0.0000
   8    0.452  #010101    2 1  0.0000
   9    0.452  #010102    2 2  0.0000
  10    0.452  #020101    2 3  0.0000
  11    0.452  #020102    2 4  0.0000
  12    0.452  #010201    2 5  0.0000
  13    0.452  #010202    2 6  0.0000
  14    0.452  #020201    2 7  0.0000
  15    0.453  #020202    3 1  0.0022
  16    0.453  #020203    3 2  0.0000
  17    0.453  #030202    3 3  0.0000
  18    0.453  #030203    3 4  0.0000
  19    0.453  #020302    3 5  0.0000
  20    0.454  #020303    3 6  0.0022
  21    0.454  #030302    3 7  0.0000
  22    0.455  #030303    4 1  0.0022
  23    0.454  #030304    4 2  -0.0022
  24    0.455  #040303    4 3  0.0022
  25    0.455  #040304    4 4  0.0000
  26    0.455  #030403    4 5  0.0000
  27    0.455  #030404    4 6  0.0000
  28    0.456  #040403    4 7  0.0022
  29    0.457  #040404    5 1  0.0022
  30    0.457  #040405    5 2  0.0000
  31    0.457  #050404    5 3  0.0000
  32    0.457  #050405    5 4  0.0000
  33    0.459  #040504    5 5  0.0044
  34    0.459  #040505    5 6  0.0000
  35    0.460  #050504    5 7  0.0022
  36    0.460  #050505    6 1  0.0000
  37    0.460  #050506    6 2  0.0000
  38    0.462  #060505    6 3  0.0043
  39    0.462  #060506    6 4  0.0000
  40    0.464  #050605    6 5  0.0043
  41    0.464  #050606    6 6  0.0000
  42    0.465  #060605    6 7  0.0022
  43    0.466  #060606    7 1  0.0021
  44    0.467  #060607    7 2  0.0021
  45    0.468  #070606    7 3  0.0021
  46    0.468  #070607    7 4  0.0000
  47    0.472  #060706    7 5  0.0085
  48    0.473  #060707    7 6  0.0021
  49    0.474  #070706    7 7  0.0021
  50    0.475  #070707    8 1  0.0021
  51    0.475  #070708    8 2  0.0000
  52    0.477  #080707    8 3  0.0042
  53    0.479  #080708    8 4  0.0042
  54    0.482  #070807    8 5  0.0062
  55    0.483  #070808    8 6  0.0021
  56    0.486  #080807    8 7  0.0062
  57    0.486  #080808    9 1  0.0000
  58    0.488  #080809    9 2  0.0041
  59    0.490  #090808    9 3  0.0041
  60    0.491  #090809    9 4  0.0020
  61    0.497  #080908    9 5  0.0121
  62    0.497  #080909    9 6  0.0000
  63    0.500  #090908    9 7  0.0060
  64    0.501  #090909   10 1  0.0020
  65    0.503  #09090a   10 2  0.0040
  66    0.506  #0a0909   10 3  0.0059
  67    0.507  #0a090a   10 4  0.0020
  68    0.514  #090a09   10 5  0.0137
  69    0.515  #090a0a   10 6  0.0019
  70    0.518  #0a0a09   10 7  0.0058
  71    0.519  #0a0a0a   11 1  0.0019
  72    0.521  #0a0a0b   11 2  0.0038
  73    0.524  #0b0a0a   11 3  0.0057
  74    0.526  #0b0a0b   11 4  0.0038
  75    0.535  #0a0b0a   11 5  0.0170
  76    0.536  #0a0b0b   11 6  0.0019
  77    0.540  #0b0b0a   11 7  0.0074
  78    0.542  #0b0b0b   12 1  0.0037
  79    0.544  #0b0b0c   12 2  0.0037
  80    0.548  #0c0b0b   12 3  0.0073
  81    0.550  #0c0b0c   12 4  0.0036
  82    0.559  #0b0c0b   12 5  0.0162
  83    0.561  #0b0c0c   12 6  0.0036
  84    0.566  #0c0c0b   12 7  0.0089
  85    0.568  #0c0c0c   13 1  0.0035
  86    0.571  #0c0c0d   13 2  0.0053
  87    0.575  #0d0c0c   13 3  0.0070
  88    0.577  #0d0c0d   13 4  0.0035
  89    0.589  #0c0d0c   13 5  0.0206
  90    0.592  #0c0d0d   13 6  0.0051
  91    0.596  #0d0d0c   13 7  0.0067
  92    0.599  #0d0d0d   14 1  0.0050
  93    0.602  #0d0d0e   14 2  0.0050
  94    0.607  #0e0d0d   14 3  0.0083
  95    0.611  #0e0d0e   14 4  0.0066
  96    0.624  #0d0e0d   14 5  0.0211
  97    0.627  #0d0e0e   14 6  0.0048
  98    0.632  #0e0e0d   14 7  0.0079
  99    0.636  #0e0e0e   15 1  0.0063
 100    0.639  #0e0e0f   15 2  0.0047
 101    0.646  #0f0e0e   15 3  0.0109
 102    0.649  #0f0e0f   15 4  0.0046
 103    0.665  #0e0f0e   15 5  0.0244
 104    0.669  #0e0f0f   15 6  0.0060
 105    0.675  #0f0f0e   15 7  0.0089
 106    0.679  #0f0f0f   16 1  0.0059
 107    0.683  #0f0f10   16 2  0.0059
 108    0.691  #100f0f   16 3  0.0116
 109    0.696  #100f10   16 4  0.0072
 110    0.715  #0f100f   16 5  0.0269
 111    0.719  #0f1010   16 6  0.0056
 112    0.727  #10100f   16 7  0.0111
 113    0.731  #101010   17 1  0.0055
 114    0.736  #101011   17 2  0.0068
 115    0.745  #111010   17 3  0.0122
 116    0.750  #111011   17 4  0.0067
 117    0.771  #101110   17 5  0.0276
 118    0.775  #101111   17 6  0.0052
 119    0.784  #111110   17 7  0.0115
 120    0.789  #111111   18 1  0.0064
 121    0.794  #111112   18 2  0.0063
 122    0.803  #121111   18 3  0.0113
 123    0.808  #121112   18 4  0.0062
 124    0.830  #111211   18 5  0.0269
 125    0.835  #111212   18 6  0.0060
 126    0.844  #121211   18 7  0.0107
 127    0.849  #121212   19 1  0.0059
 128    0.855  #121213   19 2  0.0070
 129    0.864  #131212   19 3  0.0105
 130    0.869  #131213   19 4  0.0058
 131    0.892  #121312   19 5  0.0261
 132    0.897  #121313   19 6  0.0056
 133    0.907  #131312   19 7  0.0111
 134    0.912  #131313   20 1  0.0055
 135    0.918  #131314   20 2  0.0066
 136    0.927  #141313   20 3  0.0098
 137    0.933  #141314   20 4  0.0065
 138    0.957  #131413   20 5  0.0254
 139    0.962  #131414   20 6  0.0052
 140    0.972  #141413   20 7  0.0103
 141    0.978  #141414   21 1  0.0062
 142    0.985  #141415   21 2  0.0071
 143    0.995  #151414   21 3  0.0101
 144    0.989  #151415   21 4  -0.0060
 145    0.996  #141514   21 5  0.0071
 146    1.002  #141515   21 6  0.0060
 147    1.013  #151514   21 7  0.0109
 148    1.019  #151515   22 1  0.0059
 149    1.026  #151516   22 2  0.0068
 150    1.039  #161515   22 3  0.0126
 151    1.045  #161516   22 4  0.0058
 152    1.075  #151615   22 5  0.0283
 153    1.083  #151616   22 6  0.0074
 154    1.095  #161615   22 7  0.0110
 155    1.102  #161616   23 1  0.0064
 156    1.110  #161617   23 2  0.0072
 157    1.124  #171616   23 3  0.0125
 158    1.131  #171617   23 4  0.0062
 159    1.166  #161716   23 5  0.0305
 160    1.173  #161717   23 6  0.0060
 161    1.187  #171716   23 7  0.0119
 162    1.195  #171717   24 1  0.0067
 163    1.204  #171718   24 2  0.0075
 164    1.220  #181717   24 3  0.0132
 165    1.228  #181718   24 4  0.0065
 166    1.266  #171817   24 5  0.0305
 167    1.275  #171818   24 6  0.0071
 168    1.291  #181817   24 7  0.0125
 169    1.300  #181818   25 1  0.0069
 170    1.310  #181819   25 2  0.0077
 171    1.327  #191818   25 3  0.0129
 172    1.337  #191819   25 4  0.0075
 173    1.379  #181918   25 5  0.0309
 174    1.389  #181919   25 6  0.0072
 175    1.407  #191918   25 7  0.0129
 176    1.416  #191919   26 1  0.0064
 177    1.426  #19191a   26 2  0.0070
 178    1.445  #1a1919   26 3  0.0132
 179    1.456  #1a191a   26 4  0.0076
 180    1.502  #191a19   26 5  0.0311
 181    1.512  #191a1a   26 6  0.0066
 182    1.531  #1a1a19   26 7  0.0125
 183    1.542  #1a1a1a   27 1  0.0072
 184    1.553  #1a1a1b   27 2  0.0071
 185    1.574  #1b1a1a   27 3  0.0134
 186    1.585  #1b1a1b   27 4  0.0070
 187    1.634  #1a1b1a   27 5  0.0304
 188    1.645  #1a1b1b   27 6  0.0067
 189    1.665  #1b1b1a   27 7  0.0121
 190    1.676  #1b1b1b   28 1  0.0066
 191    1.688  #1b1b1c   28 2  0.0071
 192    1.709  #1c1b1b   28 3  0.0124
 193    1.720  #1c1b1c   28 4  0.0064
 194    1.770  #1b1c1b   28 5  0.0287
 195    1.782  #1b1c1c   28 6  0.0068
 196    1.800  #1c1c1b   28 7  0.0101
 197    1.810  #1c1c1c   29 1  0.0055
 198    1.820  #1c1c1d   29 2  0.0055
 199    1.840  #1d1c1c   29 3  0.0109
 200    1.860  #1d1c1d   29 4  0.0108
 201    1.910  #1c1d1c   29 5  0.0265
 202    1.920  #1c1d1d   29 6  0.0052
 203    1.940  #1d1d1c   29 7  0.0104
 204    1.960  #1d1d1d   30 1  0.0103
 205    1.970  #1d1d1e   30 2  0.0051
 206    1.990  #1e1d1d   30 3  0.0101
 207    2.010  #1e1d1e   30 4  0.0100
 208    2.060  #1d1e1d   30 5  0.0246
 209    2.080  #1d1e1e   30 6  0.0097
 210    2.100  #1e1e1d   30 7  0.0096
 211    2.110  #1e1e1e   31 1  0.0048
 212    2.130  #1e1e1f   31 2  0.0094
 213    2.150  #1f1e1e   31 3  0.0093
 214    2.170  #1f1e1f   31 4  0.0093
 215    2.230  #1e1f1e   31 5  0.0273
 216    2.250  #1e1f1f   31 6  0.0089
 217    2.270  #1f1f1e   31 7  0.0088
 218    2.290  #1f1f1f   32 1  0.0088
 219    2.300  #1f1f20   32 2  0.0044
 220    2.330  #201f1f   32 3  0.0130
 221    2.350  #201f20   32 4  0.0085
 222    2.420  #1f201f   32 5  0.0294
 223    2.430  #1f2020   32 6  0.0041
 224    2.460  #20201f   32 7  0.0123
 225    2.480  #202020   33 1  0.0081
 226    2.500  #202021   33 2  0.0080
 227    2.530  #212020   33 3  0.0119
 228    2.540  #212021   33 4  0.0039
 229    2.620  #202120   33 5  0.0310
 230    2.630  #202121   33 6  0.0038
 231    2.660  #212120   33 7  0.0113
 232    2.680  #212121   34 1  0.0075
 233    2.690  #212122   34 2  0.0037
 234    2.720  #222121   34 3  0.0111
 235    2.740  #222122   34 4  0.0073
 236    2.820  #212221   34 5  0.0288
 237    2.840  #212222   34 6  0.0071
 238    2.870  #222221   34 7  0.0105
 239    2.880  #222222   35 1  0.0035
 240    2.900  #222223   35 2  0.0069
 241    2.940  #232222   35 3  0.0137
 242    2.950  #232223   35 4  0.0034
 243    3.030  #222322   35 5  0.0268
 244    3.050  #222323   35 6  0.0066
 245    3.080  #232322   35 7  0.0098
 246    3.100  #232323   36 1  0.0065
 247    3.120  #232324   36 2  0.0064
 248    3.150  #242323   36 3  0.0096
 249    3.170  #242324   36 4  0.0063
 250    3.260  #232423   36 5  0.0280
 251    3.270  #232424   36 6  0.0031
 252    3.310  #242423   36 7  0.0122
 253    3.330  #242424   37 1  0.0060
 254    3.350  #242425   37 2  0.0060
 255    3.380  #252424   37 3  0.0089
 256    3.400  #252425   37 4  0.0059
 257    3.490  #242524   37 5  0.0261
 258    3.500  #242525   37 6  0.0029
 259    3.540  #252524   37 7  0.0114
 260    3.560  #252525   38 1  0.0056
 261    3.580  #252526   38 2  0.0056
 262    3.610  #262525   38 3  0.0083
 263    3.640  #262526   38 4  0.0083
 264    3.730  #252625   38 5  0.0244
 265    3.740  #252626   38 6  0.0027
 266    3.780  #262625   38 7  0.0106
 267    3.800  #262626   39 1  0.0053
 268    3.820  #262627   39 2  0.0052
 269    3.860  #272626   39 3  0.0104
 270    3.880  #272627   39 4  0.0052
 271    3.970  #262726   39 5  0.0229
 272    3.990  #262727   39 6  0.0050
 273    4.030  #272726   39 7  0.0100
 274    4.050  #272727   40 1  0.0050
 275    4.070  #272728   40 2  0.0049
 276    4.110  #282727   40 3  0.0098
 277    4.130  #282728   40 4  0.0049
 278    4.230  #272827   40 5  0.0239
 279    4.250  #272828   40 6  0.0047
 280    4.290  #282827   40 7  0.0094
 281    4.310  #282828   41 1  0.0047
 282    4.340  #282829   41 2  0.0069
 283    4.380  #292828   41 3  0.0092
 284    4.400  #292829   41 4  0.0046
 285    4.510  #282928   41 5  0.0247
 286    4.530  #282929   41 6  0.0044
 287    4.570  #292928   41 7  0.0088
 288    4.600  #292929   42 1  0.0065
 289    4.620  #29292a   42 2  0.0043
 290    4.660  #2a2929   42 3  0.0086
 291    4.690  #2a292a   42 4  0.0064
 292    4.800  #292a29   42 5  0.0232
 293    4.830  #292a2a   42 6  0.0062
 294    4.870  #2a2a29   42 7  0.0082
 295    4.890  #2a2a2a   43 1  0.0041
 296    4.920  #2a2a2b   43 2  0.0061
 297    4.960  #2b2a2a   43 3  0.0081
 298    4.990  #2b2a2b   43 4  0.0060
 299    5.110  #2a2b2a   43 5  0.0238
 300    5.140  #2a2b2b   43 6  0.0059
 301    5.180  #2b2b2a   43 7  0.0078
 302    5.210  #2b2b2b   44 1  0.0058
 303    5.230  #2b2b2c   44 2  0.0038
 304    5.280  #2c2b2b   44 3  0.0095
 305    5.310  #2c2b2c   44 4  0.0057
 306    5.430  #2b2c2b   44 5  0.0223
 307    5.460  #2b2c2c   44 6  0.0055
 308    5.510  #2c2c2b   44 7  0.0091
 309    5.540  #2c2c2c   45 1  0.0054
 310    5.560  #2c2c2d   45 2  0.0036
 311    5.610  #2d2c2c   45 3  0.0090
 312    5.640  #2d2c2d   45 4  0.0053
 313    5.770  #2c2d2c   45 5  0.0228
 314    5.800  #2c2d2d   45 6  0.0052
 315    5.850  #2d2d2c   45 7  0.0086
 316    5.880  #2d2d2d   46 1  0.0051
 317    5.910  #2d2d2e   46 2  0.0051
 318    5.960  #2e2d2d   46 3  0.0084
 319    6.000  #2e2d2e   46 4  0.0067
 320    6.130  #2d2e2d   46 5  0.0214
 321    6.160  #2d2e2e   46 6  0.0049
 322    6.220  #2e2e2d   46 7  0.0097
 323    6.250  #2e2e2e   47 1  0.0048
 324    6.280  #2e2e2f   47 2  0.0048
 325    6.340  #2f2e2e   47 3  0.0095
 326    6.370  #2f2e2f   47 4  0.0047
 327    6.510  #2e2f2e   47 5  0.0217
 328    6.540  #2e2f2f   47 6  0.0046
 329    6.600  #2f2f2e   47 7  0.0091
 330    6.630  #2f2f2f   48 1  0.0045
 331    6.660  #2f2f30   48 2  0.0045
 332    6.720  #302f2f   48 3  0.0090
 333    6.760  #302f30   48 4  0.0059
 334    6.900  #2f302f   48 5  0.0205
 335    6.940  #2f3030   48 6  0.0058
 336    6.990  #30302f   48 7  0.0072
 337    7.030  #303030   49 1  0.0057
 338    7.060  #303031   49 2  0.0043
 339    7.120  #313030   49 3  0.0085
 340    7.160  #313031   49 4  0.0056
 341    7.310  #303130   49 5  0.0207
 342    7.350  #303131   49 6  0.0055
 343    7.410  #313130   49 7  0.0081
 344    7.440  #313131   50 1  0.0040
 345    7.480  #313132   50 2  0.0054
 346    7.540  #323131   50 3  0.0080
 347    7.570  #323132   50 4  0.0040
 348    7.730  #313231   50 5  0.0209
 349    7.770  #313232   50 6  0.0052
 350    7.820  #323231   50 7  0.0064
 351    7.860  #323232   51 1  0.0051
 352    7.890  #323233   51 2  0.0038
 353    7.960  #333232   51 3  0.0088
 354    8.000  #333233   51 4  0.0050
 355    8.160  #323332   51 5  0.0198
 356    8.200  #323333   51 6  0.0049
 357    8.260  #333332   51 7  0.0073
 358    8.300  #333333   52 1  0.0048
 359    8.330  #333334   52 2  0.0036
 360    8.400  #343333   52 3  0.0084
 361    8.440  #343334   52 4  0.0048
 362    8.610  #333433   52 5  0.0199
 363    8.640  #333434   52 6  0.0035
 364    8.710  #343433   52 7  0.0081
 365    8.750  #343434   53 1  0.0046
 366    8.790  #343435   53 2  0.0046
 367    8.860  #353434   53 3  0.0079
 368    8.890  #353435   53 4  0.0034
 369    9.080  #343534   53 5  0.0211
 370    9.120  #343535   53 6  0.0044
 371    9.190  #353534   53 7  0.0076
 372    9.230  #353535   54 1  0.0043
 373    9.270  #353536   54 2  0.0043
 374    9.330  #363535   54 3  0.0065
 375    9.370  #363536   54 4  0.0043
 376    9.550  #353635   54 5  0.0190
 377    9.590  #353636   54 6  0.0042
 378    9.670  #363635   54 7  0.0083
 379    9.700  #363636   55 1  0.0031
 380    9.750  #363637   55 2  0.0051
 381    9.820  #373636   55 3  0.0072
 382    9.860  #373637   55 4  0.0041
 383   10.050  #363736   55 5  0.0191
 384   10.090  #363737   55 6  0.0040
 385   10.160  #373736   55 7  0.0069
 386   10.210  #373737   56 1  0.0049
 387   10.250  #373738   56 2  0.0039
 388   10.320  #383737   56 3  0.0068
 389   10.360  #383738   56 4  0.0039
 390   10.550  #373837   56 5  0.0182
 391   10.600  #373838   56 6  0.0047
 392   10.670  #383837   56 7  0.0066
 393   10.710  #383838   57 1  0.0037
 394   10.750  #383839   57 2  0.0037
 395   10.830  #393838   57 3  0.0074
 396   10.870  #393839   57 4  0.0037
 397   11.080  #383938   57 5  0.0191
 398   11.120  #383939   57 6  0.0036
 399   11.200  #393938   57 7  0.0072
 400   11.240  #393939   58 1  0.0036
 401   11.290  #39393a   58 2  0.0044
 402   11.370  #3a3939   58 3  0.0071
 403   11.420  #3a393a   58 4  0.0044
 404   11.630  #393a39   58 5  0.0182
 405   11.680  #393a3a   58 6  0.0043
 406   11.760  #3a3a39   58 7  0.0068
 407   11.810  #3a3a3a   59 1  0.0042
 408   11.850  #3a3a3b   59 2  0.0034
 409   11.930  #3b3a3a   59 3  0.0067
 410   11.980  #3b3a3b   59 4  0.0042
 411   12.200  #3a3b3a   59 5  0.0182
 412   12.240  #3a3b3b   59 6  0.0033
 413   12.330  #3b3b3a   59 7  0.0073
 414   12.370  #3b3b3b   60 1  0.0032
 415   12.420  #3b3b3c   60 2  0.0040
 416   12.500  #3c3b3b   60 3  0.0064
 417   12.550  #3c3b3c   60 4  0.0040
 418   12.790  #3b3c3b   60 5  0.0189
 419   12.830  #3b3c3c   60 6  0.0031
 420   12.910  #3c3c3b   60 7  0.0062
 421   12.960  #3c3c3c   61 1  0.0039
 422   13.010  #3c3c3d   61 2  0.0039
 423   13.110  #3d3c3c   61 3  0.0077
 424   13.160  #3d3c3d   61 4  0.0038
 425   13.390  #3c3d3c   61 5  0.0173
 426   13.440  #3c3d3d   61 6  0.0037
 427   13.530  #3d3d3c   61 7  0.0067
 428   13.580  #3d3d3d   62 1  0.0037
 429   13.630  #3d3d3e   62 2  0.0037
 430   13.730  #3e3d3d   62 3  0.0073
 431   13.780  #3e3d3e   62 4  0.0036
 432   14.020  #3d3e3d   62 5  0.0173
 433   14.080  #3d3e3e   62 6  0.0043
 434   14.180  #3e3e3d   62 7  0.0071
 435   14.230  #3e3e3e   63 1  0.0035
 436   14.290  #3e3e3f   63 2  0.0042
 437   14.380  #3f3e3e   63 3  0.0063
 438   14.450  #3f3e3f   63 4  0.0049
 439   14.700  #3e3f3e   63 5  0.0172
 440   14.760  #3e3f3f   63 6  0.0041
 441   14.860  #3f3f3e   63 7  0.0068
 442   14.910  #3f3f3f   64 1  0.0034
 443   14.960  #3f3f40   64 2  0.0033
 444   15.050  #403f3f   64 3  0.0060
 445   15.100  #403f40   64 4  0.0033
 446   15.340  #3f403f   64 5  0.0158
 447   15.390  #3f4040   64 6  0.0033
 448   15.490  #40403f   64 7  0.0065
 449   15.540  #404040   65 1  0.0032
 450   15.590  #404041   65 2  0.0032
 451   15.680  #414040   65 3  0.0058
 452   15.720  #414041   65 4  0.0025
 453   15.960  #404140   65 5  0.0152
 454   16.000  #404141   65 6  0.0025
 455   16.090  #414140   65 7  0.0056
 456   16.140  #414141   66 1  0.0031
 457   16.190  #414142   66 2  0.0031
 458   16.280  #424141   66 3  0.0055
 459   16.330  #424142   66 4  0.0031
 460   16.570  #414241   66 5  0.0146
 461   16.620  #414242   66 6  0.0030
 462   16.710  #424241   66 7  0.0054
 463   16.760  #424242   67 1  0.0030
 464   16.820  #424243   67 2  0.0036
 465   16.910  #434242   67 3  0.0053
 466   16.960  #434243   67 4  0.0030
 467   17.210  #424342   67 5  0.0146
 468   17.260  #424343   67 6  0.0029
 469   17.360  #434342   67 7  0.0058
 470   17.410  #434343   68 1  0.0029
 471   17.460  #434344   68 2  0.0029
 472   17.560  #444343   68 3  0.0057
 473   17.610  #444344   68 4  0.0028
 474   17.850  #434443   68 5  0.0135
 475   17.900  #434444   68 6  0.0028
 476   17.900  #444443   68 7  0.0000
 477   18.000  #444444   69 1  0.0056
 478   18.100  #444445   69 2  0.0055
 479   18.100  #454444   69 3  0.0000
 480   18.200  #454445   69 4  0.0055
 481   18.400  #444544   69 5  0.0109
 482   18.500  #444545   69 6  0.0054
 483   18.600  #454544   69 7  0.0054
 484   18.700  #454545   70 1  0.0054
 485   18.700  #454546   70 2  0.0000
 486   18.800  #464545   70 3  0.0053
 487   18.900  #464546   70 4  0.0053
 488   19.100  #454645   70 5  0.0105
 489   19.200  #454646   70 6  0.0052
 490   19.300  #464645   70 7  0.0052
 491   19.300  #464646   71 1  0.0000
 492   19.400  #464647   71 2  0.0052
 493   19.500  #474646   71 3  0.0051
 494   19.500  #474647   71 4  0.0000
 495   19.800  #464746   71 5  0.0153
 496   19.900  #464747   71 6  0.0050
 497   20.000  #474746   71 7  0.0050
 498   20.000  #474747   72 1  0.0000
 499   20.100  #474748   72 2  0.0050
 500   20.200  #484747   72 3  0.0050
 501   20.200  #484748   72 4  0.0000
 502   20.500  #474847   72 5  0.0147
 503   20.600  #474848   72 6  0.0049
 504   20.700  #484847   72 7  0.0048
 505   20.700  #484848   73 1  0.0000
 506   20.800  #484849   73 2  0.0048
 507   20.900  #494848   73 3  0.0048
 508   20.900  #494849   73 4  0.0000
 509   21.200  #484948   73 5  0.0143
 510   21.300  #484949   73 6  0.0047
 511   21.400  #494948   73 7  0.0047
 512   21.400  #494949   74 1  0.0000
 513   21.500  #49494a   74 2  0.0047
 514   21.600  #4a4949   74 3  0.0046
 515   21.600  #4a494a   74 4  0.0000
 516   21.900  #494a49   74 5  0.0138
 517   22.000  #494a4a   74 6  0.0046
 518   22.100  #4a4a49   74 7  0.0045
 519   22.200  #4a4a4a   75 1  0.0045
 520   22.200  #4a4a4b   75 2  0.0000
 521   22.300  #4b4a4a   75 3  0.0045
 522   22.400  #4b4a4b   75 4  0.0045
 523   22.700  #4a4b4a   75 5  0.0133
 524   22.700  #4a4b4b   75 6  0.0000
 525   22.800  #4b4b4a   75 7  0.0044
 526   22.900  #4b4b4b   76 1  0.0044
 527   22.900  #4b4b4c   76 2  0.0000
 528   23.000  #4c4b4b   76 3  0.0044
 529   23.100  #4c4b4c   76 4  0.0043
 530   23.400  #4b4c4b   76 5  0.0129
 531   23.500  #4b4c4c   76 6  0.0043
 532   23.600  #4c4c4b   76 7  0.0042
 533   23.600  #4c4c4c   77 1  0.0000
 534   23.700  #4c4c4d   77 2  0.0042
 535   23.800  #4d4c4c   77 3  0.0042
 536   23.900  #4d4c4d   77 4  0.0042
 537   24.200  #4c4d4c   77 5  0.0125
 538   24.200  #4c4d4d   77 6  0.0000
 539   24.300  #4d4d4c   77 7  0.0041
 540   24.400  #4d4d4d   78 1  0.0041
 541   24.500  #4d4d4e   78 2  0.0041
 542   24.600  #4e4d4d   78 3  0.0041
 543   24.600  #4e4d4e   78 4  0.0000
 544   24.900  #4d4e4d   78 5  0.0121
 545   25.000  #4d4e4e   78 6  0.0040
 546   25.100  #4e4e4d   78 7  0.0040
 547   25.200  #4e4e4e   79 1  0.0040
 548   25.200  #4e4e4f   79 2  0.0000
 549   25.400  #4f4e4e   79 3  0.0079
 550   25.400  #4f4e4f   79 4  0.0000
 551   25.700  #4e4f4e   79 5  0.0117
 552   25.800  #4e4f4f   79 6  0.0039
 553   25.900  #4f4f4e   79 7  0.0039
 554   26.000  #4f4f4f   80 1  0.0039
 555   26.000  #4f4f50   80 2  0.0000
 556   26.100  #504f4f   80 3  0.0038
 557   26.200  #504f50   80 4  0.0038
 558   26.500  #4f504f   80 5  0.0114
 559   26.600  #4f5050   80 6  0.0038
 560   26.700  #50504f   80 7  0.0038
 561   26.700  #505050   81 1  0.0000
 562   26.800  #505051   81 2  0.0037
 563   26.900  #515050   81 3  0.0037
 564   27.200  #515051   81 4  0.0111
 565   27.500  #505150   81 5  0.0110
 566   27.600  #505151   81 6  0.0036
 567   27.700  #515150   81 7  0.0036
 568   27.800  #515151   82 1  0.0036
 569   27.900  #515152   82 2  0.0036
 570   28.100  #525151   82 3  0.0071
 571   28.200  #525152   82 4  0.0036
 572   28.400  #515251   82 5  0.0071
 573   28.600  #515252   82 6  0.0070
 574   28.600  #525251   82 7  0.0000
 575   28.800  #525252   83 1  0.0070
 576   28.800  #525253   83 2  0.0000
 577   28.900  #535252   83 3  0.0035
 578   29.100  #535253   83 4  0.0069
 579   29.400  #525352   83 5  0.0103
 580   29.500  #525353   83 6  0.0034
 581   29.600  #535352   83 7  0.0034
 582   29.600  #535353   84 1  0.0000
 583   29.700  #535354   84 2  0.0034
 584   29.900  #545353   84 3  0.0067
 585   30.000  #545354   84 4  0.0033
 586   30.300  #535453   84 5  0.0100
 587   30.400  #535454   84 6  0.0033
 588   30.500  #545453   84 7  0.0033
 589   30.600  #545454   85 1  0.0033
 590   30.700  #545455   85 2  0.0033
 591   30.800  #555454   85 3  0.0033
 592   30.800  #555455   85 4  0.0000
 593   31.200  #545554   85 5  0.0129
 594   31.300  #545555   85 6  0.0032
 595   31.400  #555554   85 7  0.0032
 596   31.500  #555555   86 1  0.0032
 597   31.600  #555556   86 2  0.0032
 598   31.700  #565555   86 3  0.0032
 599   31.800  #565556   86 4  0.0031
 600   32.100  #555655   86 5  0.0094
 601   32.200  #555656   86 6  0.0031
 602   32.400  #565655   86 7  0.0062
 603   32.500  #565656   87 1  0.0031
 604   32.500  #565657   87 2  0.0000
 605   32.700  #575656   87 3  0.0061
 606   32.700  #575657   87 4  0.0000
 607   33.100  #565756   87 5  0.0122
 608   33.200  #565757   87 6  0.0030
 609   33.300  #575756   87 7  0.0030
 610   33.300  #575757   88 1  0.0000
 611   33.400  #575758   88 2  0.0030
 612   33.600  #585757   88 3  0.0060
 613   33.700  #585758   88 4  0.0030
 614   34.000  #575857   88 5  0.0089
 615   34.100  #575858   88 6  0.0029
 616   34.200  #585857   88 7  0.0029
 617   34.300  #585858   89 1  0.0029
 618   34.400  #585859   89 2  0.0029
 619   34.600  #595858   89 3  0.0058
 620   34.600  #595859   89 4  0.0000
 621   35.000  #585958   89 5  0.0115
 622   35.100  #585959   89 6  0.0029
 623   35.200  #595958   89 7  0.0028
 624   35.300  #595959   90 1  0.0028
 625   35.400  #59595a   90 2  0.0028
 626   35.400  #5a5959   90 3  0.0000
 627   35.500  #5a595a   90 4  0.0028
 628   35.900  #595a59   90 5  0.0112
 629   36.100  #595a5a   90 6  0.0056
 630   36.100  #5a5a59   90 7  0.0000
 631   36.200  #5a5a5a   91 1  0.0028
 632   36.400  #5a5a5b   91 2  0.0055
 633   36.400  #5b5a5a   91 3  0.0000
 634   36.600  #5b5a5b   91 4  0.0055
 635   36.900  #5a5b5a   91 5  0.0082
 636   37.000  #5a5b5b   91 6  0.0027
 637   37.100  #5b5b5a   91 7  0.0027
 638   37.200  #5b5b5b   92 1  0.0027
 639   37.300  #5b5b5c   92 2  0.0027
 640   37.400  #5c5b5b   92 3  0.0027
 641   37.500  #5c5b5c   92 4  0.0027
 642   37.800  #5b5c5b   92 5  0.0080
 643   37.900  #5b5c5c   92 6  0.0026
 644   38.200  #5c5c5b   92 7  0.0079
 645   38.200  #5c5c5c   93 1  0.0000
 646   38.300  #5c5c5d   93 2  0.0026
 647   38.500  #5d5c5c   93 3  0.0052
 648   38.500  #5d5c5d   93 4  0.0000
 649   38.900  #5c5d5c   93 5  0.0103
 650   39.000  #5c5d5d   93 6  0.0026
 651   39.200  #5d5d5c   93 7  0.0051
 652   39.100  #5d5d5d   94 1  -0.0026
 653   39.300  #5d5d5e   94 2  0.0051
 654   39.400  #5e5d5d   94 3  0.0025
 655   39.500  #5e5d5e   94 4  0.0025
 656   39.900  #5d5e5d   94 5  0.0101
 657   40.000  #5d5e5e   94 6  0.0025
 658   40.100  #5e5e5d   94 7  0.0025
 659   40.200  #5e5e5e   95 1  0.0025
 660   40.300  #5e5e5f   95 2  0.0025
 661   40.400  #5f5e5e   95 3  0.0025
 662   40.600  #5f5e5f   95 4  0.0049
 663   40.900  #5e5f5e   95 5  0.0074
 664   41.000  #5e5f5f   95 6  0.0024
 665   41.100  #5f5f5e   95 7  0.0024
 666   41.200  #5f5f5f   96 1  0.0024
 667   41.300  #5f5f60   96 2  0.0024
 668   41.400  #605f5f   96 3  0.0024
 669   41.500  #605f60   96 4  0.0024
 670   42.000  #5f605f   96 5  0.0120
 671   42.100  #5f6060   96 6  0.0024
 672   42.200  #60605f   96 7  0.0024
 673   42.200  #606060   97 1  0.0000
 674   42.300  #606061   97 2  0.0024
 675   42.400  #616060   97 3  0.0024
 676   42.600  #616061   97 4  0.0047
 677   43.000  #606160   97 5  0.0093
 678   43.100  #606161   97 6  0.0023
 679   43.200  #616160   97 7  0.0023
 680   43.200  #616161   98 1  0.0000
 681   43.400  #616162   98 2  0.0046
 682   43.500  #626161   98 3  0.0023
 683   43.600  #626162   98 4  0.0023
 684   43.900  #616261   98 5  0.0069
 685   44.000  #616262   98 6  0.0023
 686   44.200  #626261   98 7  0.0045
 687   44.300  #626262   99 1  0.0023
 688   44.400  #626263   99 2  0.0023
 689   44.500  #636262   99 3  0.0022
 690   44.700  #636263   99 4  0.0045
 691   45.000  #626362   99 5  0.0067
 692   45.200  #626363   99 6  0.0044
 693   45.200  #636362   99 7  0.0000
 694   45.400  #636363  100 1  0.0044
 695   45.400  #636364  100 2  0.0000
 696   45.600  #646363  100 3  0.0044
 697   45.700  #646364  100 4  0.0022
 698   46.100  #636463  100 5  0.0087
 699   46.200  #636464  100 6  0.0022
 700   46.200  #646463  100 7  0.0000
 701   46.400  #646464  101 1  0.0043
 702   46.400  #646465  101 2  0.0000
 703   46.700  #656464  101 3  0.0064
 704   46.700  #656465  101 4  0.0000
 705   47.100  #646564  101 5  0.0085
 706   47.200  #646565  101 6  0.0021
 707   47.300  #656564  101 7  0.0021
 708   47.400  #656565  102 1  0.0021
 709   47.600  #656566  102 2  0.0042
 710   47.600  #666565  102 3  0.0000
 711   47.800  #666566  102 4  0.0042
 712   48.200  #656665  102 5  0.0083
 713   48.400  #656666  102 6  0.0041
 714   48.400  #666665  102 7  0.0000
 715   48.600  #666666  103 1  0.0041
 716   48.700  #666667  103 2  0.0021
 717   48.900  #676666  103 3  0.0041
 718   48.800  #676667  103 4  -0.0020
 719   49.300  #666766  103 5  0.0102
 720   49.400  #666767  103 6  0.0020
 721   49.600  #676766  103 7  0.0040
 722   49.700  #676767  104 1  0.0020
 723   49.700  #676768  104 2  0.0000
 724   49.900  #686767  104 3  0.0040
 725   49.900  #686768  104 4  0.0000
 726   50.400  #676867  104 5  0.0100
 727   50.400  #676868  104 6  0.0000
 728   50.600  #686867  104 7  0.0040
 729   50.600  #686868  105 1  0.0000
 730   50.800  #686869  105 2  0.0039
 731   51.000  #696868  105 3  0.0039
 732   51.100  #696869  105 4  0.0020
 733   51.300  #686968  105 5  0.0039
 734   51.500  #686969  105 6  0.0039
 735   51.600  #696968  105 7  0.0019
 736   51.800  #696969  106 1  0.0039
 737   51.900  #69696a  106 2  0.0019
 738   52.100  #6a6969  106 3  0.0038
 739   52.100  #6a696a  106 4  0.0000
 740   52.500  #696a69  106 5  0.0076
 741   52.500  #696a6a  106 6  0.0000
 742   52.700  #6a6a69  106 7  0.0038
 743   52.900  #6a6a6a  107 1  0.0038
 744   52.900  #6a6a6b  107 2  0.0000
 745   53.100  #6b6a6a  107 3  0.0038
 746   53.300  #6b6a6b  107 4  0.0038
 747   53.700  #6a6b6a  107 5  0.0075
 748   53.600  #6a6b6b  107 6  -0.0019
 749   53.900  #6b6b6a  107 7  0.0056
 750   54.000  #6b6b6b  108 1  0.0019
 751   54.100  #6b6b6c  108 2  0.0019
 752   54.300  #6c6b6b  108 3  0.0037
 753   54.300  #6c6b6c  108 4  0.0000
 754   54.600  #6b6c6b  108 5  0.0055
 755   54.800  #6b6c6c  108 6  0.0037
 756   54.900  #6c6c6b  108 7  0.0018
 757   55.000  #6c6c6c  109 1  0.0018
 758   55.200  #6c6c6d  109 2  0.0036
 759   55.300  #6d6c6c  109 3  0.0018
 760   55.400  #6d6c6d  109 4  0.0018
 761   55.800  #6c6d6c  109 5  0.0072
 762   55.900  #6c6d6d  109 6  0.0018
 763   56.100  #6d6d6c  109 7  0.0036
 764   56.200  #6d6d6d  110 1  0.0018
 765   56.100  #6d6d6e  110 2  -0.0018
 766   56.400  #6e6d6d  110 3  0.0053
 767   56.500  #6e6d6e  110 4  0.0018
 768   56.900  #6d6e6d  110 5  0.0071
 769   57.000  #6d6e6e  110 6  0.0018
 770   57.000  #6e6e6d  110 7  0.0000
 771   57.100  #6e6e6e  111 1  0.0018
 772   57.300  #6e6e6f  111 2  0.0035
 773   57.500  #6f6e6e  111 3  0.0035
 774   57.600  #6f6e6f  111 4  0.0017
 775   57.900  #6e6f6e  111 5  0.0052
 776   57.900  #6e6f6f  111 6  0.0000
 777   58.300  #6f6f6e  111 7  0.0069
 778   58.400  #6f6f6f  112 1  0.0017
 779   58.500  #6f6f70  112 2  0.0017
 780   58.600  #706f6f  112 3  0.0017
 781   58.700  #706f70  112 4  0.0017
 782   59.100  #6f706f  112 5  0.0068
 783   59.300  #6f7070  112 6  0.0034
 784   59.300  #70706f  112 7  0.0000
 785   59.500  #707070  113 1  0.0034
 786   59.600  #707071  113 2  0.0017
 787   59.800  #717070  113 3  0.0034
 788   59.800  #717071  113 4  0.0000
 789   60.100  #707170  113 5  0.0050
 790   60.300  #707171  113 6  0.0033
 791   60.500  #717170  113 7  0.0033
 792   60.600  #717171  114 1  0.0017
 793   60.700  #717172  114 2  0.0016
 794   60.900  #727171  114 3  0.0033
 795   61.000  #727172  114 4  0.0016
 796   61.300  #717271  114 5  0.0049
 797   61.400  #717272  114 6  0.0016
 798   61.500  #727271  114 7  0.0016
 799   61.500  #727272  115 1  0.0000
 800   61.700  #727273  115 2  0.0032
 801   61.900  #737272  115 3  0.0032
 802   61.900  #737273  115 4  0.0000
 803   62.300  #727372  115 5  0.0064
 804   62.400  #727373  115 6  0.0016
 805   62.600  #737372  115 7  0.0032
 806   62.700  #737373  116 1  0.0016
 807   62.800  #737374  116 2  0.0016
 808   63.000  #747373  116 3  0.0032
 809   63.000  #747374  116 4  0.0000
 810   63.400  #737473  116 5  0.0063
 811   63.600  #737474  116 6  0.0031
 812   63.700  #747473  116 7  0.0016
 813   63.800  #747474  117 1  0.0016
 814   63.800  #747475  117 2  0.0000
 815   64.000  #757474  117 3  0.0031
 816   64.200  #757475  117 4  0.0031
 817   64.500  #747574  117 5  0.0047
 818   64.600  #747575  117 6  0.0015
 819   64.800  #757574  117 7  0.0031
 820   64.900  #757575  118 1  0.0015
 821   65.000  #757576  118 2  0.0015
 822   65.100  #767575  118 3  0.0015
 823   65.200  #767576  118 4  0.0015
 824   65.700  #757675  118 5  0.0076
 825   65.700  #757676  118 6  0.0000
 826   65.900  #767675  118 7  0.0030
 827   66.000  #767676  119 1  0.0015
 828   66.100  #767677  119 2  0.0015
 829   66.200  #777676  119 3  0.0015
 830   66.400  #777677  119 4  0.0030
 831   66.800  #767776  119 5  0.0060
 832   66.900  #767777  119 6  0.0015
 833   67.000  #777776  119 7  0.0015
 834   67.100  #777777  120 1  0.0015
 835   67.200  #777778  120 2  0.0015
 836   67.400  #787777  120 3  0.0030
 837   67.400  #787778  120 4  0.0000
 838   67.900  #777877  120 5  0.0074
 839   67.900  #777878  120 6  0.0000
 840   68.100  #787877  120 7  0.0029
 841   68.200  #787878  121 1  0.0015
 842   68.300  #787879  121 2  0.0015
 843   68.400  #797878  121 3  0.0015
 844   68.600  #797879  121 4  0.0029
 845   69.000  #787978  121 5  0.0058
 846   69.000  #787979  121 6  0.0000
 847   69.200  #797978  121 7  0.0029
 848   69.300  #797979  122 1  0.0014
 849   69.400  #79797a  122 2  0.0014
 850   69.600  #7a7979  122 3  0.0029
 851   69.700  #7a797a  122 4  0.0014
 852   70.100  #797a79  122 5  0.0057
 853   70.200  #797a7a  122 6  0.0014
 854   70.300  #7a7a79  122 7  0.0014
 855   70.400  #7a7a7a  123 1  0.0014
 856   70.500  #7a7a7b  123 2  0.0014
 857   70.700  #7b7a7a  123 3  0.0028
 858   70.800  #7b7a7b  123 4  0.0014
 859   71.200  #7a7b7a  123 5  0.0056
 860   71.300  #7a7b7b  123 6  0.0014
 861   71.400  #7b7b7a  123 7  0.0014
 862   71.500  #7b7b7b  124 1  0.0014
 863   71.600  #7b7b7c  124 2  0.0014
 864   71.800  #7c7b7b  124 3  0.0028
 865   71.900  #7c7b7c  124 4  0.0014
 866   72.300  #7b7c7b  124 5  0.0055
 867   72.400  #7b7c7c  124 6  0.0014
 868   72.600  #7c7c7b  124 7  0.0028
 869   72.700  #7c7c7c  125 1  0.0014
 870   72.800  #7c7c7d  125 2  0.0014
 871   72.900  #7d7c7c  125 3  0.0014
 872   73.000  #7d7c7d  125 4  0.0014
 873   73.300  #7c7d7c  125 5  0.0041
 874   73.500  #7c7d7d  125 6  0.0027
 875   73.700  #7d7d7c  125 7  0.0027
 876   73.800  #7d7d7d  126 1  0.0014
 877   73.800  #7d7d7e  126 2  0.0000
 878   74.100  #7e7d7d  126 3  0.0041
 879   74.200  #7e7d7e  126 4  0.0013
 880   74.600  #7d7e7d  126 5  0.0054
 881   74.700  #7d7e7e  126 6  0.0013
 882   74.900  #7e7e7d  126 7  0.0027
 883   75.000  #7e7e7e  127 1  0.0013
 884   75.100  #7e7e7f  127 2  0.0013
 885   75.400  #7f7e7e  127 3  0.0040
 886   75.500  #7f7e7f  127 4  0.0013
 887   75.900  #7e7f7e  127 5  0.0053
 888   76.000  #7e7f7f  127 6  0.0013
 889   76.200  #7f7f7e  127 7  0.0026
 890   76.300  #7f7f7f  128 1  0.0013
 891   76.500  #7f7f80  128 2  0.0026
 892   76.700  #807f7f  128 3  0.0026
 893   76.900  #807f80  128 4  0.0026
 894   77.400  #7f807f  128 5  0.0065
 895   77.700  #7f8080  128 6  0.0039
 896   77.900  #80807f  128 7  0.0026
 897   78.000  #808080  129 1  0.0013
 898   78.200  #808081  129 2  0.0026
 899   78.400  #818080  129 3  0.0026
 900   78.600  #818081  129 4  0.0025
 901   79.100  #808180  129 5  0.0063
 902   79.200  #808181  129 6  0.0013
 903   79.500  #818180  129 7  0.0038
 904   79.700  #818181  130 1  0.0025
 905   79.800  #818182  130 2  0.0013
 906   80.100  #828181  130 3  0.0038
 907   80.100  #828182  130 4  0.0000
 908   80.800  #818281  130 5  0.0087
 909   80.900  #818282  130 6  0.0012
 910   81.200  #828281  130 7  0.0037
 911   81.300  #828282  131 1  0.0012
 912   81.500  #828283  131 2  0.0025
 913   81.700  #838282  131 3  0.0025
 914   81.800  #838283  131 4  0.0012
 915   82.400  #828382  131 5  0.0073
 916   82.600  #828383  131 6  0.0024
 917   82.800  #838382  131 7  0.0024
 918   83.000  #838383  132 1  0.0024
 919   83.200  #838384  132 2  0.0024
 920   83.400  #848383  132 3  0.0024
 921   83.600  #848384  132 4  0.0024
 922   84.200  #838483  132 5  0.0072
 923   84.300  #838484  132 6  0.0012
 924   84.500  #848483  132 7  0.0024
 925   84.600  #848484  133 1  0.0012
 926   84.800  #848485  133 2  0.0024
 927   85.000  #858484  133 3  0.0024
 928   85.100  #858485  133 4  0.0012
 929   85.700  #848584  133 5  0.0070
 930   85.800  #848585  133 6  0.0012
 931   86.100  #858584  133 7  0.0035
 932   86.200  #858585  134 1  0.0012
 933   86.400  #858586  134 2  0.0023
 934   86.600  #868585  134 3  0.0023
 935   86.800  #868586  134 4  0.0023
 936   87.400  #858685  134 5  0.0069
 937   87.500  #858686  134 6  0.0011
 938   87.800  #868685  134 7  0.0034
 939   87.900  #868686  135 1  0.0011
 940   88.100  #868687  135 2  0.0023
 941   88.200  #878686  135 3  0.0011
 942   88.400  #878687  135 4  0.0023
 943   89.000  #868786  135 5  0.0068
 944   89.200  #868787  135 6  0.0022
 945   89.300  #878786  135 7  0.0011
 946   89.600  #878787  136 1  0.0034
 947   89.700  #878788  136 2  0.0011
 948   90.000  #888787  136 3  0.0033
 949   90.100  #888788  136 4  0.0011
 950   90.700  #878887  136 5  0.0066
 951   90.800  #878888  136 6  0.0011
 952   91.100  #888887  136 7  0.0033
 953   91.200  #888888  137 1  0.0011
 954   91.500  #888889  137 2  0.0033
 955   91.600  #898888  137 3  0.0011
 956   91.700  #898889  137 4  0.0011
 957   92.500  #888988  137 5  0.0087
 958   92.600  #888989  137 6  0.0011
 959   92.800  #898988  137 7  0.0022
 960   92.900  #898989  138 1  0.0011
 961   93.100  #89898a  138 2  0.0022
 962   93.300  #8a8989  138 3  0.0021
 963   93.300  #8a898a  138 4  0.0000
 964   94.000  #898a89  138 5  0.0075
 965   94.100  #898a8a  138 6  0.0011
 966   94.500  #8a8a89  138 7  0.0042
 967   94.600  #8a8a8a  139 1  0.0011
 968   94.800  #8a8a8b  139 2  0.0021
 969   95.000  #8b8a8a  139 3  0.0021
 970   95.300  #8b8a8b  139 4  0.0032
 971   95.700  #8a8b8a  139 5  0.0042
 972   95.900  #8a8b8b  139 6  0.0021
 973   96.000  #8b8b8a  139 7  0.0010
 974   96.400  #8b8b8b  140 1  0.0042
 975   96.500  #8b8b8c  140 2  0.0010
 976   96.900  #8c8b8b  140 3  0.0041
 977   96.900  #8c8b8c  140 4  0.0000
 978   97.400  #8b8c8b  140 5  0.0051
 979   97.600  #8b8c8c  140 6  0.0021
 980   98.000  #8c8c8b  140 7  0.0041
 981   98.100  #8c8c8c  141 1  0.0010
 982   98.200  #8c8c8d  141 2  0.0010
 983   98.500  #8d8c8c  141 3  0.0031
 984   98.700  #8d8c8d  141 4  0.0020
 985   99.300  #8c8d8c  141 5  0.0061
 986   99.400  #8c8d8d  141 6  0.0010
 987   99.600  #8d8d8c  141 7  0.0020
 988   99.900  #8d8d8d  142 1  0.0030
 989  100.000  #8d8d8e  142 2  0.0010
 990  100.300  #8e8d8d  142 3  0.0030
 991  100.400  #8e8d8e  142 4  0.0010
 992  101.100  #8d8e8d  142 5  0.0069
 993  101.300  #8d8e8e  142 6  0.0020
 994  101.400  #8e8e8d  142 7  0.0010
 995  101.700  #8e8e8e  143 1  0.0030
 996  101.900  #8e8e8f  143 2  0.0020
 997  102.000  #8f8e8e  143 3  0.0010
 998  102.200  #8f8e8f  143 4  0.0020
 999  102.900  #8e8f8e  143 5  0.0068
1000  103.100  #8e8f8f  143 6  0.0019
1001  103.300  #8f8f8e  143 7  0.0019
1002  103.500  #8f8f8f  144 1  0.0019
1003  103.500  #8f8f90  144 2  0.0000
1004  103.800  #908f8f  144 3  0.0029
1005  104.100  #908f90  144 4  0.0029
1006  104.800  #8f908f  144 5  0.0067
1007  104.800  #8f9090  144 6  0.0000
1008  105.000  #90908f  144 7  0.0019
1009  105.500  #909090  145 1  0.0048
1010  105.500  #909091  145 2  0.0000
1011  105.700  #919090  145 3  0.0019
1012  105.900  #919091  145 4  0.0019
1013  106.600  #909190  145 5  0.0066
1014  106.800  #909191  145 6  0.0019
1015  107.000  #919190  145 7  0.0019
1016  107.300  #919191  146 1  0.0028
1017  107.500  #919192  146 2  0.0019
1018  107.600  #929191  146 3  0.0009
1019  107.900  #929192  146 4  0.0028
1020  108.300  #919291  146 5  0.0037
1021  108.700  #919292  146 6  0.0037
1022  108.900  #929291  146 7  0.0018
1023  109.000  #929292  147 1  0.0009
1024  109.100  #929293  147 2  0.0009
1025  109.500  #939292  147 3  0.0037
1026  109.700  #939293  147 4  0.0018
1027  110.500  #929392  147 5  0.0073
1028  110.500  #929393  147 6  0.0000
1029  110.800  #939392  147 7  0.0027
1030  111.000  #939393  148 1  0.0018
1031  111.100  #939394  148 2  0.0009
1032  111.500  #949393  148 3  0.0036
1033  111.500  #949394  148 4  0.0000
1034  112.300  #939493  148 5  0.0071
1035  112.400  #939494  148 6  0.0009
1036  112.600  #949493  148 7  0.0018
1037  112.700  #949494  149 1  0.0009
1038  113.200  #949495  149 2  0.0044
1039  113.200  #959494  149 3  0.0000
1040  113.400  #959495  149 4  0.0018
1041  114.000  #949594  149 5  0.0053
1042  114.500  #949595  149 6  0.0044
1043  114.500  #959594  149 7  0.0000
1044  114.700  #959595  150 1  0.0017
1045  115.000  #959596  150 2  0.0026
1046  115.200  #969595  150 3  0.0017
1047  115.400  #969596  150 4  0.0017
1048  116.100  #959695  150 5  0.0060
1049  116.400  #959696  150 6  0.0026
1050  116.700  #969695  150 7  0.0026
1051  116.800  #969696  151 1  0.0009
1052  116.700  #969697  151 2  -0.0009
1053  117.100  #979696  151 3  0.0034
1054  117.500  #979697  151 4  0.0034
1055  118.000  #969796  151 5  0.0042
1056  118.100  #969797  151 6  0.0008
1057  118.700  #979796  151 7  0.0051
1058  118.800  #979797  152 1  0.0008
1059  118.900  #979798  152 2  0.0008
1060  119.200  #989797  152 3  0.0025
1061  119.400  #989798  152 4  0.0017
1062  120.000  #979897  152 5  0.0050
1063  120.200  #979898  152 6  0.0017
1064  120.400  #989897  152 7  0.0017
1065  120.700  #989898  153 1  0.0025
1066  120.600  #989899  153 2  -0.0008
1067  121.200  #999898  153 3  0.0050
1068  121.200  #999899  153 4  0.0000
1069  122.000  #989998  153 5  0.0066
1070  122.200  #989999  153 6  0.0016
1071  122.600  #999998  153 7  0.0033
1072  122.700  #999999  154 1  0.0008
1073  122.900  #99999a  154 2  0.0016
1074  123.200  #9a9999  154 3  0.0024
1075  123.000  #9a999a  154 4  -0.0016
1076  124.000  #999a99  154 5  0.0081
1077  124.000  #999a9a  154 6  0.0000
1078  124.500  #9a9a99  154 7  0.0040
1079  124.400  #9a9a9a  155 1  -0.0008
1080  124.900  #9a9a9b  155 2  0.0040
1081  125.000  #9b9a9a  155 3  0.0008
1082  125.300  #9b9a9b  155 4  0.0024
1083  126.000  #9a9b9a  155 5  0.0056
1084  126.200  #9a9b9b  155 6  0.0016
1085  126.500  #9b9b9a  155 7  0.0024
1086  126.700  #9b9b9b  156 1  0.0016
1087  126.900  #9b9b9c  156 2  0.0016
1088  127.200  #9c9b9b  156 3  0.0024
1089  127.500  #9c9b9c  156 4  0.0024
1090  128.100  #9b9c9b  156 5  0.0047
1091  128.300  #9b9c9c  156 6  0.0016
1092  128.600  #9c9c9b  156 7  0.0023
1093  128.700  #9c9c9c  157 1  0.0008
1094  128.900  #9c9c9d  157 2  0.0016
1095  128.900  #9d9c9c  157 3  0.0000
1096  129.300  #9d9c9d  157 4  0.0031
1097  130.000  #9c9d9c  157 5  0.0054
1098  130.300  #9c9d9d  157 6  0.0023
1099  130.600  #9d9d9c  157 7  0.0023
1100  130.600  #9d9d9d  158 1  0.0000
1101  131.000  #9d9d9e  158 2  0.0031
1102  131.300  #9e9d9d  158 3  0.0023
1103  131.400  #9e9d9e  158 4  0.0008
1104  131.900  #9d9e9d  158 5  0.0038
1105  132.300  #9d9e9e  158 6  0.0030
1106  132.600  #9e9e9d  158 7  0.0023
1107  132.600  #9e9e9e  159 1  0.0000
1108  132.800  #9e9e9f  159 2  0.0015
1109  133.000  #9f9e9e  159 3  0.0015
1110  133.400  #9f9e9f  159 4  0.0030
1111  133.900  #9e9f9e  159 5  0.0037
1112  134.200  #9e9f9f  159 6  0.0022
1113  134.600  #9f9f9e  159 7  0.0030
1114  134.800  #9f9f9f  160 1  0.0015
1115  134.900  #9f9fa0  160 2  0.0007
1116  135.200  #a09f9f  160 3  0.0022
1117  135.200  #a09fa0  160 4  0.0000
1118  136.200  #9fa09f  160 5  0.0074
1119  136.200  #9fa0a0  160 6  0.0000
1120  136.700  #a0a09f  160 7  0.0037
1121  136.700  #a0a0a0  161 1  0.0000
1122  137.100  #a0a0a1  161 2  0.0029
1123  137.300  #a1a0a0  161 3  0.0015
1124  137.600  #a1a0a1  161 4  0.0022
1125  138.300  #a0a1a0  161 5  0.0051
1126  138.600  #a0a1a1  161 6  0.0022
1127  138.600  #a1a1a0  161 7  0.0000
1128  138.800  #a1a1a1  162 1  0.0014
1129  139.100  #a1a1a2  162 2  0.0022
1130  139.300  #a2a1a1  162 3  0.0014
1131  139.600  #a2a1a2  162 4  0.0022
1132  140.200  #a1a2a1  162 5  0.0043
1133  140.500  #a1a2a2  162 6  0.0021
1134  140.700  #a2a2a1  162 7  0.0014
1135  141.000  #a2a2a2  163 1  0.0021
1136  141.300  #a2a2a3  163 2  0.0021
1137  141.400  #a3a2a2  163 3  0.0007
1138  141.500  #a3a2a3  163 4  0.0007
1139  142.500  #a2a3a2  163 5  0.0070
1140  142.500  #a2a3a3  163 6  0.0000
1141  142.700  #a3a3a2  163 7  0.0014
1142  142.900  #a3a3a3  164 1  0.0014
1143  143.200  #a3a3a4  164 2  0.0021
1144  143.600  #a4a3a3  164 3  0.0028
1145  143.700  #a4a3a4  164 4  0.0007
1146  144.500  #a3a4a3  164 5  0.0056
1147  144.500  #a3a4a4  164 6  0.0000
1148  144.800  #a4a4a3  164 7  0.0021
1149  145.200  #a4a4a4  165 1  0.0028
1150  145.400  #a4a4a5  165 2  0.0014
1151  145.500  #a5a4a4  165 3  0.0007
1152  145.600  #a5a4a5  165 4  0.0007
1153  146.600  #a4a5a4  165 5  0.0068
1154  146.700  #a4a5a5  165 6  0.0007
1155  147.100  #a5a5a4  165 7  0.0027
1156  147.300  #a5a5a5  166 1  0.0014
1157  147.500  #a5a5a6  166 2  0.0014
1158  147.800  #a6a5a5  166 3  0.0020
1159  147.900  #a6a5a6  166 4  0.0007
1160  148.700  #a5a6a5  166 5  0.0054
1161  148.700  #a5a6a6  166 6  0.0000
1162  149.100  #a6a6a5  166 7  0.0027
1163  149.300  #a6a6a6  167 1  0.0013
1164  149.600  #a6a6a7  167 2  0.0020
1165  149.800  #a7a6a6  167 3  0.0013
1166  150.000  #a7a6a7  167 4  0.0013
1167  150.800  #a6a7a6  167 5  0.0053
1168  150.900  #a6a7a7  167 6  0.0007
1169  151.300  #a7a7a6  167 7  0.0026
1170  151.500  #a7a7a7  168 1  0.0013
1171  151.700  #a7a7a8  168 2  0.0013
1172  152.000  #a8a7a7  168 3  0.0020
1173  152.200  #a8a7a8  168 4  0.0013
1174  152.800  #a7a8a7  168 5  0.0039
1175  153.100  #a7a8a8  168 6  0.0020
1176  153.300  #a8a8a7  168 7  0.0013
1177  153.500  #a8a8a8  169 1  0.0013
1178  153.800  #a8a8a9  169 2  0.0020
1179  154.000  #a9a8a8  169 3  0.0013
1180  154.300  #a9a8a9  169 4  0.0019
1181  155.000  #a8a9a8  169 5  0.0045
1182  155.200  #a8a9a9  169 6  0.0013
1183  155.400  #a9a9a8  169 7  0.0013
1184  155.600  #a9a9a9  170 1  0.0013
1185  155.800  #a9a9aa  170 2  0.0013
1186  156.100  #aaa9a9  170 3  0.0019
1187  156.300  #aaa9aa  170 4  0.0013
1188  157.100  #a9aaa9  170 5  0.0051
1189  157.400  #a9aaaa  170 6  0.0019
1190  157.700  #aaaaa9  170 7  0.0019
1191  157.800  #aaaaaa  171 1  0.0006
1192  158.000  #aaaaab  171 2  0.0013
1193  158.300  #abaaaa  171 3  0.0019
1194  158.400  #abaaab  171 4  0.0006
1195  159.300  #aaabaa  171 5  0.0057
1196  159.500  #aaabab  171 6  0.0013
1197  159.900  #ababaa  171 7  0.0025
1198  160.100  #ababab  172 1  0.0012
1199  160.100  #ababac  172 2  0.0000
1200  160.500  #acabab  172 3  0.0025
1201  160.700  #acabac  172 4  0.0012
1202  161.500  #abacab  172 5  0.0050
1203  161.600  #abacac  172 6  0.0006
1204  162.000  #acacab  172 7  0.0025
1205  162.100  #acacac  173 1  0.0006
1206  162.200  #acacad  173 2  0.0006
1207  162.700  #adacac  173 3  0.0031
1208  162.700  #adacad  173 4  0.0000
1209  163.500  #acadac  173 5  0.0049
1210  163.900  #acadad  173 6  0.0024
1211  164.300  #adadac  173 7  0.0024
1212  164.600  #adadad  174 1  0.0018
1213  164.400  #adadae  174 2  -0.0012
1214  164.900  #aeadad  174 3  0.0030
1215  164.800  #aeadae  174 4  -0.0006
1216  165.900  #adaead  174 5  0.0067
1217  166.100  #adaeae  174 6  0.0012
1218  166.200  #aeaead  174 7  0.0006
1219  166.600  #aeaeae  175 1  0.0024
1220  166.600  #aeaeaf  175 2  0.0000
1221  167.000  #afaeae  175 3  0.0024
1222  167.000  #afaeaf  175 4  0.0000
1223  167.800  #aeafae  175 5  0.0048
1224  168.100  #aeafaf  175 6  0.0018
1225  168.500  #afafae  175 7  0.0024
1226  168.800  #afafaf  176 1  0.0018
1227  168.900  #afafb0  176 2  0.0006
1228  169.300  #b0afaf  176 3  0.0024
1229  169.200  #b0afb0  176 4  -0.0006
1230  170.300  #afb0af  176 5  0.0065
1231  170.300  #afb0b0  176 6  0.0000
1232  170.700  #b0b0af  176 7  0.0023
1233  170.700  #b0b0b0  177 1  0.0000
1234  171.100  #b0b0b1  177 2  0.0023
1235  171.400  #b1b0b0  177 3  0.0018
1236  171.700  #b1b0b1  177 4  0.0017
1237  172.300  #b0b1b0  177 5  0.0035
1238  172.600  #b0b1b1  177 6  0.0017
1239  172.800  #b1b1b0  177 7  0.0012
1240  173.000  #b1b1b1  178 1  0.0012
1241  173.500  #b1b1b2  178 2  0.0029
1242  173.700  #b2b1b1  178 3  0.0012
1243  174.000  #b2b1b2  178 4  0.0017
1244  174.500  #b1b2b1  178 5  0.0029
1245  174.600  #b1b2b2  178 6  0.0006
1246  175.100  #b2b2b1  178 7  0.0029
1247  175.200  #b2b2b2  179 1  0.0006
1248  175.500  #b2b2b3  179 2  0.0017
1249  176.100  #b3b2b2  179 3  0.0034
1250  176.000  #b3b2b3  179 4  -0.0006
1251  176.900  #b2b3b2  179 5  0.0051
1252  176.900  #b2b3b3  179 6  0.0000
1253  177.400  #b3b3b2  179 7  0.0028
1254  177.700  #b3b3b3  180 1  0.0017
1255  177.800  #b3b3b4  180 2  0.0006
1256  178.200  #b4b3b3  180 3  0.0022
1257  178.100  #b4b3b4  180 4  -0.0006
1258  178.000  #b3b4b3  180 5  -0.0006
1259  179.000  #b3b4b4  180 6  0.0056
1260  179.000  #b4b4b3  180 7  0.0000
1261  179.000  #b4b4b4  181 1  0.0000
1262  179.000  #b4b4b5  181 2  0.0000
1263  179.000  #b5b4b4  181 3  0.0000
1264  180.000  #b5b4b5  181 4  0.0056
1265  181.000  #b4b5b4  181 5  0.0055
1266  181.000  #b4b5b5  181 6  0.0000
1267  181.000  #b5b5b4  181 7  0.0000
1268  182.000  #b5b5b5  182 1  0.0055
1269  182.000  #b5b5b6  182 2  0.0000
1270  182.000  #b6b5b5  182 3  0.0000
1271  182.000  #b6b5b6  182 4  0.0000
1272  183.000  #b5b6b5  182 5  0.0055
1273  183.000  #b5b6b6  182 6  0.0000
1274  184.000  #b6b6b5  182 7  0.0054
1275  184.000  #b6b6b6  183 1  0.0000
1276  184.000  #b6b6b7  183 2  0.0000
1277  184.000  #b7b6b6  183 3  0.0000
1278  184.000  #b7b6b7  183 4  0.0000
1279  185.000  #b6b7b6  183 5  0.0054
1280  186.000  #b6b7b7  183 6  0.0054
1281  186.000  #b7b7b6  183 7  0.0000
1282  186.000  #b7b7b7  184 1  0.0000
1283  186.000  #b7b7b8  184 2  0.0000
1284  186.000  #b8b7b7  184 3  0.0000
1285  187.000  #b8b7b8  184 4  0.0054
1286  187.000  #b7b8b7  184 5  0.0000
1287  188.000  #b7b8b8  184 6  0.0053
1288  188.000  #b8b8b7  184 7  0.0000
1289  188.000  #b8b8b8  185 1  0.0000
1290  188.000  #b8b8b9  185 2  0.0000
1291  188.000  #b9b8b8  185 3  0.0000
1292  189.000  #b9b8b9  185 4  0.0053
1293  190.000  #b8b9b8  185 5  0.0053
1294  190.000  #b8b9b9  185 6  0.0000
1295  190.000  #b9b9b8  185 7  0.0000
1296  190.000  #b9b9b9  186 1  0.0000
1297  191.000  #b9b9ba  186 2  0.0052
1298  191.000  #bab9b9  186 3  0.0000
1299  191.000  #bab9ba  186 4  0.0000
1300  192.000  #b9bab9  186 5  0.0052
1301  192.000  #b9baba  186 6  0.0000
1302  192.000  #babab9  186 7  0.0000
1303  193.000  #bababa  187 1  0.0052
1304  193.000  #bababb  187 2  0.0000
1305  193.000  #bbbaba  187 3  0.0000
1306  193.000  #bbbabb  187 4  0.0000
1307  194.000  #babbba  187 5  0.0052
1308  194.000  #babbbb  187 6  0.0000
1309  194.000  #bbbbba  187 7  0.0000
1310  195.000  #bbbbbb  188 1  0.0051
1311  195.000  #bbbbbc  188 2  0.0000
1312  195.000  #bcbbbb  188 3  0.0000
1313  196.000  #bcbbbc  188 4  0.0051
1314  196.000  #bbbcbb  188 5  0.0000
1315  196.000  #bbbcbc  188 6  0.0000
1316  197.000  #bcbcbb  188 7  0.0051
1317  197.000  #bcbcbc  189 1  0.0000
1318  197.000  #bcbcbd  189 2  0.0000
1319  197.000  #bdbcbc  189 3  0.0000
1320  198.000  #bdbcbd  189 4  0.0051
1321  199.000  #bcbdbc  189 5  0.0050
1322  199.000  #bcbdbd  189 6  0.0000
1323  199.000  #bdbdbc  189 7  0.0000
1324  199.000  #bdbdbd  190 1  0.0000
1325  200.000  #bdbdbe  190 2  0.0050
1326  200.000  #bebdbd  190 3  0.0000
1327  200.000  #bebdbe  190 4  0.0000
1328  201.000  #bdbebd  190 5  0.0050
1329  201.000  #bdbebe  190 6  0.0000
1330  201.000  #bebebd  190 7  0.0000
1331  202.000  #bebebe  191 1  0.0050
1332  202.000  #bebebf  191 2  0.0000
1333  202.000  #bfbebe  191 3  0.0000
1334  202.000  #bfbebf  191 4  0.0000
1335  203.000  #bebfbe  191 5  0.0049
1336  203.000  #bebfbf  191 6  0.0000
1337  203.000  #bfbfbe  191 7  0.0000
1338  203.000  #bfbfbf  192 1  0.0000
1339  204.000  #bfbfc0  192 2  0.0049
1340  204.000  #c0bfbf  192 3  0.0000
1341  205.000  #c0bfc0  192 4  0.0049
1342  206.000  #bfc0bf  192 5  0.0049
1343  206.000  #bfc0c0  192 6  0.0000
1344  206.000  #c0c0bf  192 7  0.0000
1345  207.000  #c0c0c0  193 1  0.0048
1346  207.000  #c0c0c1  193 2  0.0000
1347  207.000  #c1c0c0  193 3  0.0000
1348  207.000  #c1c0c1  193 4  0.0000
1349  208.000  #c0c1c0  193 5  0.0048
1350  209.000  #c0c1c1  193 6  0.0048
1351  209.000  #c1c1c0  193 7  0.0000
1352  209.000  #c1c1c1  194 1  0.0000
1353  209.000  #c1c1c2  194 2  0.0000
1354  210.000  #c2c1c1  194 3  0.0048
1355  210.000  #c2c1c2  194 4  0.0000
1356  211.000  #c1c2c1  194 5  0.0048
1357  211.000  #c1c2c2  194 6  0.0000
1358  212.000  #c2c2c1  194 7  0.0047
1359  212.000  #c2c2c2  195 1  0.0000
1360  212.000  #c2c2c3  195 2  0.0000
1361  213.000  #c3c2c2  195 3  0.0047
1362  213.000  #c3c2c3  195 4  0.0000
1363  214.000  #c2c3c2  195 5  0.0047
1364  214.000  #c2c3c3  195 6  0.0000
1365  215.000  #c3c3c2  195 7  0.0047
1366  215.000  #c3c3c3  196 1  0.0000
1367  215.000  #c3c3c4  196 2  0.0000
1368  216.000  #c4c3c3  196 3  0.0046
1369  216.000  #c4c3c4  196 4  0.0000
1370  217.000  #c3c4c3  196 5  0.0046
1371  216.000  #c3c4c4  196 6  -0.0046
1372  217.000  #c4c4c3  196 7  0.0046
1373  218.000  #c4c4c4  197 1  0.0046
1374  218.000  #c4c4c5  197 2  0.0000
1375  218.000  #c5c4c4  197 3  0.0000
1376  218.000  #c5c4c5  197 4  0.0000
1377  219.000  #c4c5c4  197 5  0.0046
1378  219.000  #c4c5c5  197 6  0.0000
1379  220.000  #c5c5c4  197 7  0.0046
1380  220.000  #c5c5c5  198 1  0.0000
1381  221.000  #c5c5c6  198 2  0.0045
1382  221.000  #c6c5c5  198 3  0.0000
1383  221.000  #c6c5c6  198 4  0.0000
1384  222.000  #c5c6c5  198 5  0.0045
1385  222.000  #c5c6c6  198 6  0.0000
1386  223.000  #c6c6c5  198 7  0.0045
1387  223.000  #c6c6c6  199 1  0.0000
1388  224.000  #c6c6c7  199 2  0.0045
1389  224.000  #c7c6c6  199 3  0.0000
1390  224.000  #c7c6c7  199 4  0.0000
1391  225.000  #c6c7c6  199 5  0.0045
1392  225.000  #c6c7c7  199 6  0.0000
1393  226.000  #c7c7c6  199 7  0.0044
1394  226.000  #c7c7c7  200 1  0.0000
1395  226.000  #c7c7c8  200 2  0.0000
1396  227.000  #c8c7c7  200 3  0.0044
1397  227.000  #c8c7c8  200 4  0.0000
1398  228.000  #c7c8c7  200 5  0.0044
1399  228.000  #c7c8c8  200 6  0.0000
1400  228.000  #c8c8c7  200 7  0.0000
1401  229.000  #c8c8c8  201 1  0.0044
1402  229.000  #c8c8c9  201 2  0.0000
1403  230.000  #c9c8c8  201 3  0.0044
1404  230.000  #c9c8c9  201 4  0.0000
1405  231.000  #c8c9c8  201 5  0.0043
1406  231.000  #c8c9c9  201 6  0.0000
1407  232.000  #c9c9c8  201 7  0.0043
1408  232.000  #c9c9c9  202 1  0.0000
1409  232.000  #c9c9ca  202 2  0.0000
1410  233.000  #cac9c9  202 3  0.0043
1411  233.000  #cac9ca  202 4  0.0000
1412  234.000  #c9cac9  202 5  0.0043
1413  234.000  #c9caca  202 6  0.0000
1414  234.000  #cacac9  202 7  0.0000
1415  235.000  #cacaca  203 1  0.0043
1416  235.000  #cacacb  203 2  0.0000
1417  235.000  #cbcaca  203 3  0.0000
1418  236.000  #cbcacb  203 4  0.0042
1419  237.000  #cacbca  203 5  0.0042
1420  237.000  #cacbcb  203 6  0.0000
1421  237.000  #cbcbca  203 7  0.0000
1422  238.000  #cbcbcb  204 1  0.0042
1423  238.000  #cbcbcc  204 2  0.0000
1424  238.000  #cccbcb  204 3  0.0000
1425  238.000  #cccbcc  204 4  0.0000
1426  240.000  #cbcccb  204 5  0.0084
1427  239.000  #cbcccc  204 6  -0.0042
1428  240.000  #cccccb  204 7  0.0042
1429  240.000  #cccccc  205 1  0.0000
1430  240.000  #cccccd  205 2  0.0000
1431  241.000  #cdcccc  205 3  0.0042
1432  241.000  #cdcccd  205 4  0.0000
1433  242.000  #cccdcc  205 5  0.0041
1434  243.000  #cccdcd  205 6  0.0041
1435  243.000  #cdcdcc  205 7  0.0000
1436  243.000  #cdcdcd  206 1  0.0000
1437  243.000  #cdcdce  206 2  0.0000
1438  244.000  #cecdcd  206 3  0.0041
1439  244.000  #cecdce  206 4  0.0000
1440  245.000  #cdcecd  206 5  0.0041
1441  245.000  #cdcece  206 6  0.0000
1442  246.000  #cececd  206 7  0.0041
1443  246.000  #cecece  207 1  0.0000
1444  246.000  #cececf  207 2  0.0000
1445  247.000  #cfcece  207 3  0.0041
1446  247.000  #cfcecf  207 4  0.0000
1447  248.000  #cecfce  207 5  0.0040
1448  248.000  #cecfcf  207 6  0.0000
1449  248.000  #cfcfce  207 7  0.0000
1450  249.000  #cfcfcf  208 1  0.0040
1451  249.000  #cfcfd0  208 2  0.0000
1452  249.000  #d0cfcf  208 3  0.0000
1453  250.000  #d0cfd0  208 4  0.0040
1454  251.000  #cfd0cf  208 5  0.0040
1455  251.000  #cfd0d0  208 6  0.0000
1456  251.000  #d0d0cf  208 7  0.0000
1457  251.000  #d0d0d0  209 1  0.0000
1458  252.000  #d0d0d1  209 2  0.0040
1459  252.000  #d1d0d0  209 3  0.0000
1460  253.000  #d1d0d1  209 4  0.0040
1461  253.000  #d0d1d0  209 5  0.0000
1462  254.000  #d0d1d1  209 6  0.0039
1463  254.000  #d1d1d0  209 7  0.0000
1464  254.000  #d1d1d1  210 1  0.0000
1465  255.000  #d1d1d2  210 2  0.0039
1466  255.000  #d2d1d1  210 3  0.0000
1467  255.000  #d2d1d2  210 4  0.0000
1468  256.000  #d1d2d1  210 5  0.0039
1469  257.000  #d1d2d2  210 6  0.0039
1470  257.000  #d2d2d1  210 7  0.0000
1471  257.000  #d2d2d2  211 1  0.0000
1472  257.000  #d2d2d3  211 2  0.0000
1473  258.000  #d3d2d2  211 3  0.0039
1474  258.000  #d3d2d3  211 4  0.0000
1475  259.000  #d2d3d2  211 5  0.0039
1476  259.000  #d2d3d3  211 6  0.0000
1477  260.000  #d3d3d2  211 7  0.0039
1478  260.000  #d3d3d3  212 1  0.0000
1479  260.000  #d3d3d4  212 2  0.0000
1480  261.000  #d4d3d3  212 3  0.0038
1481  261.000  #d4d3d4  212 4  0.0000
1482  262.000  #d3d4d3  212 5  0.0038
1483  262.000  #d3d4d4  212 6  0.0000
1484  263.000  #d4d4d3  212 7  0.0038
1485  263.000  #d4d4d4  213 1  0.0000
1486  263.000  #d4d4d5  213 2  0.0000
1487  263.000  #d5d4d4  213 3  0.0000
1488  264.000  #d5d4d5  213 4  0.0038
1489  265.000  #d4d5d4  213 5  0.0038
1490  265.000  #d4d5d5  213 6  0.0000
1491  266.000  #d5d5d4  213 7  0.0038
1492  266.000  #d5d5d5  214 1  0.0000
1493  266.000  #d5d5d6  214 2  0.0000
1494  266.000  #d6d5d5  214 3  0.0000
1495  266.000  #d6d5d6  214 4  0.0000
1496  268.000  #d5d6d5  214 5  0.0075
1497  268.000  #d5d6d6  214 6  0.0000
1498  268.000  #d6d6d5  214 7  0.0000
1499  268.000  #d6d6d6  215 1  0.0000
1500  269.000  #d6d6d7  215 2  0.0037
1501  269.000  #d7d6d6  215 3  0.0000
1502  269.000  #d7d6d7  215 4  0.0000
1503  271.000  #d6d7d6  215 5  0.0074
1504  271.000  #d6d7d7  215 6  0.0000
1505  271.000  #d7d7d6  215 7  0.0000
1506  271.000  #d7d7d7  216 1  0.0000
1507  271.000  #d7d7d8  216 2  0.0000
1508  272.000  #d8d7d7  216 3  0.0037
1509  272.000  #d8d7d8  216 4  0.0000
1510  273.000  #d7d8d7  216 5  0.0037
1511  274.000  #d7d8d8  216 6  0.0037
1512  274.000  #d8d8d7  216 7  0.0000
1513  274.000  #d8d8d8  217 1  0.0000
1514  274.000  #d8d8d9  217 2  0.0000
1515  275.000  #d9d8d8  217 3  0.0036
1516  275.000  #d9d8d9  217 4  0.0000
1517  276.000  #d8d9d8  217 5  0.0036
1518  276.000  #d8d9d9  217 6  0.0000
1519  277.000  #d9d9d8  217 7  0.0036
1520  277.000  #d9d9d9  218 1  0.0000
1521  277.000  #d9d9da  218 2  0.0000
1522  277.000  #dad9d9  218 3  0.0000
1523  278.000  #dad9da  218 4  0.0036
1524  279.000  #d9dad9  218 5  0.0036
1525  279.000  #d9dada  218 6  0.0000
1526  279.000  #dadad9  218 7  0.0000
1527  280.000  #dadada  219 1  0.0036
1528  280.000  #dadadb  219 2  0.0000
1529  281.000  #dbdada  219 3  0.0036
1530  280.000  #dbdadb  219 4  -0.0036
1531  282.000  #dadbda  219 5  0.0071
1532  282.000  #dadbdb  219 6  0.0000
1533  283.000  #dbdbda  219 7  0.0035
1534  283.000  #dbdbdb  220 1  0.0000
1535  282.000  #dbdbdc  220 2  -0.0035
1536  283.000  #dcdbdb  220 3  0.0035
1537  283.000  #dcdbdc  220 4  0.0000
1538  284.000  #dbdcdb  220 5  0.0035
1539  285.000  #dbdcdc  220 6  0.0035
1540  285.000  #dcdcdb  220 7  0.0000
1541  285.000  #dcdcdc  221 1  0.0000
1542  286.000  #dcdcdd  221 2  0.0035
1543  286.000  #dddcdc  221 3  0.0000
1544  286.000  #dddcdd  221 4  0.0000
1545  287.000  #dcdddc  221 5  0.0035
1546  288.000  #dcdddd  221 6  0.0035
1547  287.000  #dddddc  221 7  -0.0035
1548  288.000  #dddddd  222 1  0.0035
1549  289.000  #ddddde  222 2  0.0035
1550  289.000  #dedddd  222 3  0.0000
1551  288.000  #deddde  222 4  -0.0035
1552  290.000  #dddedd  222 5  0.0069
1553  290.000  #dddede  222 6  0.0000
1554  291.000  #dededd  222 7  0.0034
1555  291.000  #dedede  223 1  0.0000
1556  291.000  #dededf  223 2  0.0000
1557  291.000  #dfdede  223 3  0.0000
1558  291.000  #dfdedf  223 4  0.0000
1559  292.000  #dedfde  223 5  0.0034
1560  293.000  #dedfdf  223 6  0.0034
1561  293.000  #dfdfde  223 7  0.0000
1562  293.000  #dfdfdf  224 1  0.0000
1563  293.000  #dfdfe0  224 2  0.0000
1564  294.000  #e0dfdf  224 3  0.0034
1565  294.000  #e0dfe0  224 4  0.0000
1566  295.000  #dfe0df  224 5  0.0034
1567  295.000  #dfe0e0  224 6  0.0000
1568  296.000  #e0e0df  224 7  0.0034
1569  296.000  #e0e0e0  225 1  0.0000
1570  296.000  #e0e0e1  225 2  0.0000
1571  296.000  #e1e0e0  225 3  0.0000
1572  297.000  #e1e0e1  225 4  0.0034
1573  298.000  #e0e1e0  225 5  0.0034
1574  298.000  #e0e1e1  225 6  0.0000
1575  298.000  #e1e1e0  225 7  0.0000
1576  298.000  #e1e1e1  226 1  0.0000
1577  299.000  #e1e1e2  226 2  0.0034
1578  299.000  #e2e1e1  226 3  0.0000
1579  299.000  #e2e1e2  226 4  0.0000
1580  300.000  #e1e2e1  226 5  0.0033
1581  300.000  #e1e2e2  226 6  0.0000
1582  301.000  #e2e2e1  226 7  0.0033
1583  301.000  #e2e2e2  227 1  0.0000
1584  301.000  #e2e2e3  227 2  0.0000
1585  301.000  #e3e2e2  227 3  0.0000
1586  302.000  #e3e2e3  227 4  0.0033
1587  303.000  #e2e3e2  227 5  0.0033
1588  303.000  #e2e3e3  227 6  0.0000
1589  303.000  #e3e3e2  227 7  0.0000
1590  303.000  #e3e3e3  228 1  0.0000
1591  303.000  #e3e3e4  228 2  0.0000
1592  304.000  #e4e3e3  228 3  0.0033
1593  304.000  #e4e3e4  228 4  0.0000
1594  305.000  #e3e4e3  228 5  0.0033
1595  305.000  #e3e4e4  228 6  0.0000
1596  305.000  #e4e4e3  228 7  0.0000
1597  306.000  #e4e4e4  229 1  0.0033
1598  306.000  #e4e4e5  229 2  0.0000
1599  306.000  #e5e4e4  229 3  0.0000
1600  307.000  #e5e4e5  229 4  0.0033
1601  307.000  #e4e5e4  229 5  0.0000
1602  308.000  #e4e5e5  229 6  0.0033
1603  308.000  #e5e5e4  229 7  0.0000
1604  308.000  #e5e5e5  230 1  0.0000
1605  308.000  #e5e5e6  230 2  0.0000
1606  309.000  #e6e5e5  230 3  0.0032
1607  309.000  #e6e5e6  230 4  0.0000
1608  310.000  #e5e6e5  230 5  0.0032
1609  310.000  #e5e6e6  230 6  0.0000
1610  310.000  #e6e6e5  230 7  0.0000
1611  310.000  #e6e6e6  231 1  0.0000
1612  311.000  #e6e6e7  231 2  0.0032
1613  311.000  #e7e6e6  231 3  0.0000
1614  311.000  #e7e6e7  231 4  0.0000
1615  312.000  #e6e7e6  231 5  0.0032
1616  312.000  #e6e7e7  231 6  0.0000
1617  313.000  #e7e7e6  231 7  0.0032
1618  313.000  #e7e7e7  232 1  0.0000
1619  313.000  #e7e7e8  232 2  0.0000
1620  314.000  #e8e7e7  232 3  0.0032
1621  314.000  #e8e7e8  232 4  0.0000
1622  315.000  #e7e8e7  232 5  0.0032
1623  315.000  #e7e8e8  232 6  0.0000
1624  315.000  #e8e8e7  232 7  0.0000
1625  315.000  #e8e8e8  233 1  0.0000
1626  316.000  #e8e8e9  233 2  0.0032
1627  316.000  #e9e8e8  233 3  0.0000
1628  316.000  #e9e8e9  233 4  0.0000
1629  317.000  #e8e9e8  233 5  0.0032
1630  317.000  #e8e9e9  233 6  0.0000
1631  318.000  #e9e9e8  233 7  0.0031
1632  318.000  #e9e9e9  234 1  0.0000
1633  318.000  #e9e9ea  234 2  0.0000
1634  319.000  #eae9e9  234 3  0.0031
1635  319.000  #eae9ea  234 4  0.0000
1636  320.000  #e9eae9  234 5  0.0031
1637  320.000  #e9eaea  234 6  0.0000
1638  320.000  #eaeae9  234 7  0.0000
1639  320.000  #eaeaea  235 1  0.0000
1640  321.000  #eaeaeb  235 2  0.0031
1641  321.000  #ebeaea  235 3  0.0000
1642  321.000  #ebeaeb  235 4  0.0000
1643  322.000  #eaebea  235 5  0.0031
1644  323.000  #eaebeb  235 6  0.0031
1645  323.000  #ebebea  235 7  0.0000
1646  323.000  #ebebeb  236 1  0.0000
1647  324.000  #ebebec  236 2  0.0031
1648  324.000  #ecebeb  236 3  0.0000
1649  324.000  #ecebec  236 4  0.0000
1650  325.000  #ebeceb  236 5  0.0031
1651  325.000  #ebecec  236 6  0.0000
1652  325.000  #ececeb  236 7  0.0000
1653  326.000  #ececec  237 1  0.0031
1654  325.000  #ececed  237 2  -0.0031
1655  326.000  #edecec  237 3  0.0031
1656  326.000  #edeced  237 4  0.0000
1657  327.000  #ecedec  237 5  0.0031
1658  327.000  #eceded  237 6  0.0000
1659  328.000  #ededec  237 7  0.0031
1660  328.000  #ededed  238 1  0.0000
1661  328.000  #ededee  238 2  0.0000
1662  328.000  #eeeded  238 3  0.0000
1663  329.000  #eeedee  238 4  0.0030
1664  330.000  #edeeed  238 5  0.0030
1665  329.000  #edeeee  238 6  -0.0030
1666  330.000  #eeeeed  238 7  0.0030
1667  330.000  #eeeeee  239 1  0.0000
1668  330.000  #eeeeef  239 2  0.0000
1669  330.000  #efeeee  239 3  0.0000
1670  331.000  #efeeef  239 4  0.0030
1671  331.000  #eeefee  239 5  0.0000
1672  332.000  #eeefef  239 6  0.0030
1673  332.000  #efefee  239 7  0.0000
1674  332.000  #efefef  240 1  0.0000
1675  332.000  #efeff0  240 2  0.0000
1676  332.000  #f0efef  240 3  0.0000
1677  333.000  #f0eff0  240 4  0.0030
1678  333.000  #eff0ef  240 5  0.0000
1679  334.000  #eff0f0  240 6  0.0030
1680  334.000  #f0f0ef  240 7  0.0000
1681  334.000  #f0f0f0  241 1  0.0000
1682  334.000  #f0f0f1  241 2  0.0000
1683  335.000  #f1f0f0  241 3  0.0030
1684  335.000  #f1f0f1  241 4  0.0000
1685  336.000  #f0f1f0  241 5  0.0030
1686  336.000  #f0f1f1  241 6  0.0000
1687  336.000  #f1f1f0  241 7  0.0000
1688  336.000  #f1f1f1  242 1  0.0000
1689  336.000  #f1f1f2  242 2  0.0000
1690  337.000  #f2f1f1  242 3  0.0030
1691  337.000  #f2f1f2  242 4  0.0000
1692  338.000  #f1f2f1  242 5  0.0030
1693  338.000  #f1f2f2  242 6  0.0000
1694  339.000  #f2f2f1  242 7  0.0030
1695  339.000  #f2f2f2  243 1  0.0000
1696  339.000  #f2f2f3  243 2  0.0000
1697  339.000  #f3f2f2  243 3  0.0000
1698  339.000  #f3f2f3  243 4  0.0000
1699  339.000  #f2f3f2  243 5  0.0000
1700  340.000  #f2f3f3  243 6  0.0029
1701  340.000  #f3f3f2  243 7  0.0000
1702  340.000  #f3f3f3  244 1  0.0000
1703  341.000  #f3f3f4  244 2  0.0029
1704  341.000  #f4f3f3  244 3  0.0000
1705  341.000  #f4f3f4  244 4  0.0000
1706  342.000  #f3f4f3  244 5  0.0029
1707  342.000  #f3f4f4  244 6  0.0000
1708  342.000  #f4f4f3  244 7  0.0000
1709  343.000  #f4f4f4  245 1  0.0029
1710  343.000  #f4f4f5  245 2  0.0000
1711  343.000  #f5f4f4  245 3  0.0000
1712  343.000  #f5f4f5  245 4  0.0000
1713  344.000  #f4f5f4  245 5  0.0029
1714  344.000  #f4f5f5  245 6  0.0000
1715  344.000  #f5f5f4  245 7  0.0000
1716  344.000  #f5f5f5  246 1  0.0000
1717  344.000  #f5f5f6  246 2  0.0000
1718  345.000  #f6f5f5  246 3  0.0029
1719  345.000  #f6f5f6  246 4  0.0000
1720  346.000  #f5f6f5  246 5  0.0029
1721  345.000  #f5f6f6  246 6  -0.0029
1722  346.000  #f6f6f5  246 7  0.0029
1723  346.000  #f6f6f6  247 1  0.0000
1724  346.000  #f6f6f7  247 2  0.0000
1725  346.000  #f7f6f6  247 3  0.0000
1726  347.000  #f7f6f7  247 4  0.0029
1727  347.000  #f6f7f6  247 5  0.0000
1728  348.000  #f6f7f7  247 6  0.0029
1729  348.000  #f7f7f6  247 7  0.0000
1730  348.000  #f7f7f7  248 1  0.0000
1731  348.000  #f7f7f8  248 2  0.0000
1732  348.000  #f8f7f7  248 3  0.0000
1733  349.000  #f8f7f8  248 4  0.0029
1734  349.000  #f7f8f7  248 5  0.0000
1735  349.000  #f7f8f8  248 6  0.0000
1736  350.000  #f8f8f7  248 7  0.0029
1737  350.000  #f8f8f8  249 1  0.0000
1738  350.000  #f8f8f9  249 2  0.0000
1739  350.000  #f9f8f8  249 3  0.0000
1740  350.000  #f9f8f9  249 4  0.0000
1741  351.000  #f8f9f8  249 5  0.0029
1742  351.000  #f8f9f9  249 6  0.0000
1743  352.000  #f9f9f8  249 7  0.0028
1744  352.000  #f9f9f9  250 1  0.0000
1745  352.000  #f9f9fa  250 2  0.0000
1746  352.000  #faf9f9  250 3  0.0000
1747  352.000  #faf9fa  250 4  0.0000
1748  353.000  #f9faf9  250 5  0.0028
1749  353.000  #f9fafa  250 6  0.0000
1750  353.000  #fafaf9  250 7  0.0000
1751  353.000  #fafafa  251 1  0.0000
1752  353.000  #fafafb  251 2  0.0000
1753  353.000  #fbfafa  251 3  0.0000
1754  353.000  #fbfafb  251 4  0.0000
1755  354.000  #fafbfa  251 5  0.0028
1756  354.000  #fafbfb  251 6  0.0000
1757  354.000  #fbfbfa  251 7  0.0000
1758  355.000  #fbfbfb  252 1  0.0028
1759  355.000  #fbfbfc  252 2  0.0000
1760  355.000  #fcfbfb  252 3  0.0000
1761  355.000  #fcfbfc  252 4  0.0000
1762  356.000  #fbfcfb  252 5  0.0028
1763  355.000  #fbfcfc  252 6  -0.0028
1764  356.000  #fcfcfb  252 7  0.0028
1765  356.000  #fcfcfc  253 1  0.0000
1766  356.000  #fcfcfd  253 2  0.0000
1767  356.000  #fdfcfc  253 3  0.0000
1768  356.000  #fdfcfd  253 4  0.0000
1769  356.000  #fcfdfc  253 5  0.0000
1770  357.000  #fcfdfd  253 6  0.0028
1771  357.000  #fdfdfc  253 7  0.0000
1772  357.000  #fdfdfd  254 1  0.0000
1773  358.000  #fdfdfe  254 2  0.0028
1774  357.000  #fefdfd  254 3  -0.0028
1775  357.000  #fefdfe  254 4  0.0000
1776  359.000  #fdfefd  254 5  0.0056
1777  359.000  #fdfefe  254 6  0.0000
1778  359.000  #fefefd  254 7  0.0000
1779  359.000  #fefefe  255 1  0.0000
1780  359.000  #fefeff  255 2  0.0000
1781  359.000  #fffefe  255 3  0.0000
1782  359.000  #fffeff  255 4  0.0000
1783  359.000  #fefffe  255 5  0.0000
1784  359.000  #feffff  255 6  0.0000
1785  359.000  #fffffe  255 7  0.0000
1786  359.000  #ffffff  256 1  0.0000
