#  lumResponse vers. 1.6 - 07/02/08 11:35:39
#  Display ID: DELL_2408WFP_JU4368281FMS
#  iLdelay=1  avgN=1  ILlimit_plus=0.20 ILlimit_minus=-0.05  R=25.6% G=65.3% B=9.0%
#  85.2  #ff0000
#  217.0  #00ff00
#  30.0  #0000ff
   1    0.230  #000000    1 1  0.0000
   2    0.230  #000001    1 2  0.0000
   3    0.230  #010000    1 3  0.0000
   4    0.230  #010001    1 4  0.0000
   5    0.230  #000100    1 5  0.0000
   6    0.230  #000101    1 6  0.0000
   7    0.230  #010100    1 7  0.0000
   8    0.230  #010101    2 1  0.0000
   9    0.230  #010102    2 2  0.0000
  10    0.230  #020101    2 3  0.0000
  11    0.230  #020102    2 4  0.0000
  12    0.231  #010201    2 5  0.0043
  13    0.231  #010202    2 6  0.0000
  14    0.231  #020201    2 7  0.0000
  15    0.231  #020202    3 1  0.0000
  16    0.232  #020203    3 2  0.0043
  17    0.232  #030202    3 3  0.0000
  18    0.233  #030203    3 4  0.0043
  19    0.234  #020302    3 5  0.0043
  20    0.235  #020303    3 6  0.0043
  21    0.235  #030302    3 7  0.0000
  22    0.235  #030303    4 1  0.0000
  23    0.236  #030304    4 2  0.0042
  24    0.237  #040303    4 3  0.0042
  25    0.238  #040304    4 4  0.0042
  26    0.240  #030403    4 5  0.0084
  27    0.240  #030404    4 6  0.0000
  28    0.241  #040403    4 7  0.0042
  29    0.242  #040404    5 1  0.0041
  30    0.242  #040405    5 2  0.0000
  31    0.244  #050404    5 3  0.0082
  32    0.245  #050405    5 4  0.0041
  33    0.247  #040504    5 5  0.0081
  34    0.248  #040505    5 6  0.0040
  35    0.250  #050504    5 7  0.0080
  36    0.250  #050505    6 1  0.0000
  37    0.251  #050506    6 2  0.0040
  38    0.253  #060505    6 3  0.0079
  39    0.254  #060506    6 4  0.0039
  40    0.257  #050605    6 5  0.0117
  41    0.258  #050606    6 6  0.0039
  42    0.260  #060605    6 7  0.0077
  43    0.261  #060606    7 1  0.0038
  44    0.262  #060607    7 2  0.0038
  45    0.265  #070606    7 3  0.0114
  46    0.266  #070607    7 4  0.0038
  47    0.270  #060706    7 5  0.0149
  48    0.271  #060707    7 6  0.0037
  49    0.274  #070706    7 7  0.0110
  50    0.275  #070707    8 1  0.0036
  51    0.277  #070708    8 2  0.0072
  52    0.278  #080707    8 3  0.0036
  53    0.280  #080708    8 4  0.0072
  54    0.284  #070807    8 5  0.0142
  55    0.285  #070808    8 6  0.0035
  56    0.287  #080807    8 7  0.0070
  57    0.288  #080808    9 1  0.0035
  58    0.289  #080809    9 2  0.0035
  59    0.293  #090808    9 3  0.0137
  60    0.294  #090809    9 4  0.0034
  61    0.301  #080908    9 5  0.0235
  62    0.301  #080909    9 6  0.0000
  63    0.306  #090908    9 7  0.0165
  64    0.307  #090909   10 1  0.0033
  65    0.308  #09090a   10 2  0.0033
  66    0.313  #0a0909   10 3  0.0161
  67    0.315  #0a090a   10 4  0.0064
  68    0.322  #090a09   10 5  0.0220
  69    0.324  #090a0a   10 6  0.0062
  70    0.328  #0a0a09   10 7  0.0123
  71    0.330  #0a0a0a   11 1  0.0061
  72    0.332  #0a0a0b   11 2  0.0060
  73    0.336  #0b0a0a   11 3  0.0120
  74    0.338  #0b0a0b   11 4  0.0059
  75    0.349  #0a0b0a   11 5  0.0320
  76    0.351  #0a0b0b   11 6  0.0057
  77    0.354  #0b0b0a   11 7  0.0085
  78    0.357  #0b0b0b   12 1  0.0084
  79    0.359  #0b0b0c   12 2  0.0056
  80    0.365  #0c0b0b   12 3  0.0166
  81    0.368  #0c0b0c   12 4  0.0082
  82    0.378  #0b0c0b   12 5  0.0268
  83    0.381  #0b0c0c   12 6  0.0079
  84    0.387  #0c0c0b   12 7  0.0156
  85    0.390  #0c0c0c   13 1  0.0077
  86    0.393  #0c0c0d   13 2  0.0077
  87    0.398  #0d0c0c   13 3  0.0126
  88    0.401  #0d0c0d   13 4  0.0075
  89    0.416  #0c0d0c   13 5  0.0367
  90    0.420  #0c0d0d   13 6  0.0096
  91    0.424  #0d0d0c   13 7  0.0095
  92    0.428  #0d0d0d   14 1  0.0094
  93    0.432  #0d0d0e   14 2  0.0093
  94    0.440  #0e0d0d   14 3  0.0183
  95    0.444  #0e0d0e   14 4  0.0090
  96    0.459  #0d0e0d   14 5  0.0332
  97    0.463  #0d0e0e   14 6  0.0087
  98    0.471  #0e0e0d   14 7  0.0171
  99    0.475  #0e0e0e   15 1  0.0085
 100    0.480  #0e0e0f   15 2  0.0105
 101    0.489  #0f0e0e   15 3  0.0186
 102    0.494  #0f0e0f   15 4  0.0102
 103    0.503  #0e0f0e   15 5  0.0181
 104    0.507  #0e0f0f   15 6  0.0079
 105    0.517  #0f0f0e   15 7  0.0195
 106    0.521  #0f0f0f   16 1  0.0077
 107    0.527  #0f0f10   16 2  0.0115
 108    0.533  #100f0f   16 3  0.0113
 109    0.539  #100f10   16 4  0.0112
 110    0.564  #0f100f   16 5  0.0453
 111    0.570  #0f1010   16 6  0.0106
 112    0.577  #10100f   16 7  0.0122
 113    0.583  #101010   17 1  0.0103
 114    0.588  #101011   17 2  0.0085
 115    0.602  #111010   17 3  0.0235
 116    0.608  #111011   17 4  0.0099
 117    0.635  #101110   17 5  0.0434
 118    0.640  #101111   17 6  0.0078
 119    0.654  #111110   17 7  0.0216
 120    0.660  #111111   18 1  0.0091
 121    0.668  #111112   18 2  0.0120
 122    0.677  #121111   18 3  0.0134
 123    0.685  #121112   18 4  0.0117
 124    0.722  #111211   18 5  0.0526
 125    0.729  #111212   18 6  0.0096
 126    0.738  #121211   18 7  0.0123
 127    0.746  #121212   19 1  0.0108
 128    0.755  #121213   19 2  0.0120
 129    0.772  #131212   19 3  0.0223
 130    0.782  #131213   19 4  0.0129
 131    0.820  #121312   19 5  0.0474
 132    0.829  #121313   19 6  0.0109
 133    0.847  #131312   19 7  0.0215
 134    0.856  #131313   20 1  0.0106
 135    0.863  #131314   20 2  0.0081
 136    0.898  #141313   20 3  0.0398
 137    0.906  #141314   20 4  0.0089
 138    0.942  #131413   20 5  0.0390
 139    0.949  #131414   20 6  0.0074
 140    0.984  #141413   20 7  0.0362
 141    0.992  #141414   21 1  0.0081
 142    1.004  #141415   21 2  0.0120
 143    1.021  #151414   21 3  0.0168
 144    1.032  #151415   21 4  0.0107
 145    1.093  #141514   21 5  0.0574
 146    1.106  #141515   21 6  0.0118
 147    1.122  #151514   21 7  0.0144
 148    1.135  #151515   22 1  0.0115
 149    1.142  #151516   22 2  0.0061
 150    1.178  #161515   22 3  0.0310
 151    1.187  #161516   22 4  0.0076
 152    1.220  #151615   22 5  0.0274
 153    1.228  #151616   22 6  0.0065
 154    1.265  #161615   22 7  0.0297
 155    1.272  #161616   23 1  0.0055
 156    1.288  #161617   23 2  0.0125
 157    1.322  #171616   23 3  0.0261
 158    1.338  #171617   23 4  0.0120
 159    1.400  #161716   23 5  0.0453
 160    1.415  #161717   23 6  0.0107
 161    1.450  #171716   23 7  0.0244
 162    1.466  #171717   24 1  0.0110
 163    1.482  #171718   24 2  0.0109
 164    1.509  #181717   24 3  0.0181
 165    1.525  #181718   24 4  0.0105
 166    1.613  #171817   24 5  0.0561
 167    1.629  #171818   24 6  0.0099
 168    1.656  #181817   24 7  0.0164
 169    1.673  #181818   25 1  0.0102
 170    1.689  #181819   25 2  0.0095
 171    1.743  #191818   25 3  0.0315
 172    1.750  #191819   25 4  0.0040
 173    1.830  #181918   25 5  0.0447
 174    1.850  #181919   25 6  0.0109
 175    1.900  #191918   25 7  0.0267
 176    1.920  #191919   26 1  0.0105
 177    1.940  #19191a   26 2  0.0104
 178    1.980  #1a1919   26 3  0.0204
 179    2.000  #1a191a   26 4  0.0101
 180    2.100  #191a19   26 5  0.0488
 181    2.120  #191a1a   26 6  0.0095
 182    2.160  #1a1a19   26 7  0.0187
 183    2.180  #1a1a1a   27 1  0.0092
 184    2.200  #1a1a1b   27 2  0.0091
 185    2.250  #1b1a1a   27 3  0.0225
 186    2.270  #1b1a1b   27 4  0.0088
 187    2.370  #1a1b1a   27 5  0.0431
 188    2.390  #1a1b1b   27 6  0.0084
 189    2.450  #1b1b1a   27 7  0.0248
 190    2.460  #1b1b1b   28 1  0.0041
 191    2.480  #1b1b1c   28 2  0.0081
 192    2.550  #1c1b1b   28 3  0.0278
 193    2.570  #1c1b1c   28 4  0.0078
 194    2.680  #1b1c1b   28 5  0.0419
 195    2.690  #1b1c1c   28 6  0.0037
 196    2.760  #1c1c1b   28 7  0.0257
 197    2.780  #1c1c1c   29 1  0.0072
 198    2.800  #1c1c1d   29 2  0.0072
 199    2.840  #1d1c1c   29 3  0.0142
 200    2.870  #1d1c1d   29 4  0.0105
 201    2.940  #1c1d1c   29 5  0.0241
 202    2.970  #1c1d1d   29 6  0.0102
 203    3.010  #1d1d1c   29 7  0.0134
 204    3.040  #1d1d1d   30 1  0.0099
 205    3.060  #1d1d1e   30 2  0.0066
 206    3.170  #1e1d1d   30 3  0.0353
 207    3.200  #1e1d1e   30 4  0.0094
 208    3.280  #1d1e1d   30 5  0.0247
 209    3.310  #1d1e1e   30 6  0.0091
 210    3.410  #1e1e1d   30 7  0.0298
 211    3.440  #1e1e1e   31 1  0.0088
 212    3.470  #1e1e1f   31 2  0.0087
 213    3.520  #1f1e1e   31 3  0.0143
 214    3.540  #1f1e1f   31 4  0.0057
 215    3.700  #1e1f1e   31 5  0.0442
 216    3.720  #1e1f1f   31 6  0.0054
 217    3.770  #1f1f1e   31 7  0.0134
 218    3.800  #1f1f1f   32 1  0.0079
 219    3.810  #1f1f20   32 2  0.0026
 220    3.910  #201f1f   32 3  0.0259
 221    3.920  #201f20   32 4  0.0026
 222    4.080  #1f201f   32 5  0.0400
 223    4.080  #1f2020   32 6  0.0000
 224    4.180  #20201f   32 7  0.0242
 225    4.190  #202020   33 1  0.0024
 226    4.220  #202021   33 2  0.0071
 227    4.320  #212020   33 3  0.0234
 228    4.350  #212021   33 4  0.0069
 229    4.400  #202120   33 5  0.0114
 230    4.420  #202121   33 6  0.0045
 231    4.530  #212120   33 7  0.0246
 232    4.550  #212121   34 1  0.0044
 233    4.560  #212122   34 2  0.0022
 234    4.640  #222121   34 3  0.0174
 235    4.650  #222122   34 4  0.0022
 236    4.740  #212221   34 5  0.0192
 237    4.750  #212222   34 6  0.0021
 238    4.830  #222221   34 7  0.0167
 239    4.840  #222222   35 1  0.0021
 240    4.860  #222223   35 2  0.0041
 241    4.950  #232222   35 3  0.0183
 242    4.980  #232223   35 4  0.0060
 243    5.030  #222322   35 5  0.0100
 244    5.050  #222323   35 6  0.0040
 245    5.140  #232322   35 7  0.0177
 246    5.170  #232323   36 1  0.0058
 247    5.180  #232324   36 2  0.0019
 248    5.260  #242323   36 3  0.0153
 249    5.270  #242324   36 4  0.0019
 250    5.320  #232423   36 5  0.0094
 251    5.330  #232424   36 6  0.0019
 252    5.400  #242423   36 7  0.0130
 253    5.410  #242424   37 1  0.0019
 254    5.440  #242425   37 2  0.0055
 255    5.500  #252424   37 3  0.0110
 256    5.530  #252425   37 4  0.0054
 257    5.620  #242524   37 5  0.0161
 258    5.650  #242525   37 6  0.0053
 259    5.710  #252524   37 7  0.0106
 260    5.740  #252525   38 1  0.0052
 261    5.750  #252526   38 2  0.0017
 262    5.830  #262525   38 3  0.0138
 263    5.840  #262526   38 4  0.0017
 264    5.950  #252625   38 5  0.0187
 265    5.960  #252626   38 6  0.0017
 266    6.040  #262625   38 7  0.0133
 267    6.050  #262626   39 1  0.0017
 268    6.080  #262627   39 2  0.0049
 269    6.120  #272626   39 3  0.0066
 270    6.150  #272627   39 4  0.0049
 271    6.280  #262726   39 5  0.0209
 272    6.300  #262727   39 6  0.0032
 273    6.350  #272726   39 7  0.0079
 274    6.370  #272727   40 1  0.0031
 275    6.400  #272728   40 2  0.0047
 276    6.470  #282727   40 3  0.0109
 277    6.490  #282728   40 4  0.0031
 278    6.600  #272827   40 5  0.0168
 279    6.630  #272828   40 6  0.0045
 280    6.700  #282827   40 7  0.0105
 281    6.730  #282828   41 1  0.0045
 282    6.750  #282829   41 2  0.0030
 283    6.800  #292828   41 3  0.0074
 284    6.820  #292829   41 4  0.0029
 285    6.970  #282928   41 5  0.0218
 286    6.990  #282929   41 6  0.0029
 287    7.040  #292928   41 7  0.0071
 288    7.070  #292929   42 1  0.0043
 289    7.090  #29292a   42 2  0.0028
 290    7.170  #2a2929   42 3  0.0112
 291    7.190  #2a292a   42 4  0.0028
 292    7.310  #292a29   42 5  0.0166
 293    7.340  #292a2a   42 6  0.0041
 294    7.410  #2a2a29   42 7  0.0095
 295    7.440  #2a2a2a   43 1  0.0040
 296    7.470  #2a2a2b   43 2  0.0040
 297    7.580  #2b2a2a   43 3  0.0146
 298    7.610  #2b2a2b   43 4  0.0039
 299    7.630  #2a2b2a   43 5  0.0026
 300    7.660  #2a2b2b   43 6  0.0039
 301    7.780  #2b2b2a   43 7  0.0155
 302    7.800  #2b2b2b   44 1  0.0026
 303    7.830  #2b2b2c   44 2  0.0038
 304    7.900  #2c2b2b   44 3  0.0089
 305    7.920  #2c2b2c   44 4  0.0025
 306    8.070  #2b2c2b   44 5  0.0188
 307    8.090  #2b2c2c   44 6  0.0025
 308    8.160  #2c2c2b   44 7  0.0086
 309    8.190  #2c2c2c   45 1  0.0037
 310    8.220  #2c2c2d   45 2  0.0037
 311    8.300  #2d2c2c   45 3  0.0097
 312    8.330  #2d2c2d   45 4  0.0036
 313    8.470  #2c2d2c   45 5  0.0167
 314    8.500  #2c2d2d   45 6  0.0035
 315    8.580  #2d2d2c   45 7  0.0094
 316    8.600  #2d2d2d   46 1  0.0023
 317    8.640  #2d2d2e   46 2  0.0046
 318    8.720  #2e2d2d   46 3  0.0092
 319    8.750  #2e2d2e   46 4  0.0034
 320    8.880  #2d2e2d   46 5  0.0147
 321    8.910  #2d2e2e   46 6  0.0034
 322    9.000  #2e2e2d   46 7  0.0101
 323    9.040  #2e2e2e   47 1  0.0044
 324    9.060  #2e2e2f   47 2  0.0022
 325    9.140  #2f2e2e   47 3  0.0088
 326    9.160  #2f2e2f   47 4  0.0022
 327    9.320  #2e2f2e   47 5  0.0173
 328    9.340  #2e2f2f   47 6  0.0021
 329    9.420  #2f2f2e   47 7  0.0085
 330    9.450  #2f2f2f   48 1  0.0032
 331    9.480  #2f2f30   48 2  0.0032
 332    9.600  #302f2f   48 3  0.0126
 333    9.630  #302f30   48 4  0.0031
 334    9.740  #2f302f   48 5  0.0114
 335    9.780  #2f3030   48 6  0.0041
 336    9.900  #30302f   48 7  0.0122
 337    9.930  #303030   49 1  0.0030
 338    9.960  #303031   49 2  0.0030
 339   10.020  #313030   49 3  0.0060
 340   10.060  #313031   49 4  0.0040
 341   10.240  #303130   49 5  0.0177
 342   10.270  #303131   49 6  0.0029
 343   10.340  #313130   49 7  0.0068
 344   10.370  #313131   50 1  0.0029
 345   10.400  #313132   50 2  0.0029
 346   10.500  #323131   50 3  0.0096
 347   10.520  #323132   50 4  0.0019
 348   10.610  #313231   50 5  0.0085
 349   10.620  #313232   50 6  0.0009
 350   10.730  #323231   50 7  0.0103
 351   10.750  #323232   51 1  0.0019
 352   10.790  #323233   51 2  0.0037
 353   10.890  #333232   51 3  0.0092
 354   10.920  #333233   51 4  0.0028
 355   11.070  #323332   51 5  0.0136
 356   11.110  #323333   51 6  0.0036
 357   11.210  #333332   51 7  0.0090
 358   11.240  #333333   52 1  0.0027
 359   11.280  #333334   52 2  0.0036
 360   11.340  #343333   52 3  0.0053
 361   11.370  #343334   52 4  0.0026
 362   11.560  #333433   52 5  0.0166
 363   11.600  #333434   52 6  0.0035
 364   11.660  #343433   52 7  0.0052
 365   11.700  #343434   53 1  0.0034
 366   11.740  #343435   53 2  0.0034
 367   11.860  #353434   53 3  0.0102
 368   11.890  #353435   53 4  0.0025
 369   12.030  #343534   53 5  0.0117
 370   12.070  #343535   53 6  0.0033
 371   12.180  #353534   53 7  0.0091
 372   12.220  #353535   54 1  0.0033
 373   12.260  #353536   54 2  0.0033
 374   12.340  #363535   54 3  0.0065
 375   12.370  #363536   54 4  0.0024
 376   12.560  #353635   54 5  0.0152
 377   12.600  #353636   54 6  0.0032
 378   12.680  #363635   54 7  0.0063
 379   12.720  #363636   55 1  0.0031
 380   12.750  #363637   55 2  0.0024
 381   12.860  #373636   55 3  0.0086
 382   12.890  #373637   55 4  0.0023
 383   13.060  #363736   55 5  0.0131
 384   13.090  #363737   55 6  0.0023
 385   13.200  #373736   55 7  0.0084
 386   13.230  #373737   56 1  0.0023
 387   13.280  #373738   56 2  0.0038
 388   13.380  #383737   56 3  0.0075
 389   13.430  #383738   56 4  0.0037
 390   13.600  #373837   56 5  0.0126
 391   13.640  #373838   56 6  0.0029
 392   13.740  #383837   56 7  0.0073
 393   13.780  #383838   57 1  0.0029
 394   13.820  #383839   57 2  0.0029
 395   13.900  #393838   57 3  0.0058
 396   13.940  #393839   57 4  0.0029
 397   14.060  #383938   57 5  0.0086
 398   14.100  #383939   57 6  0.0028
 399   14.180  #393938   57 7  0.0057
 400   14.220  #393939   58 1  0.0028
 401   14.250  #39393a   58 2  0.0021
 402   14.370  #3a3939   58 3  0.0084
 403   14.400  #3a393a   58 4  0.0021
 404   14.580  #393a39   58 5  0.0124
 405   14.610  #393a3a   58 6  0.0021
 406   14.740  #3a3a39   58 7  0.0089
 407   14.770  #3a3a3a   59 1  0.0020
 408   14.800  #3a3a3b   59 2  0.0020
 409   14.890  #3b3a3a   59 3  0.0061
 410   14.910  #3b3a3b   59 4  0.0013
 411   15.140  #3a3b3a   59 5  0.0153
 412   15.160  #3a3b3b   59 6  0.0013
 413   15.260  #3b3b3a   59 7  0.0066
 414   15.280  #3b3b3b   60 1  0.0013
 415   15.320  #3b3b3c   60 2  0.0026
 416   15.430  #3c3b3b   60 3  0.0072
 417   15.480  #3c3b3c   60 4  0.0032
 418   15.660  #3b3c3b   60 5  0.0116
 419   15.700  #3b3c3c   60 6  0.0026
 420   15.820  #3c3c3b   60 7  0.0076
 421   15.870  #3c3c3c   61 1  0.0032
 422   15.920  #3c3c3d   61 2  0.0031
 423   16.100  #3d3c3c   61 3  0.0112
 424   16.140  #3d3c3d   61 4  0.0025
 425   16.250  #3c3d3c   61 5  0.0068
 426   16.290  #3c3d3d   61 6  0.0025
 427   16.480  #3d3d3c   61 7  0.0116
 428   16.530  #3d3d3d   62 1  0.0030
 429   16.580  #3d3d3e   62 2  0.0030
 430   16.650  #3e3d3d   62 3  0.0042
 431   16.700  #3e3d3e   62 4  0.0030
 432   16.930  #3d3e3d   62 5  0.0137
 433   16.970  #3d3e3e   62 6  0.0024
 434   17.050  #3e3e3d   62 7  0.0047
 435   17.090  #3e3e3e   63 1  0.0023
 436   17.140  #3e3e3f   63 2  0.0029
 437   17.260  #3f3e3e   63 3  0.0070
 438   17.300  #3f3e3f   63 4  0.0023
 439   17.490  #3e3f3e   63 5  0.0109
 440   17.540  #3e3f3f   63 6  0.0029
 441   17.600  #3f3f3e   63 7  0.0034
 442   17.700  #3f3f3f   64 1  0.0057
 443   17.700  #3f3f40   64 2  0.0000
 444   17.800  #403f3f   64 3  0.0056
 445   17.900  #403f40   64 4  0.0056
 446   18.100  #3f403f   64 5  0.0111
 447   18.100  #3f4040   64 6  0.0000
 448   18.300  #40403f   64 7  0.0110
 449   18.300  #404040   65 1  0.0000
 450   18.400  #404041   65 2  0.0054
 451   18.400  #414040   65 3  0.0000
 452   18.500  #414041   65 4  0.0054
 453   18.600  #404140   65 5  0.0054
 454   18.700  #404141   65 6  0.0054
 455   18.800  #414140   65 7  0.0053
 456   18.800  #414141   66 1  0.0000
 457   18.900  #414142   66 2  0.0053
 458   19.000  #424141   66 3  0.0053
 459   19.100  #424142   66 4  0.0052
 460   19.200  #414241   66 5  0.0052
 461   19.300  #414242   66 6  0.0052
 462   19.400  #424241   66 7  0.0052
 463   19.500  #424242   67 1  0.0051
 464   19.500  #424243   67 2  0.0000
 465   19.700  #434242   67 3  0.0102
 466   19.700  #434243   67 4  0.0000
 467   20.000  #424342   67 5  0.0151
 468   20.000  #424343   67 6  0.0000
 469   20.100  #434342   67 7  0.0050
 470   20.100  #434343   68 1  0.0000
 471   20.200  #434344   68 2  0.0050
 472   20.400  #444343   68 3  0.0099
 473   20.400  #444344   68 4  0.0000
 474   20.600  #434443   68 5  0.0098
 475   20.700  #434444   68 6  0.0048
 476   20.800  #444443   68 7  0.0048
 477   20.900  #444444   69 1  0.0048
 478   20.900  #444445   69 2  0.0000
 479   21.100  #454444   69 3  0.0095
 480   21.100  #454445   69 4  0.0000
 481   21.300  #444544   69 5  0.0094
 482   21.400  #444545   69 6  0.0047
 483   21.500  #454544   69 7  0.0047
 484   21.600  #454545   70 1  0.0046
 485   21.600  #454546   70 2  0.0000
 486   21.700  #464545   70 3  0.0046
 487   21.800  #464546   70 4  0.0046
 488   22.000  #454645   70 5  0.0091
 489   22.100  #454646   70 6  0.0045
 490   22.200  #464645   70 7  0.0045
 491   22.200  #464646   71 1  0.0000
 492   22.200  #464647   71 2  0.0000
 493   22.400  #474646   71 3  0.0090
 494   22.400  #474647   71 4  0.0000
 495   22.700  #464746   71 5  0.0133
 496   22.700  #464747   71 6  0.0000
 497   22.900  #474746   71 7  0.0088
 498   22.900  #474747   72 1  0.0000
 499   23.000  #474748   72 2  0.0044
 500   23.100  #484747   72 3  0.0043
 501   23.100  #484748   72 4  0.0000
 502   23.200  #474847   72 5  0.0043
 503   23.300  #474848   72 6  0.0043
 504   23.400  #484847   72 7  0.0043
 505   23.500  #484848   73 1  0.0043
 506   23.500  #484849   73 2  0.0000
 507   23.700  #494848   73 3  0.0085
 508   23.700  #494849   73 4  0.0000
 509   24.000  #484948   73 5  0.0126
 510   24.000  #484949   73 6  0.0000
 511   24.100  #494948   73 7  0.0042
 512   24.200  #494949   74 1  0.0041
 513   24.300  #49494a   74 2  0.0041
 514   24.400  #4a4949   74 3  0.0041
 515   24.500  #4a494a   74 4  0.0041
 516   24.700  #494a49   74 5  0.0081
 517   24.800  #494a4a   74 6  0.0040
 518   24.900  #4a4a49   74 7  0.0040
 519   25.000  #4a4a4a   75 1  0.0040
 520   25.000  #4a4a4b   75 2  0.0000
 521   25.100  #4b4a4a   75 3  0.0040
 522   25.200  #4b4a4b   75 4  0.0040
 523   25.500  #4a4b4a   75 5  0.0118
 524   25.500  #4a4b4b   75 6  0.0000
 525   25.600  #4b4b4a   75 7  0.0039
 526   25.700  #4b4b4b   76 1  0.0039
 527   25.700  #4b4b4c   76 2  0.0000
 528   25.900  #4c4b4b   76 3  0.0078
 529   26.000  #4c4b4c   76 4  0.0039
 530   26.200  #4b4c4b   76 5  0.0077
 531   26.200  #4b4c4c   76 6  0.0000
 532   26.400  #4c4c4b   76 7  0.0076
 533   26.000  #4c4c4c   77 1  -0.0153
 534   26.000  #4c4c4d   77 2  0.0000
 535   26.100  #4d4c4c   77 3  0.0038
 536   26.200  #4d4c4d   77 4  0.0038
 537   26.500  #4c4d4c   77 5  0.0114
 538   26.500  #4c4d4d   77 6  0.0000
 539   26.600  #4d4d4c   77 7  0.0038
 540   26.700  #4d4d4d   78 1  0.0038
 541   26.700  #4d4d4e   78 2  0.0000
 542   26.900  #4e4d4d   78 3  0.0075
 543   27.000  #4e4d4e   78 4  0.0037
 544   27.200  #4d4e4d   78 5  0.0074
 545   27.200  #4d4e4e   78 6  0.0000
 546   27.400  #4e4e4d   78 7  0.0073
 547   27.400  #4e4e4e   79 1  0.0000
 548   27.400  #4e4e4f   79 2  0.0000
 549   27.600  #4f4e4e   79 3  0.0073
 550   27.700  #4f4e4f   79 4  0.0036
 551   27.800  #4e4f4e   79 5  0.0036
 552   27.800  #4e4f4f   79 6  0.0000
 553   28.000  #4f4f4e   79 7  0.0072
 554   28.100  #4f4f4f   80 1  0.0036
 555   28.100  #4f4f50   80 2  0.0000
 556   28.200  #504f4f   80 3  0.0036
 557   28.200  #504f50   80 4  0.0000
 558   28.500  #4f504f   80 5  0.0106
 559   28.500  #4f5050   80 6  0.0000
 560   28.700  #50504f   80 7  0.0070
 561   28.700  #505050   81 1  0.0000
 562   28.800  #505051   81 2  0.0035
 563   28.900  #515050   81 3  0.0035
 564   29.000  #515051   81 4  0.0035
 565   29.200  #505150   81 5  0.0069
 566   29.300  #505151   81 6  0.0034
 567   29.400  #515150   81 7  0.0034
 568   29.500  #515151   82 1  0.0034
 569   29.600  #515152   82 2  0.0034
 570   29.600  #525151   82 3  0.0000
 571   29.700  #525152   82 4  0.0034
 572   30.000  #515251   82 5  0.0101
 573   30.100  #515252   82 6  0.0033
 574   30.100  #525251   82 7  0.0000
 575   30.200  #525252   83 1  0.0033
 576   30.300  #525253   83 2  0.0033
 577   30.400  #535252   83 3  0.0033
 578   30.500  #535253   83 4  0.0033
 579   30.700  #525352   83 5  0.0065
 580   30.800  #525353   83 6  0.0033
 581   30.900  #535352   83 7  0.0032
 582   31.000  #535353   84 1  0.0032
 583   31.000  #535354   84 2  0.0000
 584   31.200  #545353   84 3  0.0064
 585   31.300  #545354   84 4  0.0032
 586   31.500  #535453   84 5  0.0064
 587   31.600  #535454   84 6  0.0032
 588   31.800  #545453   84 7  0.0063
 589   31.900  #545454   85 1  0.0031
 590   31.900  #545455   85 2  0.0000
 591   32.000  #555454   85 3  0.0031
 592   32.100  #555455   85 4  0.0031
 593   32.400  #545554   85 5  0.0093
 594   32.400  #545555   85 6  0.0000
 595   32.500  #555554   85 7  0.0031
 596   32.600  #555555   86 1  0.0031
 597   32.700  #555556   86 2  0.0031
 598   32.800  #565555   86 3  0.0031
 599   32.900  #565556   86 4  0.0030
 600   33.000  #555655   86 5  0.0030
 601   33.100  #555656   86 6  0.0030
 602   33.200  #565655   86 7  0.0030
 603   33.300  #565656   87 1  0.0030
 604   33.400  #565657   87 2  0.0030
 605   33.500  #575656   87 3  0.0030
 606   33.500  #575657   87 4  0.0000
 607   33.800  #565756   87 5  0.0089
 608   33.900  #565757   87 6  0.0030
 609   34.000  #575756   87 7  0.0029
 610   34.100  #575757   88 1  0.0029
 611   34.200  #575758   88 2  0.0029
 612   34.200  #585757   88 3  0.0000
 613   34.300  #585758   88 4  0.0029
 614   34.600  #575857   88 5  0.0087
 615   34.700  #575858   88 6  0.0029
 616   34.800  #585857   88 7  0.0029
 617   34.800  #585858   89 1  0.0000
 618   34.900  #585859   89 2  0.0029
 619   35.100  #595858   89 3  0.0057
 620   35.100  #595859   89 4  0.0000
 621   35.400  #585958   89 5  0.0085
 622   35.400  #585959   89 6  0.0000
 623   35.600  #595958   89 7  0.0056
 624   35.600  #595959   90 1  0.0000
 625   35.700  #59595a   90 2  0.0028
 626   35.800  #5a5959   90 3  0.0028
 627   35.900  #5a595a   90 4  0.0028
 628   36.200  #595a59   90 5  0.0083
 629   36.200  #595a5a   90 6  0.0000
 630   36.400  #5a5a59   90 7  0.0055
 631   36.400  #5a5a5a   91 1  0.0000
 632   36.500  #5a5a5b   91 2  0.0027
 633   36.600  #5b5a5a   91 3  0.0027
 634   36.700  #5b5a5b   91 4  0.0027
 635   37.000  #5a5b5a   91 5  0.0081
 636   37.000  #5a5b5b   91 6  0.0000
 637   37.200  #5b5b5a   91 7  0.0054
 638   37.200  #5b5b5b   92 1  0.0000
 639   37.300  #5b5b5c   92 2  0.0027
 640   37.600  #5c5b5b   92 3  0.0080
 641   37.700  #5c5b5c   92 4  0.0027
 642   37.800  #5b5c5b   92 5  0.0026
 643   37.900  #5b5c5c   92 6  0.0026
 644   38.100  #5c5c5b   92 7  0.0053
 645   38.200  #5c5c5c   93 1  0.0026
 646   38.200  #5c5c5d   93 2  0.0000
 647   38.400  #5d5c5c   93 3  0.0052
 648   38.400  #5d5c5d   93 4  0.0000
 649   38.600  #5c5d5c   93 5  0.0052
 650   38.700  #5c5d5d   93 6  0.0026
 651   38.800  #5d5d5c   93 7  0.0026
 652   38.800  #5d5d5d   94 1  0.0000
 653   38.900  #5d5d5e   94 2  0.0026
 654   39.100  #5e5d5d   94 3  0.0051
 655   39.100  #5e5d5e   94 4  0.0000
 656   39.400  #5d5e5d   94 5  0.0076
 657   39.500  #5d5e5e   94 6  0.0025
 658   39.700  #5e5e5d   94 7  0.0051
 659   39.700  #5e5e5e   95 1  0.0000
 660   39.800  #5e5e5f   95 2  0.0025
 661   39.900  #5f5e5e   95 3  0.0025
 662   40.000  #5f5e5f   95 4  0.0025
 663   40.300  #5e5f5e   95 5  0.0075
 664   40.400  #5e5f5f   95 6  0.0025
 665   40.500  #5f5f5e   95 7  0.0025
 666   40.500  #5f5f5f   96 1  0.0000
 667   40.600  #5f5f60   96 2  0.0025
 668   40.800  #605f5f   96 3  0.0049
 669   40.900  #605f60   96 4  0.0024
 670   41.100  #5f605f   96 5  0.0049
 671   41.200  #5f6060   96 6  0.0024
 672   41.400  #60605f   96 7  0.0048
 673   41.500  #606060   97 1  0.0024
 674   41.500  #606061   97 2  0.0000
 675   41.700  #616060   97 3  0.0048
 676   41.700  #616061   97 4  0.0000
 677   42.000  #606160   97 5  0.0072
 678   42.100  #606161   97 6  0.0024
 679   42.200  #616160   97 7  0.0024
 680   42.300  #616161   98 1  0.0024
 681   42.400  #616162   98 2  0.0024
 682   42.500  #626161   98 3  0.0024
 683   42.600  #626162   98 4  0.0024
 684   42.900  #616261   98 5  0.0070
 685   42.900  #616262   98 6  0.0000
 686   43.100  #626261   98 7  0.0047
 687   43.100  #626262   99 1  0.0000
 688   43.200  #626263   99 2  0.0023
 689   43.400  #636262   99 3  0.0046
 690   43.400  #636263   99 4  0.0000
 691   43.700  #626362   99 5  0.0069
 692   43.800  #626363   99 6  0.0023
 693   44.000  #636362   99 7  0.0046
 694   44.100  #636363  100 1  0.0023
 695   44.100  #636364  100 2  0.0000
 696   44.200  #646363  100 3  0.0023
 697   44.300  #646364  100 4  0.0023
 698   44.500  #636463  100 5  0.0045
 699   44.600  #636464  100 6  0.0022
 700   44.700  #646463  100 7  0.0022
 701   44.700  #646464  101 1  0.0000
 702   44.800  #646465  101 2  0.0022
 703   45.000  #656464  101 3  0.0045
 704   45.100  #656465  101 4  0.0022
 705   45.300  #646564  101 5  0.0044
 706   45.400  #646565  101 6  0.0022
 707   45.600  #656564  101 7  0.0044
 708   45.600  #656565  102 1  0.0000
 709   45.700  #656566  102 2  0.0022
 710   45.900  #666565  102 3  0.0044
 711   46.000  #666566  102 4  0.0022
 712   46.300  #656665  102 5  0.0065
 713   46.400  #656666  102 6  0.0022
 714   46.500  #666665  102 7  0.0022
 715   46.600  #666666  103 1  0.0021
 716   46.700  #666667  103 2  0.0021
 717   46.800  #676666  103 3  0.0021
 718   46.800  #676667  103 4  0.0000
 719   47.200  #666766  103 5  0.0085
 720   47.300  #666767  103 6  0.0021
 721   47.400  #676766  103 7  0.0021
 722   47.400  #676767  104 1  0.0000
 723   47.500  #676768  104 2  0.0021
 724   47.700  #686767  104 3  0.0042
 725   47.800  #686768  104 4  0.0021
 726   48.100  #676867  104 5  0.0063
 727   48.200  #676868  104 6  0.0021
 728   48.300  #686867  104 7  0.0021
 729   48.400  #686868  105 1  0.0021
 730   48.500  #686869  105 2  0.0021
 731   48.600  #696868  105 3  0.0021
 732   48.700  #696869  105 4  0.0021
 733   49.000  #686968  105 5  0.0061
 734   49.100  #686969  105 6  0.0020
 735   49.200  #696968  105 7  0.0020
 736   49.300  #696969  106 1  0.0020
 737   49.400  #69696a  106 2  0.0020
 738   49.600  #6a6969  106 3  0.0040
 739   49.700  #6a696a  106 4  0.0020
 740   50.000  #696a69  106 5  0.0060
 741   50.000  #696a6a  106 6  0.0000
 742   50.200  #6a6a69  106 7  0.0040
 743   50.300  #6a6a6a  107 1  0.0020
 744   50.400  #6a6a6b  107 2  0.0020
 745   50.600  #6b6a6a  107 3  0.0040
 746   50.700  #6b6a6b  107 4  0.0020
 747   50.800  #6a6b6a  107 5  0.0020
 748   50.900  #6a6b6b  107 6  0.0020
 749   51.000  #6b6b6a  107 7  0.0020
 750   51.100  #6b6b6b  108 1  0.0020
 751   51.200  #6b6b6c  108 2  0.0020
 752   51.300  #6c6b6b  108 3  0.0020
 753   51.400  #6c6b6c  108 4  0.0019
 754   51.800  #6b6c6b  108 5  0.0078
 755   51.900  #6b6c6c  108 6  0.0019
 756   52.000  #6c6c6b  108 7  0.0019
 757   52.100  #6c6c6c  109 1  0.0019
 758   52.200  #6c6c6d  109 2  0.0019
 759   52.400  #6d6c6c  109 3  0.0038
 760   52.500  #6d6c6d  109 4  0.0019
 761   52.700  #6c6d6c  109 5  0.0038
 762   52.800  #6c6d6d  109 6  0.0019
 763   53.100  #6d6d6c  109 7  0.0057
 764   53.100  #6d6d6d  110 1  0.0000
 765   53.200  #6d6d6e  110 2  0.0019
 766   53.400  #6e6d6d  110 3  0.0038
 767   53.500  #6e6d6e  110 4  0.0019
 768   53.800  #6d6e6d  110 5  0.0056
 769   53.900  #6d6e6e  110 6  0.0019
 770   54.100  #6e6e6d  110 7  0.0037
 771   54.200  #6e6e6e  111 1  0.0018
 772   54.300  #6e6e6f  111 2  0.0018
 773   54.400  #6f6e6e  111 3  0.0018
 774   54.500  #6f6e6f  111 4  0.0018
 775   54.800  #6e6f6e  111 5  0.0055
 776   55.000  #6e6f6f  111 6  0.0036
 777   55.100  #6f6f6e  111 7  0.0018
 778   55.100  #6f6f6f  112 1  0.0000
 779   55.200  #6f6f70  112 2  0.0018
 780   55.400  #706f6f  112 3  0.0036
 781   55.500  #706f70  112 4  0.0018
 782   55.800  #6f706f  112 5  0.0054
 783   55.900  #6f7070  112 6  0.0018
 784   56.100  #70706f  112 7  0.0036
 785   56.200  #707070  113 1  0.0018
 786   56.300  #707071  113 2  0.0018
 787   56.400  #717070  113 3  0.0018
 788   56.500  #717071  113 4  0.0018
 789   56.900  #707170  113 5  0.0071
 790   57.000  #707171  113 6  0.0018
 791   57.100  #717170  113 7  0.0018
 792   57.200  #717171  114 1  0.0017
 793   57.300  #717172  114 2  0.0017
 794   57.500  #727171  114 3  0.0035
 795   57.600  #727172  114 4  0.0017
 796   57.700  #717271  114 5  0.0017
 797   57.800  #717272  114 6  0.0017
 798   58.000  #727271  114 7  0.0035
 799   58.100  #727272  115 1  0.0017
 800   58.200  #727273  115 2  0.0017
 801   58.400  #737272  115 3  0.0034
 802   58.500  #737273  115 4  0.0017
 803   58.800  #727372  115 5  0.0051
 804   58.900  #727373  115 6  0.0017
 805   59.100  #737372  115 7  0.0034
 806   59.200  #737373  116 1  0.0017
 807   59.300  #737374  116 2  0.0017
 808   59.400  #747373  116 3  0.0017
 809   59.500  #747374  116 4  0.0017
 810   59.900  #737473  116 5  0.0067
 811   60.000  #737474  116 6  0.0017
 812   60.100  #747473  116 7  0.0017
 813   60.200  #747474  117 1  0.0017
 814   60.300  #747475  117 2  0.0017
 815   60.500  #757474  117 3  0.0033
 816   60.600  #757475  117 4  0.0017
 817   61.000  #747574  117 5  0.0066
 818   61.100  #747575  117 6  0.0016
 819   61.300  #757574  117 7  0.0033
 820   61.400  #757575  118 1  0.0016
 821   61.500  #757576  118 2  0.0016
 822   61.600  #767575  118 3  0.0016
 823   61.700  #767576  118 4  0.0016
 824   62.100  #757675  118 5  0.0065
 825   62.200  #757676  118 6  0.0016
 826   62.400  #767675  118 7  0.0032
 827   62.500  #767676  119 1  0.0016
 828   62.500  #767677  119 2  0.0000
 829   62.800  #777676  119 3  0.0048
 830   62.900  #777677  119 4  0.0016
 831   63.200  #767776  119 5  0.0048
 832   63.300  #767777  119 6  0.0016
 833   63.500  #777776  119 7  0.0032
 834   63.600  #777777  120 1  0.0016
 835   63.700  #777778  120 2  0.0016
 836   63.900  #787777  120 3  0.0031
 837   64.000  #787778  120 4  0.0016
 838   64.400  #777877  120 5  0.0062
 839   64.500  #777878  120 6  0.0016
 840   64.700  #787877  120 7  0.0031
 841   64.800  #787878  121 1  0.0015
 842   64.900  #787879  121 2  0.0015
 843   65.100  #797878  121 3  0.0031
 844   65.200  #797879  121 4  0.0015
 845   65.400  #787978  121 5  0.0031
 846   64.900  #787979  121 6  -0.0077
 847   65.600  #797978  121 7  0.0107
 848   65.700  #797979  122 1  0.0015
 849   65.800  #79797a  122 2  0.0015
 850   66.100  #7a7979  122 3  0.0045
 851   66.200  #7a797a  122 4  0.0015
 852   66.500  #797a79  122 5  0.0045
 853   66.600  #797a7a  122 6  0.0015
 854   66.800  #7a7a79  122 7  0.0030
 855   66.900  #7a7a7a  123 1  0.0015
 856   67.100  #7a7a7b  123 2  0.0030
 857   67.200  #7b7a7a  123 3  0.0015
 858   67.300  #7b7a7b  123 4  0.0015
 859   67.800  #7a7b7a  123 5  0.0074
 860   67.800  #7a7b7b  123 6  0.0000
 861   68.000  #7b7b7a  123 7  0.0029
 862   68.100  #7b7b7b  124 1  0.0015
 863   68.200  #7b7b7c  124 2  0.0015
 864   68.400  #7c7b7b  124 3  0.0029
 865   68.500  #7c7b7c  124 4  0.0015
 866   68.900  #7b7c7b  124 5  0.0058
 867   69.000  #7b7c7c  124 6  0.0015
 868   69.200  #7c7c7b  124 7  0.0029
 869   69.300  #7c7c7c  125 1  0.0014
 870   69.500  #7c7c7d  125 2  0.0029
 871   69.700  #7d7c7c  125 3  0.0029
 872   69.800  #7d7c7d  125 4  0.0014
 873   70.200  #7c7d7c  125 5  0.0057
 874   70.300  #7c7d7d  125 6  0.0014
 875   70.500  #7d7d7c  125 7  0.0028
 876   70.600  #7d7d7d  126 1  0.0014
 877   70.700  #7d7d7e  126 2  0.0014
 878   70.900  #7e7d7d  126 3  0.0028
 879   71.000  #7e7d7e  126 4  0.0014
 880   71.500  #7d7e7d  126 5  0.0070
 881   71.600  #7d7e7e  126 6  0.0014
 882   71.800  #7e7e7d  126 7  0.0028
 883   71.800  #7e7e7e  127 1  0.0000
 884   71.900  #7e7e7f  127 2  0.0014
 885   72.200  #7f7e7e  127 3  0.0042
 886   72.300  #7f7e7f  127 4  0.0014
 887   72.600  #7e7f7e  127 5  0.0041
 888   72.800  #7e7f7f  127 6  0.0028
 889   73.100  #7f7f7e  127 7  0.0041
 890   73.200  #7f7f7f  128 1  0.0014
 891   73.300  #7f7f80  128 2  0.0014
 892   73.500  #807f7f  128 3  0.0027
 893   73.600  #807f80  128 4  0.0014
 894   74.000  #7f807f  128 5  0.0054
 895   74.000  #7f8080  128 6  0.0000
 896   74.300  #80807f  128 7  0.0040
 897   74.500  #808080  129 1  0.0027
 898   74.600  #808081  129 2  0.0013
 899   74.800  #818080  129 3  0.0027
 900   74.800  #818081  129 4  0.0000
 901   75.100  #808180  129 5  0.0040
 902   75.100  #808181  129 6  0.0000
 903   75.300  #818180  129 7  0.0027
 904   75.500  #818181  130 1  0.0027
 905   75.500  #818182  130 2  0.0000
 906   75.800  #828181  130 3  0.0040
 907   75.900  #828182  130 4  0.0013
 908   76.200  #818281  130 5  0.0039
 909   76.300  #818282  130 6  0.0013
 910   76.600  #828281  130 7  0.0039
 911   76.700  #828282  131 1  0.0013
 912   76.900  #828283  131 2  0.0026
 913   77.000  #838282  131 3  0.0013
 914   77.200  #838283  131 4  0.0026
 915   77.700  #828382  131 5  0.0065
 916   77.700  #828383  131 6  0.0000
 917   77.900  #838382  131 7  0.0026
 918   78.000  #838383  132 1  0.0013
 919   78.000  #838384  132 2  0.0000
 920   78.300  #848383  132 3  0.0038
 921   78.400  #848384  132 4  0.0013
 922   78.900  #838483  132 5  0.0064
 923   79.000  #838484  132 6  0.0013
 924   79.200  #848483  132 7  0.0025
 925   79.400  #848484  133 1  0.0025
 926   79.400  #848485  133 2  0.0000
 927   79.700  #858484  133 3  0.0038
 928   79.700  #858485  133 4  0.0000
 929   80.000  #848584  133 5  0.0038
 930   80.200  #848585  133 6  0.0025
 931   80.500  #858584  133 7  0.0037
 932   80.600  #858585  134 1  0.0012
 933   80.700  #858586  134 2  0.0012
 934   80.900  #868585  134 3  0.0025
 935   80.900  #868586  134 4  0.0000
 936   81.300  #858685  134 5  0.0049
 937   81.400  #858686  134 6  0.0012
 938   81.500  #868685  134 7  0.0012
 939   81.700  #868686  135 1  0.0025
 940   81.800  #868687  135 2  0.0012
 941   82.000  #878686  135 3  0.0024
 942   82.100  #878687  135 4  0.0012
 943   82.500  #868786  135 5  0.0049
 944   82.700  #868787  135 6  0.0024
 945   82.800  #878786  135 7  0.0012
 946   82.900  #878787  136 1  0.0012
 947   83.100  #878788  136 2  0.0024
 948   83.100  #888787  136 3  0.0000
 949   83.300  #888788  136 4  0.0024
 950   83.500  #878887  136 5  0.0024
 951   83.600  #878888  136 6  0.0012
 952   83.900  #888887  136 7  0.0036
 953   84.000  #888888  137 1  0.0012
 954   84.000  #888889  137 2  0.0000
 955   84.200  #898888  137 3  0.0024
 956   84.300  #898889  137 4  0.0012
 957   84.700  #888988  137 5  0.0047
 958   84.800  #888989  137 6  0.0012
 959   85.000  #898988  137 7  0.0024
 960   85.100  #898989  138 1  0.0012
 961   85.200  #89898a  138 2  0.0012
 962   85.600  #8a8989  138 3  0.0047
 963   85.700  #8a898a  138 4  0.0012
 964   86.000  #898a89  138 5  0.0035
 965   86.100  #898a8a  138 6  0.0012
 966   86.500  #8a8a89  138 7  0.0046
 967   86.500  #8a8a8a  139 1  0.0000
 968   86.700  #8a8a8b  139 2  0.0023
 969   86.900  #8b8a8a  139 3  0.0023
 970   87.000  #8b8a8b  139 4  0.0012
 971   87.400  #8a8b8a  139 5  0.0046
 972   87.500  #8a8b8b  139 6  0.0011
 973   87.700  #8b8b8a  139 7  0.0023
 974   87.800  #8b8b8b  140 1  0.0011
 975   87.900  #8b8b8c  140 2  0.0011
 976   88.100  #8c8b8b  140 3  0.0023
 977   88.200  #8c8b8c  140 4  0.0011
 978   88.600  #8b8c8b  140 5  0.0045
 979   88.700  #8b8c8c  140 6  0.0011
 980   89.000  #8c8c8b  140 7  0.0034
 981   89.100  #8c8c8c  141 1  0.0011
 982   89.400  #8c8c8d  141 2  0.0034
 983   89.500  #8d8c8c  141 3  0.0011
 984   89.700  #8d8c8d  141 4  0.0022
 985   90.000  #8c8d8c  141 5  0.0033
 986   90.200  #8c8d8d  141 6  0.0022
 987   90.300  #8d8d8c  141 7  0.0011
 988   90.500  #8d8d8d  142 1  0.0022
 989   90.500  #8d8d8e  142 2  0.0000
 990   90.800  #8e8d8d  142 3  0.0033
 991   91.000  #8e8d8e  142 4  0.0022
 992   91.300  #8d8e8d  142 5  0.0033
 993   91.400  #8d8e8e  142 6  0.0011
 994   91.800  #8e8e8d  142 7  0.0044
 995   91.900  #8e8e8e  143 1  0.0011
 996   91.900  #8e8e8f  143 2  0.0000
 997   92.200  #8f8e8e  143 3  0.0033
 998   92.300  #8f8e8f  143 4  0.0011
 999   92.500  #8e8f8e  143 5  0.0022
1000   92.600  #8e8f8f  143 6  0.0011
1001   92.900  #8f8f8e  143 7  0.0032
1002   92.800  #8f8f8f  144 1  -0.0011
1003   93.000  #8f8f90  144 2  0.0022
1004   93.100  #908f8f  144 3  0.0011
1005   93.300  #908f90  144 4  0.0021
1006   93.700  #8f908f  144 5  0.0043
1007   93.800  #8f9090  144 6  0.0011
1008   94.000  #90908f  144 7  0.0021
1009   94.100  #909090  145 1  0.0011
1010   94.200  #909091  145 2  0.0011
1011   94.500  #919090  145 3  0.0032
1012   94.600  #919091  145 4  0.0011
1013   95.100  #909190  145 5  0.0053
1014   95.100  #909191  145 6  0.0000
1015   95.400  #919190  145 7  0.0031
1016   95.500  #919191  146 1  0.0010
1017   95.600  #919192  146 2  0.0010
1018   95.800  #929191  146 3  0.0021
1019   95.900  #929192  146 4  0.0010
1020   96.400  #919291  146 5  0.0052
1021   96.500  #919292  146 6  0.0010
1022   96.800  #929291  146 7  0.0031
1023   96.800  #929292  147 1  0.0000
1024   97.000  #929293  147 2  0.0021
1025   97.200  #939292  147 3  0.0021
1026   97.300  #939293  147 4  0.0010
1027   97.700  #929392  147 5  0.0041
1028   97.800  #929393  147 6  0.0010
1029   98.100  #939392  147 7  0.0031
1030   98.200  #939393  148 1  0.0010
1031   98.400  #939394  148 2  0.0020
1032   98.700  #949393  148 3  0.0030
1033   98.800  #949394  148 4  0.0010
1034   99.200  #939493  148 5  0.0040
1035   99.200  #939494  148 6  0.0000
1036   99.600  #949493  148 7  0.0040
1037   99.700  #949494  149 1  0.0010
1038   99.800  #949495  149 2  0.0010
1039   99.900  #959494  149 3  0.0010
1040  100.100  #959495  149 4  0.0020
1041  100.700  #949594  149 5  0.0060
1042  100.900  #949595  149 6  0.0020
1043  101.100  #959594  149 7  0.0020
1044  101.100  #959595  150 1  0.0000
1045  101.100  #959596  150 2  0.0000
1046  101.500  #969595  150 3  0.0039
1047  101.600  #969596  150 4  0.0010
1048  101.800  #959695  150 5  0.0020
1049  101.900  #959696  150 6  0.0010
1050  102.200  #969695  150 7  0.0029
1051  102.300  #969696  151 1  0.0010
1052  102.500  #969697  151 2  0.0020
1053  102.800  #979696  151 3  0.0029
1054  103.000  #979697  151 4  0.0019
1055  103.300  #969796  151 5  0.0029
1056  103.400  #969797  151 6  0.0010
1057  103.700  #979796  151 7  0.0029
1058  103.800  #979797  152 1  0.0010
1059  103.900  #979798  152 2  0.0010
1060  104.100  #989797  152 3  0.0019
1061  104.200  #989798  152 4  0.0010
1062  104.800  #979897  152 5  0.0057
1063  105.000  #979898  152 6  0.0019
1064  105.100  #989897  152 7  0.0010
1065  105.200  #989898  153 1  0.0010
1066  105.400  #989899  153 2  0.0019
1067  105.700  #999898  153 3  0.0028
1068  105.800  #999899  153 4  0.0009
1069  106.200  #989998  153 5  0.0038
1070  106.300  #989999  153 6  0.0009
1071  106.600  #999998  153 7  0.0028
1072  106.700  #999999  154 1  0.0009
1073  106.900  #99999a  154 2  0.0019
1074  107.100  #9a9999  154 3  0.0019
1075  107.200  #9a999a  154 4  0.0009
1076  107.800  #999a99  154 5  0.0056
1077  108.000  #999a9a  154 6  0.0019
1078  108.100  #9a9a99  154 7  0.0009
1079  108.200  #9a9a9a  155 1  0.0009
1080  108.400  #9a9a9b  155 2  0.0018
1081  108.700  #9b9a9a  155 3  0.0028
1082  108.800  #9b9a9b  155 4  0.0009
1083  109.300  #9a9b9a  155 5  0.0046
1084  109.400  #9a9b9b  155 6  0.0009
1085  109.700  #9b9b9a  155 7  0.0027
1086  109.800  #9b9b9b  156 1  0.0009
1087  109.900  #9b9b9c  156 2  0.0009
1088  110.200  #9c9b9b  156 3  0.0027
1089  110.400  #9c9b9c  156 4  0.0018
1090  110.900  #9b9c9b  156 5  0.0045
1091  111.000  #9b9c9c  156 6  0.0009
1092  111.300  #9c9c9b  156 7  0.0027
1093  111.400  #9c9c9c  157 1  0.0009
1094  111.500  #9c9c9d  157 2  0.0009
1095  111.800  #9d9c9c  157 3  0.0027
1096  112.000  #9d9c9d  157 4  0.0018
1097  112.200  #9c9d9c  157 5  0.0018
1098  112.400  #9c9d9d  157 6  0.0018
1099  112.600  #9d9d9c  157 7  0.0018
1100  112.700  #9d9d9d  158 1  0.0009
1101  112.700  #9d9d9e  158 2  0.0000
1102  113.100  #9e9d9d  158 3  0.0035
1103  113.200  #9e9d9e  158 4  0.0009
1104  113.700  #9d9e9d  158 5  0.0044
1105  113.900  #9d9e9e  158 6  0.0018
1106  114.100  #9e9e9d  158 7  0.0018
1107  114.200  #9e9e9e  159 1  0.0009
1108  114.400  #9e9e9f  159 2  0.0017
1109  114.600  #9f9e9e  159 3  0.0017
1110  114.700  #9f9e9f  159 4  0.0009
1111  115.400  #9e9f9e  159 5  0.0061
1112  115.500  #9e9f9f  159 6  0.0009
1113  115.700  #9f9f9e  159 7  0.0017
1114  115.800  #9f9f9f  160 1  0.0009
1115  115.900  #9f9fa0  160 2  0.0009
1116  116.100  #a09f9f  160 3  0.0017
1117  116.300  #a09fa0  160 4  0.0017
1118  116.800  #9fa09f  160 5  0.0043
1119  116.900  #9fa0a0  160 6  0.0009
1120  117.200  #a0a09f  160 7  0.0026
1121  117.400  #a0a0a0  161 1  0.0017
1122  117.600  #a0a0a1  161 2  0.0017
1123  118.000  #a1a0a0  161 3  0.0034
1124  117.900  #a1a0a1  161 4  -0.0008
1125  118.500  #a0a1a0  161 5  0.0051
1126  118.600  #a0a1a1  161 6  0.0008
1127  119.000  #a1a1a0  161 7  0.0034
1128  119.100  #a1a1a1  162 1  0.0008
1129  119.200  #a1a1a2  162 2  0.0008
1130  119.500  #a2a1a1  162 3  0.0025
1131  119.500  #a2a1a2  162 4  0.0000
1132  120.200  #a1a2a1  162 5  0.0058
1133  120.400  #a1a2a2  162 6  0.0017
1134  120.600  #a2a2a1  162 7  0.0017
1135  120.800  #a2a2a2  163 1  0.0017
1136  120.800  #a2a2a3  163 2  0.0000
1137  121.100  #a3a2a2  163 3  0.0025
1138  121.200  #a3a2a3  163 4  0.0008
1139  121.800  #a2a3a2  163 5  0.0049
1140  121.900  #a2a3a3  163 6  0.0008
1141  122.200  #a3a3a2  163 7  0.0025
1142  122.300  #a3a3a3  164 1  0.0008
1143  122.400  #a3a3a4  164 2  0.0008
1144  122.700  #a4a3a3  164 3  0.0024
1145  122.800  #a4a3a4  164 4  0.0008
1146  123.100  #a3a4a3  164 5  0.0024
1147  123.300  #a3a4a4  164 6  0.0016
1148  123.600  #a4a4a3  164 7  0.0024
1149  123.800  #a4a4a4  165 1  0.0016
1150  123.800  #a4a4a5  165 2  0.0000
1151  124.100  #a5a4a4  165 3  0.0024
1152  124.300  #a5a4a5  165 4  0.0016
1153  124.800  #a4a5a4  165 5  0.0040
1154  125.000  #a4a5a5  165 6  0.0016
1155  125.300  #a5a5a4  165 7  0.0024
1156  125.500  #a5a5a5  166 1  0.0016
1157  125.700  #a5a5a6  166 2  0.0016
1158  126.000  #a6a5a5  166 3  0.0024
1159  126.000  #a6a5a6  166 4  0.0000
1160  126.600  #a5a6a5  166 5  0.0048
1161  126.800  #a5a6a6  166 6  0.0016
1162  127.300  #a6a6a5  166 7  0.0039
1163  127.100  #a6a6a6  167 1  -0.0016
1164  127.400  #a6a6a7  167 2  0.0024
1165  127.700  #a7a6a6  167 3  0.0024
1166  127.800  #a7a6a7  167 4  0.0008
1167  128.400  #a6a7a6  167 5  0.0047
1168  128.500  #a6a7a7  167 6  0.0008
1169  128.800  #a7a7a6  167 7  0.0023
1170  129.000  #a7a7a7  168 1  0.0016
1171  129.100  #a7a7a8  168 2  0.0008
1172  129.300  #a8a7a7  168 3  0.0015
1173  129.400  #a8a7a8  168 4  0.0008
1174  130.000  #a7a8a7  168 5  0.0046
1175  130.200  #a7a8a8  168 6  0.0015
1176  130.600  #a8a8a7  168 7  0.0031
1177  130.700  #a8a8a8  169 1  0.0008
1178  130.700  #a8a8a9  169 2  0.0000
1179  131.000  #a9a8a8  169 3  0.0023
1180  131.200  #a9a8a9  169 4  0.0015
1181  131.900  #a8a9a8  169 5  0.0053
1182  132.000  #a8a9a9  169 6  0.0008
1183  132.300  #a9a9a8  169 7  0.0023
1184  132.400  #a9a9a9  170 1  0.0008
1185  132.400  #a9a9aa  170 2  0.0000
1186  132.800  #aaa9a9  170 3  0.0030
1187  133.200  #aaa9aa  170 4  0.0030
1188  133.700  #a9aaa9  170 5  0.0037
1189  133.600  #a9aaaa  170 6  -0.0007
1190  134.000  #aaaaa9  170 7  0.0030
1191  134.200  #aaaaaa  171 1  0.0015
1192  134.300  #aaaaab  171 2  0.0007
1193  134.500  #abaaaa  171 3  0.0015
1194  134.900  #abaaab  171 4  0.0030
1195  135.100  #aaabaa  171 5  0.0015
1196  135.200  #aaabab  171 6  0.0007
1197  135.500  #ababaa  171 7  0.0022
1198  135.700  #ababab  172 1  0.0015
1199  135.800  #ababac  172 2  0.0007
1200  136.200  #acabab  172 3  0.0029
1201  136.500  #acabac  172 4  0.0022
1202  137.000  #abacab  172 5  0.0037
1203  137.000  #abacac  172 6  0.0000
1204  137.400  #acacab  172 7  0.0029
1205  137.700  #acacac  173 1  0.0022
1206  137.700  #acacad  173 2  0.0000
1207  137.900  #adacac  173 3  0.0015
1208  138.200  #adacad  173 4  0.0022
1209  139.000  #acadac  173 5  0.0058
1210  138.900  #acadad  173 6  -0.0007
1211  139.100  #adadac  173 7  0.0014
1212  139.300  #adadad  174 1  0.0014
1213  139.500  #adadae  174 2  0.0014
1214  139.800  #aeadad  174 3  0.0021
1215  139.800  #aeadae  174 4  0.0000
1216  140.400  #adaead  174 5  0.0043
1217  140.600  #adaeae  174 6  0.0014
1218  141.000  #aeaead  174 7  0.0028
1219  141.200  #aeaeae  175 1  0.0014
1220  141.300  #aeaeaf  175 2  0.0007
1221  141.400  #afaeae  175 3  0.0007
1222  141.800  #afaeaf  175 4  0.0028
1223  142.500  #aeafae  175 5  0.0049
1224  142.600  #aeafaf  175 6  0.0007
1225  142.700  #afafae  175 7  0.0007
1226  143.000  #afafaf  176 1  0.0021
1227  143.100  #afafb0  176 2  0.0007
1228  143.500  #b0afaf  176 3  0.0028
1229  143.500  #b0afb0  176 4  0.0000
1230  144.400  #afb0af  176 5  0.0063
1231  144.500  #afb0b0  176 6  0.0007
1232  144.800  #b0b0af  176 7  0.0021
1233  145.100  #b0b0b0  177 1  0.0021
1234  144.900  #b0b0b1  177 2  -0.0014
1235  145.500  #b1b0b0  177 3  0.0041
1236  145.500  #b1b0b1  177 4  0.0000
1237  146.200  #b0b1b0  177 5  0.0048
1238  146.500  #b0b1b1  177 6  0.0020
1239  146.400  #b1b1b0  177 7  -0.0007
1240  146.900  #b1b1b1  178 1  0.0034
1241  147.000  #b1b1b2  178 2  0.0007
1242  147.000  #b2b1b1  178 3  0.0000
1243  147.500  #b2b1b2  178 4  0.0034
1244  147.600  #b1b2b1  178 5  0.0007
1245  147.900  #b1b2b2  178 6  0.0020
1246  148.400  #b2b2b1  178 7  0.0034
1247  148.300  #b2b2b2  179 1  -0.0007
1248  148.700  #b2b2b3  179 2  0.0027
1249  148.900  #b3b2b2  179 3  0.0013
1250  149.200  #b3b2b3  179 4  0.0020
1251  149.800  #b2b3b2  179 5  0.0040
1252  149.700  #b2b3b3  179 6  -0.0007
1253  150.200  #b3b3b2  179 7  0.0033
1254  150.300  #b3b3b3  180 1  0.0007
1255  150.400  #b3b3b4  180 2  0.0007
1256  150.900  #b4b3b3  180 3  0.0033
1257  150.800  #b4b3b4  180 4  -0.0007
1258  151.800  #b3b4b3  180 5  0.0066
1259  151.800  #b3b4b4  180 6  0.0000
1260  152.000  #b4b4b3  180 7  0.0013
1261  152.300  #b4b4b4  181 1  0.0020
1262  152.200  #b4b4b5  181 2  -0.0007
1263  152.900  #b5b4b4  181 3  0.0046
1264  153.000  #b5b4b5  181 4  0.0007
1265  153.300  #b4b5b4  181 5  0.0020
1266  153.700  #b4b5b5  181 6  0.0026
1267  154.200  #b5b5b4  181 7  0.0032
1268  154.100  #b5b5b5  182 1  -0.0006
1269  154.500  #b5b5b6  182 2  0.0026
1270  154.700  #b6b5b5  182 3  0.0013
1271  154.900  #b6b5b6  182 4  0.0013
1272  155.700  #b5b6b5  182 5  0.0052
1273  155.600  #b5b6b6  182 6  -0.0006
1274  156.100  #b6b6b5  182 7  0.0032
1275  156.000  #b6b6b6  183 1  -0.0006
1276  156.400  #b6b6b7  183 2  0.0026
1277  156.800  #b7b6b6  183 3  0.0026
1278  156.900  #b7b6b7  183 4  0.0006
1279  157.500  #b6b7b6  183 5  0.0038
1280  157.400  #b6b7b7  183 6  -0.0006
1281  158.200  #b7b7b6  183 7  0.0051
1282  158.100  #b7b7b7  184 1  -0.0006
1283  158.400  #b7b7b8  184 2  0.0019
1284  158.800  #b8b7b7  184 3  0.0025
1285  158.900  #b8b7b8  184 4  0.0006
1286  159.700  #b7b8b7  184 5  0.0050
1287  159.500  #b7b8b8  184 6  -0.0013
1288  160.200  #b8b8b7  184 7  0.0044
1289  160.300  #b8b8b8  185 1  0.0006
1290  160.400  #b8b8b9  185 2  0.0006
1291  160.700  #b9b8b8  185 3  0.0019
1292  160.700  #b9b8b9  185 4  0.0000
1293  161.100  #b8b9b8  185 5  0.0025
1294  161.400  #b8b9b9  185 6  0.0019
1295  161.700  #b9b9b8  185 7  0.0019
1296  161.900  #b9b9b9  186 1  0.0012
1297  162.000  #b9b9ba  186 2  0.0006
1298  162.500  #bab9b9  186 3  0.0031
1299  162.500  #bab9ba  186 4  0.0000
1300  163.300  #b9bab9  186 5  0.0049
1301  163.500  #b9baba  186 6  0.0012
1302  163.700  #babab9  186 7  0.0012
1303  164.000  #bababa  187 1  0.0018
1304  164.100  #bababb  187 2  0.0006
1305  164.500  #bbbaba  187 3  0.0024
1306  164.700  #bbbabb  187 4  0.0012
1307  165.200  #babbba  187 5  0.0030
1308  165.600  #babbbb  187 6  0.0024
1309  165.600  #bbbbba  187 7  0.0000
1310  166.000  #bbbbbb  188 1  0.0024
1311  166.200  #bbbbbc  188 2  0.0012
1312  166.400  #bcbbbb  188 3  0.0012
1313  166.800  #bcbbbc  188 4  0.0024
1314  167.200  #bbbcbb  188 5  0.0024
1315  167.500  #bbbcbc  188 6  0.0018
1316  168.000  #bcbcbb  188 7  0.0030
1317  168.000  #bcbcbc  189 1  0.0000
1318  168.300  #bcbcbd  189 2  0.0018
1319  168.400  #bdbcbc  189 3  0.0006
1320  168.800  #bdbcbd  189 4  0.0024
1321  169.300  #bcbdbc  189 5  0.0030
1322  169.600  #bcbdbd  189 6  0.0018
1323  170.100  #bdbdbc  189 7  0.0029
1324  170.000  #bdbdbd  190 1  -0.0006
1325  170.400  #bdbdbe  190 2  0.0024
1326  170.400  #bebdbd  190 3  0.0000
1327  170.800  #bebdbe  190 4  0.0023
1328  171.600  #bdbebd  190 5  0.0047
1329  171.700  #bdbebe  190 6  0.0006
1330  172.100  #bebebd  190 7  0.0023
1331  172.000  #bebebe  191 1  -0.0006
1332  172.500  #bebebf  191 2  0.0029
1333  172.600  #bfbebe  191 3  0.0006
1334  173.000  #bfbebf  191 4  0.0023
1335  173.600  #bebfbe  191 5  0.0035
1336  173.700  #bebfbf  191 6  0.0006
1337  174.200  #bfbfbe  191 7  0.0029
1338  174.100  #bfbfbf  192 1  -0.0006
1339  174.400  #bfbfc0  192 2  0.0017
1340  174.800  #c0bfbf  192 3  0.0023
1341  175.100  #c0bfc0  192 4  0.0017
1342  175.000  #bfc0bf  192 5  -0.0006
1343  175.000  #bfc0c0  192 6  0.0000
1344  176.000  #c0c0bf  192 7  0.0057
1345  176.000  #c0c0c0  193 1  0.0000
1346  176.000  #c0c0c1  193 2  0.0000
1347  176.000  #c1c0c0  193 3  0.0000
1348  177.000  #c1c0c1  193 4  0.0057
1349  177.000  #c0c1c0  193 5  0.0000
1350  177.000  #c0c1c1  193 6  0.0000
1351  178.000  #c1c1c0  193 7  0.0056
1352  177.000  #c1c1c1  194 1  -0.0056
1353  178.000  #c1c1c2  194 2  0.0056
1354  178.000  #c2c1c1  194 3  0.0000
1355  178.000  #c2c1c2  194 4  0.0000
1356  179.000  #c1c2c1  194 5  0.0056
1357  179.000  #c1c2c2  194 6  0.0000
1358  180.000  #c2c2c1  194 7  0.0056
1359  180.000  #c2c2c2  195 1  0.0000
1360  180.000  #c2c2c3  195 2  0.0000
1361  180.000  #c3c2c2  195 3  0.0000
1362  180.000  #c3c2c3  195 4  0.0000
1363  181.000  #c2c3c2  195 5  0.0055
1364  181.000  #c2c3c3  195 6  0.0000
1365  182.000  #c3c3c2  195 7  0.0055
1366  182.000  #c3c3c3  196 1  0.0000
1367  182.000  #c3c3c4  196 2  0.0000
1368  182.000  #c4c3c3  196 3  0.0000
1369  182.000  #c4c3c4  196 4  0.0000
1370  183.000  #c3c4c3  196 5  0.0055
1371  184.000  #c3c4c4  196 6  0.0054
1372  184.000  #c4c4c3  196 7  0.0000
1373  184.000  #c4c4c4  197 1  0.0000
1374  184.000  #c4c4c5  197 2  0.0000
1375  185.000  #c5c4c4  197 3  0.0054
1376  185.000  #c5c4c5  197 4  0.0000
1377  185.000  #c4c5c4  197 5  0.0000
1378  186.000  #c4c5c5  197 6  0.0054
1379  186.000  #c5c5c4  197 7  0.0000
1380  186.000  #c5c5c5  198 1  0.0000
1381  186.000  #c5c5c6  198 2  0.0000
1382  187.000  #c6c5c5  198 3  0.0054
1383  187.000  #c6c5c6  198 4  0.0000
1384  187.000  #c5c6c5  198 5  0.0000
1385  188.000  #c5c6c6  198 6  0.0053
1386  188.000  #c6c6c5  198 7  0.0000
1387  188.000  #c6c6c6  199 1  0.0000
1388  188.000  #c6c6c7  199 2  0.0000
1389  189.000  #c7c6c6  199 3  0.0053
1390  189.000  #c7c6c7  199 4  0.0000
1391  189.000  #c6c7c6  199 5  0.0000
1392  190.000  #c6c7c7  199 6  0.0053
1393  190.000  #c7c7c6  199 7  0.0000
1394  190.000  #c7c7c7  200 1  0.0000
1395  190.000  #c7c7c8  200 2  0.0000
1396  191.000  #c8c7c7  200 3  0.0052
1397  191.000  #c8c7c8  200 4  0.0000
1398  191.000  #c7c8c7  200 5  0.0000
1399  191.000  #c7c8c8  200 6  0.0000
1400  192.000  #c8c8c7  200 7  0.0052
1401  192.000  #c8c8c8  201 1  0.0000
1402  192.000  #c8c8c9  201 2  0.0000
1403  193.000  #c9c8c8  201 3  0.0052
1404  193.000  #c9c8c9  201 4  0.0000
1405  194.000  #c8c9c8  201 5  0.0052
1406  193.000  #c8c9c9  201 6  -0.0052
1407  194.000  #c9c9c8  201 7  0.0052
1408  194.000  #c9c9c9  202 1  0.0000
1409  194.000  #c9c9ca  202 2  0.0000
1410  195.000  #cac9c9  202 3  0.0051
1411  195.000  #cac9ca  202 4  0.0000
1412  195.000  #c9cac9  202 5  0.0000
1413  196.000  #c9caca  202 6  0.0051
1414  196.000  #cacac9  202 7  0.0000
1415  197.000  #cacaca  203 1  0.0051
1416  197.000  #cacacb  203 2  0.0000
1417  197.000  #cbcaca  203 3  0.0000
1418  197.000  #cbcacb  203 4  0.0000
1419  198.000  #cacbca  203 5  0.0051
1420  198.000  #cacbcb  203 6  0.0000
1421  198.000  #cbcbca  203 7  0.0000
1422  199.000  #cbcbcb  204 1  0.0050
1423  199.000  #cbcbcc  204 2  0.0000
1424  199.000  #cccbcb  204 3  0.0000
1425  200.000  #cccbcc  204 4  0.0050
1426  200.000  #cbcccb  204 5  0.0000
1427  200.000  #cbcccc  204 6  0.0000
1428  201.000  #cccccb  204 7  0.0050
1429  201.000  #cccccc  205 1  0.0000
1430  201.000  #cccccd  205 2  0.0000
1431  201.000  #cdcccc  205 3  0.0000
1432  202.000  #cdcccd  205 4  0.0050
1433  202.000  #cccdcc  205 5  0.0000
1434  203.000  #cccdcd  205 6  0.0049
1435  203.000  #cdcdcc  205 7  0.0000
1436  203.000  #cdcdcd  206 1  0.0000
1437  203.000  #cdcdce  206 2  0.0000
1438  203.000  #cecdcd  206 3  0.0000
1439  204.000  #cecdce  206 4  0.0049
1440  204.000  #cdcecd  206 5  0.0000
1441  205.000  #cdcece  206 6  0.0049
1442  205.000  #cececd  206 7  0.0000
1443  205.000  #cecece  207 1  0.0000
1444  206.000  #cececf  207 2  0.0049
1445  206.000  #cfcece  207 3  0.0000
1446  206.000  #cfcecf  207 4  0.0000
1447  207.000  #cecfce  207 5  0.0048
1448  206.000  #cecfcf  207 6  -0.0048
1449  207.000  #cfcfce  207 7  0.0048
1450  207.000  #cfcfcf  208 1  0.0000
1451  208.000  #cfcfd0  208 2  0.0048
1452  208.000  #d0cfcf  208 3  0.0000
1453  208.000  #d0cfd0  208 4  0.0000
1454  209.000  #cfd0cf  208 5  0.0048
1455  209.000  #cfd0d0  208 6  0.0000
1456  210.000  #d0d0cf  208 7  0.0048
1457  209.000  #d0d0d0  209 1  -0.0048
1458  210.000  #d0d0d1  209 2  0.0048
1459  210.000  #d1d0d0  209 3  0.0000
1460  210.000  #d1d0d1  209 4  0.0000
1461  211.000  #d0d1d0  209 5  0.0048
1462  211.000  #d0d1d1  209 6  0.0000
1463  212.000  #d1d1d0  209 7  0.0047
1464  212.000  #d1d1d1  210 1  0.0000
1465  212.000  #d1d1d2  210 2  0.0000
1466  212.000  #d2d1d1  210 3  0.0000
1467  212.000  #d2d1d2  210 4  0.0000
1468  214.000  #d1d2d1  210 5  0.0094
1469  213.000  #d1d2d2  210 6  -0.0047
1470  214.000  #d2d2d1  210 7  0.0047
1471  214.000  #d2d2d2  211 1  0.0000
1472  214.000  #d2d2d3  211 2  0.0000
1473  215.000  #d3d2d2  211 3  0.0047
1474  215.000  #d3d2d3  211 4  0.0000
1475  216.000  #d2d3d2  211 5  0.0046
1476  215.000  #d2d3d3  211 6  -0.0046
1477  216.000  #d3d3d2  211 7  0.0046
1478  217.000  #d3d3d3  212 1  0.0046
1479  217.000  #d3d3d4  212 2  0.0000
1480  217.000  #d4d3d3  212 3  0.0000
1481  217.000  #d4d3d4  212 4  0.0000
1482  218.000  #d3d4d3  212 5  0.0046
1483  218.000  #d3d4d4  212 6  0.0000
1484  219.000  #d4d4d3  212 7  0.0046
1485  219.000  #d4d4d4  213 1  0.0000
1486  219.000  #d4d4d5  213 2  0.0000
1487  219.000  #d5d4d4  213 3  0.0000
1488  219.000  #d5d4d5  213 4  0.0000
1489  220.000  #d4d5d4  213 5  0.0046
1490  220.000  #d4d5d5  213 6  0.0000
1491  221.000  #d5d5d4  213 7  0.0045
1492  221.000  #d5d5d5  214 1  0.0000
1493  221.000  #d5d5d6  214 2  0.0000
1494  222.000  #d6d5d5  214 3  0.0045
1495  221.000  #d6d5d6  214 4  -0.0045
1496  222.000  #d5d6d5  214 5  0.0045
1497  222.000  #d5d6d6  214 6  0.0000
1498  223.000  #d6d6d5  214 7  0.0045
1499  223.000  #d6d6d6  215 1  0.0000
1500  223.000  #d6d6d7  215 2  0.0000
1501  224.000  #d7d6d6  215 3  0.0045
1502  224.000  #d7d6d7  215 4  0.0000
1503  224.000  #d6d7d6  215 5  0.0000
1504  225.000  #d6d7d7  215 6  0.0045
1505  225.000  #d7d7d6  215 7  0.0000
1506  225.000  #d7d7d7  216 1  0.0000
1507  225.000  #d7d7d8  216 2  0.0000
1508  226.000  #d8d7d7  216 3  0.0044
1509  226.000  #d8d7d8  216 4  0.0000
1510  227.000  #d7d8d7  216 5  0.0044
1511  227.000  #d7d8d8  216 6  0.0000
1512  227.000  #d8d8d7  216 7  0.0000
1513  227.000  #d8d8d8  217 1  0.0000
1514  227.000  #d8d8d9  217 2  0.0000
1515  228.000  #d9d8d8  217 3  0.0044
1516  228.000  #d9d8d9  217 4  0.0000
1517  229.000  #d8d9d8  217 5  0.0044
1518  229.000  #d8d9d9  217 6  0.0000
1519  229.000  #d9d9d8  217 7  0.0000
1520  230.000  #d9d9d9  218 1  0.0044
1521  230.000  #d9d9da  218 2  0.0000
1522  230.000  #dad9d9  218 3  0.0000
1523  230.000  #dad9da  218 4  0.0000
1524  231.000  #d9dad9  218 5  0.0043
1525  231.000  #d9dada  218 6  0.0000
1526  231.000  #dadad9  218 7  0.0000
1527  232.000  #dadada  219 1  0.0043
1528  232.000  #dadadb  219 2  0.0000
1529  232.000  #dbdada  219 3  0.0000
1530  233.000  #dbdadb  219 4  0.0043
1531  233.000  #dadbda  219 5  0.0000
1532  233.000  #dadbdb  219 6  0.0000
1533  234.000  #dbdbda  219 7  0.0043
1534  234.000  #dbdbdb  220 1  0.0000
1535  234.000  #dbdbdc  220 2  0.0000
1536  235.000  #dcdbdb  220 3  0.0043
1537  235.000  #dcdbdc  220 4  0.0000
1538  235.000  #dbdcdb  220 5  0.0000
1539  236.000  #dbdcdc  220 6  0.0042
1540  236.000  #dcdcdb  220 7  0.0000
1541  236.000  #dcdcdc  221 1  0.0000
1542  237.000  #dcdcdd  221 2  0.0042
1543  236.000  #dddcdc  221 3  -0.0042
1544  237.000  #dddcdd  221 4  0.0042
1545  237.000  #dcdddc  221 5  0.0000
1546  237.000  #dcdddd  221 6  0.0000
1547  238.000  #dddddc  221 7  0.0042
1548  238.000  #dddddd  222 1  0.0000
1549  238.000  #ddddde  222 2  0.0000
1550  238.000  #dedddd  222 3  0.0000
1551  239.000  #deddde  222 4  0.0042
1552  240.000  #dddedd  222 5  0.0042
1553  240.000  #dddede  222 6  0.0000
1554  240.000  #dededd  222 7  0.0000
1555  241.000  #dedede  223 1  0.0042
1556  240.000  #dededf  223 2  -0.0042
1557  241.000  #dfdede  223 3  0.0042
1558  241.000  #dfdedf  223 4  0.0000
1559  242.000  #dedfde  223 5  0.0041
1560  242.000  #dedfdf  223 6  0.0000
1561  242.000  #dfdfde  223 7  0.0000
1562  242.000  #dfdfdf  224 1  0.0000
1563  243.000  #dfdfe0  224 2  0.0041
1564  243.000  #e0dfdf  224 3  0.0000
1565  243.000  #e0dfe0  224 4  0.0000
1566  244.000  #dfe0df  224 5  0.0041
1567  244.000  #dfe0e0  224 6  0.0000
1568  245.000  #e0e0df  224 7  0.0041
1569  245.000  #e0e0e0  225 1  0.0000
1570  245.000  #e0e0e1  225 2  0.0000
1571  246.000  #e1e0e0  225 3  0.0041
1572  246.000  #e1e0e1  225 4  0.0000
1573  247.000  #e0e1e0  225 5  0.0041
1574  247.000  #e0e1e1  225 6  0.0000
1575  247.000  #e1e1e0  225 7  0.0000
1576  248.000  #e1e1e1  226 1  0.0040
1577  248.000  #e1e1e2  226 2  0.0000
1578  248.000  #e2e1e1  226 3  0.0000
1579  248.000  #e2e1e2  226 4  0.0000
1580  250.000  #e1e2e1  226 5  0.0080
1581  250.000  #e1e2e2  226 6  0.0000
1582  250.000  #e2e2e1  226 7  0.0000
1583  250.000  #e2e2e2  227 1  0.0000
1584  251.000  #e2e2e3  227 2  0.0040
1585  251.000  #e3e2e2  227 3  0.0000
1586  251.000  #e3e2e3  227 4  0.0000
1587  252.000  #e2e3e2  227 5  0.0040
1588  252.000  #e2e3e3  227 6  0.0000
1589  253.000  #e3e3e2  227 7  0.0040
1590  253.000  #e3e3e3  228 1  0.0000
1591  254.000  #e3e3e4  228 2  0.0039
1592  253.000  #e4e3e3  228 3  -0.0039
1593  254.000  #e4e3e4  228 4  0.0039
1594  255.000  #e3e4e3  228 5  0.0039
1595  255.000  #e3e4e4  228 6  0.0000
1596  255.000  #e4e4e3  228 7  0.0000
1597  255.000  #e4e4e4  229 1  0.0000
1598  256.000  #e4e4e5  229 2  0.0039
1599  256.000  #e5e4e4  229 3  0.0000
1600  256.000  #e5e4e5  229 4  0.0000
1601  257.000  #e4e5e4  229 5  0.0039
1602  257.000  #e4e5e5  229 6  0.0000
1603  258.000  #e5e5e4  229 7  0.0039
1604  258.000  #e5e5e5  230 1  0.0000
1605  258.000  #e5e5e6  230 2  0.0000
1606  259.000  #e6e5e5  230 3  0.0039
1607  259.000  #e6e5e6  230 4  0.0000
1608  260.000  #e5e6e5  230 5  0.0039
1609  260.000  #e5e6e6  230 6  0.0000
1610  260.000  #e6e6e5  230 7  0.0000
1611  261.000  #e6e6e6  231 1  0.0038
1612  261.000  #e6e6e7  231 2  0.0000
1613  261.000  #e7e6e6  231 3  0.0000
1614  261.000  #e7e6e7  231 4  0.0000
1615  263.000  #e6e7e6  231 5  0.0076
1616  263.000  #e6e7e7  231 6  0.0000
1617  263.000  #e7e7e6  231 7  0.0000
1618  263.000  #e7e7e7  232 1  0.0000
1619  264.000  #e7e7e8  232 2  0.0038
1620  264.000  #e8e7e7  232 3  0.0000
1621  264.000  #e8e7e8  232 4  0.0000
1622  265.000  #e7e8e7  232 5  0.0038
1623  266.000  #e7e8e8  232 6  0.0038
1624  266.000  #e8e8e7  232 7  0.0000
1625  266.000  #e8e8e8  233 1  0.0000
1626  267.000  #e8e8e9  233 2  0.0038
1627  267.000  #e9e8e8  233 3  0.0000
1628  267.000  #e9e8e9  233 4  0.0000
1629  268.000  #e8e9e8  233 5  0.0037
1630  268.000  #e8e9e9  233 6  0.0000
1631  269.000  #e9e9e8  233 7  0.0037
1632  269.000  #e9e9e9  234 1  0.0000
1633  269.000  #e9e9ea  234 2  0.0000
1634  270.000  #eae9e9  234 3  0.0037
1635  270.000  #eae9ea  234 4  0.0000
1636  271.000  #e9eae9  234 5  0.0037
1637  271.000  #e9eaea  234 6  0.0000
1638  272.000  #eaeae9  234 7  0.0037
1639  272.000  #eaeaea  235 1  0.0000
1640  272.000  #eaeaeb  235 2  0.0000
1641  272.000  #ebeaea  235 3  0.0000
1642  273.000  #ebeaeb  235 4  0.0037
1643  274.000  #eaebea  235 5  0.0037
1644  273.000  #eaebeb  235 6  -0.0037
1645  274.000  #ebebea  235 7  0.0037
1646  274.000  #ebebeb  236 1  0.0000
1647  274.000  #ebebec  236 2  0.0000
1648  275.000  #ecebeb  236 3  0.0036
1649  275.000  #ecebec  236 4  0.0000
1650  276.000  #ebeceb  236 5  0.0036
1651  276.000  #ebecec  236 6  0.0000
1652  277.000  #ececeb  236 7  0.0036
1653  277.000  #ececec  237 1  0.0000
1654  277.000  #ececed  237 2  0.0000
1655  278.000  #edecec  237 3  0.0036
1656  278.000  #edeced  237 4  0.0000
1657  279.000  #ecedec  237 5  0.0036
1658  279.000  #eceded  237 6  0.0000
1659  280.000  #ededec  237 7  0.0036
1660  280.000  #ededed  238 1  0.0000
1661  280.000  #ededee  238 2  0.0000
1662  280.000  #eeeded  238 3  0.0000
1663  280.000  #eeedee  238 4  0.0000
1664  281.000  #edeeed  238 5  0.0036
1665  282.000  #edeeee  238 6  0.0036
1666  282.000  #eeeeed  238 7  0.0000
1667  282.000  #eeeeee  239 1  0.0000
1668  283.000  #eeeeef  239 2  0.0035
1669  283.000  #efeeee  239 3  0.0000
1670  283.000  #efeeef  239 4  0.0000
1671  284.000  #eeefee  239 5  0.0035
1672  284.000  #eeefef  239 6  0.0000
1673  285.000  #efefee  239 7  0.0035
1674  285.000  #efefef  240 1  0.0000
1675  285.000  #efeff0  240 2  0.0000
1676  286.000  #f0efef  240 3  0.0035
1677  286.000  #f0eff0  240 4  0.0000
1678  287.000  #eff0ef  240 5  0.0035
1679  287.000  #eff0f0  240 6  0.0000
1680  288.000  #f0f0ef  240 7  0.0035
1681  288.000  #f0f0f0  241 1  0.0000
1682  288.000  #f0f0f1  241 2  0.0000
1683  289.000  #f1f0f0  241 3  0.0035
1684  289.000  #f1f0f1  241 4  0.0000
1685  290.000  #f0f1f0  241 5  0.0035
1686  291.000  #f0f1f1  241 6  0.0034
1687  291.000  #f1f1f0  241 7  0.0000
1688  291.000  #f1f1f1  242 1  0.0000
1689  291.000  #f1f1f2  242 2  0.0000
1690  291.000  #f2f1f1  242 3  0.0000
1691  291.000  #f2f1f2  242 4  0.0000
1692  292.000  #f1f2f1  242 5  0.0034
1693  293.000  #f1f2f2  242 6  0.0034
1694  292.000  #f2f2f1  242 7  -0.0034
1695  293.000  #f2f2f2  243 1  0.0034
1696  293.000  #f2f2f3  243 2  0.0000
1697  294.000  #f3f2f2  243 3  0.0034
1698  294.000  #f3f2f3  243 4  0.0000
1699  295.000  #f2f3f2  243 5  0.0034
1700  295.000  #f2f3f3  243 6  0.0000
1701  296.000  #f3f3f2  243 7  0.0034
1702  296.000  #f3f3f3  244 1  0.0000
1703  296.000  #f3f3f4  244 2  0.0000
1704  297.000  #f4f3f3  244 3  0.0034
1705  297.000  #f4f3f4  244 4  0.0000
1706  298.000  #f3f4f3  244 5  0.0034
1707  298.000  #f3f4f4  244 6  0.0000
1708  298.000  #f4f4f3  244 7  0.0000
1709  299.000  #f4f4f4  245 1  0.0034
1710  299.000  #f4f4f5  245 2  0.0000
1711  300.000  #f5f4f4  245 3  0.0033
1712  300.000  #f5f4f5  245 4  0.0000
1713  301.000  #f4f5f4  245 5  0.0033
1714  301.000  #f4f5f5  245 6  0.0000
1715  301.000  #f5f5f4  245 7  0.0000
1716  302.000  #f5f5f5  246 1  0.0033
1717  302.000  #f5f5f6  246 2  0.0000
1718  303.000  #f6f5f5  246 3  0.0033
1719  303.000  #f6f5f6  246 4  0.0000
1720  304.000  #f5f6f5  246 5  0.0033
1721  304.000  #f5f6f6  246 6  0.0000
1722  304.000  #f6f6f5  246 7  0.0000
1723  305.000  #f6f6f6  247 1  0.0033
1724  305.000  #f6f6f7  247 2  0.0000
1725  305.000  #f7f6f6  247 3  0.0000
1726  305.000  #f7f6f7  247 4  0.0000
1727  307.000  #f6f7f6  247 5  0.0065
1728  307.000  #f6f7f7  247 6  0.0000
1729  307.000  #f7f7f6  247 7  0.0000
1730  308.000  #f7f7f7  248 1  0.0033
1731  308.000  #f7f7f8  248 2  0.0000
1732  308.000  #f8f7f7  248 3  0.0000
1733  309.000  #f8f7f8  248 4  0.0032
1734  310.000  #f7f8f7  248 5  0.0032
1735  310.000  #f7f8f8  248 6  0.0000
1736  310.000  #f8f8f7  248 7  0.0000
1737  311.000  #f8f8f8  249 1  0.0032
1738  311.000  #f8f8f9  249 2  0.0000
1739  311.000  #f9f8f8  249 3  0.0000
1740  312.000  #f9f8f9  249 4  0.0032
1741  312.000  #f8f9f8  249 5  0.0000
1742  312.000  #f8f9f9  249 6  0.0000
1743  313.000  #f9f9f8  249 7  0.0032
1744  313.000  #f9f9f9  250 1  0.0000
1745  313.000  #f9f9fa  250 2  0.0000
1746  314.000  #faf9f9  250 3  0.0032
1747  314.000  #faf9fa  250 4  0.0000
1748  315.000  #f9faf9  250 5  0.0032
1749  315.000  #f9fafa  250 6  0.0000
1750  316.000  #fafaf9  250 7  0.0032
1751  316.000  #fafafa  251 1  0.0000
1752  317.000  #fafafb  251 2  0.0032
1753  317.000  #fbfafa  251 3  0.0000
1754  317.000  #fbfafb  251 4  0.0000
1755  318.000  #fafbfa  251 5  0.0031
1756  318.000  #fafbfb  251 6  0.0000
1757  319.000  #fbfbfa  251 7  0.0031
1758  319.000  #fbfbfb  252 1  0.0000
1759  320.000  #fbfbfc  252 2  0.0031
1760  320.000  #fcfbfb  252 3  0.0000
1761  320.000  #fcfbfc  252 4  0.0000
1762  321.000  #fbfcfb  252 5  0.0031
1763  321.000  #fbfcfc  252 6  0.0000
1764  322.000  #fcfcfb  252 7  0.0031
1765  322.000  #fcfcfc  253 1  0.0000
1766  323.000  #fcfcfd  253 2  0.0031
1767  323.000  #fdfcfc  253 3  0.0000
1768  324.000  #fdfcfd  253 4  0.0031
1769  324.000  #fcfdfc  253 5  0.0000
1770  324.000  #fcfdfd  253 6  0.0000
1771  325.000  #fdfdfc  253 7  0.0031
1772  326.000  #fdfdfd  254 1  0.0031
1773  326.000  #fdfdfe  254 2  0.0000
1774  326.000  #fefdfd  254 3  0.0000
1775  327.000  #fefdfe  254 4  0.0031
1776  328.000  #fdfefd  254 5  0.0031
1777  328.000  #fdfefe  254 6  0.0000
1778  329.000  #fefefd  254 7  0.0030
1779  329.000  #fefefe  255 1  0.0000
1780  329.000  #fefeff  255 2  0.0000
1781  330.000  #fffefe  255 3  0.0030
1782  330.000  #fffeff  255 4  0.0000
1783  331.000  #fefffe  255 5  0.0030
1784  331.000  #feffff  255 6  0.0000
1785  331.000  #fffffe  255 7  0.0000
1786  332.000  #ffffff  256 1  0.0030
