# LutGenerate 2.4 - 02/02/07 12:57:08
#  Display ID: GENERIC
# Ambient = 0.10   Max. Luminance = 357.50   Luminance Ratio = 350.00
#  lumResponse - average luminance response
#  2 files
1:  011  012  012
2:  012  013  012
3:  013  014  013
4:  014  015  014
5:  016  015  016
6:  017  016  017
7:  018  017  017
8:  019  018  019
9:  019  019  020
10:  019  020  020
11:  022  021  021
12:  022  022  022
13:  022  023  022
14:  024  023  024
15:  024  024  025
16:  024  025  024
17:  026  025  026
18:  026  026  026
19:  026  027  026
20:  028  027  028
21:  028  028  027
22:  029  028  029
23:  029  029  029
24:  029  030  029
25:  031  030  031
26:  032  031  032
27:  031  032  032
28:  033  032  033
29:  033  033  034
30:  033  034  033
31:  035  034  034
32:  034  035  034
33:  036  035  035
34:  035  036  035
35:  037  036  037
36:  036  037  036
37:  038  037  038
38:  037  038  038
39:  039  038  039
40:  038  039  038
41:  040  039  039
42:  039  040  039
43:  041  040  040
44:  042  041  042
45:  041  042  042
46:  043  042  043
47:  042  043  043
48:  044  043  044
49:  043  044  044
50:  045  044  045
51:  044  045  044
52:  046  045  046
53:  045  046  045
54:  047  046  047
55:  046  047  047
56:  048  047  048
57:  047  048  047
58:  048  048  049
59:  048  049  048
60:  050  049  049
61:  049  050  049
62:  050  050  051
63:  050  051  050
64:  051  052  051
65:  052  052  053
66:  052  053  052
67:  053  053  052
68:  054  053  054
69:  053  054  054
70:  055  054  055
71:  055  055  054
72:  056  055  056
73:  056  056  055
74:  057  056  057
75:  056  057  057
76:  058  057  058
77:  057  058  058
78:  059  058  059
79:  058  059  059
80:  060  059  060
81:  060  060  060
82:  061  060  061
83:  061  061  060
84:  062  062  061
85:  063  062  063
86:  063  063  062
87:  064  063  064
88:  064  064  064
89:  064  065  064
90:  066  065  065
91:  065  066  066
92:  067  066  066
93:  066  067  067
94:  068  067  068
95:  068  068  067
96:  069  068  069
97:  069  069  070
98:  069  070  069
99:  071  070  070
100:  070  071  071
101:  072  071  072
102:  073  072  073
103:  072  073  073
104:  074  073  073
105:  074  074  075
106:  074  075  074
107:  076  075  076
108:  076  076  075
109:  077  076  077
110:  077  077  078
111:  077  078  077
112:  079  078  079
113:  079  079  079
114:  079  080  080
115:  081  080  081
116:  081  081  080
117:  082  082  082
118:  082  083  082
119:  084  083  084
120:  084  084  085
121:  084  085  084
122:  086  085  086
123:  086  086  087
124:  086  087  086
125:  087  088  087
126:  089  088  088
127:  089  089  088
128:  089  090  089
129:  091  090  091
130:  091  091  091
131:  091  092  091
132:  093  093  092
133:  093  094  093
134:  095  094  095
135:  095  095  095
136:  095  096  096
137:  097  096  097
138:  098  097  098
139:  098  098  099
140:  098  099  099
141:  099  100  099
142:  101  100  100
143:  102  101  102
144:  102  102  103
145:  104  103  103
146:  104  104  104
147:  104  105  105
148:  105  106  105
149:  106  107  106
150:  108  107  108
151:  109  108  108
152:  109  109  108
153:  110  110  109
154:  110  111  111
155:  111  112  111
156:  112  113  113
157:  113  114  113
158:  114  115  114
159:  115  116  115
160:  117  116  117
161:  118  117  118
162:  119  118  119
163:  119  119  119
164:  120  120  119
165:  120  121  121
166:  121  122  121
167:  123  123  122
168:  124  124  124
169:  125  125  126
170:  126  126  126
171:  127  127  126
172:  127  128  128
173:  129  129  130
174:  131  130  130
175:  132  131  132
176:  133  132  133
177:  134  134  133
178:  135  135  135
179:  137  136  136
180:  138  137  138
181:  138  139  138
182:  139  140  139
183:  140  141  141
184:  142  142  142
185:  144  143  143
186:  145  145  144
187:  146  146  147
188:  148  147  148
189:  148  149  148
190:  150  150  149
191:  151  151  152
192:  153  152  153
193:  154  154  155
194:  156  155  156
195:  156  157  156
196:  158  158  157
197:  159  159  160
198:  160  161  160
199:  162  162  161
200:  163  163  164
201:  165  165  166
202:  167  166  167
203:  167  168  167
204:  169  169  168
205:  171  170  170
206:  172  171  172
207:  172  173  173
208:  175  174  175
209:  176  176  175
210:  177  178  177
211:  179  179  178
212:  181  180  180
213:  181  182  181
214:  184  183  184
215:  185  185  184
216:  187  186  186
217:  187  188  187
218:  190  189  190
219:  190  191  190
220:  192  192  193
221:  193  194  193
222:  196  195  196
223:  197  197  197
224:  199  198  199
225:  199  200  200
226:  202  201  202
227:  203  203  203
228:  204  205  205
229:  206  207  206
230:  208  208  207
231:  209  210  209
232:  212  211  211
233:  212  213  213
234:  215  214  215
235:  216  217  216
236:  219  218  219
237:  221  220  220
238:  222  222  221
239:  223  224  223
240:  225  226  225
241:  227  228  227
242:  230  229  230
243:  232  231  232
244:  233  233  233
245:  235  235  234
246:  237  237  238
247:  238  239  238
248:  240  241  240
249:  242  243  242
250:  245  244  244
251:  247  246  246
252:  248  248  249
253:  250  250  251
254:  252  252  251
255:  253  254  253
256:  255  255  254
