#  lumResponse - average luminance response
#  Display ID: GENERIC
#  8 files
#    69.8110 #ff0000
#   208.1510 #00ff00
#    31.4010 #0000ff
   1      0.3006  #000000    1   1 
   2      0.2998  #000001    1   2   -0.00291
   3      0.2979  #010000    1   3   -0.00627
   4      0.3036  #010001    1   4    0.01912
   5      0.3003  #000100    1   5   -0.01118
   6      0.3009  #000101    1   6    0.00208
   7      0.2991  #010100    1   7   -0.00583
   8      0.3031  #010101    2   1    0.01328
   9      0.3006  #010102    2   2   -0.00828
  10      0.3010  #020101    2   3    0.00125
  11      0.2988  #020102    2   4   -0.00750
  12      0.2999  #010201    2   5    0.00376
  13      0.3019  #010202    2   6    0.00665
  14      0.3034  #020201    2   7    0.00496
  15      0.3018  #020202    3   1   -0.00537
  16      0.2991  #020203    3   2   -0.00874
  17      0.3031  #030202    3   3    0.01328
  18      0.3025  #030203    3   4   -0.00206
  19      0.3063  #020302    3   5    0.01232
  20      0.3054  #020303    3   6   -0.00286
  21      0.3053  #030302    3   7   -0.00041
  22      0.3040  #030303    4   1   -0.00410
  23      0.3050  #030304    4   2    0.00328
  24      0.3070  #040303    4   3    0.00654
  25      0.3015  #040304    4   4   -0.01808
  26      0.3103  #030403    4   5    0.02861
  27      0.3068  #030404    4   6   -0.01135
  28      0.3115  #040403    4   7    0.01537
  29      0.3071  #040404    5   1   -0.01414
  30      0.3094  #040405    5   2    0.00730
  31      0.3089  #050404    5   3   -0.00162
  32      0.3039  #050405    5   4   -0.01632
  33      0.3080  #040504    5   5    0.01348
  34      0.3080  #040505    5   6    0.00000
  35      0.3174  #050504    5   7    0.02998
  36      0.3166  #050505    6   1   -0.00237
  37      0.3190  #050506    6   2    0.00747
  38      0.3161  #060505    6   3   -0.00905
  39      0.3179  #060506    6   4    0.00552
  40      0.3172  #050605    6   5   -0.00197
  41      0.3209  #050606    6   6    0.01136
  42      0.3191  #060605    6   7   -0.00547
  43      0.3335  #060606    7   1    0.04405
  44      0.3261  #060607    7   2   -0.02236
  45      0.3231  #070606    7   3   -0.00924
  46      0.3226  #070607    7   4   -0.00155
  47      0.3290  #060706    7   5    0.01957
  48      0.3272  #060707    7   6   -0.00533
  49      0.3321  #070706    7   7    0.01479
  50      0.3285  #070707    8   1   -0.01097
  51      0.3460  #070708    8   2    0.05189
  52      0.3408  #080707    8   3   -0.01529
  53      0.3425  #080708    8   4    0.00512
  54      0.3465  #070807    8   5    0.01161
  55      0.3435  #070808    8   6   -0.00870
  56      0.3451  #080807    8   7    0.00472
  57      0.3429  #080808    9   1   -0.00654
  58      0.3441  #080809    9   2    0.00364
  59      0.3619  #090808    9   3    0.05028
  60      0.3619  #090809    9   4    0.00000
  61      0.3649  #080908    9   5    0.00826
  62      0.3700  #080909    9   6    0.01395
  63      0.3643  #090908    9   7   -0.01566
  64      0.3669  #090909   10   1    0.00718
  65      0.3658  #09090a   10   2   -0.00307
  66      0.3605  #0a0909   10   3   -0.01446
  67      0.3869  #0a090a   10   4    0.07058
  68      0.3966  #090a09   10   5    0.02489
  69      0.3931  #090a0a   10   6   -0.00886
  70      0.3950  #0a0a09   10   7    0.00476
  71      0.3991  #0a0a0a   11   1    0.01039
  72      0.3907  #0a0a0b   11   2   -0.02121
  73      0.3900  #0b0a0a   11   3   -0.00192
  74      0.3905  #0b0a0b   11   4    0.00128
  75      0.4249  #0a0b0a   11   5    0.08432
  76      0.4290  #0a0b0b   11   6    0.00966
  77      0.4298  #0b0b0a   11   7    0.00175
  78      0.4275  #0b0b0b   12   1   -0.00525
  79      0.4251  #0b0b0c   12   2   -0.00557
  80      0.4196  #0c0b0b   12   3   -0.01302
  81      0.4196  #0c0b0c   12   4    0.00000
  82      0.4238  #0b0c0b   12   5    0.00978
  83      0.4770  #0b0c0c   12   6    0.11823
  84      0.4768  #0c0c0b   12   7   -0.00052
  85      0.4743  #0c0c0c   13   1   -0.00526
  86      0.4724  #0c0c0d   13   2   -0.00396
  87      0.4660  #0d0c0c   13   3   -0.01359
  88      0.4664  #0d0c0d   13   4    0.00080
  89      0.4736  #0c0d0c   13   5    0.01543
  90      0.4733  #0c0d0d   13   6   -0.00079
  91      0.5329  #0d0d0c   13   7    0.11852
  92      0.5345  #0d0d0d   14   1    0.00304
  93      0.5222  #0d0d0e   14   2   -0.02318
  94      0.5181  #0e0d0d   14   3   -0.00793
  95      0.5128  #0e0d0e   14   4   -0.01043
  96      0.5311  #0d0e0d   14   5    0.03521
  97      0.5209  #0d0e0e   14   6   -0.01949
  98      0.5360  #0e0e0d   14   7    0.02862
  99      0.5317  #0e0e0e   15   1   -0.00796
 100      0.5843  #0e0e0f   15   2    0.09409
 101      0.5771  #0f0e0e   15   3   -0.01227
 102      0.5789  #0f0e0f   15   4    0.00303
 103      0.5855  #0e0f0e   15   5    0.01138
 104      0.5857  #0e0f0f   15   6    0.00043
 105      0.5864  #0f0f0e   15   7    0.00107
 106      0.5846  #0f0f0f   16   1   -0.00299
 107      0.5854  #0f0f10   16   2    0.00128
 108      0.6495  #100f0f   16   3    0.10386
 109      0.6549  #100f10   16   4    0.00824
 110      0.6575  #0f100f   16   5    0.00400
 111      0.6615  #0f1010   16   6    0.00607
 112      0.6589  #10100f   16   7   -0.00398
 113      0.6556  #101010   17   1   -0.00494
 114      0.6604  #101011   17   2    0.00722
 115      0.6486  #111010   17   3   -0.01795
 116      0.7196  #111011   17   4    0.10378
 117      0.7409  #101110   17   5    0.02910
 118      0.7314  #101111   17   6   -0.01291
 119      0.7405  #111110   17   7    0.01240
 120      0.7388  #111111   18   1   -0.00237
 121      0.7289  #111112   18   2   -0.01346
 122      0.7261  #121111   18   3   -0.00378
 123      0.7174  #121112   18   4   -0.01212
 124      0.8113  #111211   18   5    0.12282
 125      0.8166  #111212   18   6    0.00660
 126      0.8106  #121211   18   7   -0.00737
 127      0.8135  #121212   19   1    0.00354
 128      0.8136  #121213   19   2    0.00015
 129      0.8029  #131212   19   3   -0.01330
 130      0.8050  #131213   19   4    0.00264
 131      0.8110  #121312   19   5    0.00743
 132      0.8149  #121313   19   6    0.00477
 133      0.9163  #131312   19   7    0.11712
 134      0.9123  #131313   20   1   -0.00438
 135      0.9123  #131314   20   2    0.00000
 136      0.9053  #141313   20   3   -0.00770
 137      0.9015  #141314   20   4   -0.00415
 138      0.9140  #131413   20   5    0.01377
 139      0.9130  #131414   20   6   -0.00109
 140      1.0361  #141413   20   7    0.12634
 141      1.0366  #141414   21   1    0.00048
 142      1.0141  #141415   21   2   -0.02194
 143      1.0063  #151414   21   3   -0.00780
 144      0.9950  #151415   21   4   -0.01124
 145      1.0329  #141514   21   5    0.03735
 146      1.0380  #141515   21   6    0.00495
 147      1.0355  #151514   21   7   -0.00241
 148      1.0334  #151515   22   1   -0.00205
 149      1.1447  #151516   22   2    0.10227
 150      1.1229  #161515   22   3   -0.01929
 151      1.1284  #161516   22   4    0.00489
 152      1.1467  #151615   22   5    0.01615
 153      1.1443  #151616   22   6   -0.00218
 154      1.1426  #161615   22   7   -0.00142
 155      1.1387  #161616   23   1   -0.00340
 156      1.1390  #161617   23   2    0.00022
 157      1.2680  #171616   23   3    0.10719
 158      1.2481  #171617   23   4   -0.01580
 159      1.2965  #161716   23   5    0.03802
 160      1.2697  #161717   23   6   -0.02085
 161      1.2921  #171716   23   7    0.01747
 162      1.2949  #171717   24   1    0.00213
 163      1.2716  #171718   24   2   -0.01812
 164      1.2670  #181717   24   3   -0.00364
 165      1.4179  #181718   24   4    0.11239
 166      1.4659  #171817   24   5    0.03329
 167      1.4415  #171818   24   6   -0.01677
 168      1.4675  #181817   24   7    0.01788
 169      1.4641  #181818   25   1   -0.00230
 170      1.4400  #181819   25   2   -0.01661
 171      1.4370  #191818   25   3   -0.00209
 172      1.4161  #191819   25   4   -0.01463
 173      1.6139  #181918   25   5    0.13053
 174      1.6194  #181919   25   6    0.00340
 175      1.6144  #191918   25   7   -0.00309
 176      1.6126  #191919   26   1   -0.00108
 177      1.6206  #19191a   26   2    0.00495
 178      1.5944  #1a1919   26   3   -0.01633
 179      1.6014  #1a191a   26   4    0.00438
 180      1.6143  #191a19   26   5    0.00801
 181      1.7924  #191a1a   26   6    0.10458
 182      1.8166  #1a1a19   26   7    0.01344
 183      1.8169  #1a1a1a   27   1    0.00014
 184      1.7951  #1a1a1b   27   2   -0.01204
 185      1.7836  #1b1a1a   27   3   -0.00643
 186      1.7615  #1b1a1b   27   4   -0.01248
 187      1.8156  #1a1b1a   27   5    0.03026
 188      1.7894  #1a1b1b   27   6   -0.01456
 189      2.0411  #1b1b1a   27   7    0.13144
 190      2.0400  #1b1b1b   28   1   -0.00055
 191      2.0099  #1b1b1c   28   2   -0.01488
 192      2.0030  #1c1b1b   28   3   -0.00343
 193      1.9760  #1c1b1c   28   4   -0.01357
 194      2.0412  #1b1c1b   28   5    0.03248
 195      2.0384  #1b1c1c   28   6   -0.00141
 196      2.0404  #1c1c1b   28   7    0.00098
 197      2.2136  #1c1c1c   29   1    0.08145
 198      2.2336  #1c1c1d   29   2    0.00899
 199      2.2015  #1d1c1c   29   3   -0.01449
 200      2.2104  #1d1c1d   29   4    0.00402
 201      2.2140  #1c1d1c   29   5    0.00164
 202      2.2289  #1c1d1d   29   6    0.00670
 203      2.2125  #1d1d1c   29   7   -0.00737
 204      2.2124  #1d1d1d   30   1   -0.00006
 205      2.2264  #1d1d1e   30   2    0.00631
 206      2.4078  #1e1d1d   30   3    0.07828
 207      2.3909  #1e1d1e   30   4   -0.00703
 208      2.4264  #1d1e1d   30   5    0.01474
 209      2.4076  #1d1e1e   30   6   -0.00776
 210      2.4240  #1e1e1d   30   7    0.00678
 211      2.4280  #1e1e1e   31   1    0.00165
 212      2.4105  #1e1e1f   31   2   -0.00723
 213      2.4055  #1f1e1e   31   3   -0.00208
 214      2.5990  #1f1e1f   31   4    0.07733
 215      2.6484  #1e1f1e   31   5    0.01882
 216      2.6260  #1e1f1f   31   6   -0.00848
 217      2.6459  #1f1f1e   31   7    0.00754
 218      2.6506  #1f1f1f   32   1    0.00179
 219      2.6231  #1f1f20   32   2   -0.01043
 220      2.6215  #201f1f   32   3   -0.00062
 221      2.5949  #201f20   32   4   -0.01021
 222      2.8189  #1f201f   32   5    0.08275
 223      2.8315  #1f2020   32   6    0.00447
 224      2.8182  #20201f   32   7   -0.00469
 225      2.8160  #202020   33   1   -0.00080
 226      2.8283  #202021   33   2    0.00434
 227      2.8006  #212020   33   3   -0.00982
 228      2.8109  #212021   33   4    0.00365
 229      2.8190  #202120   33   5    0.00289
 230      3.0177  #202121   33   6    0.06810
 231      3.0423  #212120   33   7    0.00809
 232      3.0425  #212121   34   1    0.00008
 233      3.0164  #212122   34   2   -0.00862
 234      3.0119  #222121   34   3   -0.00149
 235      2.9863  #222122   34   4   -0.00854
 236      3.0391  #212221   34   5    0.01755
 237      3.0139  #212222   34   6   -0.00834
 238      3.2705  #222221   34   7    0.08167
 239      3.2713  #222222   35   1    0.00023
 240      3.2462  #222223   35   2   -0.00767
 241      3.2403  #232222   35   3   -0.00185
 242      3.2144  #232223   35   4   -0.00802
 243      3.2708  #222322   35   5    0.01739
 244      3.2413  #222323   35   6   -0.00906
 245      3.2664  #232322   35   7    0.00772
 246      3.2653  #232323   36   1   -0.00034
 247      3.4766  #232324   36   2    0.06271
 248      3.4441  #242323   36   3   -0.00939
 249      3.4544  #242324   36   4    0.00297
 250      3.4654  #232423   36   5    0.00318
 251      3.4759  #232424   36   6    0.00303
 252      3.4641  #242423   36   7   -0.00339
 253      3.4636  #242424   37   1   -0.00014
 254      3.4777  #242425   37   2    0.00407
 255      3.6797  #252424   37   3    0.05644
 256      3.6549  #252425   37   4   -0.00678
 257      3.7151  #242524   37   5    0.01635
 258      3.6861  #242525   37   6   -0.00784
 259      3.7123  #252524   37   7    0.00706
 260      3.7114  #252525   38   1   -0.00024
 261      3.6836  #252526   38   2   -0.00751
 262      3.6761  #262525   38   3   -0.00204
 263      3.9080  #262526   38   4    0.06115
 264      3.9762  #252625   38   5    0.01731
 265      3.9417  #252626   38   6   -0.00871
 266      3.9725  #262625   38   7    0.00777
 267      3.9720  #262626   39   1   -0.00013
 268      3.9405  #262627   39   2   -0.00796
 269      3.9374  #272626   39   3   -0.00079
 270      3.9064  #272627   39   4   -0.00790
 271      4.1836  #262726   39   5    0.06854
 272      4.1969  #262727   39   6    0.00316
 273      4.1840  #272726   39   7   -0.00307
 274      4.1875  #272727   40   1    0.00084
 275      4.1951  #272728   40   2    0.00182
 276      4.1630  #282727   40   3   -0.00769
 277      4.1695  #282728   40   4    0.00156
 278      4.1850  #272827   40   5    0.00371
 279      4.4344  #272828   40   6    0.05786
 280      4.4623  #282827   40   7    0.00627
 281      4.4671  #282828   41   1    0.00109
 282      4.4337  #282829   41   2   -0.00750
 283      4.4265  #292828   41   3   -0.00164
 284      4.3915  #292829   41   4   -0.00794
 285      4.4661  #282928   41   5    0.01685
 286      4.4298  #282929   41   6   -0.00818
 287      4.6991  #292928   41   7    0.05902
 288      4.6976  #292929   42   1   -0.00032
 289      4.7069  #29292a   42   2    0.00197
 290      4.6684  #2a2929   42   3   -0.00821
 291      4.6816  #2a292a   42   4    0.00283
 292      4.7035  #292a29   42   5    0.00466
 293      4.7101  #292a2a   42   6    0.00141
 294      4.6963  #2a2a29   42   7   -0.00295
 295      5.0060  #2a2a2a   43   1    0.06385
 296      5.0148  #2a2a2b   43   2    0.00175
 297      4.9746  #2b2a2a   43   3   -0.00803
 298      4.9895  #2b2a2b   43   4    0.00299
 299      5.0046  #2a2b2a   43   5    0.00303
 300      5.0156  #2a2b2b   43   6    0.00220
 301      5.0041  #2b2b2a   43   7   -0.00230
 302      5.0031  #2b2b2b   44   1   -0.00020
 303      5.0104  #2b2b2c   44   2    0.00145
 304      5.2800  #2c2b2b   44   3    0.05240
 305      5.2451  #2c2b2c   44   4   -0.00663
 306      5.3236  #2b2c2b   44   5    0.01486
 307      5.2879  #2b2c2c   44   6   -0.00674
 308      5.3271  #2c2c2b   44   7    0.00740
 309      5.3275  #2c2c2c   45   1    0.00007
 310      5.2874  #2c2c2d   45   2   -0.00756
 311      5.5660  #2d2c2c   45   3    0.05134
 312      5.5770  #2d2c2d   45   4    0.00197
 313      5.5965  #2c2d2c   45   5    0.00349
 314      5.6106  #2c2d2d   45   6    0.00252
 315      5.5922  #2d2d2c   45   7   -0.00328
 316      5.5920  #2d2d2d   46   1   -0.00004
 317      5.6109  #2d2d2e   46   2    0.00337
 318      5.5649  #2e2d2d   46   3   -0.00823
 319      5.5745  #2e2d2e   46   4    0.00173
 320      5.9386  #2d2e2d   46   5    0.06325
 321      5.9528  #2d2e2e   46   6    0.00238
 322      5.9402  #2e2e2d   46   7   -0.00210
 323      5.9339  #2e2e2e   47   1   -0.00107
 324      5.9491  #2e2e2f   47   2    0.00257
 325      5.9032  #2f2e2e   47   3   -0.00774
 326      5.9219  #2f2e2f   47   4    0.00315
 327      5.9316  #2e2f2e   47   5    0.00165
 328      6.2565  #2e2f2f   47   6    0.05331
 329      6.2903  #2f2f2e   47   7    0.00538
 330      6.2920  #2f2f2f   48   1    0.00028
 331      6.2529  #2f2f30   48   2   -0.00624
 332      6.2416  #302f2f   48   3   -0.00180
 333      6.2050  #302f30   48   4   -0.00589
 334      6.2849  #2f302f   48   5    0.01279
 335      6.2505  #2f3030   48   6   -0.00548
 336      6.5831  #30302f   48   7    0.05184
 337      6.5841  #303030   49   1    0.00015
 338      6.5987  #303031   49   2    0.00222
 339      6.5527  #313030   49   3   -0.00700
 340      6.5681  #313031   49   4    0.00234
 341      6.5823  #303130   49   5    0.00215
 342      6.5948  #303131   49   6    0.00190
 343      6.5781  #313130   49   7   -0.00252
 344      6.9614  #313131   50   1    0.05661
 345      6.9751  #313132   50   2    0.00197
 346      6.9324  #323131   50   3   -0.00615
 347      6.9432  #323132   50   4    0.00157
 348      6.9605  #313231   50   5    0.00248
 349      6.9765  #313232   50   6    0.00230
 350      6.9547  #323231   50   7   -0.00312
 351      6.9571  #323232   51   1    0.00034
 352      6.9713  #323233   51   2    0.00203
 353      7.3003  #333232   51   3    0.04611
 354      7.2561  #333233   51   4   -0.00606
 355      7.3518  #323332   51   5    0.01309
 356      7.3068  #323333   51   6   -0.00614
 357      7.3504  #333332   51   7    0.00595
 358      7.3466  #333333   52   1   -0.00051
 359      7.3057  #333334   52   2   -0.00558
 360      7.2949  #343333   52   3   -0.00149
 361      7.6555  #343334   52   4    0.04824
 362      7.6718  #333433   52   5    0.00212
 363      7.6878  #333434   52   6    0.00208
 364      7.6699  #343433   52   7   -0.00233
 365      7.6697  #343434   53   1   -0.00002
 366      7.6842  #343435   53   2    0.00189
 367      7.6334  #353434   53   3   -0.00664
 368      7.6501  #353435   53   4    0.00219
 369      8.0795  #343534   53   5    0.05459
 370      8.0953  #343535   53   6    0.00195
 371      8.0729  #353534   53   7   -0.00277
 372      8.0730  #353535   54   1    0.00002
 373      8.0911  #353536   54   2    0.00224
 374      8.0434  #363535   54   3   -0.00592
 375      8.0567  #363536   54   4    0.00166
 376      8.0726  #353635   54   5    0.00197
 377      8.4512  #353636   54   6    0.04583
 378      8.4991  #363635   54   7    0.00565
 379      8.4953  #363636   55   1   -0.00046
 380      8.4485  #363637   55   2   -0.00552
 381      8.4385  #373636   55   3   -0.00118
 382      8.3983  #373637   55   4   -0.00478
 383      8.4925  #363736   55   5    0.01116
 384      8.4450  #363737   55   6   -0.00561
 385      8.8483  #373736   55   7    0.04664
 386      8.8489  #373737   56   1    0.00007
 387      8.8605  #373738   56   2    0.00131
 388      8.8069  #383737   56   3   -0.00607
 389      8.8250  #383738   56   4    0.00206
 390      8.8406  #373837   56   5    0.00177
 391      8.8626  #373838   56   6    0.00249
 392      8.8466  #383837   56   7   -0.00181
 393      9.2999  #383838   57   1    0.04995
 394      9.3168  #383839   57   2    0.00181
 395      9.2546  #393838   57   3   -0.00669
 396      9.2824  #393839   57   4    0.00299
 397      9.2919  #383938   57   5    0.00102
 398      9.3124  #383939   57   6    0.00220
 399      9.2942  #393938   57   7   -0.00195
 400      9.2919  #393939   58   1   -0.00026
 401      9.7063  #39393a   58   2    0.04362
 402      9.6939  #3a3939   58   3   -0.00128
 403      9.6451  #3a393a   58   4   -0.00504
 404      9.7573  #393a39   58   5    0.01156
 405      9.7055  #393a3a   58   6   -0.00532
 406      9.7596  #3a3a39   58   7    0.00556
 407      9.7614  #3a3a3a   59   1    0.00018
 408      9.7020  #3a3a3b   59   2   -0.00610
 409     10.1006  #3b3a3a   59   3    0.04026
 410     10.1215  #3b3a3b   59   4    0.00206
 411     10.1374  #3a3b3a   59   5    0.00157
 412     10.1595  #3a3b3b   59   6    0.00218
 413     10.1399  #3b3b3a   59   7   -0.00193
 414     10.1360  #3b3b3b   60   1   -0.00038
 415     10.1579  #3b3b3c   60   2    0.00216
 416     10.0945  #3c3b3b   60   3   -0.00626
 417     10.1160  #3c3b3c   60   4    0.00213
 418     10.6369  #3b3c3b   60   5    0.05020
 419     10.5813  #3b3c3c   60   6   -0.00524
 420     10.6295  #3c3c3b   60   7    0.00455
 421     10.6309  #3c3c3c   61   1    0.00013
 422     10.5750  #3c3c3d   61   2   -0.00527
 423     10.5595  #3d3c3c   61   3   -0.00147
 424     10.5070  #3d3c3d   61   4   -0.00498
 425     10.6313  #3c3d3c   61   5    0.01176
 426     11.1091  #3c3d3d   61   6    0.04396
 427     11.1813  #3d3d3c   61   7    0.00647
 428     11.1817  #3d3d3d   62   1    0.00004
 429     11.1047  #3d3d3e   62   2   -0.00691
 430     11.0853  #3e3d3d   62   3   -0.00176
 431     11.0131  #3e3d3e   62   4   -0.00653
 432     11.1751  #3d3e3d   62   5    0.01460
 433     11.1008  #3d3e3e   62   6   -0.00668
 434     11.6409  #3e3e3d   62   7    0.04750
 435     11.6350  #3e3e3e   63   1   -0.00050
 436     11.6515  #3e3e3f   63   2    0.00142
 437     11.5749  #3f3e3e   63   3   -0.00660
 438     11.5958  #3f3e3f   63   4    0.00180
 439     11.6304  #3e3f3e   63   5    0.00298
 440     11.6501  #3e3f3f   63   6    0.00170
 441     11.6306  #3f3f3e   63   7   -0.00168
 442     11.6346  #3f3f3f   64   1    0.00034
 443     12.1624  #3f3f40   64   2    0.04435
 444     12.1496  #403f3f   64   3   -0.00105
 445     12.0770  #403f40   64   4   -0.00600
 446     12.2324  #3f403f   64   5    0.01278
 447     12.1563  #3f4040   64   6   -0.00624
 448     12.2314  #40403f   64   7    0.00616
 449     12.2353  #404040   65   1    0.00032
 450     12.7963  #404041   65   2    0.04482
 451     12.7806  #414040   65   3   -0.00122
 452     12.7126  #414041   65   4   -0.00533
 453     12.8700  #404140   65   5    0.01230
 454     12.7935  #404141   65   6   -0.00596
 455     12.8670  #414140   65   7    0.00573
 456     12.8795  #414141   66   1    0.00097
 457     12.8015  #414142   66   2   -0.00607
 458     13.3450  #424141   66   3    0.04157
 459     13.3711  #424142   66   4    0.00196
 460     13.3974  #414241   66   5    0.00196
 461     13.4213  #414242   66   6    0.00178
 462     13.3969  #424241   66   7   -0.00182
 463     13.3975  #424242   67   1    0.00005
 464     13.4189  #424243   67   2    0.00159
 465     13.3335  #434242   67   3   -0.00638
 466     13.3623  #434243   67   4    0.00215
 467     14.0789  #424342   67   5    0.05223
 468     13.9970  #424343   67   6   -0.00583
 469     13.9851  #434342   67   7   -0.00085
 470     14.0716  #434343   68   1    0.00617
 471     13.9970  #434344   68   2   -0.00532
 472     13.9755  #444343   68   3   -0.00154
 473     13.8997  #444344   68   4   -0.00543
 474     14.0708  #434443   68   5    0.01223
 475     14.7009  #434444   68   6    0.04380
 476     14.7729  #444443   68   7    0.00489
 477     14.7734  #444444   69   1    0.00003
 478     14.6928  #444445   69   2   -0.00547
 479     14.6748  #454444   69   3   -0.00123
 480     14.5963  #454445   69   4   -0.00536
 481     14.7720  #444544   69   5    0.01197
 482     14.6895  #444545   69   6   -0.00560
 483     15.3589  #454544   69   7    0.04455
 484     15.3626  #454545   70   1    0.00024
 485     15.3881  #454546   70   2    0.00166
 486     15.2909  #464545   70   3   -0.00634
 487     15.3211  #464546   70   4    0.00198
 488     15.3571  #454645   70   5    0.00235
 489     15.3796  #454646   70   6    0.00146
 490     15.3598  #464645   70   7   -0.00129
 491     16.1157  #464646   71   1    0.04804
 492     16.0238  #464647   71   2   -0.00573
 493     16.0036  #474646   71   3   -0.00126
 494     15.9224  #474647   71   4   -0.00509
 495     16.1083  #464746   71   5    0.01161
 496     16.0234  #464747   71   6   -0.00528
 497     16.0031  #474746   71   7   -0.00126
 498     16.1080  #474747   72   1    0.00653
 499     16.0134  #474748   72   2   -0.00589
 500     16.7879  #484747   72   3    0.04722
 501     16.7087  #484748   72   4   -0.00472
 502     16.8925  #474847   72   5    0.01094
 503     16.8015  #474848   72   6   -0.00540
 504     16.8831  #484847   72   7    0.00485
 505     16.8859  #484848   73   1    0.00016
 506     16.7935  #484849   73   2   -0.00549
 507     17.4660  #494848   73   3    0.03926
 508     17.5093  #494849   73   4    0.00247
 509     17.5416  #484948   73   5    0.00185
 510     17.5813  #484949   73   6    0.00226
 511     17.5394  #494948   73   7   -0.00238
 512     17.5415  #494949   74   1    0.00012
 513     17.5749  #49494a   74   2    0.00190
 514     17.4653  #4a4949   74   3   -0.00626
 515     17.4940  #4a494a   74   4    0.00164
 516     18.3844  #494a49   74   5    0.04963
 517     18.2941  #494a4a   74   6   -0.00492
 518     18.3845  #4a4a49   74   7    0.00493
 519     18.3779  #4a4a4a   75   1   -0.00036
 520     18.2866  #4a4a4b   75   2   -0.00498
 521     18.2626  #4b4a4a   75   3   -0.00131
 522     18.1708  #4b4a4b   75   4   -0.00504
 523     18.3770  #4a4b4a   75   5    0.01129
 524     19.1404  #4a4b4b   75   6    0.04069
 525     19.1198  #4b4b4a   75   7   -0.00108
 526     19.2368  #4b4b4b   76   1    0.00610
 527     19.1388  #4b4b4c   76   2   -0.00511
 528     19.1216  #4c4b4b   76   3   -0.00090
 529     19.0263  #4c4b4c   76   4   -0.00500
 530     19.2373  #4b4c4b   76   5    0.01103
 531     19.1381  #4b4c4c   76   6   -0.00517
 532     19.9628  #4c4c4b   76   7    0.04218
 533     19.9644  #4c4c4c   77   1    0.00008
 534     20.0021  #4c4c4d   77   2    0.00189
 535     19.8801  #4d4c4c   77   3   -0.00612
 536     19.9208  #4d4c4d   77   4    0.00204
 537     19.9559  #4c4d4c   77   5    0.00176
 538     19.9937  #4c4d4d   77   6    0.00190
 539     19.9498  #4d4d4c   77   7   -0.00220
 540     20.8656  #4d4d4d   78   1    0.04488
 541     20.7681  #4d4d4e   78   2   -0.00468
 542     20.7389  #4e4d4d   78   3   -0.00141
 543     20.6440  #4e4d4e   78   4   -0.00459
 544     20.8623  #4d4e4d   78   5    0.01052
 545     20.7587  #4d4e4e   78   6   -0.00497
 546     20.8528  #4e4e4d   78   7    0.00452
 547     20.8546  #4e4e4e   79   1    0.00009
 548     20.7479  #4e4e4f   79   2   -0.00513
 549     21.5355  #4f4e4e   79   3    0.03725
 550     21.5859  #4f4e4f   79   4    0.00234
 551     21.6103  #4e4f4e   79   5    0.00113
 552     21.6586  #4e4f4f   79   6    0.00224
 553     21.5323  #4f4f4e   79   7   -0.00585
 554     21.6032  #4f4f4f   80   1    0.00329
 555     21.6529  #4f4f50   80   2    0.00229
 556     22.4815  #504f4f   80   3    0.03755
 557     22.5226  #504f50   80   4    0.00183
 558     22.5463  #4f504f   80   5    0.00105
 559     22.5942  #4f5050   80   6    0.00213
 560     22.5471  #50504f   80   7   -0.00209
 561     22.5435  #505050   81   1   -0.00016
 562     22.5881  #505051   81   2    0.00198
 563     22.4617  #515050   81   3   -0.00561
 564     22.5056  #515051   81   4    0.00195
 565     23.5054  #505150   81   5    0.04346
 566     23.4058  #505151   81   6   -0.00425
 567     23.5029  #515150   81   7    0.00414
 568     23.5063  #515151   82   1    0.00014
 569     23.4070  #515152   82   2   -0.00423
 570     23.3738  #525151   82   3   -0.00142
 571     23.2779  #525152   82   4   -0.00411
 572     23.4946  #515251   82   5    0.00927
 573     24.3345  #515252   82   6    0.03512
 574     24.2828  #525251   82   7   -0.00213
 575     24.2839  #525252   83   1    0.00005
 576     24.3272  #525253   83   2    0.00178
 577     24.1917  #535252   83   3   -0.00559
 578     24.2433  #535253   83   4    0.00213
 579     24.2700  #525352   83   5    0.00110
 580     24.3251  #525353   83   6    0.00227
 581     25.1905  #535352   83   7    0.03495
 582     25.2620  #535353   84   1    0.00283
 583     25.3204  #535354   84   2    0.00231
 584     25.1782  #545353   84   3   -0.00563
 585     25.2324  #545354   84   4    0.00215
 586     25.2539  #535453   84   5    0.00085
 587     25.3028  #535454   84   6    0.00193
 588     25.2515  #545453   84   7   -0.00203
 589     26.2598  #545454   85   1    0.03915
 590     26.1483  #545455   85   2   -0.00426
 591     26.1183  #555454   85   3   -0.00115
 592     26.0171  #555455   85   4   -0.00388
 593     26.2461  #545554   85   5    0.00876
 594     26.1393  #545555   85   6   -0.00408
 595     26.2388  #555554   85   7    0.00380
 596     26.2400  #555555   86   1    0.00005
 597     27.1095  #555556   86   2    0.03260
 598     26.9791  #565555   86   3   -0.00482
 599     27.0287  #565556   86   4    0.00184
 600     27.0534  #555655   86   5    0.00091
 601     27.1094  #555656   86   6    0.00207
 602     27.0575  #565655   86   7   -0.00192
 603     27.0613  #565656   87   1    0.00014
 604     27.0965  #565657   87   2    0.00130
 605     28.0070  #575656   87   3    0.03305
 606     28.0531  #575657   87   4    0.00165
 607     28.0901  #565756   87   5    0.00132
 608     28.1367  #565757   87   6    0.00166
 609     27.9955  #575756   87   7   -0.00503
 610     28.0787  #575757   88   1    0.00297
 611     28.1321  #575758   88   2    0.00190
 612     27.9922  #585757   88   3   -0.00498
 613     28.0376  #585758   88   4    0.00162
 614     29.1154  #575857   88   5    0.03771
 615     29.0071  #575858   88   6   -0.00372
 616     29.0983  #585857   88   7    0.00314
 617     29.1028  #585858   89   1    0.00015
 618     29.0060  #585859   89   2   -0.00333
 619     28.9651  #595858   89   3   -0.00141
 620     28.8618  #595859   89   4   -0.00358
 621     29.9405  #585958   89   5    0.03669
 622     29.9899  #585959   89   6    0.00165
 623     29.9384  #595958   89   7   -0.00172
 624     29.9372  #595959   90   1   -0.00004
 625     29.9879  #59595a   90   2    0.00169
 626     29.8446  #5a5959   90   3   -0.00479
 627     29.8992  #5a595a   90   4    0.00183
 628     29.9334  #595a59   90   5    0.00114
 629     29.9773  #595a5a   90   6    0.00146
 630     30.9959  #5a5a59   90   7    0.03341
 631     30.9934  #5a5a5a   91   1   -0.00008
 632     31.0424  #5a5a5b   91   2    0.00158
 633     30.9049  #5b5a5a   91   3   -0.00444
 634     30.9625  #5b5a5b   91   4    0.00186
 635     30.9823  #5a5b5a   91   5    0.00064
 636     31.0365  #5a5b5b   91   6    0.00175
 637     30.9007  #5b5b5a   91   7   -0.00438
 638     32.0538  #5b5b5b   92   1    0.03663
 639     31.9393  #5b5b5c   92   2   -0.00358
 640     31.9114  #5c5b5b   92   3   -0.00087
 641     31.8024  #5c5b5c   92   4   -0.00342
 642     32.0436  #5b5c5b   92   5    0.00756
 643     31.9323  #5b5c5c   92   6   -0.00348
 644     32.0397  #5c5c5b   92   7    0.00336
 645     32.0373  #5c5c5c   93   1   -0.00008
 646     33.0080  #5c5c5d   93   2    0.02985
 647     32.8477  #5d5c5c   93   3   -0.00487
 648     32.9006  #5d5c5d   93   4    0.00161
 649     32.9303  #5c5d5c   93   5    0.00090
 650     32.9862  #5c5d5d   93   6    0.00170
 651     32.9236  #5d5d5c   93   7   -0.00190
 652     32.9210  #5d5d5d   94   1   -0.00008
 653     32.9751  #5d5d5e   94   2    0.00164
 654     33.9691  #5e5d5d   94   3    0.02970
 655     34.0288  #5e5d5e   94   4    0.00175
 656     34.0536  #5d5e5d   94   5    0.00073
 657     34.1153  #5d5e5e   94   6    0.00181
 658     34.0509  #5e5e5d   94   7   -0.00189
 659     34.0505  #5e5e5e   95   1   -0.00001
 660     34.0994  #5e5e5f   95   2    0.00143
 661     33.9461  #5f5e5e   95   3   -0.00450
 662     34.0085  #5f5e5f   95   4    0.00184
 663     35.1669  #5e5f5e   95   5    0.03349
 664     35.0506  #5e5f5f   95   6   -0.00331
 665     35.0183  #5f5f5e   95   7   -0.00092
 666     35.1620  #5f5f5f   96   1    0.00410
 667     35.0415  #5f5f60   96   2   -0.00343
 668     35.0141  #605f5f   96   3   -0.00078
 669     34.8961  #605f60   96   4   -0.00338
 670     35.1527  #5f605f   96   5    0.00733
 671     36.1082  #5f6060   96   6    0.02682
 672     36.0454  #60605f   96   7   -0.00174
 673     36.0498  #606060   97   1    0.00012
 674     36.1095  #606061   97   2    0.00166
 675     35.9500  #616060   97   3   -0.00443
 676     36.0102  #616061   97   4    0.00167
 677     36.0405  #606160   97   5    0.00084
 678     36.0964  #606161   97   6    0.00155
 679     37.2321  #616160   97   7    0.03098
 680     37.2184  #616161   98   1   -0.00037
 681     37.1007  #616162   98   2   -0.00317
 682     37.0694  #626161   98   3   -0.00085
 683     36.9515  #626162   98   4   -0.00318
 684     37.2170  #616261   98   5    0.00716
 685     37.0916  #616262   98   6   -0.00337
 686     37.0599  #626261   98   7   -0.00086
 687     38.3543  #626262   99   1    0.03433
 688     38.2310  #626263   99   2   -0.00322
 689     38.1959  #636262   99   3   -0.00092
 690     38.0849  #636263   99   4   -0.00291
 691     38.3453  #626362   99   5    0.00681
 692     38.2299  #626363   99   6   -0.00301
 693     38.1889  #636362   99   7   -0.00107
 694     38.2254  #636363  100   1    0.00096
 695     39.3441  #636364  100   2    0.02885
 696     39.1676  #646363  100   3   -0.00450
 697     39.2324  #646364  100   4    0.00165
 698     39.2728  #636463  100   5    0.00103
 699     39.3299  #636464  100   6    0.00145
 700     39.2536  #646463  100   7   -0.00194
 701     39.2602  #646464  101   1    0.00017
 702     39.3137  #646465  101   2    0.00136
 703     40.2864  #656464  101   3    0.02444
 704     40.1695  #656465  101   4   -0.00291
 705     40.4370  #646564  101   5    0.00664
 706     40.3139  #646565  101   6   -0.00305
 707     40.4335  #656564  101   7    0.00296
 708     40.4301  #656565  102   1   -0.00008
 709     40.3006  #656566  102   2   -0.00321
 710     40.2705  #666565  102   3   -0.00075
 711     41.3710  #666566  102   4    0.02696
 712     41.6461  #656665  102   5    0.00663
 713     41.5215  #656666  102   6   -0.00300
 714     41.4828  #666665  102   7   -0.00093
 715     41.5089  #666666  103   1    0.00063
 716     41.5072  #666667  103   2   -0.00004
 717     41.4708  #676666  103   3   -0.00088
 718     41.3533  #676667  103   4   -0.00284
 719     42.6064  #666766  103   5    0.02985
 720     42.6664  #666767  103   6    0.00141
 721     42.4985  #676766  103   7   -0.00394
 722     42.6586  #676767  104   1    0.00376
 723     42.6553  #676768  104   2   -0.00008
 724     42.4931  #686767  104   3   -0.00381
 725     42.5526  #686768  104   4    0.00140
 726     42.5770  #676867  104   5    0.00057
 727     42.6450  #676868  104   6    0.00160
 728     43.7739  #686867  104   7    0.02613
 729     43.7774  #686868  105   1    0.00008
 730     43.6604  #686869  105   2   -0.00268
 731     43.6236  #696868  105   3   -0.00084
 732     43.5085  #696869  105   4   -0.00264
 733     43.7672  #686968  105   5    0.00593
 734     43.6500  #686969  105   6   -0.00268
 735     44.9796  #696968  105   7    0.03000
 736     44.8550  #696969  106   1   -0.00277
 737     44.8533  #69696a  106   2   -0.00004
 738     44.8089  #6a6969  106   3   -0.00099
 739     44.6972  #6a696a  106   4   -0.00249
 740     44.9566  #696a69  106   5    0.00579
 741     44.8400  #696a6a  106   6   -0.00260
 742     44.7949  #6a6a69  106   7   -0.00101
 743     44.9510  #6a6a6a  107   1    0.00348
 744     46.0224  #6a6a6b  107   2    0.02355
 745     45.8499  #6b6a6a  107   3   -0.00376
 746     45.9140  #6b6a6b  107   4    0.00140
 747     45.9438  #6a6b6a  107   5    0.00065
 748     46.0123  #6a6b6b  107   6    0.00149
 749     45.8366  #6b6b6a  107   7   -0.00382
 750     46.0003  #6b6b6b  108   1    0.00356
 751     46.0020  #6b6b6c  108   2    0.00004
 752     46.9845  #6c6b6b  108   3    0.02113
 753     46.8750  #6c6b6c  108   4   -0.00233
 754     47.1349  #6b6c6b  108   5    0.00553
 755     47.0209  #6b6c6c  108   6   -0.00242
 756     47.1251  #6c6c6b  108   7    0.00221
 757     47.1317  #6c6c6c  109   1    0.00014
 758     47.0121  #6c6c6d  109   2   -0.00254
 759     46.9849  #6d6c6c  109   3   -0.00058
 760     48.0968  #6d6c6d  109   4    0.02339
 761     48.3645  #6c6d6c  109   5    0.00555
 762     48.2422  #6c6d6d  109   6   -0.00253
 763     48.3516  #6d6d6c  109   7    0.00226
 764     48.3573  #6d6d6d  110   1    0.00012
 765     48.2401  #6d6d6e  110   2   -0.00243
 766     48.1959  #6e6d6d  110   3   -0.00092
 767     48.0769  #6e6d6e  110   4   -0.00247
 768     49.3249  #6d6e6d  110   5    0.02563
 769     49.3950  #6d6e6e  110   6    0.00142
 770     49.2173  #6e6e6d  110   7   -0.00361
 771     49.3873  #6e6e6e  111   1    0.00345
 772     49.3890  #6e6e6f  111   2    0.00004
 773     49.2161  #6f6e6e  111   3   -0.00351
 774     49.2803  #6f6e6f  111   4    0.00130
 775     49.2990  #6e6f6e  111   5    0.00038
 776     49.3735  #6e6f6f  111   6    0.00151
 777     50.4177  #6f6f6e  111   7    0.02093
 778     50.4507  #6f6f6f  112   1    0.00065
 779     50.4430  #6f6f70  112   2   -0.00015
 780     50.3989  #706f6f  112   3   -0.00088
 781     50.2833  #706f70  112   4   -0.00230
 782     50.5539  #6f706f  112   5    0.00537
 783     50.4285  #6f7070  112   6   -0.00248
 784     51.7698  #70706f  112   7    0.02625
 785     51.7698  #707070  113   1    0.00000
 786     51.6614  #707071  113   2   -0.00210
 787     51.6099  #717070  113   3   -0.00100
 788     51.4910  #717071  113   4   -0.00231
 789     51.7510  #707170  113   5    0.00504
 790     51.6405  #707171  113   6   -0.00214
 791     51.7545  #717170  113   7    0.00221
 792     51.7422  #717171  114   1   -0.00024
 793     52.8028  #717172  114   2    0.02029
 794     52.6262  #727171  114   3   -0.00335
 795     52.7004  #727172  114   4    0.00141
 796     52.7236  #717271  114   5    0.00044
 797     52.7820  #717272  114   6    0.00111
 798     52.6199  #727271  114   7   -0.00308
 799     52.7173  #727272  115   1    0.00185
 800     52.7770  #727273  115   2    0.00113
 801     53.7725  #737272  115   3    0.01869
 802     53.6565  #737273  115   4   -0.00216
 803     53.9266  #727372  115   5    0.00502
 804     53.8079  #727373  115   6   -0.00220
 805     53.7646  #737372  115   7   -0.00080
 806     53.9180  #737373  116   1    0.00285
 807     53.7942  #737374  116   2   -0.00230
 808     53.7561  #747373  116   3   -0.00071
 809     54.8907  #747374  116   4    0.02089
 810     54.9104  #737473  116   5    0.00036
 811     54.9785  #737474  116   6    0.00124
 812     54.8975  #747473  116   7   -0.00147
 813     54.9014  #747474  117   1    0.00007
 814     54.9759  #747475  117   2    0.00136
 815     54.7957  #757474  117   3   -0.00328
 816     54.8611  #757475  117   4    0.00119
 817     56.1238  #747574  117   5    0.02275
 818     56.1880  #747575  117   6    0.00114
 819     56.1141  #757574  117   7   -0.00132
 820     56.1059  #757575  118   1   -0.00015
 821     56.1744  #757576  118   2    0.00122
 822     56.0051  #767575  118   3   -0.00302
 823     56.0712  #767576  118   4    0.00118
 824     56.0910  #757675  118   5    0.00035
 825     57.2174  #757676  118   6    0.01988
 826     57.1745  #767675  118   7   -0.00075
 827     57.2105  #767676  119   1    0.00063
 828     57.2119  #767677  119   2    0.00002
 829     57.1716  #777676  119   3   -0.00070
 830     57.0521  #777677  119   4   -0.00209
 831     57.3081  #767776  119   5    0.00448
 832     57.1947  #767777  119   6   -0.00198
 833     58.2069  #777776  119   7    0.01754
 834     58.3693  #777777  120   1    0.00279
 835     58.3625  #777778  120   2   -0.00012
 836     58.1924  #787777  120   3   -0.00292
 837     58.2610  #787778  120   4    0.00118
 838     58.2807  #777877  120   5    0.00034
 839     58.3506  #777878  120   6    0.00120
 840     58.2768  #787877  120   7   -0.00127
 841     59.5296  #787878  121   1    0.02127
 842     59.5955  #787879  121   2    0.00111
 843     59.4200  #797878  121   3   -0.00295
 844     59.4817  #797879  121   4    0.00104
 845     59.5164  #787978  121   5    0.00058
 846     59.5786  #787979  121   6    0.00105
 847     59.5076  #797978  121   7   -0.00119
 848     59.5001  #797979  122   1   -0.00013
 849     59.5667  #79797a  122   2    0.00112
 850     60.5781  #7a7979  122   3    0.01684
 851     60.4554  #7a797a  122   4   -0.00203
 852     60.7400  #797a79  122   5    0.00470
 853     60.6096  #797a7a  122   6   -0.00215
 854     60.5621  #7a7a79  122   7   -0.00078
 855     60.7271  #7a7a7a  123   1    0.00272
 856     60.5971  #7a7a7b  123   2   -0.00214
 857     60.5501  #7b7a7a  123   3   -0.00078
 858     61.6956  #7b7a7b  123   4    0.01874
 859     61.7463  #7a7b7a  123   5    0.00082
 860     61.8054  #7a7b7b  123   6    0.00096
 861     61.6153  #7b7b7a  123   7   -0.00308
 862     61.7409  #7b7b7b  124   1    0.00204
 863     61.7976  #7b7b7c  124   2    0.00092
 864     61.5979  #7c7b7b  124   3   -0.00324
 865     61.6726  #7c7b7c  124   4    0.00121
 866     63.0454  #7b7c7b  124   5    0.02201
 867     63.1004  #7b7c7c  124   6    0.00087
 868     63.0405  #7c7c7b  124   7   -0.00095
 869     63.0864  #7c7c7c  125   1    0.00073
 870     63.0914  #7c7c7d  125   2    0.00008
 871     62.8910  #7d7c7c  125   3   -0.00318
 872     62.9368  #7d7c7d  125   4    0.00073
 873     63.0139  #7c7d7c  125   5    0.00122
 874     63.0722  #7c7d7d  125   6    0.00093
 875     64.4505  #7d7d7c  125   7    0.02162
 876     64.2745  #7d7d7d  126   1   -0.00273
 877     64.2680  #7d7d7e  126   2   -0.00010
 878     64.2099  #7e7d7d  126   3   -0.00090
 879     64.0366  #7e7d7e  126   4   -0.00270
 880     64.4306  #7d7e7d  126   5    0.00613
 881     64.2495  #7d7e7e  126   6   -0.00282
 882     64.1960  #7e7e7d  126   7   -0.00083
 883     65.6412  #7e7e7e  127   1    0.02226
 884     65.6328  #7e7e7f  127   2   -0.00013
 885     65.4236  #7f7e7e  127   3   -0.00319
 886     65.4824  #7f7e7f  127   4    0.00090
 887     65.5756  #7e7f7e  127   5    0.00142
 888     65.6216  #7e7f7f  127   6    0.00070
 889     65.4136  #7f7f7e  127   7   -0.00317
 890     65.6124  #7f7f7f  128   1    0.00303
 891     67.1443  #7f7f80  128   2    0.02308
 892     66.9296  #807f7f  128   3   -0.00320
 893     66.9976  #807f80  128   4    0.00102
 894     67.0559  #7f807f  128   5    0.00087
 895     67.1284  #7f8080  128   6    0.00108
 896     66.9055  #80807f  128   7   -0.00333
 897     67.0435  #808080  129   1    0.00206
 898     67.1166  #808081  129   2    0.00109
 899     68.3739  #818080  129   3    0.01856
 900     68.2145  #818081  129   4   -0.00233
 901     68.5610  #808180  129   5    0.00507
 902     68.4006  #808181  129   6   -0.00234
 903     68.3498  #818180  129   7   -0.00074
 904     68.5565  #818181  130   1    0.00302
 905     68.3874  #818182  130   2   -0.00247
 906     68.3410  #828181  130   3   -0.00068
 907     69.7459  #828182  130   4    0.02035
 908     69.7821  #818281  130   5    0.00052
 909     69.8580  #818282  130   6    0.00109
 910     69.6451  #828281  130   7   -0.00305
 911     69.7751  #828282  131   1    0.00186
 912     69.8469  #828283  131   2    0.00103
 913     69.6226  #838282  131   3   -0.00322
 914     69.6969  #838283  131   4    0.00107
 915     71.3521  #828382  131   5    0.02347
 916     71.4349  #828383  131   6    0.00116
 917     71.2060  #838382  131   7   -0.00321
 918     71.2791  #838383  132   1    0.00103
 919     71.4149  #838384  132   2    0.00190
 920     71.1928  #848383  132   3   -0.00312
 921     71.2675  #848384  132   4    0.00105
 922     71.3174  #838483  132   5    0.00070
 923     72.7581  #838484  132   6    0.02000
 924     72.6961  #848483  132   7   -0.00085
 925     72.9018  #848484  133   1    0.00282
 926     72.7410  #848485  133   2   -0.00221
 927     72.6825  #858484  133   3   -0.00080
 928     72.5200  #858485  133   4   -0.00224
 929     72.8849  #848584  133   5    0.00502
 930     72.7129  #848585  133   6   -0.00236
 931     74.0455  #858584  133   7    0.01816
 932     74.1831  #858585  134   1    0.00186
 933     74.2576  #858586  134   2    0.00100
 934     74.0301  #868585  134   3   -0.00307
 935     74.1091  #868586  134   4    0.00107
 936     74.1545  #858685  134   5    0.00061
 937     74.2501  #858686  134   6    0.00129
 938     74.0080  #868685  134   7   -0.00327
 939     74.2294  #868686  135   1    0.00299
 940     75.6311  #868687  135   2    0.01871
 941     75.5717  #878686  135   3   -0.00079
 942     75.4111  #878687  135   4   -0.00213
 943     75.7765  #868786  135   5    0.00483
 944     75.6162  #868787  135   6   -0.00212
 945     75.5589  #878786  135   7   -0.00076
 946     75.3911  #878787  136   1   -0.00222
 947     75.5954  #878788  136   2    0.00271
 948     77.2066  #888787  136   3    0.02109
 949     77.0429  #888788  136   4   -0.00212
 950     77.4257  #878887  136   5    0.00496
 951     77.2455  #878888  136   6   -0.00233
 952     77.1864  #888887  136   7   -0.00077
 953     77.4103  #888888  137   1    0.00290
 954     77.2386  #888889  137   2   -0.00222
 955     77.1677  #898888  137   3   -0.00092
 956     78.6935  #898889  137   4    0.01958
 957     78.7415  #888988  137   5    0.00061
 958     78.8259  #888989  137   6    0.00107
 959     78.5754  #898988  137   7   -0.00318
 960     78.8183  #898989  138   1    0.00309
 961     78.8071  #89898a  138   2   -0.00014
 962     78.5616  #8a8989  138   3   -0.00312
 963     78.6455  #8a898a  138   4    0.00107
 964     80.4194  #898a89  138   5    0.02230
 965     80.2426  #898a8a  138   6   -0.00220
 966     80.1786  #8a8a89  138   7   -0.00080
 967     80.4049  #8a8a8a  139   1    0.00282
 968     80.2302  #8a8a8b  139   2   -0.00217
 969     80.1677  #8b8a8a  139   3   -0.00078
 970     79.9895  #8b8a8b  139   4   -0.00223
 971     80.3871  #8a8b8a  139   5    0.00496
 972     80.2086  #8a8b8b  139   6   -0.00222
 973     81.8890  #8b8b8a  139   7    0.02073
 974     81.7115  #8b8b8b  140   1   -0.00217
 975     81.9405  #8b8b8c  140   2    0.00280
 976     81.8778  #8c8b8b  140   3   -0.00077
 977     81.6981  #8c8b8c  140   4   -0.00220
 978     82.0919  #8b8c8b  140   5    0.00481
 979     81.9186  #8b8c8c  140   6   -0.00211
 980     83.3616  #8c8c8b  140   7    0.01746
 981     83.5326  #8c8c8c  141   1    0.00205
 982     83.6153  #8c8c8d  141   2    0.00099
 983     83.3628  #8d8c8c  141   3   -0.00302
 984     83.4459  #8d8c8d  141   4    0.00100
 985     83.4964  #8c8d8c  141   5    0.00060
 986     83.5914  #8c8d8d  141   6    0.00114
 987     83.3089  #8d8d8c  141   7   -0.00339
 988     83.4874  #8d8d8d  142   1    0.00214
 989     85.1077  #8d8d8e  142   2    0.01922
 990     85.0360  #8e8d8d  142   3   -0.00084
 991     84.8631  #8e8d8e  142   4   -0.00204
 992     85.2723  #8d8e8d  142   5    0.00481
 993     85.0869  #8d8e8e  142   6   -0.00218
 994     85.0111  #8e8e8d  142   7   -0.00089
 995     85.0796  #8e8e8e  143   1    0.00081
 996     85.0720  #8e8e8f  143   2   -0.00009
 997     86.7865  #8f8e8e  143   3    0.01995
 998     86.6137  #8f8e8f  143   4   -0.00199
 999     87.0122  #8e8f8e  143   5    0.00459
1000     86.8430  #8e8f8f  143   6   -0.00195
1001     86.7717  #8f8f8e  143   7   -0.00082
1002     86.5987  #8f8f8f  144   1   -0.00200
1003     86.8165  #8f8f90  144   2    0.00251
1004     86.7495  #908f8f  144   3   -0.00077
1005     88.3798  #908f90  144   4    0.01862
1006     88.4368  #8f908f  144   5    0.00064
1007     88.5289  #8f9090  144   6    0.00104
1008     88.2665  #90908f  144   7   -0.00297
1009     88.4226  #909090  145   1    0.00177
1010     88.5139  #909091  145   2    0.00103
1011     88.2514  #919090  145   3   -0.00297
1012     88.3434  #919091  145   4    0.00104
1013     90.2529  #909190  145   5    0.02138
1014     90.0593  #909191  145   6   -0.00215
1015     89.9942  #919190  145   7   -0.00072
1016     90.2409  #919191  146   1    0.00274
1017     90.0531  #919192  146   2   -0.00208
1018     89.9832  #929191  146   3   -0.00078
1019     89.7908  #929192  146   4   -0.00214
1020     90.2061  #919291  146   5    0.00462
1021     91.9231  #919292  146   6    0.01885
1022     91.8576  #929291  146   7   -0.00071
1023     92.1064  #929292  147   1    0.00270
1024     91.9119  #929293  147   2   -0.00211
1025     91.8491  #939292  147   3   -0.00068
1026     91.6432  #939293  147   4   -0.00224
1027     92.0768  #929392  147   5    0.00472
1028     91.8856  #929393  147   6   -0.00208
1029     93.4341  #939392  147   7    0.01671
1030     93.4189  #939393  148   1   -0.00016
1031     93.6851  #939394  148   2    0.00285
1032     93.4144  #949393  148   3   -0.00289
1033     93.5095  #949394  148   4    0.00102
1034     93.5655  #939493  148   5    0.00060
1035     93.6620  #939494  148   6    0.00103
1036     93.3776  #949493  148   7   -0.00304
1037     95.4345  #949494  149   1    0.02179
1038     95.2385  #949495  149   2   -0.00206
1039     95.1696  #959494  149   3   -0.00072
1040     94.9740  #959495  149   4   -0.00206
1041     95.4089  #949594  149   5    0.00457
1042     95.2155  #949595  149   6   -0.00203
1043     95.1382  #959594  149   7   -0.00081
1044     95.3956  #959595  150   1    0.00270
1045     95.1963  #959596  150   2   -0.00209
1046     97.0466  #969595  150   3    0.01925
1047     96.8599  #969596  150   4   -0.00193
1048     97.2864  #959695  150   5    0.00439
1049     97.1076  #959696  150   6   -0.00184
1050     97.0230  #969695  150   7   -0.00087
1051     97.0834  #969696  151   1    0.00062
1052     97.0874  #969697  151   2    0.00004
1053     97.0062  #979696  151   3   -0.00084
1054     98.7500  #979697  151   4    0.01782
1055     98.8131  #969796  151   5    0.00064
1056     98.9154  #969797  151   6    0.00103
1057     98.6102  #979796  151   7   -0.00309
1058     98.7198  #979797  152   1    0.00111
1059     98.8819  #979798  152   2    0.00164
1060     98.5934  #989797  152   3   -0.00292
1061     98.6996  #989798  152   4    0.00108
1062    100.7924  #979897  152   5    0.02098
1063    100.6016  #979898  152   6   -0.00189
1064    100.5105  #989897  152   7   -0.00091
1065    100.7760  #989898  153   1    0.00264
1066    100.5728  #989899  153   2   -0.00202
1067    100.5061  #999898  153   3   -0.00066
1068    100.2931  #999899  153   4   -0.00212
1069    100.7435  #989998  153   5    0.00448
1070    102.4466  #989999  153   6    0.01676
1071    102.1666  #999998  153   7   -0.00274
1072    102.3259  #999999  154   1    0.00156
1073    102.4285  #99999a  154   2    0.00100
1074    102.1424  #9a9999  154   3   -0.00280
1075    102.2456  #9a999a  154   4    0.00101
1076    102.3040  #999a99  154   5    0.00057
1077    102.4136  #999a9a  154   6    0.00107
1078    104.1199  #9a9a99  154   7    0.01652
1079    104.2853  #9a9a9a  155   1    0.00159
1080    104.3853  #9a9a9b  155   2    0.00096
1081    104.0955  #9b9a9a  155   3   -0.00278
1082    104.1920  #9b9a9b  155   4    0.00093
1083    104.2566  #9a9b9a  155   5    0.00062
1084    104.3656  #9a9b9b  155   6    0.00104
1085    104.0696  #9b9b9a  155   7   -0.00284
1086    104.0680  #9b9b9b  156   1   -0.00002
1087    106.0425  #9b9b9c  156   2    0.01879
1088    105.9578  #9c9b9b  156   3   -0.00080
1089    105.7618  #9c9b9c  156   4   -0.00185
1090    106.2268  #9b9c9b  156   5    0.00439
1091    106.0179  #9b9c9c  156   6   -0.00197
1092    105.9407  #9c9c9b  156   7   -0.00073
1093    106.0045  #9c9c9c  157   1    0.00060
1094    105.9996  #9c9c9d  157   2   -0.00005
1095    107.6503  #9d9c9c  157   3    0.01545
1096    107.7604  #9d9c9d  157   4    0.00102
1097    107.8213  #9c9d9c  157   5    0.00056
1098    107.9233  #9c9d9d  157   6    0.00095
1099    107.6234  #9d9d9c  157   7   -0.00278
1100    107.9154  #9d9d9d  158   1    0.00271
1101    107.9130  #9d9d9e  158   2   -0.00002
1102    107.6030  #9e9d9d  158   3   -0.00288
1103    109.8001  #9e9d9e  158   4    0.02021
1104    109.8529  #9d9e9d  158   5    0.00048
1105    109.9719  #9d9e9e  158   6    0.00108
1106    109.6655  #9e9e9d  158   7   -0.00279
1107    109.9599  #9e9e9e  159   1    0.00268
1108    109.9456  #9e9e9f  159   2   -0.00013
1109    109.6416  #9f9e9e  159   3   -0.00277
1110    109.7574  #9f9e9f  159   4    0.00106
1111    111.9046  #9e9f9e  159   5    0.01937
1112    111.7124  #9e9f9f  159   6   -0.00172
1113    111.6222  #9f9f9e  159   7   -0.00081
1114    111.4115  #9f9f9f  160   1   -0.00189
1115    111.6928  #9f9fa0  160   2    0.00252
1116    111.5938  #a09f9f  160   3   -0.00089
1117    111.3921  #a09fa0  160   4   -0.00181
1118    111.8493  #9fa09f  160   5    0.00410
1119    113.6162  #9fa0a0  160   6    0.01567
1120    113.3111  #a0a09f  160   7   -0.00269
1121    113.4843  #a0a0a0  161   1    0.00153
1122    113.6015  #a0a0a1  161   2    0.00103
1123    113.2836  #a1a0a0  161   3   -0.00280
1124    113.4006  #a1a0a1  161   4    0.00103
1125    113.4586  #a0a1a0  161   5    0.00051
1126    113.5744  #a0a1a1  161   6    0.00102
1127    115.3358  #a1a1a0  161   7    0.01539
1128    115.6318  #a1a1a1  162   1    0.00256
1129    115.6209  #a1a1a2  162   2   -0.00009
1130    115.3174  #a2a1a1  162   3   -0.00263
1131    115.4279  #a2a1a2  162   4    0.00096
1132    115.4860  #a1a2a1  162   5    0.00050
1133    115.5944  #a1a2a2  162   6    0.00094
1134    115.2887  #a2a2a1  162   7   -0.00265
1135    117.0923  #a2a2a2  163   1    0.01552
1136    117.3666  #a2a2a3  163   2    0.00234
1137    117.2631  #a3a2a2  163   3   -0.00088
1138    117.0798  #a3a2a3  163   4   -0.00157
1139    117.5473  #a2a3a2  163   5    0.00399
1140    117.3303  #a2a3a3  163   6   -0.00185
1141    117.2433  #a3a3a2  163   7   -0.00074
1142    117.0378  #a3a3a3  164   1   -0.00175
1143    117.3169  #a3a3a4  164   2    0.00238
1144    119.0461  #a4a3a3  164   3    0.01463
1145    119.1541  #a4a3a4  164   4    0.00091
1146    119.2174  #a3a4a3  164   5    0.00053
1147    119.3354  #a3a4a4  164   6    0.00099
1148    119.0056  #a4a4a3  164   7   -0.00277
1149    119.3138  #a4a4a4  165   1    0.00259
1150    119.2979  #a4a4a5  165   2   -0.00013
1151    121.1159  #a5a4a4  165   3    0.01512
1152    121.2359  #a5a4a5  165   4    0.00099
1153    121.3005  #a4a5a4  165   5    0.00053
1154    121.3943  #a4a5a5  165   6    0.00077
1155    121.0921  #a5a5a4  165   7   -0.00249
1156    121.3910  #a5a5a5  166   1    0.00247
1157    121.3746  #a5a5a6  166   2   -0.00013
1158    121.0744  #a6a5a5  166   3   -0.00248
1159    121.1866  #a6a5a6  166   4    0.00093
1160    123.3525  #a5a6a5  166   5    0.01771
1161    123.1500  #a5a6a6  166   6   -0.00164
1162    123.0463  #a6a6a5  166   7   -0.00084
1163    122.8500  #a6a6a6  167   1   -0.00160
1164    123.1350  #a6a6a7  167   2    0.00232
1165    123.0275  #a7a6a6  167   3   -0.00087
1166    122.8263  #a7a6a7  167   4   -0.00164
1167    123.2963  #a6a7a6  167   5    0.00382
1168    125.1038  #a6a7a7  167   6    0.01455
1169    124.7887  #a7a7a6  167   7   -0.00252
1170    124.9125  #a7a7a7  168   1    0.00099
1171    125.1000  #a7a7a8  168   2    0.00150
1172    124.7725  #a8a7a7  168   3   -0.00262
1173    124.8962  #a8a7a8  168   4    0.00099
1174    124.9400  #a7a8a7  168   5    0.00035
1175    125.0575  #a7a8a8  168   6    0.00094
1176    126.8775  #a8a8a7  168   7    0.01445
1177    127.1850  #a8a8a8  169   1    0.00242
1178    127.1850  #a8a8a9  169   2    0.00000
1179    126.8575  #a9a8a8  169   3   -0.00258
1180    126.9863  #a9a8a9  169   4    0.00101
1181    127.0387  #a8a9a8  169   5    0.00041
1182    127.1525  #a8a9a9  169   6    0.00089
1183    126.8275  #a9a9a8  169   7   -0.00256
1184    128.9538  #a9a9a9  170   1    0.01663
1185    128.9413  #a9a9aa  170   2   -0.00010
1186    128.8625  #aaa9a9  170   3   -0.00061
1187    128.6538  #aaa9aa  170   4   -0.00162
1188    129.1288  #a9aaa9  170   5    0.00369
1189    128.9063  #a9aaaa  170   6   -0.00172
1190    128.8212  #aaaaa9  170   7   -0.00066
1191    128.6125  #aaaaaa  171   1   -0.00162
1192    128.8925  #aaaaab  171   2    0.00217
1193    130.6438  #abaaaa  171   3    0.01350
1194    130.7525  #abaaab  171   4    0.00083
1195    130.8075  #aaabaa  171   5    0.00042
1196    130.9350  #aaabab  171   6    0.00097
1197    130.6000  #ababaa  171   7   -0.00256
1198    130.7163  #ababab  172   1    0.00089
1199    130.9100  #ababac  172   2    0.00148
1200    130.5775  #acabab  172   3   -0.00254
1201    132.3975  #acabac  172   4    0.01384
1202    132.8788  #abacab  172   5    0.00363
1203    132.6637  #abacac  172   6   -0.00162
1204    132.5762  #acacab  172   7   -0.00066
1205    132.6625  #acacac  173   1    0.00065
1206    132.6375  #acacad  173   2   -0.00019
1207    132.5400  #adacac  173   3   -0.00074
1208    132.3275  #adacad  173   4   -0.00160
1209    134.9725  #acadac  173   5    0.01979
1210    134.7713  #acadad  173   6   -0.00149
1211    134.6788  #adadac  173   7   -0.00069
1212    134.7438  #adadad  174   1    0.00048
1213    134.7438  #adadae  174   2    0.00000
1214    134.6488  #aeadad  174   3   -0.00071
1215    134.4538  #aeadae  174   4   -0.00145
1216    134.9225  #adaead  174   5    0.00348
1217    136.7700  #adaeae  174   6    0.01360
1218    136.4437  #aeaead  174   7   -0.00239
1219    136.5488  #aeaeae  175   1    0.00077
1220    136.7425  #aeaeaf  175   2    0.00142
1221    136.4175  #afaeae  175   3   -0.00238
1222    136.5288  #afaeaf  175   4    0.00082
1223    136.5925  #aeafae  175   5    0.00047
1224    136.7038  #aeafaf  175   6    0.00081
1225    138.4400  #afafae  175   7    0.01262
1226    138.2350  #afafaf  176   1   -0.00148
1227    138.5188  #afafb0  176   2    0.00205
1228    138.4175  #b0afaf  176   3   -0.00073
1229    138.2063  #b0afb0  176   4   -0.00153
1230    138.7000  #afb0af  176   5    0.00357
1231    138.4750  #afb0b0  176   6   -0.00162
1232    138.3913  #b0b0af  176   7   -0.00060
1233    140.6463  #b0b0b0  177   1    0.01616
1234    140.6275  #b0b0b1  177   2   -0.00013
1235    140.5500  #b1b0b0  177   3   -0.00055
1236    140.3262  #b1b0b1  177   4   -0.00159
1237    140.8187  #b0b1b0  177   5    0.00350
1238    140.6075  #b0b1b1  177   6   -0.00150
1239    140.5213  #b1b1b0  177   7   -0.00061
1240    140.5838  #b1b1b1  178   1    0.00044
1241    142.6325  #b1b1b2  178   2    0.01447
1242    142.3100  #b2b1b1  178   3   -0.00226
1243    142.4425  #b2b1b2  178   4    0.00093
1244    142.4863  #b1b2b1  178   5    0.00031
1245    142.6100  #b1b2b2  178   6    0.00087
1246    142.2813  #b2b2b1  178   7   -0.00231
1247    142.4187  #b2b2b2  179   1    0.00097
1248    142.5788  #b2b2b3  179   2    0.00112
1249    144.2925  #b3b2b2  179   3    0.01195
1250    144.0925  #b3b2b3  179   4   -0.00139
1251    144.5825  #b2b3b2  179   5    0.00339
1252    144.3775  #b2b3b3  179   6   -0.00142
1253    144.2713  #b3b3b2  179   7   -0.00074
1254    144.0525  #b3b3b3  180   1   -0.00152
1255    144.3550  #b3b3b4  180   2    0.00210
1256    144.2500  #b4b3b3  180   3   -0.00073
1257    144.0538  #b4b3b4  180   4   -0.00136
1258    146.6937  #b3b4b3  180   5    0.01816
1259    146.4913  #b3b4b4  180   6   -0.00138
1260    146.4013  #b4b4b3  180   7   -0.00061
1261    146.4663  #b4b4b4  181   1    0.00044
1262    146.4625  #b4b4b5  181   2   -0.00003
1263    146.3775  #b5b4b4  181   3   -0.00058
1264    146.1538  #b5b4b5  181   4   -0.00153
1265    148.3788  #b4b5b4  181   5    0.01511
1266    148.5013  #b4b5b5  181   6    0.00083
1267    148.1763  #b5b5b4  181   7   -0.00219
1268    148.4850  #b5b5b5  182   1    0.00208
1269    148.4812  #b5b5b6  182   2   -0.00003
1270    148.1500  #b6b5b5  182   3   -0.00223
1271    148.2663  #b6b5b6  182   4    0.00078
1272    148.3262  #b5b6b5  182   5    0.00040
1273    148.4400  #b5b6b6  182   6    0.00077
1274    150.2550  #b6b6b5  182   7    0.01215
1275    150.0488  #b6b6b6  183   1   -0.00137
1276    150.3325  #b6b6b7  183   2    0.00189
1277    150.2287  #b7b6b6  183   3   -0.00069
1278    150.0213  #b7b6b7  183   4   -0.00138
1279    150.5263  #b6b7b6  183   5    0.00336
1280    150.3063  #b6b7b7  183   6   -0.00146
1281    150.2012  #b7b7b6  183   7   -0.00070
1282    152.1800  #b7b7b7  184   1    0.01309
1283    152.4588  #b7b7b8  184   2    0.00183
1284    152.3575  #b8b7b7  184   3   -0.00066
1285    152.1475  #b8b7b8  184   4   -0.00138
1286    152.6312  #b7b8b7  184   5    0.00317
1287    152.4250  #b7b8b8  184   6   -0.00135
1288    152.3400  #b8b8b7  184   7   -0.00056
1289    152.4113  #b8b8b8  185   1    0.00047
1290    154.4713  #b8b8b9  185   2    0.01343
1291    154.1488  #b9b8b8  185   3   -0.00209
1292    154.2675  #b9b8b9  185   4    0.00077
1293    154.3250  #b8b9b8  185   5    0.00037
1294    154.4388  #b8b9b9  185   6    0.00074
1295    154.1213  #b9b9b8  185   7   -0.00206
1296    154.4437  #b9b9b9  186   1    0.00209
1297    154.4275  #b9b9ba  186   2   -0.00011
1298    156.1500  #bab9b9  186   3    0.01109
1299    155.9575  #bab9ba  186   4   -0.00123
1300    156.4563  #b9bab9  186   5    0.00319
1301    156.2262  #b9baba  186   6   -0.00147
1302    156.1250  #babab9  186   7   -0.00065
1303    155.9338  #bababa  187   1   -0.00123
1304    156.2063  #bababb  187   2    0.00175
1305    156.1012  #bbbaba  187   3   -0.00067
1306    155.8938  #bbbabb  187   4   -0.00133
1307    158.6800  #babbba  187   5    0.01771
1308    158.4613  #babbbb  187   6   -0.00138
1309    158.3450  #bbbbba  187   7   -0.00073
1310    158.1175  #bbbbbb  188   1   -0.00144
1311    158.4263  #bbbbbc  188   2    0.00195
1312    158.3163  #bcbbbb  188   3   -0.00069
1313    158.1012  #bcbbbc  188   4   -0.00136
1314    158.6150  #bbbcbb  188   5    0.00324
1315    160.5050  #bbbcbc  188   6    0.01185
1316    160.1637  #bcbcbb  188   7   -0.00213
1317    160.4863  #bcbcbc  189   1    0.00201
1318    160.4625  #bcbcbd  189   2   -0.00015
1319    160.1387  #bdbcbc  189   3   -0.00202
1320    160.2538  #bdbcbd  189   4    0.00072
1321    160.3175  #bcbdbc  189   5    0.00040
1322    160.4350  #bcbdbd  189   6    0.00073
1323    162.2250  #bdbdbc  189   7    0.01110
1324    162.2838  #bdbdbd  190   1    0.00036
1325    162.2750  #bdbdbe  190   2   -0.00005
1326    162.1975  #bebdbd  190   3   -0.00048
1327    162.0000  #bebdbe  190   4   -0.00122
1328    162.4313  #bdbebd  190   5    0.00266
1329    162.2450  #bdbebe  190   6   -0.00115
1330    162.1637  #bebebd  190   7   -0.00050
1331    164.0675  #bebebe  191   1    0.01167
1332    164.2575  #bebebf  191   2    0.00116
1333    163.9263  #bfbebe  191   3   -0.00202
1334    164.0475  #bfbebf  191   4    0.00074
1335    164.1125  #bebfbe  191   5    0.00040
1336    164.2238  #bebfbf  191   6    0.00068
1337    163.8950  #bfbfbe  191   7   -0.00200
1338    164.0087  #bfbfbf  192   1    0.00069
1339    164.1950  #bfbfc0  192   2    0.00113
1340    166.0200  #c0bfbf  192   3    0.01105
1341    166.1337  #c0bfc0  192   4    0.00068
1342    166.2400  #bfc0bf  192   5    0.00064
1343    166.3425  #bfc0c0  192   6    0.00062
1344    165.9762  #c0c0bf  192   7   -0.00220
1345    166.2213  #c0c0c0  193   1    0.00148
1346    166.3063  #c0c0c1  193   2    0.00051
1347    168.1050  #c1c0c0  193   3    0.01076
1348    167.8750  #c1c0c1  193   4   -0.00137
1349    168.4187  #c0c1c0  193   5    0.00323
1350    168.1863  #c0c1c1  193   6   -0.00138
1351    168.0712  #c1c1c0  193   7   -0.00068
1352    167.8313  #c1c1c1  194   1   -0.00143
1353    168.1438  #c1c1c2  194   2    0.00186
1354    168.0375  #c2c1c1  194   3   -0.00063
1355    170.1100  #c2c1c2  194   4    0.01226
1356    170.2025  #c1c2c1  194   5    0.00054
1357    170.3363  #c1c2c2  194   6    0.00079
1358    169.9538  #c2c2c1  194   7   -0.00225
1359    170.0762  #c2c2c2  195   1    0.00072
1360    170.2937  #c2c2c3  195   2    0.00128
1361    169.9313  #c3c2c2  195   3   -0.00213
1362    170.0638  #c3c2c3  195   4    0.00078
1363    172.4588  #c2c3c2  195   5    0.01398
1364    172.5675  #c2c3c3  195   6    0.00063
1365    172.2225  #c3c3c2  195   7   -0.00200
1366    172.3250  #c3c3c3  196   1    0.00059
1367    172.5513  #c3c3c4  196   2    0.00131
1368    172.1950  #c4c3c3  196   3   -0.00207
1369    172.3025  #c4c3c4  196   4    0.00062
1370    172.4100  #c3c4c3  196   5    0.00062
1371    172.5325  #c3c4c4  196   6    0.00071
1372    174.4000  #c4c4c3  196   7    0.01077
1373    174.4825  #c4c4c4  197   1    0.00047
1374    174.4650  #c4c4c5  197   2   -0.00010
1375    174.3638  #c5c4c4  197   3   -0.00058
1376    174.1200  #c5c4c5  197   4   -0.00140
1377    174.6863  #c4c5c4  197   5    0.00325
1378    174.4263  #c4c5c5  197   6   -0.00149
1379    174.3363  #c5c5c4  197   7   -0.00052
1380    176.4350  #c5c5c5  198   1    0.01197
1381    176.6738  #c5c5c6  198   2    0.00135
1382    176.3063  #c6c5c5  198   3   -0.00208
1383    176.4125  #c6c5c6  198   4    0.00060
1384    176.5325  #c5c6c5  198   5    0.00068
1385    176.6375  #c5c6c6  198   6    0.00059
1386    176.2713  #c6c6c5  198   7   -0.00208
1387    176.3663  #c6c6c6  199   1    0.00054
1388    176.6037  #c6c6c7  199   2    0.00135
1389    178.6263  #c7c6c6  199   3    0.01139
1390    178.7438  #c7c6c7  199   4    0.00066
1391    178.8212  #c6c7c6  199   5    0.00043
1392    178.9538  #c6c7c7  199   6    0.00074
1393    178.5900  #c7c7c6  199   7   -0.00203
1394    178.7175  #c7c7c7  200   1    0.00071
1395    178.9200  #c7c7c8  200   2    0.00113
1396    180.8363  #c8c7c7  200   3    0.01065
1397    180.5863  #c8c7c8  200   4   -0.00138
1398    181.1425  #c7c8c7  200   5    0.00308
1399    180.9088  #c7c8c8  200   6   -0.00129
1400    180.7900  #c8c8c7  200   7   -0.00066
1401    180.8750  #c8c8c8  201   1    0.00047
1402    180.8688  #c8c8c9  201   2   -0.00003
1403    180.7713  #c9c8c8  201   3   -0.00054
1404    180.5338  #c9c8c9  201   4   -0.00131
1405    182.9775  #c8c9c8  201   5    0.01345
1406    183.0975  #c8c9c9  201   6    0.00066
1407    182.7325  #c9c9c8  201   7   -0.00200
1408    182.8613  #c9c9c9  202   1    0.00070
1409    183.0700  #c9c9ca  202   2    0.00114
1410    182.7088  #cac9c9  202   3   -0.00198
1411    182.8350  #cac9ca  202   4    0.00069
1412    182.9075  #c9cac9  202   5    0.00040
1413    185.4113  #c9caca  202   6    0.01360
1414    185.0700  #cacac9  202   7   -0.00184
1415    185.1850  #cacaca  203   1    0.00062
1416    185.3963  #cacacb  203   2    0.00114
1417    185.0363  #cbcaca  203   3   -0.00194
1418    185.1550  #cbcacb  203   4    0.00064
1419    185.2350  #cacbca  203   5    0.00043
1420    185.3537  #cacbcb  203   6    0.00064
1421    187.2875  #cbcbca  203   7    0.01038
1422    187.0300  #cbcbcb  204   1   -0.00138
1423    187.3675  #cbcbcc  204   2    0.00180
1424    187.2625  #cccbcb  204   3   -0.00056
1425    187.0188  #cccbcc  204   4   -0.00130
1426    187.5563  #cbcccb  204   5    0.00287
1427    187.3388  #cbcccc  204   6   -0.00116
1428    187.2200  #cccccb  204   7   -0.00063
1429    189.5613  #cccccc  205   1    0.01243
1430    189.5575  #cccccd  205   2   -0.00002
1431    189.1888  #cdcccc  205   3   -0.00195
1432    189.3050  #cdcccd  205   4    0.00061
1433    189.3988  #cccdcc  205   5    0.00050
1434    189.5225  #cccdcd  205   6    0.00065
1435    189.1513  #cdcdcc  205   7   -0.00196
1436    189.2663  #cdcdcd  206   1    0.00061
1437    191.8425  #cdcdce  206   2    0.01352
1438    191.4650  #cecdcd  206   3   -0.00197
1439    191.5963  #cecdce  206   4    0.00069
1440    191.6662  #cdcecd  206   5    0.00037
1441    191.8075  #cdcece  206   6    0.00074
1442    191.4388  #cececd  206   7   -0.00192
1443    191.5650  #cecece  207   1    0.00066
1444    191.7863  #cececf  207   2    0.00115
1445    193.6438  #cfcece  207   3    0.00964
1446    193.4325  #cfcecf  207   4   -0.00109
1447    193.9437  #cecfce  207   5    0.00264
1448    193.7225  #cecfcf  207   6   -0.00114
1449    193.6087  #cfcfce  207   7   -0.00059
1450    193.3750  #cfcfcf  208   1   -0.00121
1451    193.7012  #cfcfd0  208   2    0.00169
1452    193.5838  #d0cfcf  208   3   -0.00061
1453    193.3725  #d0cfd0  208   4   -0.00109
1454    195.7950  #cfd0cf  208   5    0.01245
1455    195.9275  #cfd0d0  208   6    0.00068
1456    195.5387  #d0d0cf  208   7   -0.00199
1457    195.8975  #d0d0d0  209   1    0.00183
1458    195.9000  #d0d0d1  209   2    0.00001
1459    195.5050  #d1d0d0  209   3   -0.00202
1460    195.6288  #d1d0d1  209   4    0.00063
1461    198.1900  #d0d1d0  209   5    0.01301
1462    197.9437  #d0d1d1  209   6   -0.00124
1463    197.8400  #d1d1d0  209   7   -0.00052
1464    197.5775  #d1d1d1  210   1   -0.00133
1465    197.9150  #d1d1d2  210   2    0.00171
1466    197.8013  #d2d1d1  210   3   -0.00057
1467    197.5450  #d2d1d2  210   4   -0.00130
1468    198.1238  #d1d2d1  210   5    0.00293
1469    197.8775  #d1d2d2  210   6   -0.00124
1470    200.2000  #d2d2d1  210   7    0.01167
1471    199.9462  #d2d2d2  211   1   -0.00127
1472    200.2975  #d2d2d3  211   2    0.00176
1473    200.1813  #d3d2d2  211   3   -0.00058
1474    199.9088  #d3d2d3  211   4   -0.00136
1475    200.4988  #d2d3d2  211   5    0.00295
1476    200.2488  #d2d3d3  211   6   -0.00125
1477    200.1312  #d3d3d2  211   7   -0.00059
1478    202.2925  #d3d3d3  212   1    0.01074
1479    202.5250  #d3d3d4  212   2    0.00115
1480    202.1450  #d4d3d3  212   3   -0.00188
1481    202.2587  #d4d3d4  212   4    0.00056
1482    202.3638  #d3d4d3  212   5    0.00052
1483    202.4888  #d3d4d4  212   6    0.00062
1484    202.1163  #d4d4d3  212   7   -0.00184
1485    202.4713  #d4d4d4  213   1    0.00175
1486    204.5563  #d4d4d5  213   2    0.01025
1487    204.4375  #d5d4d4  213   3   -0.00058
1488    204.1738  #d5d4d5  213   4   -0.00129
1489    204.7875  #d4d5d4  213   5    0.00300
1490    204.5112  #d4d5d5  213   6   -0.00135
1491    204.3950  #d5d5d4  213   7   -0.00057
1492    204.1312  #d5d5d5  214   1   -0.00129
1493    204.4738  #d5d5d6  214   2    0.00168
1494    206.7950  #d6d5d5  214   3    0.01129
1495    206.5600  #d6d5d6  214   4   -0.00114
1496    207.1425  #d5d6d5  214   5    0.00282
1497    206.8963  #d5d6d6  214   6   -0.00119
1498    206.7750  #d6d6d5  214   7   -0.00059
1499    206.5137  #d6d6d6  215   1   -0.00126
1500    206.8537  #d6d6d7  215   2    0.00165
1501    206.7450  #d7d6d6  215   3   -0.00053
1502    206.4888  #d7d6d7  215   4   -0.00124
1503    209.0538  #d6d7d6  215   5    0.01235
1504    209.1662  #d6d7d7  215   6    0.00054
1505    208.7975  #d7d7d6  215   7   -0.00176
1506    208.9038  #d7d7d7  216   1    0.00051
1507    209.1337  #d7d7d8  216   2    0.00110
1508    208.7612  #d8d7d7  216   3   -0.00178
1509    208.8688  #d8d7d8  216   4    0.00051
1510    211.4450  #d7d8d7  216   5    0.01226
1511    211.1987  #d7d8d8  216   6   -0.00117
1512    211.0775  #d8d8d7  216   7   -0.00057
1513    211.1888  #d8d8d8  217   1    0.00053
1514    211.1675  #d8d8d9  217   2   -0.00010
1515    211.0575  #d9d8d8  217   3   -0.00052
1516    210.7962  #d9d8d9  217   4   -0.00124
1517    211.3913  #d8d9d8  217   5    0.00282
1518    211.1488  #d8d9d9  217   6   -0.00115
1519    213.4925  #d9d9d8  217   7    0.01104
1520    213.2438  #d9d9d9  218   1   -0.00117
1521    213.5838  #d9d9da  218   2    0.00159
1522    213.4713  #dad9d9  218   3   -0.00053
1523    213.2125  #dad9da  218   4   -0.00121
1524    213.7800  #d9dad9  218   5    0.00266
1525    213.5462  #d9dada  218   6   -0.00109
1526    213.4313  #dadad9  218   7   -0.00054
1527    215.6100  #dadada  219   1    0.01016
1528    215.8250  #dadadb  219   2    0.00100
1529    215.4563  #dbdada  219   3   -0.00171
1530    215.5725  #dbdadb  219   4    0.00054
1531    215.6637  #dadbda  219   5    0.00042
1532    215.7863  #dadbdb  219   6    0.00057
1533    215.4325  #dbdbda  219   7   -0.00164
1534    215.5313  #dbdbdb  220   1    0.00046
1535    217.7663  #dbdbdc  220   2    0.01032
1536    217.6475  #dcdbdb  220   3   -0.00055
1537    217.4137  #dcdbdc  220   4   -0.00107
1538    217.9363  #dbdcdb  220   5    0.00240
1539    217.7262  #dbdcdc  220   6   -0.00096
1540    217.6225  #dcdcdb  220   7   -0.00048
1541    217.7012  #dcdcdc  221   1    0.00036
1542    217.6950  #dcdcdd  221   2   -0.00003
1543    219.9325  #dddcdc  221   3    0.01023
1544    219.6750  #dddcdd  221   4   -0.00117
1545    220.2637  #dcdddc  221   5    0.00268
1546    220.0137  #dcdddd  221   6   -0.00114
1547    219.8788  #dddddc  221   7   -0.00061
1548    219.6575  #dddddd  222   1   -0.00101
1549    220.0025  #ddddde  222   2    0.00157
1550    219.8525  #dedddd  222   3   -0.00068
1551    221.9738  #deddde  222   4    0.00960
1552    222.0500  #dddedd  222   5    0.00034
1553    222.1813  #dddede  222   6    0.00059
1554    221.8125  #dededd  222   7   -0.00166
1555    221.9250  #dedede  223   1    0.00051
1556    222.1300  #dededf  223   2    0.00092
1557    221.7825  #dfdede  223   3   -0.00157
1558    221.8975  #dfdedf  223   4    0.00052
1559    224.2738  #dedfde  223   5    0.01065
1560    224.0550  #dedfdf  223   6   -0.00098
1561    223.9475  #dfdfde  223   7   -0.00048
1562    223.7113  #dfdfdf  224   1   -0.00106
1563    224.0425  #dfdfe0  224   2    0.00148
1564    223.9300  #e0dfdf  224   3   -0.00050
1565    223.6775  #e0dfe0  224   4   -0.00113
1566    224.2100  #dfe0df  224   5    0.00238
1567    224.0013  #dfe0e0  224   6   -0.00093
1568    226.1825  #e0e0df  224   7    0.00969
1569    225.9487  #e0e0e0  225   1   -0.00103
1570    226.2763  #e0e0e1  225   2    0.00145
1571    226.1563  #e1e0e0  225   3   -0.00053
1572    225.9263  #e1e0e1  225   4   -0.00102
1573    226.4800  #e0e1e0  225   5    0.00245
1574    226.2287  #e0e1e1  225   6   -0.00111
1575    228.1275  #e1e1e0  225   7    0.00836
1576    228.2200  #e1e1e1  226   1    0.00041
1577    228.4588  #e1e1e2  226   2    0.00105
1578    228.0775  #e2e1e1  226   3   -0.00167
1579    228.1675  #e2e1e2  226   4    0.00039
1580    228.3013  #e1e2e1  226   5    0.00059
1581    228.4050  #e1e2e2  226   6    0.00045
1582    228.0437  #e2e2e1  226   7   -0.00158
1583    228.1525  #e2e2e2  227   1    0.00048
1584    229.9988  #e2e2e3  227   2    0.00806
1585    230.2225  #e3e2e2  227   3    0.00097
1586    229.9638  #e3e2e3  227   4   -0.00112
1587    230.5675  #e2e3e2  227   5    0.00262
1588    230.3225  #e2e3e3  227   6   -0.00106
1589    230.1863  #e3e3e2  227   7   -0.00059
1590    229.9250  #e3e3e3  228   1   -0.00114
1591    229.9250  #e3e3e4  228   2    0.00000
1592    232.1600  #e4e3e3  228   3    0.00967
1593    232.2525  #e4e3e4  228   4    0.00040
1594    232.4100  #e3e4e3  228   5    0.00068
1595    232.5087  #e3e4e4  228   6    0.00042
1596    232.1238  #e4e4e3  228   7   -0.00166
1597    232.2275  #e4e4e4  229   1    0.00045
1598    232.4550  #e4e4e5  229   2    0.00098
1599    232.0775  #e5e4e4  229   3   -0.00163
1600    234.5625  #e5e4e5  229   4    0.01065
1601    234.7238  #e4e5e4  229   5    0.00069
1602    234.8463  #e4e5e5  229   6    0.00052
1603    234.4413  #e5e5e4  229   7   -0.00173
1604    234.5288  #e5e5e5  230   1    0.00037
1605    234.8050  #e5e5e6  230   2    0.00118
1606    234.4050  #e6e5e5  230   3   -0.00170
1607    234.5087  #e6e5e6  230   4    0.00044
1608    237.1400  #e5e6e5  230   5    0.01116
1609    236.8400  #e5e6e6  230   6   -0.00127
1610    236.7413  #e6e6e5  230   7   -0.00042
1611    236.4688  #e6e6e6  231   1   -0.00115
1612    236.4650  #e6e6e7  231   2   -0.00002
1613    236.4475  #e7e6e6  231   3   -0.00007
1614    236.4413  #e7e6e7  231   4   -0.00003
1615    237.0737  #e6e7e6  231   5    0.00267
1616    236.7775  #e6e7e7  231   6   -0.00125
1617    238.7363  #e7e7e6  231   7    0.00824
1618    238.8375  #e7e7e7  232   1    0.00042
1619    238.8288  #e7e7e8  232   2   -0.00004
1620    238.7138  #e8e7e7  232   3   -0.00048
1621    238.7950  #e8e7e8  232   4    0.00034
1622    238.9550  #e7e8e7  232   5    0.00067
1623    239.0550  #e7e8e8  232   6    0.00042
1624    241.1488  #e8e8e7  232   7    0.00872
1625    241.2500  #e8e8e8  233   1    0.00042
1626    241.4975  #e8e8e9  233   2    0.00103
1627    241.1037  #e9e8e8  233   3   -0.00163
1628    241.2138  #e9e8e9  233   4    0.00046
1629    241.3325  #e8e9e8  233   5    0.00049
1630    241.4613  #e8e9e9  233   6    0.00053
1631    241.0725  #e9e9e8  233   7   -0.00161
1632    241.1725  #e9e9e9  234   1    0.00041
1633    243.4837  #e9e9ea  234   2    0.00954
1634    243.3688  #eae9e9  234   3   -0.00047
1635    243.0875  #eae9ea  234   4   -0.00116
1636    243.7113  #e9eae9  234   5    0.00256
1637    243.4350  #e9eaea  234   6   -0.00113
1638    243.3375  #eaeae9  234   7   -0.00040
1639    243.0525  #eaeaea  235   1   -0.00117
1640    243.0425  #eaeaeb  235   2   -0.00004
1641    245.3862  #ebeaea  235   3    0.00960
1642    245.4800  #ebeaeb  235   4    0.00038
1643    245.5950  #eaebea  235   5    0.00047
1644    245.7163  #eaebeb  235   6    0.00049
1645    245.3562  #ebebea  235   7   -0.00147
1646    245.4400  #ebebeb  236   1    0.00034
1647    245.4388  #ebebec  236   2   -0.00001
1648    245.3050  #ecebeb  236   3   -0.00055
1649    247.7838  #ecebec  236   4    0.01005
1650    247.9300  #ebeceb  236   5    0.00059
1651    248.0350  #ebecec  236   6    0.00042
1652    247.6675  #ececeb  236   7   -0.00148
1653    247.7725  #ececec  237   1    0.00042
1654    247.9825  #ececed  237   2    0.00085
1655    247.6337  #edecec  237   3   -0.00141
1656    247.7238  #edeced  237   4    0.00036
1657    250.1362  #ecedec  237   5    0.00969
1658    249.9038  #eceded  237   6   -0.00093
1659    249.7838  #ededec  237   7   -0.00048
1660    249.5275  #ededed  238   1   -0.00103
1661    249.8788  #ededee  238   2    0.00141
1662    249.7550  #eeeded  238   3   -0.00050
1663    249.4938  #eeedee  238   4   -0.00105
1664    250.0737  #edeeed  238   5    0.00232
1665    251.9525  #edeeee  238   6    0.00748
1666    251.6012  #eeeeed  238   7   -0.00140
1667    251.7025  #eeeeee  239   1    0.00040
1668    251.6937  #eeeeef  239   2   -0.00003
1669    251.6738  #efeeee  239   3   -0.00008
1670    251.6788  #efeeef  239   4    0.00002
1671    251.7813  #eeefee  239   5    0.00041
1672    251.8925  #eeefef  239   6    0.00044
1673    253.8088  #efefee  239   7    0.00758
1674    253.9025  #efefef  240   1    0.00037
1675    253.8988  #efeff0  240   2   -0.00001
1676    253.7788  #f0efef  240   3   -0.00047
1677    253.8788  #f0eff0  240   4    0.00039
1678    253.9713  #eff0ef  240   5    0.00036
1679    254.1012  #eff0f0  240   6    0.00051
1680    253.7400  #f0f0ef  240   7   -0.00142
1681    255.5950  #f0f0f0  241   1    0.00728
1682    255.9313  #f0f0f1  241   2    0.00131
1683    255.8175  #f1f0f0  241   3   -0.00044
1684    255.5838  #f1f0f1  241   4   -0.00091
1685    256.1350  #f0f1f0  241   5    0.00215
1686    255.8938  #f0f1f1  241   6   -0.00094
1687    255.7900  #f1f1f0  241   7   -0.00041
1688    255.5200  #f1f1f1  242   1   -0.00106
1689    255.8587  #f1f1f2  242   2    0.00132
1690    257.5850  #f2f1f1  242   3    0.00672
1691    257.6862  #f2f1f2  242   4    0.00039
1692    257.8150  #f1f2f1  242   5    0.00050
1693    257.8963  #f1f2f2  242   6    0.00032
1694    257.5525  #f2f2f1  242   7   -0.00133
1695    257.6338  #f2f2f2  243   1    0.00032
1696    257.6175  #f2f2f3  243   2   -0.00006
1697    257.5150  #f3f2f2  243   3   -0.00040
1698    259.8050  #f3f2f3  243   4    0.00885
1699    259.9663  #f2f3f2  243   5    0.00062
1700    260.0375  #f2f3f3  243   6    0.00027
1701    259.7013  #f3f3f2  243   7   -0.00129
1702    259.7550  #f3f3f3  244   1    0.00021
1703    259.7437  #f3f3f4  244   2   -0.00004
1704    259.6550  #f4f3f3  244   3   -0.00034
1705    259.7163  #f4f3f4  244   4    0.00024
1706    262.1225  #f3f4f3  244   5    0.00922
1707    261.8650  #f3f4f4  244   6   -0.00098
1708    261.7563  #f4f4f3  244   7   -0.00042
1709    261.4950  #f4f4f4  245   1   -0.00100
1710    261.8425  #f4f4f5  245   2    0.00133
1711    261.7412  #f5f4f4  245   3   -0.00039
1712    261.4700  #f5f4f5  245   4   -0.00104
1713    262.0462  #f4f5f4  245   5    0.00220
1714    263.8850  #f4f5f5  245   6    0.00699
1715    263.5437  #f5f5f4  245   7   -0.00129
1716    263.6288  #f5f5f5  246   1    0.00032
1717    263.8662  #f5f5f6  246   2    0.00090
1718    263.5163  #f6f5f5  246   3   -0.00133
1719    263.5838  #f6f5f6  246   4    0.00026
1720    263.7412  #f5f6f5  246   5    0.00060
1721    263.8138  #f5f6f6  246   6    0.00027
1722    265.5900  #f6f6f5  246   7    0.00671
1723    265.3200  #f6f6f6  247   1   -0.00102
1724    265.3050  #f6f6f7  247   2   -0.00006
1725    265.5400  #f7f6f6  247   3    0.00089
1726    265.2788  #f7f6f7  247   4   -0.00098
1727    265.7950  #f6f7f6  247   5    0.00194
1728    265.5775  #f6f7f7  247   6   -0.00082
1729    265.4887  #f7f7f6  247   7   -0.00033
1730    265.2300  #f7f7f7  248   1   -0.00098
1731    267.4150  #f7f7f8  248   2    0.00820
1732    267.6625  #f8f7f7  248   3    0.00093
1733    267.3825  #f8f7f8  248   4   -0.00105
1734    267.7912  #f7f8f7  248   5    0.00153
1735    267.7050  #f7f8f8  248   6   -0.00032
1736    267.6162  #f8f8f7  248   7   -0.00033
1737    267.3425  #f8f8f8  249   1   -0.00102
1738    267.6750  #f8f8f9  249   2    0.00124
1739    269.2262  #f9f8f8  249   3    0.00578
1740    269.2900  #f9f8f9  249   4    0.00024
1741    269.4450  #f8f9f8  249   5    0.00058
1742    269.5113  #f8f9f9  249   6    0.00025
1743    269.1725  #f9f9f8  249   7   -0.00126
1744    269.2362  #f9f9f9  250   1    0.00024
1745    269.4862  #f9f9fa  250   2    0.00093
1746    269.1363  #faf9f9  250   3   -0.00130
1747    270.8562  #faf9fa  250   4    0.00637
1748    271.2225  #f9faf9  250   5    0.00135
1749    271.0338  #f9fafa  250   6   -0.00070
1750    271.0375  #fafaf9  250   7    0.00001
1751    270.7975  #fafafa  251   1   -0.00089
1752    270.7912  #fafafb  251   2   -0.00002
1753    271.0000  #fbfafa  251   3    0.00077
1754    270.7738  #fbfafb  251   4   -0.00084
1755    274.0562  #fafbfa  251   5    0.01205
1756    273.3450  #fafbfb  251   6   -0.00260
1757    273.0512  #fbfbfa  251   7   -0.00108
1758    272.5125  #fbfbfb  252   1   -0.00198
1759    272.4875  #fbfbfc  252   2   -0.00009
1760    272.4850  #fcfbfb  252   3   -0.00001
1761    272.4700  #fcfbfc  252   4   -0.00006
1762    273.9800  #fbfcfb  252   5    0.00553
1763    276.9488  #fbfcfc  252   6    0.01078
1764    275.9275  #fcfcfb  252   7   -0.00369
1765    275.6588  #fcfcfc  253   1   -0.00097
1766    276.9400  #fcfcfd  253   2    0.00464
1767    275.8950  #fdfcfc  253   3   -0.00378
1768    275.6363  #fdfcfd  253   4   -0.00094
1769    277.2213  #fcfdfc  253   5    0.00573
1770    276.8525  #fcfdfd  253   6   -0.00133
1771    279.0150  #fdfdfc  253   7    0.00778
1772    279.4575  #fdfdfd  254   1    0.00158
1773    278.3500  #fdfdfe  254   2   -0.00397
1774    278.9713  #fefdfd  254   3    0.00223
1775    279.4275  #fefdfe  254   4    0.00163
1776    277.8475  #fdfefd  254   5   -0.00567
1777    278.2962  #fdfefe  254   6    0.00161
1778    278.9262  #fefefd  254   7    0.00226
1779    279.3700  #fefefe  255   1    0.00159
1780    279.4063  #fefeff  255   2    0.00013
1781    279.1625  #fffefe  255   3   -0.00087
1782    279.3863  #fffeff  255   4    0.00080
1783    278.9550  #fefffe  255   5   -0.00154
1784    279.1575  #feffff  255   6    0.00073
1785    279.1150  #fffffe  255   7   -0.00015
1786    279.3325  #ffffff  256   1    0.00078
