#  lumResponse vers. 1.8 - 12/16/09 16:21:49
#  Display ID: HP_LP2065_CNG9330040
#  iLdelay=1  avgN=1  ILlimit_plus=0.20 ILlimit_minus=-0.05  R=21.3% G=69.9% B=8.7%
#  44.6225  #ff0000
#  146.191  #00ff00
#  18.2544  #0000ff
   1    0.227  #000000    1 1  0.0000
   2    0.227  #000001    1 2  0.0026
   3    0.228  #010000    1 3  0.0036
   4    0.228  #010001    1 4  0.0019
   5    0.235  #000100    1 5  0.0297
   6    0.229  #000101    1 6  -0.0265
   7    0.229  #010100    1 7  0.0006
   8    0.232  #010101    2 1  0.0106
   9    0.227  #010102    2 2  -0.0221
  10    0.240  #020101    2 3  0.0575
  11    0.233  #020102    2 4  -0.0288
  12    0.231  #010201    2 5  -0.0098
  13    0.232  #010202    2 6  0.0027
  14    0.234  #020201    2 7  0.0108
  15    0.232  #020202    3 1  -0.0111
  16    0.231  #020203    3 2  -0.0016
  17    0.249  #030202    3 3  0.0732
  18    0.234  #030203    3 4  -0.0631
  19    0.230  #020302    3 5  -0.0134
  20    0.226  #020303    3 6  -0.0203
  21    0.228  #030302    3 7  0.0086
  22    0.242  #030303    4 1  0.0615
  23    0.230  #030304    4 2  -0.0498
  24    0.228  #040303    4 3  -0.0129
  25    0.232  #040304    4 4  0.0208
  26    0.227  #030403    4 5  -0.0217
  27    0.236  #030404    4 6  0.0372
  28    0.230  #040403    4 7  -0.0239
  29    0.233  #040404    5 1  0.0113
  30    0.230  #040405    5 2  -0.0128
  31    0.237  #050404    5 3  0.0293
  32    0.229  #050405    5 4  -0.0336
  33    0.228  #040504    5 5  -0.0044
  34    0.236  #040505    5 6  0.0334
  35    0.236  #050504    5 7  0.0006
  36    0.234  #050505    6 1  -0.0060
  37    0.244  #050506    6 2  0.0388
  38    0.237  #060505    6 3  -0.0275
  39    0.238  #060506    6 4  0.0043
  40    0.235  #050605    6 5  -0.0144
  41    0.235  #050606    6 6  0.0016
  42    0.236  #060605    6 7  0.0036
  43    0.231  #060606    7 1  -0.0200
  44    0.227  #060607    7 2  -0.0186
  45    0.240  #070606    7 3  0.0559
  46    0.238  #070607    7 4  -0.0083
  47    0.246  #060706    7 5  0.0331
  48    0.243  #060707    7 6  -0.0127
  49    0.250  #070706    7 7  0.0271
  50    0.241  #070707    8 1  -0.0349
  51    0.246  #070708    8 2  0.0189
  52    0.239  #080707    8 3  -0.0288
  53    0.236  #080708    8 4  -0.0124
  54    0.246  #070807    8 5  0.0423
  55    0.242  #070808    8 6  -0.0160
  56    0.252  #080807    8 7  0.0389
  57    0.240  #080808    9 1  -0.0488
  58    0.241  #080809    9 2  0.0069
  59    0.244  #090808    9 3  0.0113
  60    0.235  #090809    9 4  -0.0367
  61    0.245  #080908    9 5  0.0420
  62    0.258  #080909    9 6  0.0514
  63    0.261  #090908    9 7  0.0116
  64    0.247  #090909   10 1  -0.0578
  65    0.253  #09090a   10 2  0.0254
  66    0.251  #0a0909   10 3  -0.0065
  67    0.271  #0a090a   10 4  0.0736
  68    0.249  #090a09   10 5  -0.0840
  69    0.245  #090a0a   10 6  -0.0157
  70    0.255  #0a0a09   10 7  0.0415
  71    0.247  #0a0a0a   11 1  -0.0316
  72    0.268  #0a0a0b   11 2  0.0823
  73    0.258  #0b0a0a   11 3  -0.0404
  74    0.263  #0b0a0b   11 4  0.0201
  75    0.265  #0a0b0a   11 5  0.0082
  76    0.261  #0a0b0b   11 6  -0.0162
  77    0.265  #0b0b0a   11 7  0.0154
  78    0.262  #0b0b0b   12 1  -0.0102
  79    0.270  #0b0b0c   12 2  0.0301
  80    0.269  #0c0b0b   12 3  -0.0039
  81    0.275  #0c0b0c   12 4  0.0224
  82    0.266  #0b0c0b   12 5  -0.0341
  83    0.277  #0b0c0c   12 6  0.0409
  84    0.278  #0c0c0b   12 7  0.0021
  85    0.286  #0c0c0c   13 1  0.0295
  86    0.265  #0c0c0d   13 2  -0.0755
  87    0.283  #0d0c0c   13 3  0.0636
  88    0.283  #0d0c0d   13 4  0.0023
  89    0.292  #0c0d0c   13 5  0.0287
  90    0.291  #0c0d0d   13 6  -0.0011
  91    0.291  #0d0d0c   13 7  -0.0012
  92    0.304  #0d0d0d   14 1  0.0444
  93    0.288  #0d0d0e   14 2  -0.0544
  94    0.308  #0e0d0d   14 3  0.0666
  95    0.303  #0e0d0e   14 4  -0.0160
  96    0.310  #0d0e0d   14 5  0.0220
  97    0.315  #0d0e0e   14 6  0.0181
  98    0.307  #0e0e0d   14 7  -0.0260
  99    0.315  #0e0e0e   15 1  0.0244
 100    0.313  #0e0e0f   15 2  -0.0075
 101    0.311  #0f0e0e   15 3  -0.0064
 102    0.319  #0f0e0f   15 4  0.0261
 103    0.345  #0e0f0e   15 5  0.0790
 104    0.337  #0e0f0f   15 6  -0.0236
 105    0.334  #0f0f0e   15 7  -0.0102
 106    0.340  #0f0f0f   16 1  0.0182
 107    0.341  #0f0f10   16 2  0.0030
 108    0.344  #100f0f   16 3  0.0099
 109    0.341  #100f10   16 4  -0.0086
 110    0.376  #0f100f   16 5  0.0963
 111    0.354  #0f1010   16 6  -0.0603
 112    0.374  #10100f   16 7  0.0569
 113    0.378  #101010   17 1  0.0083
 114    0.371  #101011   17 2  -0.0184
 115    0.367  #111010   17 3  -0.0104
 116    0.381  #111011   17 4  0.0388
 117    0.393  #101110   17 5  0.0292
 118    0.391  #101111   17 6  -0.0043
 119    0.400  #111110   17 7  0.0217
 120    0.408  #111111   18 1  0.0219
 121    0.404  #111112   18 2  -0.0108
 122    0.402  #121111   18 3  -0.0040
 123    0.412  #121112   18 4  0.0230
 124    0.439  #111211   18 5  0.0635
 125    0.437  #111212   18 6  -0.0040
 126    0.440  #121211   18 7  0.0064
 127    0.443  #121212   19 1  0.0078
 128    0.446  #121213   19 2  0.0062
 129    0.455  #131212   19 3  0.0201
 130    0.460  #131213   19 4  0.0116
 131    0.453  #121312   19 5  -0.0167
 132    0.436  #121313   19 6  -0.0372
 133    0.455  #131312   19 7  0.0424
 134    0.451  #131313   20 1  -0.0084
 135    0.477  #131314   20 2  0.0552
 136    0.470  #141313   20 3  -0.0143
 137    0.474  #141314   20 4  0.0084
 138    0.487  #131413   20 5  0.0275
 139    0.494  #131414   20 6  0.0140
 140    0.501  #141413   20 7  0.0132
 141    0.503  #141414   21 1  0.0052
 142    0.517  #141415   21 2  0.0259
 143    0.517  #151414   21 3  0.0014
 144    0.538  #151415   21 4  0.0387
 145    0.540  #141514   21 5  0.0036
 146    0.538  #141515   21 6  -0.0028
 147    0.554  #151514   21 7  0.0288
 148    0.569  #151515   22 1  0.0274
 149    0.558  #151516   22 2  -0.0205
 150    0.551  #161515   22 3  -0.0125
 151    0.564  #161516   22 4  0.0230
 152    0.590  #151615   22 5  0.0465
 153    0.597  #151616   22 6  0.0107
 154    0.596  #161615   22 7  -0.0012
 155    0.603  #161616   23 1  0.0113
 156    0.603  #161617   23 2  -0.0006
 157    0.615  #171616   23 3  0.0203
 158    0.617  #171617   23 4  0.0038
 159    0.651  #161716   23 5  0.0533
 160    0.648  #161717   23 6  -0.0053
 161    0.651  #171716   23 7  0.0053
 162    0.658  #171717   24 1  0.0109
 163    0.668  #171718   24 2  0.0150
 164    0.676  #181717   24 3  0.0122
 165    0.672  #181718   24 4  -0.0061
 166    0.699  #171817   24 5  0.0383
 167    0.696  #171818   24 6  -0.0042
 168    0.716  #181817   24 7  0.0294
 169    0.740  #181818   25 1  0.0319
 170    0.723  #181819   25 2  -0.0227
 171    0.728  #191818   25 3  0.0063
 172    0.735  #191819   25 4  0.0108
 173    0.769  #181918   25 5  0.0449
 174    0.774  #181919   25 6  0.0063
 175    0.780  #191918   25 7  0.0072
 176    0.783  #191919   26 1  0.0045
 177    0.797  #19191a   26 2  0.0179
 178    0.808  #1a1919   26 3  0.0132
 179    0.804  #1a191a   26 4  -0.0047
 180    0.845  #191a19   26 5  0.0498
 181    0.857  #191a1a   26 6  0.0136
 182    0.870  #1a1a19   26 7  0.0157
 183    0.882  #1a1a1a   27 1  0.0130
 184    0.874  #1a1a1b   27 2  -0.0089
 185    0.895  #1b1a1a   27 3  0.0241
 186    0.900  #1b1a1b   27 4  0.0058
 187    0.940  #1a1b1a   27 5  0.0436
 188    0.958  #1a1b1b   27 6  0.0185
 189    0.955  #1b1b1a   27 7  -0.0026
 190    0.968  #1b1b1b   28 1  0.0135
 191    0.977  #1b1b1c   28 2  0.0089
 192    0.984  #1c1b1b   28 3  0.0068
 193    0.989  #1c1b1c   28 4  0.0049
 194    0.963  #1b1c1b   28 5  -0.0259
 195    0.982  #1b1c1c   28 6  0.0193
 196    0.990  #1c1c1b   28 7  0.0078
 197    0.998  #1c1c1c   29 1  0.0084
 198    1.009  #1c1c1d   29 2  0.0107
 199    1.033  #1d1c1c   29 3  0.0239
 200    1.027  #1d1c1d   29 4  -0.0058
 201    1.078  #1c1d1c   29 5  0.0483
 202    1.070  #1c1d1d   29 6  -0.0076
 203    1.096  #1d1d1c   29 7  0.0242
 204    1.131  #1d1d1d   30 1  0.0310
 205    1.121  #1d1d1e   30 2  -0.0084
 206    1.111  #1e1d1d   30 3  -0.0093
 207    1.113  #1e1d1e   30 4  0.0019
 208    1.190  #1d1e1d   30 5  0.0666
 209    1.204  #1d1e1e   30 6  0.0117
 210    1.186  #1e1e1d   30 7  -0.0150
 211    1.198  #1e1e1e   31 1  0.0104
 212    1.203  #1e1e1f   31 2  0.0037
 213    1.221  #1f1e1e   31 3  0.0154
 214    1.225  #1f1e1f   31 4  0.0033
 215    1.284  #1e1f1e   31 5  0.0468
 216    1.304  #1e1f1f   31 6  0.0153
 217    1.310  #1f1f1e   31 7  0.0051
 218    1.310  #1f1f1f   32 1  -0.0003
 219    1.324  #1f1f20   32 2  0.0105
 220    1.347  #201f1f   32 3  0.0175
 221    1.349  #201f20   32 4  0.0012
 222    1.402  #1f201f   32 5  0.0386
 223    1.415  #1f2020   32 6  0.0096
 224    1.445  #20201f   32 7  0.0209
 225    1.447  #202020   33 1  0.0010
 226    1.452  #202021   33 2  0.0035
 227    1.469  #212020   33 3  0.0115
 228    1.489  #212021   33 4  0.0136
 229    1.539  #202120   33 5  0.0330
 230    1.548  #202121   33 6  0.0061
 231    1.566  #212120   33 7  0.0113
 232    1.587  #212121   34 1  0.0137
 233    1.590  #212122   34 2  0.0017
 234    1.621  #222121   34 3  0.0191
 235    1.628  #222122   34 4  0.0046
 236    1.695  #212221   34 5  0.0404
 237    1.719  #212222   34 6  0.0136
 238    1.723  #222221   34 7  0.0022
 239    1.745  #222222   35 1  0.0128
 240    1.756  #222223   35 2  0.0062
 241    1.781  #232222   35 3  0.0145
 242    1.798  #232223   35 4  0.0092
 243    1.882  #222322   35 5  0.0456
 244    1.875  #222323   35 6  -0.0037
 245    1.890  #232322   35 7  0.0081
 246    1.909  #232323   36 1  0.0103
 247    1.931  #232324   36 2  0.0114
 248    1.946  #242323   36 3  0.0078
 249    1.964  #242324   36 4  0.0091
 250    2.021  #232423   36 5  0.0287
 251    2.015  #232424   36 6  -0.0030
 252    2.041  #242423   36 7  0.0126
 253    2.078  #242424   37 1  0.0182
 254    2.059  #242425   37 2  -0.0095
 255    2.071  #252424   37 3  0.0058
 256    2.050  #252425   37 4  -0.0099
 257    2.054  #242524   37 5  0.0021
 258    2.067  #242525   37 6  0.0061
 259    2.062  #252524   37 7  -0.0025
 260    2.057  #252525   38 1  -0.0025
 261    2.071  #252526   38 2  0.0067
 262    2.091  #262525   38 3  0.0097
 263    2.104  #262526   38 4  0.0061
 264    2.153  #252625   38 5  0.0231
 265    2.170  #252626   38 6  0.0079
 266    2.204  #262625   38 7  0.0155
 267    2.206  #262626   39 1  0.0011
 268    2.221  #262627   39 2  0.0067
 269    2.233  #272626   39 3  0.0054
 270    2.242  #272627   39 4  0.0042
 271    2.286  #262726   39 5  0.0195
 272    2.314  #262727   39 6  0.0120
 273    2.327  #272726   39 7  0.0057
 274    2.337  #272727   40 1  0.0041
 275    2.360  #272728   40 2  0.0100
 276    2.366  #282727   40 3  0.0026
 277    2.390  #282728   40 4  0.0101
 278    2.457  #272827   40 5  0.0277
 279    2.462  #272828   40 6  0.0017
 280    2.476  #282827   40 7  0.0060
 281    2.504  #282828   41 1  0.0111
 282    2.512  #282829   41 2  0.0030
 283    2.529  #292828   41 3  0.0067
 284    2.544  #292829   41 4  0.0061
 285    2.588  #282928   41 5  0.0170
 286    2.607  #282929   41 6  0.0076
 287    2.615  #292928   41 7  0.0031
 288    2.654  #292929   42 1  0.0147
 289    2.659  #29292a   42 2  0.0018
 290    2.683  #2a2929   42 3  0.0090
 291    2.694  #2a292a   42 4  0.0042
 292    2.752  #292a29   42 5  0.0211
 293    2.764  #292a2a   42 6  0.0045
 294    2.770  #2a2a29   42 7  0.0020
 295    2.797  #2a2a2a   43 1  0.0098
 296    2.805  #2a2a2b   43 2  0.0030
 297    2.835  #2b2a2a   43 3  0.0107
 298    2.840  #2b2a2b   43 4  0.0018
 299    2.904  #2a2b2a   43 5  0.0221
 300    2.907  #2a2b2b   43 6  0.0011
 301    2.946  #2b2b2a   43 7  0.0133
 302    2.940  #2b2b2b   44 1  -0.0021
 303    2.962  #2b2b2c   44 2  0.0076
 304    2.938  #2c2b2b   44 3  -0.0083
 305    2.953  #2c2b2c   44 4  0.0051
 306    3.056  #2b2c2b   44 5  0.0342
 307    3.069  #2b2c2c   44 6  0.0043
 308    3.045  #2c2c2b   44 7  -0.0079
 309    3.071  #2c2c2c   45 1  0.0085
 310    3.093  #2c2c2d   45 2  0.0073
 311    3.107  #2d2c2c   45 3  0.0045
 312    3.115  #2d2c2d   45 4  0.0026
 313    3.180  #2c2d2c   45 5  0.0206
 314    3.199  #2c2d2d   45 6  0.0058
 315    3.223  #2d2d2c   45 7  0.0075
 316    3.248  #2d2d2d   46 1  0.0078
 317    3.258  #2d2d2e   46 2  0.0031
 318    3.267  #2e2d2d   46 3  0.0026
 319    3.294  #2e2d2e   46 4  0.0084
 320    3.228  #2d2e2d   46 5  -0.0203
 321    3.249  #2d2e2e   46 6  0.0065
 322    3.274  #2e2e2d   46 7  0.0076
 323    3.280  #2e2e2e   47 1  0.0018
 324    3.302  #2e2e2f   47 2  0.0067
 325    3.327  #2f2e2e   47 3  0.0077
 326    3.348  #2f2e2f   47 4  0.0062
 327    3.414  #2e2f2e   47 5  0.0195
 328    3.431  #2e2f2f   47 6  0.0049
 329    3.458  #2f2f2e   47 7  0.0080
 330    3.470  #2f2f2f   48 1  0.0035
 331    3.496  #2f2f30   48 2  0.0072
 332    3.507  #302f2f   48 3  0.0032
 333    3.532  #302f30   48 4  0.0070
 334    3.608  #2f302f   48 5  0.0214
 335    3.618  #2f3030   48 6  0.0028
 336    3.643  #30302f   48 7  0.0070
 337    3.663  #303030   49 1  0.0054
 338    3.661  #303031   49 2  -0.0006
 339    3.706  #313030   49 3  0.0121
 340    3.706  #313031   49 4  0.0000
 341    3.808  #303130   49 5  0.0272
 342    3.821  #303131   49 6  0.0035
 343    3.850  #313130   49 7  0.0074
 344    3.858  #313131   50 1  0.0022
 345    3.864  #313132   50 2  0.0014
 346    3.888  #323131   50 3  0.0062
 347    3.916  #323132   50 4  0.0074
 348    3.995  #313231   50 5  0.0199
 349    4.013  #313232   50 6  0.0044
 350    4.036  #323231   50 7  0.0057
 351    4.053  #323232   51 1  0.0042
 352    4.073  #323233   51 2  0.0049
 353    4.065  #333232   51 3  -0.0019
 354    4.062  #333233   51 4  -0.0007
 355    4.199  #323332   51 5  0.0330
 356    4.213  #323333   51 6  0.0033
 357    4.207  #333332   51 7  -0.0013
 358    4.222  #333333   52 1  0.0036
 359    4.231  #333334   52 2  0.0021
 360    4.250  #343333   52 3  0.0045
 361    4.276  #343334   52 4  0.0060
 362    4.363  #333433   52 5  0.0202
 363    4.393  #333434   52 6  0.0070
 364    4.405  #343433   52 7  0.0027
 365    4.432  #343434   53 1  0.0060
 366    4.441  #343435   53 2  0.0021
 367    4.477  #353434   53 3  0.0079
 368    4.484  #353435   53 4  0.0016
 369    4.591  #343534   53 5  0.0236
 370    4.608  #343535   53 6  0.0036
 371    4.627  #353534   53 7  0.0041
 372    4.657  #353535   54 1  0.0064
 373    4.677  #353536   54 2  0.0045
 374    4.701  #363535   54 3  0.0050
 375    4.722  #363536   54 4  0.0044
 376    4.821  #353635   54 5  0.0208
 377    4.829  #353636   54 6  0.0017
 378    4.868  #363635   54 7  0.0080
 379    4.870  #363636   55 1  0.0005
 380    4.899  #363637   55 2  0.0059
 381    4.932  #373636   55 3  0.0067
 382    4.933  #373637   55 4  0.0003
 383    4.883  #363736   55 5  -0.0103
 384    4.874  #363737   55 6  -0.0018
 385    4.931  #373736   55 7  0.0117
 386    4.918  #373737   56 1  -0.0026
 387    4.949  #373738   56 2  0.0062
 388    4.974  #383737   56 3  0.0050
 389    4.994  #383738   56 4  0.0040
 390    5.090  #373837   56 5  0.0190
 391    5.108  #373838   56 6  0.0036
 392    5.146  #383837   56 7  0.0074
 393    5.178  #383838   57 1  0.0061
 394    5.190  #383839   57 2  0.0023
 395    5.222  #393838   57 3  0.0063
 396    5.246  #393839   57 4  0.0045
 397    5.328  #383938   57 5  0.0155
 398    5.354  #383939   57 6  0.0048
 399    5.392  #393938   57 7  0.0072
 400    5.420  #393939   58 1  0.0051
 401    5.433  #39393a   58 2  0.0025
 402    5.478  #3a3939   58 3  0.0082
 403    5.495  #3a393a   58 4  0.0031
 404    5.595  #393a39   58 5  0.0179
 405    5.628  #393a3a   58 6  0.0060
 406    5.664  #3a3a39   58 7  0.0063
 407    5.676  #3a3a3a   59 1  0.0022
 408    5.699  #3a3a3b   59 2  0.0039
 409    5.679  #3b3a3a   59 3  -0.0034
 410    5.696  #3b3a3b   59 4  0.0030
 411    5.864  #3a3b3a   59 5  0.0291
 412    5.880  #3a3b3b   59 6  0.0027
 413    5.852  #3b3b3a   59 7  -0.0047
 414    5.889  #3b3b3b   60 1  0.0063
 415    5.895  #3b3b3c   60 2  0.0009
 416    5.928  #3c3b3b   60 3  0.0057
 417    5.963  #3c3b3c   60 4  0.0058
 418    6.060  #3b3c3b   60 5  0.0162
 419    6.088  #3b3c3c   60 6  0.0046
 420    6.112  #3c3c3b   60 7  0.0038
 421    6.143  #3c3c3c   61 1  0.0051
 422    6.133  #3c3c3d   61 2  -0.0016
 423    6.191  #3d3c3c   61 3  0.0095
 424    6.200  #3d3c3d   61 4  0.0013
 425    6.328  #3c3d3c   61 5  0.0205
 426    6.328  #3c3d3d   61 6  0.0000
 427    6.389  #3d3d3c   61 7  0.0095
 428    6.385  #3d3d3d   62 1  -0.0005
 429    6.408  #3d3d3e   62 2  0.0036
 430    6.440  #3e3d3d   62 3  0.0050
 431    6.463  #3e3d3e   62 4  0.0035
 432    6.568  #3d3e3d   62 5  0.0160
 433    6.609  #3d3e3e   62 6  0.0062
 434    6.627  #3e3e3d   62 7  0.0028
 435    6.659  #3e3e3e   63 1  0.0047
 436    6.681  #3e3e3f   63 2  0.0033
 437    6.718  #3f3e3e   63 3  0.0055
 438    6.743  #3f3e3f   63 4  0.0037
 439    6.851  #3e3f3e   63 5  0.0159
 440    6.883  #3e3f3f   63 6  0.0047
 441    6.905  #3f3f3e   63 7  0.0031
 442    6.935  #3f3f3f   64 1  0.0043
 443    6.962  #3f3f40   64 2  0.0039
 444    6.989  #403f3f   64 3  0.0039
 445    7.028  #403f40   64 4  0.0056
 446    7.133  #3f403f   64 5  0.0148
 447    7.177  #3f4040   64 6  0.0061
 448    7.198  #40403f   64 7  0.0029
 449    7.226  #404040   65 1  0.0038
 450    7.248  #404041   65 2  0.0031
 451    7.294  #414040   65 3  0.0062
 452    7.323  #414041   65 4  0.0040
 453    7.228  #404140   65 5  -0.0131
 454    7.246  #404141   65 6  0.0026
 455    7.284  #414140   65 7  0.0051
 456    7.320  #414141   66 1  0.0050
 457    7.335  #414142   66 2  0.0021
 458    7.321  #424141   66 3  -0.0020
 459    7.339  #424142   66 4  0.0026
 460    7.526  #414241   66 5  0.0252
 461    7.567  #414242   66 6  0.0053
 462    7.525  #424241   66 7  -0.0055
 463    7.562  #424242   67 1  0.0048
 464    7.563  #424243   67 2  0.0002
 465    7.637  #434242   67 3  0.0097
 466    7.626  #434243   67 4  -0.0014
 467    7.783  #424342   67 5  0.0204
 468    7.782  #424343   67 6  -0.0001
 469    7.842  #434342   67 7  0.0077
 470    7.845  #434343   68 1  0.0003
 471    7.878  #434344   68 2  0.0043
 472    7.920  #444343   68 3  0.0054
 473    7.947  #444344   68 4  0.0034
 474    8.057  #434443   68 5  0.0138
 475    8.095  #434444   68 6  0.0046
 476    8.137  #444443   68 7  0.0053
 477    8.171  #444444   69 1  0.0041
 478    8.191  #444445   69 2  0.0024
 479    8.230  #454444   69 3  0.0048
 480    8.265  #454445   69 4  0.0042
 481    8.383  #444544   69 5  0.0142
 482    8.411  #444545   69 6  0.0033
 483    8.445  #454544   69 7  0.0041
 484    8.481  #454545   70 1  0.0043
 485    8.515  #454546   70 2  0.0040
 486    8.548  #464545   70 3  0.0039
 487    8.579  #464546   70 4  0.0035
 488    8.721  #454645   70 5  0.0164
 489    8.732  #454646   70 6  0.0012
 490    8.785  #464645   70 7  0.0061
 491    8.804  #464646   71 1  0.0022
 492    8.838  #464647   71 2  0.0038
 493    8.879  #474646   71 3  0.0046
 494    8.903  #474647   71 4  0.0027
 495    9.051  #464746   71 5  0.0165
 496    9.082  #464747   71 6  0.0034
 497    9.129  #474746   71 7  0.0051
 498    9.150  #474747   72 1  0.0024
 499    9.189  #474748   72 2  0.0042
 500    9.237  #484747   72 3  0.0052
 501    9.256  #484748   72 4  0.0021
 502    9.433  #474847   72 5  0.0190
 503    9.474  #474848   72 6  0.0043
 504    9.513  #484847   72 7  0.0042
 505    9.553  #484848   73 1  0.0041
 506    9.546  #484849   73 2  -0.0007
 507    9.559  #494848   73 3  0.0014
 508    9.552  #494849   73 4  -0.0007
 509    9.847  #484948   73 5  0.0304
 510    9.847  #484949   73 6  0.0001
 511    9.844  #494948   73 7  -0.0003
 512    9.841  #494949   74 1  -0.0003
 513    9.869  #49494a   74 2  0.0029
 514    9.914  #4a4949   74 3  0.0045
 515    9.957  #4a494a   74 4  0.0044
 516    9.833  #494a49   74 5  -0.0125
 517    9.868  #494a4a   74 6  0.0035
 518    9.907  #4a4a49   74 7  0.0040
 519    9.946  #4a4a4a   75 1  0.0039
 520    9.983  #4a4a4b   75 2  0.0037
 521   10.035  #4b4a4a   75 3  0.0052
 522   10.072  #4b4a4b   75 4  0.0037
 523   10.247  #4a4b4a   75 5  0.0172
 524   10.278  #4a4b4b   75 6  0.0030
 525   10.330  #4b4b4a   75 7  0.0051
 526   10.367  #4b4b4b   76 1  0.0035
 527   10.405  #4b4b4c   76 2  0.0037
 528   10.467  #4c4b4b   76 3  0.0059
 529   10.498  #4c4b4c   76 4  0.0029
 530   10.678  #4b4c4b   76 5  0.0170
 531   10.711  #4b4c4c   76 6  0.0031
 532   10.768  #4c4c4b   76 7  0.0053
 533   10.808  #4c4c4c   77 1  0.0037
 534   10.869  #4c4c4d   77 2  0.0056
 535   10.897  #4d4c4c   77 3  0.0025
 536   10.940  #4d4c4d   77 4  0.0040
 537   11.131  #4c4d4c   77 5  0.0173
 538   11.169  #4c4d4d   77 6  0.0035
 539   11.218  #4d4d4c   77 7  0.0044
 540   11.258  #4d4d4d   78 1  0.0036
 541   11.310  #4d4d4e   78 2  0.0046
 542   11.368  #4e4d4d   78 3  0.0051
 543   11.417  #4e4d4e   78 4  0.0042
 544   11.606  #4d4e4d   78 5  0.0164
 545   11.655  #4d4e4e   78 6  0.0042
 546   11.694  #4e4e4d   78 7  0.0034
 547   11.750  #4e4e4e   79 1  0.0048
 548   11.748  #4e4e4f   79 2  -0.0002
 549   11.858  #4f4e4e   79 3  0.0093
 550   11.847  #4f4e4f   79 4  -0.0009
 551   12.085  #4e4f4e   79 5  0.0198
 552   12.079  #4e4f4f   79 6  -0.0004
 553   12.198  #4f4f4e   79 7  0.0098
 554   12.186  #4f4f4f   80 1  -0.0010
 555   12.236  #4f4f50   80 2  0.0041
 556   12.193  #504f4f   80 3  -0.0035
 557   12.229  #504f50   80 4  0.0030
 558   12.532  #4f504f   80 5  0.0245
 559   12.571  #4f5050   80 6  0.0031
 560   12.523  #50504f   80 7  -0.0038
 561   12.573  #505050   81 1  0.0040
 562   12.612  #505051   81 2  0.0030
 563   12.677  #515050   81 3  0.0052
 564   12.727  #515051   81 4  0.0039
 565   12.930  #505150   81 5  0.0158
 566   12.977  #505151   81 6  0.0036
 567   13.037  #515150   81 7  0.0046
 568   13.086  #515151   82 1  0.0038
 569   13.136  #515152   82 2  0.0038
 570   13.199  #525151   82 3  0.0048
 571   13.257  #525152   82 4  0.0043
 572   13.470  #515251   82 5  0.0159
 573   13.539  #515252   82 6  0.0051
 574   13.578  #525251   82 7  0.0029
 575   13.632  #525252   83 1  0.0040
 576   13.685  #525253   83 2  0.0039
 577   13.743  #535252   83 3  0.0042
 578   13.794  #535253   83 4  0.0037
 579   13.635  #525352   83 5  -0.0116
 580   13.699  #525353   83 6  0.0047
 581   13.741  #535352   83 7  0.0031
 582   13.795  #535353   84 1  0.0040
 583   13.845  #535354   84 2  0.0036
 584   13.905  #545353   84 3  0.0043
 585   13.959  #545354   84 4  0.0039
 586   14.184  #535453   84 5  0.0160
 587   14.225  #535454   84 6  0.0029
 588   14.305  #545453   84 7  0.0056
 589   14.354  #545454   85 1  0.0034
 590   14.351  #545455   85 2  -0.0002
 591   14.478  #555454   85 3  0.0088
 592   14.460  #555455   85 4  -0.0013
 593   14.744  #545554   85 5  0.0195
 594   14.739  #545555   85 6  -0.0004
 595   14.861  #555554   85 7  0.0083
 596   14.868  #555555   86 1  0.0005
 597   14.913  #555556   86 2  0.0030
 598   14.974  #565555   86 3  0.0041
 599   15.038  #565556   86 4  0.0043
 600   15.283  #555655   86 5  0.0161
 601   15.313  #555656   86 6  0.0020
 602   15.381  #565655   86 7  0.0044
 603   15.436  #565656   87 1  0.0036
 604   15.497  #565657   87 2  0.0040
 605   15.556  #575656   87 3  0.0038
 606   15.627  #575657   87 4  0.0045
 607   15.853  #565756   87 5  0.0144
 608   15.910  #565757   87 6  0.0036
 609   15.988  #575756   87 7  0.0049
 610   16.048  #575757   88 1  0.0038
 611   16.087  #575758   88 2  0.0024
 612   16.034  #585757   88 3  -0.0033
 613   16.086  #585758   88 4  0.0032
 614   16.473  #575857   88 5  0.0238
 615   16.528  #575858   88 6  0.0034
 616   16.467  #585857   88 7  -0.0037
 617   16.511  #585858   89 1  0.0027
 618   16.575  #585859   89 2  0.0039
 619   16.657  #595858   89 3  0.0049
 620   16.698  #595859   89 4  0.0025
 621   16.968  #585958   89 5  0.0160
 622   17.012  #585959   89 6  0.0026
 623   17.098  #595958   89 7  0.0051
 624   17.164  #595959   90 1  0.0038
 625   17.220  #59595a   90 2  0.0033
 626   17.303  #5a5959   90 3  0.0048
 627   17.352  #5a595a   90 4  0.0029
 628   17.608  #595a59   90 5  0.0146
 629   17.691  #595a5a   90 6  0.0047
 630   17.756  #5a5a59   90 7  0.0036
 631   17.809  #5a5a5a   91 1  0.0030
 632   17.804  #5a5a5b   91 2  -0.0003
 633   17.954  #5b5a5a   91 3  0.0084
 634   17.962  #5b5a5b   91 4  0.0005
 635   18.279  #5a5b5a   91 5  0.0175
 636   18.264  #5a5b5b   91 6  -0.0008
 637   18.424  #5b5b5a   91 7  0.0087
 638   18.407  #5b5b5b   92 1  -0.0009
 639   18.485  #5b5b5c   92 2  0.0042
 640   18.552  #5c5b5b   92 3  0.0036
 641   18.628  #5c5b5c   92 4  0.0041
 642   18.409  #5b5c5b   92 5  -0.0118
 643   18.462  #5b5c5c   92 6  0.0029
 644   18.554  #5c5c5b   92 7  0.0050
 645   18.614  #5c5c5c   93 1  0.0032
 646   18.687  #5c5c5d   93 2  0.0039
 647   18.764  #5d5c5c   93 3  0.0041
 648   18.822  #5d5c5d   93 4  0.0031
 649   19.087  #5c5d5c   93 5  0.0140
 650   19.166  #5c5d5d   93 6  0.0041
 651   19.241  #5d5d5c   93 7  0.0039
 652   19.299  #5d5d5d   94 1  0.0031
 653   19.371  #5d5d5e   94 2  0.0037
 654   19.453  #5e5d5d   94 3  0.0042
 655   19.517  #5e5d5e   94 4  0.0033
 656   19.771  #5d5e5d   94 5  0.0129
 657   19.839  #5d5e5e   94 6  0.0034
 658   19.919  #5e5e5d   94 7  0.0040
 659   19.992  #5e5e5e   95 1  0.0037
 660   20.049  #5e5e5f   95 2  0.0029
 661   19.984  #5f5e5e   95 3  -0.0033
 662   20.049  #5f5e5f   95 4  0.0033
 663   20.468  #5e5f5e   95 5  0.0206
 664   20.543  #5e5f5f   95 6  0.0037
 665   20.460  #5f5f5e   95 7  -0.0040
 666   20.524  #5f5f5f   96 1  0.0032
 667   20.598  #5f5f60   96 2  0.0036
 668   20.686  #605f5f   96 3  0.0042
 669   20.764  #605f60   96 4  0.0038
 670   21.014  #5f605f   96 5  0.0120
 671   21.095  #5f6060   96 6  0.0038
 672   21.173  #60605f   96 7  0.0037
 673   21.228  #606060   97 1  0.0026
 674   21.234  #606061   97 2  0.0003
 675   21.384  #616060   97 3  0.0070
 676   21.372  #616061   97 4  -0.0005
 677   21.751  #606160   97 5  0.0175
 678   21.716  #606161   97 6  -0.0016
 679   21.869  #616160   97 7  0.0070
 680   21.881  #616161   98 1  0.0005
 681   21.959  #616162   98 2  0.0035
 682   22.034  #626161   98 3  0.0034
 683   22.097  #626162   98 4  0.0029
 684   22.362  #616261   98 5  0.0119
 685   22.428  #616262   98 6  0.0030
 686   22.518  #626261   98 7  0.0040
 687   22.582  #626262   99 1  0.0029
 688   22.652  #626263   99 2  0.0031
 689   22.735  #636262   99 3  0.0037
 690   22.801  #636263   99 4  0.0029
 691   23.118  #626362   99 5  0.0138
 692   23.180  #626363   99 6  0.0027
 693   23.266  #636362   99 7  0.0037
 694   23.337  #636363  100 1  0.0030
 695   23.404  #636364  100 2  0.0029
 696   23.483  #646363  100 3  0.0034
 697   23.563  #646364  100 4  0.0034
 698   23.852  #636463  100 5  0.0122
 699   23.915  #636464  100 6  0.0026
 700   23.982  #646463  100 7  0.0028
 701   24.073  #646464  101 1  0.0038
 702   24.142  #646465  101 2  0.0029
 703   24.213  #656464  101 3  0.0029
 704   24.277  #656465  101 4  0.0026
 705   24.074  #646564  101 5  -0.0084
 706   24.152  #646565  101 6  0.0033
 707   24.208  #656564  101 7  0.0023
 708   24.282  #656565  102 1  0.0031
 709   24.365  #656566  102 2  0.0034
 710   24.281  #666565  102 3  -0.0035
 711   24.341  #666566  102 4  0.0025
 712   24.805  #656665  102 5  0.0189
 713   24.868  #656666  102 6  0.0025
 714   24.794  #666665  102 7  -0.0030
 715   24.878  #666666  103 1  0.0034
 716   24.873  #666667  103 2  -0.0002
 717   25.021  #676666  103 3  0.0059
 718   25.020  #676667  103 4  -0.0000
 719   25.404  #666766  103 5  0.0152
 720   25.382  #666767  103 6  -0.0009
 721   25.558  #676766  103 7  0.0069
 722   25.566  #676767  104 1  0.0003
 723   25.641  #676768  104 2  0.0029
 724   25.737  #686767  104 3  0.0037
 725   25.776  #686768  104 4  0.0015
 726   26.077  #676867  104 5  0.0116
 727   26.161  #676868  104 6  0.0032
 728   26.231  #686867  104 7  0.0027
 729   26.322  #686868  105 1  0.0035
 730   26.370  #686869  105 2  0.0018
 731   26.478  #696868  105 3  0.0041
 732   26.538  #696869  105 4  0.0022
 733   26.857  #686968  105 5  0.0120
 734   26.927  #686969  105 6  0.0026
 735   27.009  #696968  105 7  0.0030
 736   27.070  #696969  106 1  0.0023
 737   27.164  #69696a  106 2  0.0035
 738   27.250  #6a6969  106 3  0.0031
 739   27.338  #6a696a  106 4  0.0032
 740   27.615  #696a69  106 5  0.0101
 741   27.704  #696a6a  106 6  0.0032
 742   27.792  #6a6a69  106 7  0.0031
 743   27.854  #6a6a6a  107 1  0.0023
 744   27.937  #6a6a6b  107 2  0.0030
 745   28.049  #6b6a6a  107 3  0.0040
 746   28.109  #6b6a6b  107 4  0.0021
 747   28.394  #6a6b6a  107 5  0.0101
 748   28.478  #6a6b6b  107 6  0.0030
 749   28.561  #6b6b6a  107 7  0.0029
 750   28.659  #6b6b6b  108 1  0.0034
 751   28.740  #6b6b6c  108 2  0.0028
 752   28.843  #6c6b6b  108 3  0.0036
 753   28.898  #6c6b6c  108 4  0.0019
 754   29.232  #6b6c6b  108 5  0.0115
 755   29.285  #6b6c6c  108 6  0.0018
 756   29.403  #6c6c6b  108 7  0.0040
 757   29.482  #6c6c6c  109 1  0.0027
 758   29.547  #6c6c6d  109 2  0.0022
 759   29.488  #6d6c6c  109 3  -0.0020
 760   29.542  #6d6c6d  109 4  0.0018
 761   30.038  #6c6d6c  109 5  0.0166
 762   30.098  #6c6d6d  109 6  0.0020
 763   30.019  #6d6d6c  109 7  -0.0026
 764   30.118  #6d6d6d  110 1  0.0033
 765   30.099  #6d6d6e  110 2  -0.0006
 766   30.289  #6e6d6d  110 3  0.0063
 767   30.291  #6e6d6e  110 4  0.0001
 768   30.096  #6d6e6d  110 5  -0.0065
 769   30.115  #6d6e6e  110 6  0.0006
 770   30.263  #6e6e6d  110 7  0.0049
 771   30.278  #6e6e6e  111 1  0.0005
 772   30.357  #6e6e6f  111 2  0.0026
 773   30.443  #6f6e6e  111 3  0.0028
 774   30.526  #6f6e6f  111 4  0.0027
 775   30.833  #6e6f6e  111 5  0.0100
 776   30.921  #6e6f6f  111 6  0.0029
 777   31.011  #6f6f6e  111 7  0.0029
 778   31.068  #6f6f6f  112 1  0.0018
 779   31.155  #6f6f70  112 2  0.0028
 780   31.253  #706f6f  112 3  0.0031
 781   31.345  #706f70  112 4  0.0029
 782   31.659  #6f706f  112 5  0.0100
 783   31.738  #6f7070  112 6  0.0025
 784   31.841  #70706f  112 7  0.0032
 785   31.911  #707070  113 1  0.0022
 786   31.997  #707071  113 2  0.0027
 787   32.060  #717070  113 3  0.0020
 788   32.155  #717071  113 4  0.0030
 789   32.473  #707170  113 5  0.0099
 790   32.539  #707171  113 6  0.0020
 791   32.649  #717170  113 7  0.0034
 792   32.726  #717171  114 1  0.0024
 793   32.816  #717172  114 2  0.0027
 794   32.907  #727171  114 3  0.0028
 795   32.990  #727172  114 4  0.0025
 796   33.303  #717271  114 5  0.0094
 797   33.384  #717272  114 6  0.0024
 798   33.489  #727271  114 7  0.0031
 799   33.565  #727272  115 1  0.0023
 800   33.650  #727273  115 2  0.0025
 801   33.744  #737272  115 3  0.0028
 802   33.822  #737273  115 4  0.0023
 803   34.150  #727372  115 5  0.0096
 804   34.224  #727373  115 6  0.0022
 805   34.310  #737372  115 7  0.0025
 806   34.382  #737373  116 1  0.0021
 807   34.407  #737374  116 2  0.0007
 808   34.597  #747373  116 3  0.0055
 809   34.596  #747374  116 4  -0.0000
 810   35.007  #737473  116 5  0.0118
 811   35.004  #737474  116 6  -0.0001
 812   35.196  #747473  116 7  0.0055
 813   35.219  #747474  117 1  0.0007
 814   35.305  #747475  117 2  0.0024
 815   35.205  #757474  117 3  -0.0028
 816   35.298  #757475  117 4  0.0026
 817   35.861  #747574  117 5  0.0158
 818   35.955  #747575  117 6  0.0026
 819   35.847  #757574  117 7  -0.0030
 820   35.950  #757575  118 1  0.0029
 821   36.047  #757576  118 2  0.0027
 822   36.159  #767575  118 3  0.0031
 823   36.248  #767576  118 4  0.0025
 824   36.553  #757675  118 5  0.0084
 825   36.648  #757676  118 6  0.0026
 826   36.765  #767675  118 7  0.0032
 827   36.838  #767676  119 1  0.0020
 828   36.923  #767677  119 2  0.0023
 829   37.020  #777676  119 3  0.0026
 830   37.111  #777677  119 4  0.0024
 831   36.823  #767776  119 5  -0.0078
 832   36.909  #767777  119 6  0.0023
 833   37.017  #777776  119 7  0.0029
 834   37.094  #777777  120 1  0.0021
 835   37.180  #777778  120 2  0.0023
 836   37.260  #787777  120 3  0.0022
 837   37.376  #787778  120 4  0.0031
 838   37.685  #777877  120 5  0.0083
 839   37.773  #777878  120 6  0.0023
 840   37.863  #787877  120 7  0.0024
 841   37.959  #787878  121 1  0.0025
 842   38.043  #787879  121 2  0.0022
 843   38.137  #797878  121 3  0.0025
 844   38.228  #797879  121 4  0.0024
 845   38.555  #787978  121 5  0.0085
 846   38.652  #787979  121 6  0.0025
 847   38.751  #797978  121 7  0.0026
 848   38.829  #797979  122 1  0.0020
 849   38.821  #79797a  122 2  -0.0002
 850   39.020  #7a7979  122 3  0.0051
 851   38.997  #7a797a  122 4  -0.0006
 852   39.432  #797a79  122 5  0.0111
 853   39.423  #797a7a  122 6  -0.0002
 854   39.627  #7a7a79  122 7  0.0051
 855   39.593  #7a7a7a  123 1  -0.0008
 856   39.703  #7a7a7b  123 2  0.0028
 857   39.777  #7b7a7a  123 3  0.0018
 858   39.883  #7b7a7b  123 4  0.0027
 859   40.212  #7a7b7a  123 5  0.0082
 860   40.311  #7a7b7b  123 6  0.0025
 861   40.406  #7b7b7a  123 7  0.0024
 862   40.485  #7b7b7b  124 1  0.0020
 863   40.583  #7b7b7c  124 2  0.0024
 864   40.494  #7c7b7b  124 3  -0.0022
 865   40.561  #7c7b7c  124 4  0.0016
 866   41.082  #7b7c7b  124 5  0.0128
 867   41.187  #7b7c7c  124 6  0.0026
 868   41.083  #7c7c7b  124 7  -0.0025
 869   41.185  #7c7c7c  125 1  0.0025
 870   41.284  #7c7c7d  125 2  0.0024
 871   41.381  #7d7c7c  125 3  0.0023
 872   41.459  #7d7c7d  125 4  0.0019
 873   41.800  #7c7d7c  125 5  0.0082
 874   41.879  #7c7d7d  125 6  0.0019
 875   41.948  #7d7d7c  125 7  0.0017
 876   42.063  #7d7d7d  126 1  0.0027
 877   42.151  #7d7d7e  126 2  0.0021
 878   42.239  #7e7d7d  126 3  0.0021
 879   42.348  #7e7d7e  126 4  0.0026
 880   42.681  #7d7e7d  126 5  0.0078
 881   42.759  #7d7e7e  126 6  0.0018
 882   42.865  #7e7e7d  126 7  0.0025
 883   42.957  #7e7e7e  127 1  0.0022
 884   43.040  #7e7e7f  127 2  0.0019
 885   43.131  #7f7e7e  127 3  0.0021
 886   43.233  #7f7e7f  127 4  0.0024
 887   43.563  #7e7f7e  127 5  0.0076
 888   43.642  #7e7f7f  127 6  0.0018
 889   43.752  #7f7f7e  127 7  0.0025
 890   43.847  #7f7f7f  128 1  0.0022
 891   43.831  #7f7f80  128 2  -0.0004
 892   44.035  #807f7f  128 3  0.0046
 893   44.050  #807f80  128 4  0.0003
 894   44.500  #7f807f  128 5  0.0102
 895   44.514  #7f8080  128 6  0.0003
 896   44.726  #80807f  128 7  0.0047
 897   44.726  #808080  129 1  -0.0000
 898   44.822  #808081  129 2  0.0022
 899   44.925  #818080  129 3  0.0023
 900   45.009  #818081  129 4  0.0019
 901   44.707  #808180  129 5  -0.0067
 902   44.801  #808181  129 6  0.0021
 903   44.901  #818180  129 7  0.0022
 904   44.990  #818181  130 1  0.0020
 905   45.111  #818182  130 2  0.0027
 906   45.206  #828181  130 3  0.0021
 907   45.309  #828182  130 4  0.0023
 908   45.626  #818281  130 5  0.0070
 909   45.728  #818282  130 6  0.0022
 910   45.831  #828281  130 7  0.0023
 911   45.911  #828282  131 1  0.0017
 912   46.002  #828283  131 2  0.0020
 913   45.906  #838282  131 3  -0.0021
 914   46.002  #838283  131 4  0.0021
 915   46.520  #828382  131 5  0.0112
 916   46.614  #828383  131 6  0.0020
 917   46.519  #838382  131 7  -0.0020
 918   46.590  #838383  132 1  0.0015
 919   46.695  #838384  132 2  0.0023
 920   46.809  #848383  132 3  0.0024
 921   46.887  #848384  132 4  0.0017
 922   47.213  #838483  132 5  0.0069
 923   47.297  #838484  132 6  0.0018
 924   47.404  #848483  132 7  0.0023
 925   47.496  #848484  133 1  0.0019
 926   47.588  #848485  133 2  0.0019
 927   47.693  #858484  133 3  0.0022
 928   47.781  #858485  133 4  0.0018
 929   48.102  #848584  133 5  0.0067
 930   48.188  #848585  133 6  0.0018
 931   48.300  #858584  133 7  0.0023
 932   48.389  #858585  134 1  0.0018
 933   48.401  #858586  134 2  0.0003
 934   48.575  #868585  134 3  0.0036
 935   48.587  #868586  134 4  0.0002
 936   48.988  #858685  134 5  0.0082
 937   48.991  #858686  134 6  0.0001
 938   49.185  #868685  134 7  0.0039
 939   49.182  #868686  135 1  -0.0001
 940   49.272  #868687  135 2  0.0018
 941   49.371  #878686  135 3  0.0020
 942   49.468  #878687  135 4  0.0020
 943   49.792  #868786  135 5  0.0065
 944   49.875  #868787  135 6  0.0017
 945   49.982  #878786  135 7  0.0021
 946   50.071  #878787  136 1  0.0018
 947   50.164  #878788  136 2  0.0019
 948   50.263  #888787  136 3  0.0020
 949   50.358  #888788  136 4  0.0019
 950   50.674  #878887  136 5  0.0063
 951   50.759  #878888  136 6  0.0017
 952   50.881  #888887  136 7  0.0024
 953   50.963  #888888  137 1  0.0016
 954   51.053  #888889  137 2  0.0018
 955   51.149  #898888  137 3  0.0019
 956   51.242  #898889  137 4  0.0018
 957   51.557  #888988  137 5  0.0061
 958   51.656  #888989  137 6  0.0019
 959   51.761  #898988  137 7  0.0020
 960   51.849  #898989  138 1  0.0017
 961   51.953  #89898a  138 2  0.0020
 962   51.849  #8a8989  138 3  -0.0020
 963   51.944  #8a898a  138 4  0.0018
 964   51.855  #898a89  138 5  -0.0017
 965   51.931  #898a8a  138 6  0.0015
 966   51.837  #8a8a89  138 7  -0.0018
 967   51.927  #8a8a8a  139 1  0.0017
 968   51.997  #8a8a8b  139 2  0.0013
 969   52.124  #8b8a8a  139 3  0.0024
 970   52.208  #8b8a8b  139 4  0.0016
 971   52.532  #8a8b8a  139 5  0.0062
 972   52.636  #8a8b8b  139 6  0.0020
 973   52.724  #8b8b8a  139 7  0.0017
 974   52.829  #8b8b8b  140 1  0.0020
 975   52.840  #8b8b8c  140 2  0.0002
 976   53.057  #8c8b8b  140 3  0.0041
 977   53.036  #8c8b8c  140 4  -0.0004
 978   53.512  #8b8c8b  140 5  0.0089
 979   53.493  #8b8c8c  140 6  -0.0004
 980   53.713  #8c8c8b  140 7  0.0041
 981   53.706  #8c8c8c  141 1  -0.0001
 982   53.813  #8c8c8d  141 2  0.0020
 983   53.919  #8d8c8c  141 3  0.0020
 984   54.015  #8d8c8d  141 4  0.0018
 985   54.372  #8c8d8c  141 5  0.0066
 986   54.464  #8c8d8d  141 6  0.0017
 987   54.564  #8d8d8c  141 7  0.0018
 988   54.655  #8d8d8d  142 1  0.0017
 989   54.734  #8d8d8e  142 2  0.0014
 990   54.851  #8e8d8d  142 3  0.0021
 991   54.945  #8e8d8e  142 4  0.0017
 992   55.311  #8d8e8d  142 5  0.0066
 993   55.401  #8d8e8e  142 6  0.0016
 994   55.491  #8e8e8d  142 7  0.0016
 995   55.586  #8e8e8e  143 1  0.0017
 996   55.678  #8e8e8f  143 2  0.0017
 997   55.786  #8f8e8e  143 3  0.0019
 998   55.878  #8f8e8f  143 4  0.0017
 999   56.279  #8e8f8e  143 5  0.0071
1000   56.349  #8e8f8f  143 6  0.0013
1001   56.439  #8f8f8e  143 7  0.0016
1002   56.546  #8f8f8f  144 1  0.0019
1003   56.633  #8f8f90  144 2  0.0015
1004   56.746  #908f8f  144 3  0.0020
1005   56.835  #908f90  144 4  0.0016
1006   57.245  #8f908f  144 5  0.0072
1007   57.320  #8f9090  144 6  0.0013
1008   57.449  #90908f  144 7  0.0023
1009   57.541  #909090  145 1  0.0016
1010   57.634  #909091  145 2  0.0016
1011   57.741  #919090  145 3  0.0018
1012   57.823  #919091  145 4  0.0014
1013   58.273  #909190  145 5  0.0077
1014   58.357  #909191  145 6  0.0015
1015   58.461  #919190  145 7  0.0018
1016   58.546  #919191  146 1  0.0015
1017   58.554  #919192  146 2  0.0001
1018   58.537  #929191  146 3  -0.0003
1019   58.564  #929192  146 4  0.0005
1020   59.301  #919291  146 5  0.0125
1021   59.281  #919292  146 6  -0.0003
1022   59.296  #929291  146 7  0.0003
1023   59.293  #929292  147 1  -0.0000
1024   59.382  #929293  147 2  0.0015
1025   59.503  #939292  147 3  0.0020
1026   59.593  #939293  147 4  0.0015
1027   59.289  #929392  147 5  -0.0051
1028   59.370  #929393  147 6  0.0014
1029   59.494  #939392  147 7  0.0021
1030   59.584  #939393  148 1  0.0015
1031   59.681  #939394  148 2  0.0016
1032   59.806  #949393  148 3  0.0021
1033   59.898  #949394  148 4  0.0015
1034   60.344  #939493  148 5  0.0074
1035   60.439  #939494  148 6  0.0016
1036   60.551  #949493  148 7  0.0019
1037   60.645  #949494  149 1  0.0016
1038   60.738  #949495  149 2  0.0015
1039   60.866  #959494  149 3  0.0021
1040   60.963  #959495  149 4  0.0016
1041   61.410  #949594  149 5  0.0073
1042   61.509  #949595  149 6  0.0016
1043   61.629  #959594  149 7  0.0020
1044   61.729  #959595  150 1  0.0016
1045   61.821  #959596  150 2  0.0015
1046   61.975  #969595  150 3  0.0025
1047   62.077  #969596  150 4  0.0016
1048   62.543  #959695  150 5  0.0075
1049   62.640  #959696  150 6  0.0016
1050   62.786  #969695  150 7  0.0023
1051   62.889  #969696  151 1  0.0016
1052   63.002  #969697  151 2  0.0018
1053   63.136  #979696  151 3  0.0021
1054   63.249  #979697  151 4  0.0018
1055   63.692  #969796  151 5  0.0070
1056   63.796  #969797  151 6  0.0016
1057   63.919  #979796  151 7  0.0019
1058   64.031  #979797  152 1  0.0018
1059   64.036  #979798  152 2  0.0001
1060   64.267  #989797  152 3  0.0036
1061   64.266  #989798  152 4  -0.0000
1062   64.800  #979897  152 5  0.0083
1063   64.788  #979898  152 6  -0.0002
1064   65.030  #989897  152 7  0.0037
1065   65.041  #989898  153 1  0.0002
1066   65.143  #989899  153 2  0.0016
1067   65.035  #999898  153 3  -0.0017
1068   65.105  #999899  153 4  0.0011
1069   65.813  #989998  153 5  0.0108
1070   65.924  #989999  153 6  0.0017
1071   65.822  #999998  153 7  -0.0016
1072   65.907  #999999  154 1  0.0013
1073   66.014  #99999a  154 2  0.0016
1074   66.169  #9a9999  154 3  0.0023
1075   66.273  #9a999a  154 4  0.0016
1076   66.709  #999a99  154 5  0.0065
1077   66.820  #999a9a  154 6  0.0017
1078   66.957  #9a9a99  154 7  0.0020
1079   67.067  #9a9a9a  155 1  0.0017
1080   67.170  #9a9a9b  155 2  0.0015
1081   67.308  #9b9a9a  155 3  0.0021
1082   67.420  #9b9a9b  155 4  0.0017
1083   67.847  #9a9b9a  155 5  0.0063
1084   67.971  #9a9b9b  155 6  0.0018
1085   68.117  #9b9b9a  155 7  0.0021
1086   68.211  #9b9b9b  156 1  0.0014
1087   68.309  #9b9b9c  156 2  0.0014
1088   68.473  #9c9b9b  156 3  0.0024
1089   68.579  #9c9b9c  156 4  0.0015
1090   68.206  #9b9c9b  156 5  -0.0055
1091   68.324  #9b9c9c  156 6  0.0017
1092   68.452  #9c9c9b  156 7  0.0019
1093   68.564  #9c9c9c  157 1  0.0016
1094   68.683  #9c9c9d  157 2  0.0017
1095   68.809  #9d9c9c  157 3  0.0018
1096   68.930  #9d9c9d  157 4  0.0018
1097   69.382  #9c9d9c  157 5  0.0065
1098   69.491  #9c9d9d  157 6  0.0016
1099   69.624  #9d9d9c  157 7  0.0019
1100   69.723  #9d9d9d  158 1  0.0014
1101   69.749  #9d9d9e  158 2  0.0004
1102   69.996  #9e9d9d  158 3  0.0035
1103   69.996  #9e9d9e  158 4  0.0000
1104   70.565  #9d9e9d  158 5  0.0081
1105   70.558  #9d9e9e  158 6  -0.0001
1106   70.812  #9e9e9d  158 7  0.0036
1107   70.819  #9e9e9e  159 1  0.0001
1108   70.929  #9e9e9f  159 2  0.0016
1109   71.069  #9f9e9e  159 3  0.0020
1110   71.187  #9f9e9f  159 4  0.0017
1111   71.651  #9e9f9e  159 5  0.0065
1112   71.764  #9e9f9f  159 6  0.0016
1113   71.901  #9f9f9e  159 7  0.0019
1114   72.025  #9f9f9f  160 1  0.0017
1115   72.125  #9f9fa0  160 2  0.0014
1116   72.016  #a09f9f  160 3  -0.0015
1117   72.134  #a09fa0  160 4  0.0016
1118   72.868  #9fa09f  160 5  0.0101
1119   72.957  #9fa0a0  160 6  0.0012
1120   72.857  #a0a09f  160 7  -0.0014
1121   72.971  #a0a0a0  161 1  0.0016
1122   73.086  #a0a0a1  161 2  0.0016
1123   73.226  #a1a0a0  161 3  0.0019
1124   73.326  #a1a0a1  161 4  0.0014
1125   73.788  #a0a1a0  161 5  0.0063
1126   73.913  #a0a1a1  161 6  0.0017
1127   74.064  #a1a1a0  161 7  0.0020
1128   74.174  #a1a1a1  162 1  0.0015
1129   74.275  #a1a1a2  162 2  0.0014
1130   74.419  #a2a1a1  162 3  0.0019
1131   74.574  #a2a1a2  162 4  0.0021
1132   75.034  #a1a2a1  162 5  0.0062
1133   75.156  #a1a2a2  162 6  0.0016
1134   75.298  #a2a2a1  162 7  0.0019
1135   75.413  #a2a2a2  163 1  0.0015
1136   75.534  #a2a2a3  163 2  0.0016
1137   75.686  #a3a2a2  163 3  0.0020
1138   75.787  #a3a2a3  163 4  0.0013
1139   76.261  #a2a3a2  163 5  0.0062
1140   76.384  #a2a3a3  163 6  0.0016
1141   76.521  #a3a3a2  163 7  0.0018
1142   76.663  #a3a3a3  164 1  0.0019
1143   76.657  #a3a3a4  164 2  -0.0001
1144   76.917  #a4a3a3  164 3  0.0034
1145   76.927  #a4a3a4  164 4  0.0001
1146   77.516  #a3a4a3  164 5  0.0076
1147   77.519  #a3a4a4  164 6  0.0000
1148   77.786  #a4a4a3  164 7  0.0034
1149   77.775  #a4a4a4  165 1  -0.0001
1150   77.885  #a4a4a5  165 2  0.0014
1151   78.045  #a5a4a4  165 3  0.0021
1152   78.167  #a5a4a5  165 4  0.0016
1153   77.779  #a4a5a4  165 5  -0.0050
1154   77.894  #a4a5a5  165 6  0.0015
1155   78.053  #a5a5a4  165 7  0.0020
1156   78.168  #a5a5a5  166 1  0.0015
1157   78.286  #a5a5a6  166 2  0.0015
1158   78.430  #a6a5a5  166 3  0.0018
1159   78.547  #a6a5a6  166 4  0.0015
1160   79.024  #a5a6a5  166 5  0.0060
1161   79.146  #a5a6a6  166 6  0.0015
1162   79.320  #a6a6a5  166 7  0.0022
1163   79.428  #a6a6a6  167 1  0.0014
1164   79.557  #a6a6a7  167 2  0.0016
1165   79.729  #a7a6a6  167 3  0.0022
1166   79.860  #a7a6a7  167 4  0.0016
1167   80.374  #a6a7a6  167 5  0.0064
1168   80.514  #a6a7a7  167 6  0.0017
1169   80.656  #a7a7a6  167 7  0.0018
1170   80.803  #a7a7a7  168 1  0.0018
1171   80.915  #a7a7a8  168 2  0.0014
1172   80.792  #a8a7a7  168 3  -0.0015
1173   80.907  #a8a7a8  168 4  0.0014
1174   81.707  #a7a8a7  168 5  0.0098
1175   81.846  #a7a8a8  168 6  0.0017
1176   81.693  #a8a8a7  168 7  -0.0019
1177   81.831  #a8a8a8  169 1  0.0017
1178   81.945  #a8a8a9  169 2  0.0014
1179   82.097  #a9a8a8  169 3  0.0019
1180   82.224  #a9a8a9  169 4  0.0015
1181   82.724  #a8a9a8  169 5  0.0061
1182   82.860  #a8a9a9  169 6  0.0016
1183   83.003  #a9a9a8  169 7  0.0017
1184   83.125  #a9a9a9  170 1  0.0015
1185   83.127  #a9a9aa  170 2  0.0000
1186   83.403  #aaa9a9  170 3  0.0033
1187   83.407  #aaa9aa  170 4  0.0000
1188   84.048  #a9aaa9  170 5  0.0076
1189   84.061  #a9aaaa  170 6  0.0002
1190   84.332  #aaaaa9  170 7  0.0032
1191   84.316  #aaaaaa  171 1  -0.0002
1192   84.457  #aaaaab  171 2  0.0017
1193   84.601  #abaaaa  171 3  0.0017
1194   84.731  #abaaab  171 4  0.0015
1195   85.246  #aaabaa  171 5  0.0061
1196   85.373  #aaabab  171 6  0.0015
1197   85.538  #ababaa  171 7  0.0019
1198   85.659  #ababab  172 1  0.0014
1199   85.794  #ababac  172 2  0.0016
1200   85.945  #acabab  172 3  0.0018
1201   86.073  #acabac  172 4  0.0015
1202   86.579  #abacab  172 5  0.0059
1203   86.698  #abacac  172 6  0.0014
1204   86.842  #acacab  172 7  0.0017
1205   86.995  #acacac  173 1  0.0018
1206   87.118  #acacad  173 2  0.0014
1207   87.291  #adacac  173 3  0.0020
1208   87.397  #adacad  173 4  0.0012
1209   87.922  #acadac  173 5  0.0060
1210   88.063  #acadad  173 6  0.0016
1211   88.212  #adadac  173 7  0.0017
1212   88.340  #adadad  174 1  0.0014
1213   88.472  #adadae  174 2  0.0015
1214   88.658  #aeadad  174 3  0.0021
1215   88.811  #aeadae  174 4  0.0017
1216   88.326  #adaead  174 5  -0.0055
1217   88.453  #adaeae  174 6  0.0014
1218   88.656  #aeaead  174 7  0.0023
1219   88.799  #aeaeae  175 1  0.0016
1220   88.946  #aeaeaf  175 2  0.0017
1221   88.805  #afaeae  175 3  -0.0016
1222   88.953  #afaeaf  175 4  0.0017
1223   89.817  #aeafae  175 5  0.0097
1224   89.967  #aeafaf  175 6  0.0017
1225   89.814  #afafae  175 7  -0.0017
1226   89.957  #afafaf  176 1  0.0016
1227   89.946  #afafb0  176 2  -0.0001
1228   90.267  #b0afaf  176 3  0.0036
1229   90.261  #b0afb0  176 4  -0.0001
1230   90.964  #afb0af  176 5  0.0078
1231   90.966  #afb0b0  176 6  0.0000
1232   91.258  #b0b0af  176 7  0.0032
1233   91.254  #b0b0b0  177 1  -0.0000
1234   91.372  #b0b0b1  177 2  0.0013
1235   91.549  #b1b0b0  177 3  0.0019
1236   91.684  #b1b0b1  177 4  0.0015
1237   92.214  #b0b1b0  177 5  0.0058
1238   92.332  #b0b1b1  177 6  0.0013
1239   92.493  #b1b1b0  177 7  0.0017
1240   92.635  #b1b1b1  178 1  0.0015
1241   92.773  #b1b1b2  178 2  0.0015
1242   92.925  #b2b1b1  178 3  0.0016
1243   93.074  #b2b1b2  178 4  0.0016
1244   93.606  #b1b2b1  178 5  0.0057
1245   93.729  #b1b2b2  178 6  0.0013
1246   93.907  #b2b2b1  178 7  0.0019
1247   94.015  #b2b2b2  179 1  0.0011
1248   94.155  #b2b2b3  179 2  0.0015
1249   94.338  #b3b2b2  179 3  0.0019
1250   94.463  #b3b2b3  179 4  0.0013
1251   94.985  #b2b3b2  179 5  0.0055
1252   95.128  #b2b3b3  179 6  0.0015
1253   95.310  #b3b3b2  179 7  0.0019
1254   95.434  #b3b3b3  180 1  0.0013
1255   95.571  #b3b3b4  180 2  0.0014
1256   95.746  #b4b3b3  180 3  0.0018
1257   95.870  #b4b3b4  180 4  0.0013
1258   96.418  #b3b4b3  180 5  0.0057
1259   96.548  #b3b4b4  180 6  0.0013
1260   96.703  #b4b4b3  180 7  0.0016
1261   96.838  #b4b4b4  181 1  0.0014
1262   96.974  #b4b4b5  181 2  0.0014
1263   97.150  #b5b4b4  181 3  0.0018
1264   97.280  #b5b4b5  181 4  0.0013
1265   97.849  #b4b5b4  181 5  0.0058
1266   97.993  #b4b5b5  181 6  0.0015
1267   98.179  #b5b5b4  181 7  0.0019
1268   98.311  #b5b5b5  182 1  0.0013
1269   98.313  #b5b5b6  182 2  0.0000
1270   98.341  #b6b5b5  182 3  0.0003
1271   98.301  #b6b5b6  182 4  -0.0004
1272   99.330  #b5b6b5  182 5  0.0104
1273   99.318  #b5b6b6  182 6  -0.0001
1274   99.328  #b6b6b5  182 7  0.0001
1275   99.320  #b6b6b6  183 1  -0.0001
1276   99.487  #b6b6b7  183 2  0.0017
1277   99.618  #b7b6b6  183 3  0.0013
1278   99.768  #b7b6b7  183 4  0.0015
1279   99.307  #b6b7b6  183 5  -0.0046
1280   99.451  #b6b7b7  183 6  0.0014
1281   99.627  #b7b7b6  183 7  0.0018
1282   99.776  #b7b7b7  184 1  0.0015
1283   99.906  #b7b7b8  184 2  0.0013
1284  100.083  #b8b7b7  184 3  0.0018
1285  100.232  #b8b7b8  184 4  0.0015
1286  100.751  #b7b8b7  184 5  0.0052
1287  100.904  #b7b8b8  184 6  0.0015
1288  101.081  #b8b8b7  184 7  0.0018
1289  101.207  #b8b8b8  185 1  0.0012
1290  101.369  #b8b8b9  185 2  0.0016
1291  101.526  #b9b8b8  185 3  0.0015
1292  101.679  #b9b8b9  185 4  0.0015
1293  102.194  #b8b9b8  185 5  0.0051
1294  102.333  #b8b9b9  185 6  0.0014
1295  102.539  #b9b9b8  185 7  0.0020
1296  102.669  #b9b9b9  186 1  0.0013
1297  102.793  #b9b9ba  186 2  0.0012
1298  102.978  #bab9b9  186 3  0.0018
1299  103.122  #bab9ba  186 4  0.0014
1300  103.647  #b9bab9  186 5  0.0051
1301  103.791  #b9baba  186 6  0.0014
1302  103.973  #babab9  186 7  0.0018
1303  104.111  #bababa  187 1  0.0013
1304  104.250  #bababb  187 2  0.0013
1305  104.431  #bbbaba  187 3  0.0017
1306  104.559  #bbbabb  187 4  0.0012
1307  105.096  #babbba  187 5  0.0051
1308  105.252  #babbbb  187 6  0.0015
1309  105.409  #bbbbba  187 7  0.0015
1310  105.549  #bbbbbb  188 1  0.0013
1311  105.551  #bbbbbc  188 2  0.0000
1312  105.846  #bcbbbb  188 3  0.0028
1313  105.866  #bcbbbc  188 4  0.0002
1314  106.569  #bbbcbb  188 5  0.0066
1315  106.560  #bbbcbc  188 6  -0.0001
1316  106.896  #bcbcbb  188 7  0.0031
1317  106.900  #bcbcbc  189 1  0.0000
1318  107.059  #bcbcbd  189 2  0.0015
1319  106.911  #bdbcbc  189 3  -0.0014
1320  107.048  #bdbcbd  189 4  0.0013
1321  107.961  #bcbdbc  189 5  0.0085
1322  108.124  #bcbdbd  189 6  0.0015
1323  107.955  #bdbdbc  189 7  -0.0016
1324  108.116  #bdbdbd  190 1  0.0015
1325  108.260  #bdbdbe  190 2  0.0013
1326  108.469  #bebdbd  190 3  0.0019
1327  108.612  #bebdbe  190 4  0.0013
1328  109.162  #bdbebd  190 5  0.0051
1329  109.316  #bdbebe  190 6  0.0014
1330  109.472  #bebebd  190 7  0.0014
1331  109.616  #bebebe  191 1  0.0013
1332  109.757  #bebebf  191 2  0.0013
1333  109.943  #bfbebe  191 3  0.0017
1334  110.080  #bfbebf  191 4  0.0012
1335  110.638  #bebfbe  191 5  0.0051
1336  110.758  #bebfbf  191 6  0.0011
1337  110.946  #bfbfbe  191 7  0.0017
1338  111.083  #bfbfbf  192 1  0.0012
1339  111.229  #bfbfc0  192 2  0.0013
1340  111.411  #c0bfbf  192 3  0.0016
1341  111.550  #c0bfc0  192 4  0.0012
1342  112.081  #bfc0bf  192 5  0.0047
1343  112.258  #bfc0c0  192 6  0.0016
1344  112.409  #c0c0bf  192 7  0.0013
1345  112.566  #c0c0c0  193 1  0.0014
1346  112.707  #c0c0c1  193 2  0.0013
1347  112.894  #c1c0c0  193 3  0.0017
1348  113.053  #c1c0c1  193 4  0.0014
1349  112.555  #c0c1c0  193 5  -0.0044
1350  112.717  #c0c1c1  193 6  0.0014
1351  112.874  #c1c1c0  193 7  0.0014
1352  113.047  #c1c1c1  194 1  0.0015
1353  113.016  #c1c1c2  194 2  -0.0003
1354  113.367  #c2c1c1  194 3  0.0031
1355  113.340  #c2c1c2  194 4  -0.0002
1356  114.033  #c1c2c1  194 5  0.0061
1357  114.028  #c1c2c2  194 6  -0.0000
1358  114.381  #c2c2c1  194 7  0.0031
1359  114.354  #c2c2c2  195 1  -0.0002
1360  114.499  #c2c2c3  195 2  0.0013
1361  114.677  #c3c2c2  195 3  0.0016
1362  114.832  #c3c2c3  195 4  0.0014
1363  115.376  #c2c3c2  195 5  0.0047
1364  115.523  #c2c3c3  195 6  0.0013
1365  115.727  #c3c3c2  195 7  0.0018
1366  115.858  #c3c3c3  196 1  0.0011
1367  116.026  #c3c3c4  196 2  0.0014
1368  116.201  #c4c3c3  196 3  0.0015
1369  116.371  #c4c3c4  196 4  0.0015
1370  116.918  #c3c4c3  196 5  0.0047
1371  117.078  #c3c4c4  196 6  0.0014
1372  117.266  #c4c4c3  196 7  0.0016
1373  117.393  #c4c4c4  197 1  0.0011
1374  117.567  #c4c4c5  197 2  0.0015
1375  117.418  #c5c4c4  197 3  -0.0013
1376  117.573  #c5c4c5  197 4  0.0013
1377  118.466  #c4c5c4  197 5  0.0076
1378  118.609  #c4c5c5  197 6  0.0012
1379  118.472  #c5c5c4  197 7  -0.0012
1380  118.614  #c5c5c5  198 1  0.0012
1381  118.745  #c5c5c6  198 2  0.0011
1382  118.919  #c6c5c5  198 3  0.0015
1383  119.063  #c6c5c6  198 4  0.0012
1384  119.617  #c5c6c5  198 5  0.0046
1385  119.771  #c5c6c6  198 6  0.0013
1386  119.944  #c6c6c5  198 7  0.0014
1387  120.083  #c6c6c6  199 1  0.0012
1388  120.233  #c6c6c7  199 2  0.0012
1389  120.416  #c7c6c6  199 3  0.0015
1390  120.562  #c7c6c7  199 4  0.0012
1391  121.109  #c6c7c6  199 5  0.0045
1392  121.266  #c6c7c7  199 6  0.0013
1393  121.418  #c7c7c6  199 7  0.0013
1394  121.578  #c7c7c7  200 1  0.0013
1395  121.597  #c7c7c8  200 2  0.0002
1396  121.915  #c8c7c7  200 3  0.0026
1397  121.924  #c8c7c8  200 4  0.0001
1398  122.590  #c7c8c7  200 5  0.0054
1399  122.578  #c7c8c8  200 6  -0.0001
1400  122.916  #c8c8c7  200 7  0.0028
1401  122.919  #c8c8c8  201 1  0.0000
1402  123.052  #c8c8c9  201 2  0.0011
1403  123.219  #c9c8c8  201 3  0.0014
1404  123.385  #c9c8c9  201 4  0.0013
1405  123.937  #c8c9c8  201 5  0.0045
1406  124.096  #c8c9c9  201 6  0.0013
1407  124.271  #c9c9c8  201 7  0.0014
1408  124.426  #c9c9c9  202 1  0.0012
1409  124.589  #c9c9ca  202 2  0.0013
1410  124.770  #cac9c9  202 3  0.0015
1411  124.947  #cac9ca  202 4  0.0014
1412  124.413  #c9cac9  202 5  -0.0043
1413  124.542  #c9caca  202 6  0.0010
1414  124.759  #cacac9  202 7  0.0017
1415  124.921  #cacaca  203 1  0.0013
1416  125.083  #cacacb  203 2  0.0013
1417  125.259  #cbcaca  203 3  0.0014
1418  125.435  #cbcacb  203 4  0.0014
1419  125.991  #cacbca  203 5  0.0044
1420  126.139  #cacbcb  203 6  0.0012
1421  126.334  #cbcbca  203 7  0.0015
1422  126.478  #cbcbcb  204 1  0.0011
1423  126.616  #cbcbcc  204 2  0.0011
1424  126.464  #cccbcb  204 3  -0.0012
1425  126.634  #cccbcc  204 4  0.0013
1426  127.511  #cbcccb  204 5  0.0069
1427  127.670  #cbcccc  204 6  0.0012
1428  127.523  #cccccb  204 7  -0.0012
1429  127.670  #cccccc  205 1  0.0012
1430  127.816  #cccccd  205 2  0.0011
1431  127.988  #cdcccc  205 3  0.0013
1432  128.135  #cdcccd  205 4  0.0011
1433  128.688  #cccdcc  205 5  0.0043
1434  128.840  #cccdcd  205 6  0.0012
1435  129.004  #cdcdcc  205 7  0.0013
1436  129.158  #cdcdcd  206 1  0.0012
1437  129.289  #cdcdce  206 2  0.0010
1438  129.489  #cecdcd  206 3  0.0015
1439  129.631  #cecdce  206 4  0.0011
1440  130.181  #cdcecd  206 5  0.0042
1441  130.308  #cdcece  206 6  0.0010
1442  130.480  #cececd  206 7  0.0013
1443  130.628  #cecece  207 1  0.0011
1444  130.648  #cececf  207 2  0.0002
1445  130.974  #cfcece  207 3  0.0025
1446  130.960  #cfcecf  207 4  -0.0001
1447  131.681  #cecfce  207 5  0.0055
1448  131.663  #cecfcf  207 6  -0.0001
1449  132.005  #cfcfce  207 7  0.0026
1450  131.985  #cfcfcf  208 1  -0.0002
1451  132.137  #cfcfd0  208 2  0.0012
1452  132.316  #d0cfcf  208 3  0.0014
1453  132.474  #d0cfd0  208 4  0.0012
1454  133.012  #cfd0cf  208 5  0.0041
1455  133.167  #cfd0d0  208 6  0.0012
1456  133.340  #d0d0cf  208 7  0.0013
1457  133.499  #d0d0d0  209 1  0.0012
1458  133.688  #d0d0d1  209 2  0.0014
1459  133.842  #d1d0d0  209 3  0.0012
1460  134.013  #d1d0d1  209 4  0.0013
1461  134.574  #d0d1d0  209 5  0.0042
1462  134.740  #d0d1d1  209 6  0.0012
1463  134.917  #d1d1d0  209 7  0.0013
1464  135.068  #d1d1d1  210 1  0.0011
1465  135.230  #d1d1d2  210 2  0.0012
1466  135.412  #d2d1d1  210 3  0.0013
1467  135.577  #d2d1d2  210 4  0.0012
1468  136.111  #d1d2d1  210 5  0.0039
1469  136.248  #d1d2d2  210 6  0.0010
1470  136.433  #d2d2d1  210 7  0.0014
1471  136.573  #d2d2d2  211 1  0.0010
1472  136.747  #d2d2d3  211 2  0.0013
1473  136.568  #d3d2d2  211 3  -0.0013
1474  136.722  #d3d2d3  211 4  0.0011
1475  136.565  #d2d3d2  211 5  -0.0011
1476  136.712  #d2d3d3  211 6  0.0011
1477  136.573  #d3d3d2  211 7  -0.0010
1478  136.708  #d3d3d3  212 1  0.0010
1479  136.884  #d3d3d4  212 2  0.0013
1480  137.035  #d4d3d3  212 3  0.0011
1481  137.191  #d4d3d4  212 4  0.0011
1482  137.726  #d3d4d3  212 5  0.0039
1483  137.880  #d3d4d4  212 6  0.0011
1484  138.062  #d4d4d3  212 7  0.0013
1485  138.226  #d4d4d4  213 1  0.0012
1486  138.214  #d4d4d5  213 2  -0.0001
1487  138.558  #d5d4d4  213 3  0.0025
1488  138.555  #d5d4d5  213 4  -0.0000
1489  139.227  #d4d5d4  213 5  0.0048
1490  139.244  #d4d5d5  213 6  0.0001
1491  139.550  #d5d5d4  213 7  0.0022
1492  139.561  #d5d5d5  214 1  0.0001
1493  139.708  #d5d5d6  214 2  0.0011
1494  139.871  #d6d5d5  214 3  0.0012
1495  140.031  #d6d5d6  214 4  0.0011
1496  140.565  #d5d6d5  214 5  0.0038
1497  140.745  #d5d6d6  214 6  0.0013
1498  140.911  #d6d6d5  214 7  0.0012
1499  141.055  #d6d6d6  215 1  0.0010
1500  141.211  #d6d6d7  215 2  0.0011
1501  141.182  #d7d6d6  215 3  -0.0002
1502  141.319  #d7d6d7  215 4  0.0010
1503  141.873  #d6d7d6  215 5  0.0039
1504  141.996  #d6d7d7  215 6  0.0009
1505  142.205  #d7d7d6  215 7  0.0015
1506  142.366  #d7d7d7  216 1  0.0011
1507  142.516  #d7d7d8  216 2  0.0011
1508  142.665  #d8d7d7  216 3  0.0010
1509  142.809  #d8d7d8  216 4  0.0010
1510  143.328  #d7d8d7  216 5  0.0036
1511  143.472  #d7d8d8  216 6  0.0010
1512  143.652  #d8d8d7  216 7  0.0013
1513  143.810  #d8d8d8  217 1  0.0011
1514  143.949  #d8d8d9  217 2  0.0010
1515  144.142  #d9d8d8  217 3  0.0013
1516  144.265  #d9d8d9  217 4  0.0009
1517  144.804  #d8d9d8  217 5  0.0037
1518  144.925  #d8d9d9  217 6  0.0008
1519  145.137  #d9d9d8  217 7  0.0015
1520  145.292  #d9d9d9  218 1  0.0011
1521  145.428  #d9d9da  218 2  0.0009
1522  145.245  #dad9d9  218 3  -0.0013
1523  145.422  #dad9da  218 4  0.0012
1524  146.275  #d9dad9  218 5  0.0058
1525  146.446  #d9dada  218 6  0.0012
1526  146.288  #dadad9  218 7  -0.0011
1527  146.448  #dadada  219 1  0.0011
1528  146.417  #dadadb  219 2  -0.0002
1529  146.744  #dbdada  219 3  0.0022
1530  146.738  #dbdadb  219 4  -0.0000
1531  147.504  #dadbda  219 5  0.0052
1532  147.456  #dadbdb  219 6  -0.0003
1533  147.817  #dbdbda  219 7  0.0024
1534  147.828  #dbdbdb  220 1  0.0001
1535  147.961  #dbdbdc  220 2  0.0009
1536  148.132  #dcdbdb  220 3  0.0012
1537  148.318  #dcdbdc  220 4  0.0013
1538  147.812  #dbdcdb  220 5  -0.0034
1539  147.949  #dbdcdc  220 6  0.0009
1540  148.141  #dcdcdb  220 7  0.0013
1541  148.295  #dcdcdc  221 1  0.0010
1542  148.440  #dcdcdd  221 2  0.0010
1543  148.616  #dddcdc  221 3  0.0012
1544  148.758  #dddcdd  221 4  0.0010
1545  149.329  #dcdddc  221 5  0.0038
1546  149.481  #dcdddd  221 6  0.0010
1547  149.670  #dddddc  221 7  0.0013
1548  149.821  #dddddd  222 1  0.0010
1549  149.981  #ddddde  222 2  0.0011
1550  150.162  #dedddd  222 3  0.0012
1551  150.300  #deddde  222 4  0.0009
1552  150.891  #dddedd  222 5  0.0039
1553  151.071  #dddede  222 6  0.0012
1554  151.251  #dededd  222 7  0.0012
1555  151.395  #dedede  223 1  0.0010
1556  151.529  #dededf  223 2  0.0009
1557  151.704  #dfdede  223 3  0.0012
1558  151.861  #dfdedf  223 4  0.0010
1559  152.499  #dedfde  223 5  0.0042
1560  152.648  #dedfdf  223 6  0.0010
1561  152.834  #dfdfde  223 7  0.0012
1562  152.955  #dfdfdf  224 1  0.0008
1563  153.112  #dfdfe0  224 2  0.0010
1564  153.274  #e0dfdf  224 3  0.0011
1565  153.426  #e0dfe0  224 4  0.0010
1566  154.087  #dfe0df  224 5  0.0043
1567  154.274  #dfe0e0  224 6  0.0012
1568  154.406  #e0e0df  224 7  0.0009
1569  154.534  #e0e0e0  225 1  0.0008
1570  154.568  #e0e0e1  225 2  0.0002
1571  154.874  #e1e0e0  225 3  0.0020
1572  154.870  #e1e0e1  225 4  -0.0000
1573  155.692  #e0e1e0  225 5  0.0053
1574  155.674  #e0e1e1  225 6  -0.0001
1575  155.999  #e1e1e0  225 7  0.0021
1576  155.983  #e1e1e1  226 1  -0.0001
1577  156.155  #e1e1e2  226 2  0.0011
1578  156.000  #e2e1e1  226 3  -0.0010
1579  156.139  #e2e1e2  226 4  0.0009
1580  157.135  #e1e2e1  226 5  0.0064
1581  157.264  #e1e2e2  226 6  0.0008
1582  157.123  #e2e2e1  226 7  -0.0009
1583  157.241  #e2e2e2  227 1  0.0008
1584  157.398  #e2e2e3  227 2  0.0010
1585  157.585  #e3e2e2  227 3  0.0012
1586  157.763  #e3e2e3  227 4  0.0011
1587  158.408  #e2e3e2  227 5  0.0041
1588  158.556  #e2e3e3  227 6  0.0009
1589  158.707  #e3e3e2  227 7  0.0010
1590  158.892  #e3e3e3  228 1  0.0012
1591  159.033  #e3e3e4  228 2  0.0009
1592  159.252  #e4e3e3  228 3  0.0014
1593  159.396  #e4e3e4  228 4  0.0009
1594  160.030  #e3e4e3  228 5  0.0040
1595  160.178  #e3e4e4  228 6  0.0009
1596  160.374  #e4e4e3  228 7  0.0012
1597  160.502  #e4e4e4  229 1  0.0008
1598  160.661  #e4e4e5  229 2  0.0010
1599  160.825  #e5e4e4  229 3  0.0010
1600  160.984  #e5e4e5  229 4  0.0010
1601  160.478  #e4e5e4  229 5  -0.0031
1602  160.621  #e4e5e5  229 6  0.0009
1603  160.808  #e5e5e4  229 7  0.0012
1604  160.954  #e5e5e5  230 1  0.0009
1605  161.120  #e5e5e6  230 2  0.0010
1606  161.321  #e6e5e5  230 3  0.0012
1607  161.471  #e6e5e6  230 4  0.0009
1608  162.049  #e5e6e5  230 5  0.0036
1609  162.196  #e5e6e6  230 6  0.0009
1610  162.394  #e6e6e5  230 7  0.0012
1611  162.536  #e6e6e6  231 1  0.0009
1612  162.543  #e6e6e7  231 2  0.0000
1613  162.944  #e7e6e6  231 3  0.0025
1614  162.926  #e7e6e7  231 4  -0.0001
1615  163.651  #e6e7e6  231 5  0.0044
1616  163.680  #e6e7e7  231 6  0.0002
1617  164.074  #e7e7e6  231 7  0.0024
1618  164.054  #e7e7e7  232 1  -0.0001
1619  164.272  #e7e7e8  232 2  0.0013
1620  164.521  #e8e7e7  232 3  0.0015
1621  164.683  #e8e7e8  232 4  0.0010
1622  165.420  #e7e8e7  232 5  0.0045
1623  165.580  #e7e8e8  232 6  0.0010
1624  165.866  #e8e8e7  232 7  0.0017
1625  166.017  #e8e8e8  233 1  0.0009
1626  166.211  #e8e8e9  233 2  0.0012
1627  166.023  #e9e8e8  233 3  -0.0011
1628  166.189  #e9e8e9  233 4  0.0010
1629  167.277  #e8e9e8  233 5  0.0065
1630  167.453  #e8e9e9  233 6  0.0011
1631  167.271  #e9e9e8  233 7  -0.0011
1632  167.444  #e9e9e9  234 1  0.0010
1633  167.609  #e9e9ea  234 2  0.0010
1634  167.812  #eae9e9  234 3  0.0012
1635  167.955  #eae9ea  234 4  0.0009
1636  168.556  #e9eae9  234 5  0.0036
1637  168.715  #e9eaea  234 6  0.0009
1638  168.918  #eaeae9  234 7  0.0012
1639  169.077  #eaeaea  235 1  0.0009
1640  169.237  #eaeaeb  235 2  0.0009
1641  169.441  #ebeaea  235 3  0.0012
1642  169.579  #ebeaeb  235 4  0.0008
1643  170.163  #eaebea  235 5  0.0034
1644  170.325  #eaebeb  235 6  0.0010
1645  170.541  #ebebea  235 7  0.0013
1646  170.684  #ebebeb  236 1  0.0008
1647  170.840  #ebebec  236 2  0.0009
1648  171.022  #ecebeb  236 3  0.0011
1649  171.174  #ecebec  236 4  0.0009
1650  171.741  #ebeceb  236 5  0.0033
1651  171.939  #ebecec  236 6  0.0012
1652  172.144  #ececeb  236 7  0.0012
1653  172.274  #ececec  237 1  0.0008
1654  172.263  #ececed  237 2  -0.0001
1655  172.622  #edecec  237 3  0.0021
1656  172.620  #edeced  237 4  -0.0000
1657  173.374  #ecedec  237 5  0.0044
1658  173.367  #eceded  237 6  -0.0000
1659  173.762  #ededec  237 7  0.0023
1660  173.727  #ededed  238 1  -0.0002
1661  173.898  #ededee  238 2  0.0010
1662  174.083  #eeeded  238 3  0.0011
1663  174.214  #eeedee  238 4  0.0008
1664  173.692  #edeeed  238 5  -0.0030
1665  173.875  #edeeee  238 6  0.0011
1666  174.088  #eeeeed  238 7  0.0012
1667  174.220  #eeeeee  239 1  0.0008
1668  174.382  #eeeeef  239 2  0.0009
1669  174.543  #efeeee  239 3  0.0009
1670  174.725  #efeeef  239 4  0.0010
1671  175.297  #eeefee  239 5  0.0033
1672  175.479  #eeefef  239 6  0.0010
1673  175.649  #efefee  239 7  0.0010
1674  175.776  #efefef  240 1  0.0007
1675  175.957  #efeff0  240 2  0.0010
1676  175.806  #f0efef  240 3  -0.0009
1677  175.947  #f0eff0  240 4  0.0008
1678  176.904  #eff0ef  240 5  0.0054
1679  177.069  #eff0f0  240 6  0.0009
1680  176.917  #f0f0ef  240 7  -0.0009
1681  177.048  #f0f0f0  241 1  0.0007
1682  177.222  #f0f0f1  241 2  0.0010
1683  177.417  #f1f0f0  241 3  0.0011
1684  177.595  #f1f0f1  241 4  0.0010
1685  178.176  #f0f1f0  241 5  0.0033
1686  178.359  #f0f1f1  241 6  0.0010
1687  178.529  #f1f1f0  241 7  0.0010
1688  178.712  #f1f1f1  242 1  0.0010
1689  178.832  #f1f1f2  242 2  0.0007
1690  179.062  #f2f1f1  242 3  0.0013
1691  179.221  #f2f1f2  242 4  0.0009
1692  179.844  #f1f2f1  242 5  0.0035
1693  179.991  #f1f2f2  242 6  0.0008
1694  180.199  #f2f2f1  242 7  0.0012
1695  180.353  #f2f2f2  243 1  0.0009
1696  180.380  #f2f2f3  243 2  0.0001
1697  180.714  #f3f2f2  243 3  0.0018
1698  180.700  #f3f2f3  243 4  -0.0001
1699  181.499  #f2f3f2  243 5  0.0044
1700  181.479  #f2f3f3  243 6  -0.0001
1701  181.813  #f3f3f2  243 7  0.0018
1702  181.811  #f3f3f3  244 1  -0.0000
1703  181.991  #f3f3f4  244 2  0.0010
1704  182.182  #f4f3f3  244 3  0.0010
1705  182.331  #f4f3f4  244 4  0.0008
1706  182.961  #f3f4f3  244 5  0.0034
1707  183.090  #f3f4f4  244 6  0.0007
1708  183.275  #f4f4f3  244 7  0.0010
1709  183.438  #f4f4f4  245 1  0.0009
1710  183.602  #f4f4f5  245 2  0.0009
1711  183.796  #f5f4f4  245 3  0.0011
1712  183.952  #f5f4f5  245 4  0.0008
1713  184.597  #f4f5f4  245 5  0.0035
1714  184.742  #f4f5f5  245 6  0.0008
1715  184.941  #f5f5f4  245 7  0.0011
1716  185.087  #f5f5f5  246 1  0.0008
1717  185.269  #f5f5f6  246 2  0.0010
1718  185.449  #f6f5f5  246 3  0.0010
1719  185.594  #f6f5f6  246 4  0.0008
1720  186.209  #f5f6f5  246 5  0.0033
1721  186.377  #f5f6f6  246 6  0.0009
1722  186.586  #f6f6f5  246 7  0.0011
1723  186.704  #f6f6f6  247 1  0.0006
1724  186.857  #f6f6f7  247 2  0.0008
1725  186.726  #f7f6f6  247 3  -0.0007
1726  186.853  #f7f6f7  247 4  0.0007
1727  186.698  #f6f7f6  247 5  -0.0008
1728  186.832  #f6f7f7  247 6  0.0007
1729  186.704  #f7f7f6  247 7  -0.0007
1730  186.850  #f7f7f7  248 1  0.0008
1731  186.989  #f7f7f8  248 2  0.0007
1732  187.210  #f8f7f7  248 3  0.0012
1733  187.335  #f8f7f8  248 4  0.0007
1734  187.952  #f7f8f7  248 5  0.0033
1735  188.121  #f7f8f8  248 6  0.0009
1736  188.343  #f8f8f7  248 7  0.0012
1737  188.457  #f8f8f8  249 1  0.0006
1738  188.480  #f8f8f9  249 2  0.0001
1739  188.826  #f9f8f8  249 3  0.0018
1740  188.849  #f9f8f9  249 4  0.0001
1741  189.582  #f8f9f8  249 5  0.0039
1742  189.591  #f8f9f9  249 6  0.0000
1743  189.970  #f9f9f8  249 7  0.0020
1744  189.959  #f9f9f9  250 1  -0.0001
1745  190.092  #f9f9fa  250 2  0.0007
1746  190.287  #faf9f9  250 3  0.0010
1747  190.438  #faf9fa  250 4  0.0008
1748  191.005  #f9faf9  250 5  0.0030
1749  191.176  #f9fafa  250 6  0.0009
1750  191.393  #fafaf9  250 7  0.0011
1751  191.522  #fafafa  251 1  0.0007
1752  191.684  #fafafb  251 2  0.0008
1753  191.884  #fbfafa  251 3  0.0010
1754  192.030  #fbfafb  251 4  0.0008
1755  192.576  #fafbfa  251 5  0.0028
1756  192.745  #fafbfb  251 6  0.0009
1757  192.935  #fbfbfa  251 7  0.0010
1758  193.114  #fbfbfb  252 1  0.0009
1759  193.277  #fbfbfc  252 2  0.0008
1760  193.474  #fcfbfb  252 3  0.0010
1761  193.613  #fcfbfc  252 4  0.0007
1762  194.152  #fbfcfb  252 5  0.0028
1763  194.312  #fbfcfc  252 6  0.0008
1764  194.545  #fcfcfb  252 7  0.0012
1765  194.712  #fcfcfc  253 1  0.0009
1766  194.841  #fcfcfd  253 2  0.0007
1767  195.040  #fdfcfc  253 3  0.0010
1768  195.191  #fdfcfd  253 4  0.0008
1769  195.758  #fcfdfc  253 5  0.0029
1770  195.905  #fcfdfd  253 6  0.0008
1771  196.120  #fdfdfc  253 7  0.0011
1772  196.270  #fdfdfd  254 1  0.0008
1773  196.425  #fdfdfe  254 2  0.0008
1774  196.618  #fefdfd  254 3  0.0010
1775  196.785  #fefdfe  254 4  0.0008
1776  197.301  #fdfefd  254 5  0.0026
1777  197.444  #fdfefe  254 6  0.0007
1778  197.639  #fefefd  254 7  0.0010
1779  197.792  #fefefe  255 1  0.0008
1780  197.791  #fefeff  255 2  -0.0000
1781  197.781  #fffefe  255 3  -0.0001
1782  197.784  #fffeff  255 4  0.0000
1783  198.826  #fefffe  255 5  0.0053
1784  198.812  #feffff  255 6  -0.0001
1785  198.816  #fffffe  255 7  0.0000
1786  198.806  #ffffff  256 1  -0.0001
