#  lumResponse vers. 1.8 - 01/27/11 09:08:41
#  Display ID: EA231WMi_07106164NA
#  iLdelay=1  avgN=1  ILlimit_plus=0.20 ILlimit_minus=-0.05  R=21.2% G=68.9% B=10.0%
#  51.451  #ff0000
#  167.49  #00ff00
#  24.273  #0000ff
   1    0.213  #000000    1 1  0.0000
   2    0.221  #000001    1 2  0.0369
   3    0.230  #010000    1 3  0.0404
   4    0.253  #010001    1 4  0.0945
   5    0.253  #000100    1 5  0.0001
   6    0.268  #000101    1 6  0.0562
   7    0.285  #010100    1 7  0.0615
   8    0.281  #010101    2 1  -0.0134
   9    0.280  #010102    2 2  -0.0049
  10    0.289  #020101    2 3  0.0335
  11    0.291  #020102    2 4  0.0075
  12    0.308  #010201    2 5  0.0557
  13    0.311  #010202    2 6  0.0108
  14    0.323  #020201    2 7  0.0367
  15    0.326  #020202    3 1  0.0091
  16    0.346  #020203    3 2  0.0591
  17    0.329  #030202    3 3  -0.0487
  18    0.328  #030203    3 4  -0.0047
  19    0.346  #020302    3 5  0.0543
  20    0.349  #020303    3 6  0.0094
  21    0.358  #030302    3 7  0.0259
  22    0.360  #030303    4 1  0.0032
  23    0.361  #030304    4 2  0.0041
  24    0.361  #040303    4 3  -0.0011
  25    0.363  #040304    4 4  0.0077
  26    0.382  #030403    4 5  0.0489
  27    0.389  #030404    4 6  0.0200
  28    0.391  #040403    4 7  0.0038
  29    0.401  #040404    5 1  0.0262
  30    0.401  #040405    5 2  -0.0006
  31    0.412  #050404    5 3  0.0281
  32    0.412  #050405    5 4  -0.0016
  33    0.433  #040504    5 5  0.0509
  34    0.434  #040505    5 6  0.0018
  35    0.432  #050504    5 7  -0.0046
  36    0.448  #050505    6 1  0.0369
  37    0.444  #050506    6 2  -0.0107
  38    0.453  #060505    6 3  0.0206
  39    0.471  #060506    6 4  0.0383
  40    0.479  #050605    6 5  0.0174
  41    0.478  #050606    6 6  -0.0021
  42    0.488  #060605    6 7  0.0215
  43    0.487  #060606    7 1  -0.0021
  44    0.490  #060607    7 2  0.0061
  45    0.493  #070606    7 3  0.0064
  46    0.500  #070607    7 4  0.0137
  47    0.529  #060706    7 5  0.0559
  48    0.533  #060707    7 6  0.0082
  49    0.537  #070706    7 7  0.0082
  50    0.543  #070707    8 1  0.0105
  51    0.551  #070708    8 2  0.0138
  52    0.560  #080707    8 3  0.0163
  53    0.564  #080708    8 4  0.0084
  54    0.581  #070807    8 5  0.0297
  55    0.590  #070808    8 6  0.0153
  56    0.596  #080807    8 7  0.0100
  57    0.596  #080808    9 1  -0.0006
  58    0.599  #080809    9 2  0.0054
  59    0.624  #090808    9 3  0.0412
  60    0.618  #090809    9 4  -0.0096
  61    0.639  #080908    9 5  0.0336
  62    0.649  #080909    9 6  0.0144
  63    0.650  #090908    9 7  0.0022
  64    0.658  #090909   10 1  0.0116
  65    0.656  #09090a   10 2  -0.0027
  66    0.663  #0a0909   10 3  0.0112
  67    0.678  #0a090a   10 4  0.0222
  68    0.707  #090a09   10 5  0.0415
  69    0.714  #090a0a   10 6  0.0092
  70    0.724  #0a0a09   10 7  0.0143
  71    0.721  #0a0a0a   11 1  -0.0039
  72    0.736  #0a0a0b   11 2  0.0210
  73    0.745  #0b0a0a   11 3  0.0110
  74    0.754  #0b0a0b   11 4  0.0123
  75    0.785  #0a0b0a   11 5  0.0406
  76    0.804  #0a0b0b   11 6  0.0235
  77    0.796  #0b0b0a   11 7  -0.0099
  78    0.801  #0b0b0b   12 1  0.0061
  79    0.807  #0b0b0c   12 2  0.0084
  80    0.821  #0c0b0b   12 3  0.0172
  81    0.825  #0c0b0c   12 4  0.0049
  82    0.872  #0b0c0b   12 5  0.0546
  83    0.867  #0b0c0c   12 6  -0.0060
  84    0.862  #0c0c0b   12 7  -0.0058
  85    0.884  #0c0c0c   13 1  0.0261
  86    0.888  #0c0c0d   13 2  0.0047
  87    0.894  #0d0c0c   13 3  0.0065
  88    0.902  #0d0c0d   13 4  0.0081
  89    0.933  #0c0d0c   13 5  0.0348
  90    0.944  #0c0d0d   13 6  0.0112
  91    0.950  #0d0d0c   13 7  0.0059
  92    0.961  #0d0d0d   14 1  0.0123
  93    0.970  #0d0d0e   14 2  0.0089
  94    0.984  #0e0d0d   14 3  0.0139
  95    0.989  #0e0d0e   14 4  0.0053
  96    1.010  #0d0e0d   14 5  0.0210
  97    1.024  #0d0e0e   14 6  0.0140
  98    1.057  #0e0e0d   14 7  0.0317
  99    1.054  #0e0e0e   15 1  -0.0027
 100    1.057  #0e0e0f   15 2  0.0026
 101    1.078  #0f0e0e   15 3  0.0196
 102    1.086  #0f0e0f   15 4  0.0076
 103    1.121  #0e0f0e   15 5  0.0318
 104    1.132  #0e0f0f   15 6  0.0093
 105    1.136  #0f0f0e   15 7  0.0040
 106    1.167  #0f0f0f   16 1  0.0273
 107    1.168  #0f0f10   16 2  0.0003
 108    1.173  #100f0f   16 3  0.0049
 109    1.184  #100f10   16 4  0.0086
 110    1.229  #0f100f   16 5  0.0376
 111    1.224  #0f1010   16 6  -0.0035
 112    1.242  #10100f   16 7  0.0144
 113    1.271  #101010   17 1  0.0227
 114    1.258  #101011   17 2  -0.0099
 115    1.275  #111010   17 3  0.0131
 116    1.306  #111011   17 4  0.0242
 117    1.329  #101110   17 5  0.0174
 118    1.315  #101111   17 6  -0.0109
 119    1.335  #111110   17 7  0.0158
 120    1.334  #111111   18 1  -0.0010
 121    1.349  #111112   18 2  0.0109
 122    1.383  #121111   18 3  0.0250
 123    1.377  #121112   18 4  -0.0043
 124    1.422  #111211   18 5  0.0324
 125    1.433  #111212   18 6  0.0071
 126    1.450  #121211   18 7  0.0124
 127    1.458  #121212   19 1  0.0052
 128    1.477  #121213   19 2  0.0133
 129    1.498  #131212   19 3  0.0141
 130    1.500  #131213   19 4  0.0011
 131    1.546  #121312   19 5  0.0302
 132    1.552  #121313   19 6  0.0037
 133    1.567  #131312   19 7  0.0098
 134    1.579  #131313   20 1  0.0075
 135    1.587  #131314   20 2  0.0051
 136    1.604  #141313   20 3  0.0108
 137    1.616  #141314   20 4  0.0075
 138    1.669  #131413   20 5  0.0321
 139    1.702  #131414   20 6  0.0195
 140    1.709  #141413   20 7  0.0041
 141    1.710  #141414   21 1  0.0003
 142    1.725  #141415   21 2  0.0089
 143    1.730  #151414   21 3  0.0031
 144    1.746  #151415   21 4  0.0093
 145    1.803  #141514   21 5  0.0317
 146    1.823  #141515   21 6  0.0114
 147    1.828  #151514   21 7  0.0026
 148    1.833  #151515   22 1  0.0026
 149    1.851  #151516   22 2  0.0097
 150    1.865  #161515   22 3  0.0075
 151    1.888  #161516   22 4  0.0126
 152    1.939  #151615   22 5  0.0265
 153    1.959  #151616   22 6  0.0101
 154    1.970  #161615   22 7  0.0057
 155    1.980  #161616   23 1  0.0054
 156    2.001  #161617   23 2  0.0104
 157    2.022  #171616   23 3  0.0102
 158    2.036  #171617   23 4  0.0072
 159    2.113  #161716   23 5  0.0369
 160    2.119  #161717   23 6  0.0028
 161    2.147  #171716   23 7  0.0131
 162    2.151  #171717   24 1  0.0022
 163    2.171  #171718   24 2  0.0091
 164    2.191  #181717   24 3  0.0090
 165    2.198  #181718   24 4  0.0034
 166    2.264  #171817   24 5  0.0295
 167    2.280  #171818   24 6  0.0070
 168    2.307  #181817   24 7  0.0119
 169    2.312  #181818   25 1  0.0019
 170    2.322  #181819   25 2  0.0047
 171    2.339  #191818   25 3  0.0072
 172    2.353  #191819   25 4  0.0061
 173    2.419  #181918   25 5  0.0273
 174    2.435  #181919   25 6  0.0068
 175    2.447  #191918   25 7  0.0050
 176    2.464  #191919   26 1  0.0070
 177    2.477  #19191a   26 2  0.0052
 178    2.500  #1a1919   26 3  0.0090
 179    2.514  #1a191a   26 4  0.0057
 180    2.600  #191a19   26 5  0.0336
 181    2.594  #191a1a   26 6  -0.0022
 182    2.618  #1a1a19   26 7  0.0090
 183    2.632  #1a1a1a   27 1  0.0056
 184    2.654  #1a1a1b   27 2  0.0081
 185    2.667  #1b1a1a   27 3  0.0052
 186    2.692  #1b1a1b   27 4  0.0091
 187    2.780  #1a1b1a   27 5  0.0322
 188    2.791  #1a1b1b   27 6  0.0041
 189    2.834  #1b1b1a   27 7  0.0153
 190    2.842  #1b1b1b   28 1  0.0027
 191    2.846  #1b1b1c   28 2  0.0014
 192    2.868  #1c1b1b   28 3  0.0075
 193    2.883  #1c1b1c   28 4  0.0055
 194    2.959  #1b1c1b   28 5  0.0259
 195    2.978  #1b1c1c   28 6  0.0064
 196    2.994  #1c1c1b   28 7  0.0055
 197    3.015  #1c1c1c   29 1  0.0069
 198    3.035  #1c1c1d   29 2  0.0067
 199    3.047  #1d1c1c   29 3  0.0037
 200    3.071  #1d1c1d   29 4  0.0079
 201    3.141  #1c1d1c   29 5  0.0226
 202    3.162  #1c1d1d   29 6  0.0065
 203    3.177  #1d1d1c   29 7  0.0048
 204    3.193  #1d1d1d   30 1  0.0051
 205    3.214  #1d1d1e   30 2  0.0065
 206    3.238  #1e1d1d   30 3  0.0073
 207    3.249  #1e1d1e   30 4  0.0035
 208    3.336  #1d1e1d   30 5  0.0265
 209    3.352  #1d1e1e   30 6  0.0048
 210    3.372  #1e1e1d   30 7  0.0060
 211    3.397  #1e1e1e   31 1  0.0074
 212    3.414  #1e1e1f   31 2  0.0049
 213    3.435  #1f1e1e   31 3  0.0061
 214    3.465  #1f1e1f   31 4  0.0088
 215    3.563  #1e1f1e   31 5  0.0279
 216    3.590  #1e1f1f   31 6  0.0075
 217    3.611  #1f1f1e   31 7  0.0056
 218    3.633  #1f1f1f   32 1  0.0061
 219    3.653  #1f1f20   32 2  0.0057
 220    3.673  #201f1f   32 3  0.0054
 221    3.697  #201f20   32 4  0.0064
 222    3.791  #1f201f   32 5  0.0252
 223    3.816  #1f2020   32 6  0.0063
 224    3.841  #20201f   32 7  0.0068
 225    3.864  #202020   33 1  0.0057
 226    3.886  #202021   33 2  0.0059
 227    3.914  #212020   33 3  0.0071
 228    3.926  #212021   33 4  0.0031
 229    4.023  #202120   33 5  0.0245
 230    4.036  #202121   33 6  0.0031
 231    4.066  #212120   33 7  0.0075
 232    4.087  #212121   34 1  0.0052
 233    4.101  #212122   34 2  0.0034
 234    4.129  #222121   34 3  0.0067
 235    4.151  #222122   34 4  0.0053
 236    4.261  #212221   34 5  0.0262
 237    4.262  #212222   34 6  0.0004
 238    4.290  #222221   34 7  0.0064
 239    4.310  #222222   35 1  0.0046
 240    4.341  #222223   35 2  0.0072
 241    4.368  #232222   35 3  0.0063
 242    4.389  #232223   35 4  0.0047
 243    4.506  #222322   35 5  0.0263
 244    4.528  #222323   35 6  0.0049
 245    4.555  #232322   35 7  0.0059
 246    4.572  #232323   36 1  0.0037
 247    4.595  #232324   36 2  0.0051
 248    4.625  #242323   36 3  0.0064
 249    4.650  #242324   36 4  0.0054
 250    4.742  #232423   36 5  0.0197
 251    4.766  #232424   36 6  0.0050
 252    4.794  #242423   36 7  0.0059
 253    4.822  #242424   37 1  0.0058
 254    4.841  #242425   37 2  0.0040
 255    4.885  #252424   37 3  0.0091
 256    4.888  #252425   37 4  0.0006
 257    4.985  #242524   37 5  0.0198
 258    5.017  #242525   37 6  0.0063
 259    5.045  #252524   37 7  0.0055
 260    5.058  #252525   38 1  0.0027
 261    5.078  #252526   38 2  0.0039
 262    5.110  #262525   38 3  0.0062
 263    5.140  #262526   38 4  0.0059
 264    5.239  #252625   38 5  0.0190
 265    5.267  #252626   38 6  0.0054
 266    5.289  #262625   38 7  0.0042
 267    5.322  #262626   39 1  0.0061
 268    5.343  #262627   39 2  0.0041
 269    5.380  #272626   39 3  0.0069
 270    5.418  #272627   39 4  0.0070
 271    5.525  #262726   39 5  0.0194
 272    5.556  #262727   39 6  0.0056
 273    5.590  #272726   39 7  0.0061
 274    5.617  #272727   40 1  0.0049
 275    5.644  #272728   40 2  0.0048
 276    5.678  #282727   40 3  0.0060
 277    5.695  #282728   40 4  0.0030
 278    5.815  #272827   40 5  0.0207
 279    5.845  #272828   40 6  0.0051
 280    5.873  #282827   40 7  0.0048
 281    5.906  #282828   41 1  0.0057
 282    5.921  #282829   41 2  0.0025
 283    5.958  #292828   41 3  0.0063
 284    5.977  #292829   41 4  0.0032
 285    6.094  #282928   41 5  0.0194
 286    6.111  #282929   41 6  0.0027
 287    6.151  #292928   41 7  0.0065
 288    6.167  #292929   42 1  0.0026
 289    6.193  #29292a   42 2  0.0043
 290    6.230  #2a2929   42 3  0.0060
 291    6.258  #2a292a   42 4  0.0045
 292    6.384  #292a29   42 5  0.0199
 293    6.394  #292a2a   42 6  0.0015
 294    6.435  #2a2a29   42 7  0.0065
 295    6.457  #2a2a2a   43 1  0.0033
 296    6.488  #2a2a2b   43 2  0.0048
 297    6.519  #2b2a2a   43 3  0.0048
 298    6.554  #2b2a2b   43 4  0.0053
 299    6.656  #2a2b2a   43 5  0.0155
 300    6.686  #2a2b2b   43 6  0.0045
 301    6.719  #2b2b2a   43 7  0.0050
 302    6.751  #2b2b2b   44 1  0.0047
 303    6.779  #2b2b2c   44 2  0.0042
 304    6.808  #2c2b2b   44 3  0.0042
 305    6.839  #2c2b2c   44 4  0.0046
 306    6.957  #2b2c2b   44 5  0.0171
 307    6.991  #2b2c2c   44 6  0.0049
 308    7.047  #2c2c2b   44 7  0.0080
 309    7.049  #2c2c2c   45 1  0.0002
 310    7.099  #2c2c2d   45 2  0.0071
 311    7.112  #2d2c2c   45 3  0.0018
 312    7.146  #2d2c2d   45 4  0.0049
 313    7.264  #2c2d2c   45 5  0.0164
 314    7.285  #2c2d2d   45 6  0.0029
 315    7.322  #2d2d2c   45 7  0.0050
 316    7.352  #2d2d2d   46 1  0.0041
 317    7.391  #2d2d2e   46 2  0.0053
 318    7.425  #2e2d2d   46 3  0.0046
 319    7.445  #2e2d2e   46 4  0.0026
 320    7.546  #2d2e2d   46 5  0.0135
 321    7.585  #2d2e2e   46 6  0.0052
 322    7.618  #2e2e2d   46 7  0.0043
 323    7.649  #2e2e2e   47 1  0.0040
 324    7.687  #2e2e2f   47 2  0.0050
 325    7.727  #2f2e2e   47 3  0.0053
 326    7.755  #2f2e2f   47 4  0.0036
 327    7.904  #2e2f2e   47 5  0.0191
 328    7.936  #2e2f2f   47 6  0.0040
 329    7.978  #2f2f2e   47 7  0.0054
 330    8.001  #2f2f2f   48 1  0.0028
 331    8.038  #2f2f30   48 2  0.0047
 332    8.077  #302f2f   48 3  0.0048
 333    8.109  #302f30   48 4  0.0040
 334    8.246  #2f302f   48 5  0.0168
 335    8.270  #2f3030   48 6  0.0029
 336    8.322  #30302f   48 7  0.0062
 337    8.362  #303030   49 1  0.0049
 338    8.365  #303031   49 2  0.0003
 339    8.406  #313030   49 3  0.0049
 340    8.428  #313031   49 4  0.0026
 341    8.547  #303130   49 5  0.0140
 342    8.589  #303131   49 6  0.0049
 343    8.610  #313130   49 7  0.0025
 344    8.632  #313131   50 1  0.0025
 345    8.664  #313132   50 2  0.0038
 346    8.703  #323131   50 3  0.0044
 347    8.736  #323132   50 4  0.0039
 348    8.868  #313231   50 5  0.0150
 349    8.896  #313232   50 6  0.0031
 350    8.949  #323231   50 7  0.0060
 351    8.967  #323232   51 1  0.0020
 352    9.010  #323233   51 2  0.0048
 353    9.044  #333232   51 3  0.0038
 354    9.080  #333233   51 4  0.0039
 355    9.195  #323332   51 5  0.0127
 356    9.237  #323333   51 6  0.0045
 357    9.274  #333332   51 7  0.0040
 358    9.313  #333333   52 1  0.0041
 359    9.347  #333334   52 2  0.0037
 360    9.390  #343333   52 3  0.0046
 361    9.424  #343334   52 4  0.0036
 362    9.579  #333433   52 5  0.0162
 363    9.618  #333434   52 6  0.0041
 364    9.657  #343433   52 7  0.0040
 365    9.700  #343434   53 1  0.0044
 366    9.745  #343435   53 2  0.0047
 367    9.768  #353434   53 3  0.0023
 368    9.800  #353435   53 4  0.0033
 369    9.948  #343534   53 5  0.0150
 370    9.972  #343535   53 6  0.0024
 371   10.020  #353534   53 7  0.0048
 372   10.049  #353535   54 1  0.0029
 373   10.087  #353536   54 2  0.0038
 374   10.125  #363535   54 3  0.0038
 375   10.160  #363536   54 4  0.0035
 376   10.268  #353635   54 5  0.0106
 377   10.298  #353636   54 6  0.0029
 378   10.336  #363635   54 7  0.0037
 379   10.377  #363636   55 1  0.0040
 380   10.418  #363637   55 2  0.0039
 381   10.474  #373636   55 3  0.0054
 382   10.497  #373637   55 4  0.0022
 383   10.653  #363736   55 5  0.0148
 384   10.698  #363737   55 6  0.0042
 385   10.731  #373736   55 7  0.0031
 386   10.768  #373737   56 1  0.0034
 387   10.809  #373738   56 2  0.0038
 388   10.844  #383737   56 3  0.0032
 389   10.885  #383738   56 4  0.0038
 390   11.050  #373837   56 5  0.0150
 391   11.090  #373838   56 6  0.0036
 392   11.135  #383837   56 7  0.0040
 393   11.167  #383838   57 1  0.0029
 394   11.203  #383839   57 2  0.0032
 395   11.245  #393838   57 3  0.0037
 396   11.274  #393839   57 4  0.0026
 397   11.403  #383938   57 5  0.0114
 398   11.449  #383939   57 6  0.0040
 399   11.495  #393938   57 7  0.0040
 400   11.517  #393939   58 1  0.0019
 401   11.557  #39393a   58 2  0.0035
 402   11.610  #3a3939   58 3  0.0046
 403   11.652  #3a393a   58 4  0.0036
 404   11.801  #393a39   58 5  0.0127
 405   11.829  #393a3a   58 6  0.0024
 406   11.899  #3a3a39   58 7  0.0059
 407   11.915  #3a3a3a   59 1  0.0013
 408   11.962  #3a3a3b   59 2  0.0039
 409   12.007  #3b3a3a   59 3  0.0038
 410   12.046  #3b3a3b   59 4  0.0032
 411   12.168  #3a3b3a   59 5  0.0101
 412   12.209  #3a3b3b   59 6  0.0034
 413   12.253  #3b3b3a   59 7  0.0036
 414   12.300  #3b3b3b   60 1  0.0038
 415   12.337  #3b3b3c   60 2  0.0030
 416   12.379  #3c3b3b   60 3  0.0034
 417   12.420  #3c3b3c   60 4  0.0033
 418   12.623  #3b3c3b   60 5  0.0162
 419   12.643  #3b3c3c   60 6  0.0016
 420   12.685  #3c3c3b   60 7  0.0033
 421   12.730  #3c3c3c   61 1  0.0035
 422   12.765  #3c3c3d   61 2  0.0027
 423   12.805  #3d3c3c   61 3  0.0031
 424   12.848  #3d3c3d   61 4  0.0034
 425   13.008  #3c3d3c   61 5  0.0124
 426   13.047  #3c3d3d   61 6  0.0030
 427   13.095  #3d3d3c   61 7  0.0037
 428   13.128  #3d3d3d   62 1  0.0025
 429   13.169  #3d3d3e   62 2  0.0031
 430   13.230  #3e3d3d   62 3  0.0046
 431   13.259  #3e3d3e   62 4  0.0022
 432   13.380  #3d3e3d   62 5  0.0091
 433   13.421  #3d3e3e   62 6  0.0031
 434   13.474  #3e3e3d   62 7  0.0039
 435   13.508  #3e3e3e   63 1  0.0025
 436   13.560  #3e3e3f   63 2  0.0038
 437   13.611  #3f3e3e   63 3  0.0038
 438   13.657  #3f3e3f   63 4  0.0034
 439   13.817  #3e3f3e   63 5  0.0116
 440   13.875  #3e3f3f   63 6  0.0042
 441   13.910  #3f3f3e   63 7  0.0025
 442   13.952  #3f3f3f   64 1  0.0030
 443   14.001  #3f3f40   64 2  0.0035
 444   14.063  #403f3f   64 3  0.0044
 445   14.108  #403f40   64 4  0.0032
 446   14.365  #3f403f   64 5  0.0181
 447   14.413  #3f4040   64 6  0.0033
 448   14.468  #40403f   64 7  0.0038
 449   14.516  #404040   65 1  0.0033
 450   14.560  #404041   65 2  0.0030
 451   14.599  #414040   65 3  0.0027
 452   14.646  #414041   65 4  0.0032
 453   14.824  #404140   65 5  0.0121
 454   14.855  #404141   65 6  0.0021
 455   14.896  #414140   65 7  0.0028
 456   14.938  #414141   66 1  0.0028
 457   14.971  #414142   66 2  0.0022
 458   15.019  #424141   66 3  0.0032
 459   15.081  #424142   66 4  0.0041
 460   15.226  #414241   66 5  0.0096
 461   15.278  #414242   66 6  0.0034
 462   15.332  #424241   66 7  0.0035
 463   15.362  #424242   67 1  0.0020
 464   15.402  #424243   67 2  0.0026
 465   15.456  #434242   67 3  0.0035
 466   15.496  #434243   67 4  0.0026
 467   15.678  #424342   67 5  0.0117
 468   15.732  #424343   67 6  0.0034
 469   15.775  #434342   67 7  0.0027
 470   15.816  #434343   68 1  0.0026
 471   15.866  #434344   68 2  0.0032
 472   15.897  #444343   68 3  0.0020
 473   15.929  #444344   68 4  0.0020
 474   16.135  #434443   68 5  0.0128
 475   16.184  #434444   68 6  0.0030
 476   16.231  #444443   68 7  0.0029
 477   16.272  #444444   69 1  0.0025
 478   16.316  #444445   69 2  0.0027
 479   16.352  #454444   69 3  0.0022
 480   16.393  #454445   69 4  0.0025
 481   16.584  #444544   69 5  0.0116
 482   16.620  #444545   69 6  0.0022
 483   16.671  #454544   69 7  0.0031
 484   16.694  #454545   70 1  0.0014
 485   16.742  #454546   70 2  0.0029
 486   16.816  #464545   70 3  0.0044
 487   16.837  #464546   70 4  0.0012
 488   17.009  #454645   70 5  0.0102
 489   17.057  #454646   70 6  0.0028
 490   17.118  #464645   70 7  0.0036
 491   17.149  #464646   71 1  0.0018
 492   17.214  #464647   71 2  0.0038
 493   17.265  #474646   71 3  0.0030
 494   17.306  #474647   71 4  0.0024
 495   17.489  #464746   71 5  0.0105
 496   17.544  #464747   71 6  0.0031
 497   17.584  #474746   71 7  0.0023
 498   17.637  #474747   72 1  0.0030
 499   17.685  #474748   72 2  0.0027
 500   17.736  #484747   72 3  0.0029
 501   17.779  #484748   72 4  0.0024
 502   17.985  #474847   72 5  0.0115
 503   18.016  #474848   72 6  0.0017
 504   18.074  #484847   72 7  0.0032
 505   18.121  #484848   73 1  0.0026
 506   18.175  #484849   73 2  0.0030
 507   18.222  #494848   73 3  0.0026
 508   18.274  #494849   73 4  0.0028
 509   18.450  #484948   73 5  0.0096
 510   18.492  #484949   73 6  0.0023
 511   18.534  #494948   73 7  0.0023
 512   18.573  #494949   74 1  0.0021
 513   18.619  #49494a   74 2  0.0025
 514   18.670  #4a4949   74 3  0.0027
 515   18.724  #4a494a   74 4  0.0029
 516   18.911  #494a49   74 5  0.0099
 517   18.968  #494a4a   74 6  0.0030
 518   19.015  #4a4a49   74 7  0.0025
 519   19.060  #4a4a4a   75 1  0.0024
 520   19.110  #4a4a4b   75 2  0.0026
 521   19.172  #4b4a4a   75 3  0.0032
 522   19.217  #4b4a4b   75 4  0.0023
 523   19.422  #4a4b4a   75 5  0.0106
 524   19.476  #4a4b4b   75 6  0.0028
 525   19.538  #4b4b4a   75 7  0.0032
 526   19.583  #4b4b4b   76 1  0.0023
 527   19.632  #4b4b4c   76 2  0.0025
 528   19.676  #4c4b4b   76 3  0.0022
 529   19.732  #4c4b4c   76 4  0.0028
 530   19.960  #4b4c4b   76 5  0.0115
 531   19.990  #4b4c4c   76 6  0.0015
 532   20.043  #4c4c4b   76 7  0.0026
 533   20.092  #4c4c4c   77 1  0.0024
 534   20.140  #4c4c4d   77 2  0.0024
 535   20.185  #4d4c4c   77 3  0.0022
 536   20.228  #4d4c4d   77 4  0.0021
 537   20.447  #4c4d4c   77 5  0.0108
 538   20.476  #4c4d4d   77 6  0.0014
 539   20.521  #4d4d4c   77 7  0.0022
 540   20.573  #4d4d4d   78 1  0.0025
 541   20.627  #4d4d4e   78 2  0.0026
 542   20.671  #4e4d4d   78 3  0.0021
 543   20.715  #4e4d4e   78 4  0.0021
 544   20.918  #4d4e4d   78 5  0.0098
 545   20.964  #4d4e4e   78 6  0.0022
 546   21.031  #4e4e4d   78 7  0.0032
 547   21.073  #4e4e4e   79 1  0.0020
 548   21.127  #4e4e4f   79 2  0.0026
 549   21.191  #4f4e4e   79 3  0.0030
 550   21.241  #4f4e4f   79 4  0.0024
 551   21.435  #4e4f4e   79 5  0.0091
 552   21.496  #4e4f4f   79 6  0.0028
 553   21.553  #4f4f4e   79 7  0.0026
 554   21.605  #4f4f4f   80 1  0.0024
 555   21.648  #4f4f50   80 2  0.0020
 556   21.705  #504f4f   80 3  0.0026
 557   21.756  #504f50   80 4  0.0023
 558   21.983  #4f504f   80 5  0.0104
 559   22.026  #4f5050   80 6  0.0020
 560   22.090  #50504f   80 7  0.0029
 561   22.137  #505050   81 1  0.0021
 562   22.186  #505051   81 2  0.0022
 563   22.225  #515050   81 3  0.0018
 564   22.272  #515051   81 4  0.0021
 565   22.491  #505150   81 5  0.0098
 566   22.526  #505151   81 6  0.0016
 567   22.589  #515150   81 7  0.0028
 568   22.642  #515151   82 1  0.0023
 569   22.681  #515152   82 2  0.0017
 570   22.745  #525151   82 3  0.0028
 571   22.793  #525152   82 4  0.0021
 572   22.995  #515251   82 5  0.0088
 573   23.041  #515252   82 6  0.0020
 574   23.096  #525251   82 7  0.0024
 575   23.151  #525252   83 1  0.0024
 576   23.224  #525253   83 2  0.0031
 577   23.274  #535252   83 3  0.0022
 578   23.323  #535253   83 4  0.0021
 579   23.539  #525352   83 5  0.0092
 580   23.594  #525353   83 6  0.0023
 581   23.636  #535352   83 7  0.0018
 582   23.694  #535353   84 1  0.0025
 583   23.746  #535354   84 2  0.0022
 584   23.818  #545353   84 3  0.0030
 585   23.860  #545354   84 4  0.0018
 586   24.085  #535453   84 5  0.0094
 587   24.147  #535454   84 6  0.0026
 588   24.208  #545453   84 7  0.0025
 589   24.254  #545454   85 1  0.0019
 590   24.296  #545455   85 2  0.0017
 591   24.348  #555454   85 3  0.0021
 592   24.405  #555455   85 4  0.0023
 593   24.624  #545554   85 5  0.0089
 594   24.666  #545555   85 6  0.0017
 595   24.707  #555554   85 7  0.0017
 596   24.764  #555555   86 1  0.0023
 597   24.828  #555556   86 2  0.0026
 598   24.876  #565555   86 3  0.0019
 599   24.939  #565556   86 4  0.0025
 600   25.108  #555655   86 5  0.0068
 601   25.160  #555656   86 6  0.0021
 602   25.232  #565655   86 7  0.0029
 603   25.273  #565656   87 1  0.0016
 604   25.342  #565657   87 2  0.0027
 605   25.379  #575656   87 3  0.0015
 606   25.443  #575657   87 4  0.0025
 607   25.657  #565756   87 5  0.0084
 608   25.714  #565757   87 6  0.0022
 609   25.784  #575756   87 7  0.0027
 610   25.843  #575757   88 1  0.0023
 611   25.898  #575758   88 2  0.0021
 612   25.945  #585757   88 3  0.0018
 613   26.002  #585758   88 4  0.0022
 614   26.221  #575857   88 5  0.0084
 615   26.274  #575858   88 6  0.0020
 616   26.340  #585857   88 7  0.0025
 617   26.389  #585858   89 1  0.0019
 618   26.443  #585859   89 2  0.0020
 619   26.489  #595858   89 3  0.0017
 620   26.549  #595859   89 4  0.0023
 621   26.756  #585958   89 5  0.0078
 622   26.807  #585959   89 6  0.0019
 623   26.852  #595958   89 7  0.0017
 624   26.913  #595959   90 1  0.0023
 625   26.978  #59595a   90 2  0.0024
 626   27.039  #5a5959   90 3  0.0023
 627   27.089  #5a595a   90 4  0.0018
 628   27.303  #595a59   90 5  0.0079
 629   27.340  #595a5a   90 6  0.0014
 630   27.406  #5a5a59   90 7  0.0024
 631   27.467  #5a5a5a   91 1  0.0022
 632   27.524  #5a5a5b   91 2  0.0021
 633   27.578  #5b5a5a   91 3  0.0020
 634   27.641  #5b5a5b   91 4  0.0023
 635   27.832  #5a5b5a   91 5  0.0069
 636   27.891  #5a5b5b   91 6  0.0021
 637   27.955  #5b5b5a   91 7  0.0023
 638   28.004  #5b5b5b   92 1  0.0018
 639   28.054  #5b5b5c   92 2  0.0018
 640   28.127  #5c5b5b   92 3  0.0026
 641   28.170  #5c5b5c   92 4  0.0015
 642   28.419  #5b5c5b   92 5  0.0088
 643   28.489  #5b5c5c   92 6  0.0025
 644   28.524  #5c5c5b   92 7  0.0012
 645   28.588  #5c5c5c   93 1  0.0022
 646   28.648  #5c5c5d   93 2  0.0021
 647   28.697  #5d5c5c   93 3  0.0017
 648   28.754  #5d5c5d   93 4  0.0020
 649   29.004  #5c5d5c   93 5  0.0087
 650   29.057  #5c5d5d   93 6  0.0018
 651   29.119  #5d5d5c   93 7  0.0021
 652   29.170  #5d5d5d   94 1  0.0017
 653   29.234  #5d5d5e   94 2  0.0022
 654   29.279  #5e5d5d   94 3  0.0015
 655   29.330  #5e5d5e   94 4  0.0017
 656   29.532  #5d5e5d   94 5  0.0069
 657   29.602  #5d5e5e   94 6  0.0024
 658   29.690  #5e5e5d   94 7  0.0030
 659   29.736  #5e5e5e   95 1  0.0015
 660   29.795  #5e5e5f   95 2  0.0020
 661   29.860  #5f5e5e   95 3  0.0022
 662   29.919  #5f5e5f   95 4  0.0020
 663   30.148  #5e5f5e   95 5  0.0076
 664   30.204  #5e5f5f   95 6  0.0019
 665   30.270  #5f5f5e   95 7  0.0022
 666   30.320  #5f5f5f   96 1  0.0017
 667   30.388  #5f5f60   96 2  0.0022
 668   30.463  #605f5f   96 3  0.0025
 669   30.510  #605f60   96 4  0.0015
 670   30.753  #5f605f   96 5  0.0079
 671   30.781  #5f6060   96 6  0.0009
 672   30.868  #60605f   96 7  0.0028
 673   30.920  #606060   97 1  0.0017
 674   30.987  #606061   97 2  0.0022
 675   31.054  #616060   97 3  0.0022
 676   31.098  #616061   97 4  0.0014
 677   31.302  #606160   97 5  0.0065
 678   31.369  #606161   97 6  0.0021
 679   31.431  #616160   97 7  0.0020
 680   31.487  #616161   98 1  0.0018
 681   31.535  #616162   98 2  0.0015
 682   31.601  #626161   98 3  0.0021
 683   31.662  #626162   98 4  0.0019
 684   31.879  #616261   98 5  0.0068
 685   31.953  #616262   98 6  0.0023
 686   32.006  #626261   98 7  0.0017
 687   32.062  #626262   99 1  0.0017
 688   32.123  #626263   99 2  0.0019
 689   32.181  #636262   99 3  0.0018
 690   32.235  #636263   99 4  0.0017
 691   32.434  #626362   99 5  0.0062
 692   32.507  #626363   99 6  0.0022
 693   32.556  #636362   99 7  0.0015
 694   32.624  #636363  100 1  0.0021
 695   32.680  #636364  100 2  0.0017
 696   32.757  #646363  100 3  0.0024
 697   32.827  #646364  100 4  0.0021
 698   33.054  #636463  100 5  0.0069
 699   33.117  #636464  100 6  0.0019
 700   33.193  #646463  100 7  0.0023
 701   33.229  #646464  101 1  0.0011
 702   33.286  #646465  101 2  0.0017
 703   33.379  #656464  101 3  0.0028
 704   33.431  #656465  101 4  0.0016
 705   33.673  #646564  101 5  0.0072
 706   33.739  #646565  101 6  0.0020
 707   33.814  #656564  101 7  0.0022
 708   33.858  #656565  102 1  0.0013
 709   33.928  #656566  102 2  0.0021
 710   33.984  #666565  102 3  0.0016
 711   34.037  #666566  102 4  0.0016
 712   34.230  #656665  102 5  0.0057
 713   34.297  #656666  102 6  0.0020
 714   34.383  #666665  102 7  0.0025
 715   34.425  #666666  103 1  0.0012
 716   34.481  #666667  103 2  0.0016
 717   34.545  #676666  103 3  0.0019
 718   34.612  #676667  103 4  0.0019
 719   34.860  #666766  103 5  0.0071
 720   34.908  #666767  103 6  0.0014
 721   34.989  #676766  103 7  0.0023
 722   35.039  #676767  104 1  0.0014
 723   35.125  #676768  104 2  0.0025
 724   35.168  #686767  104 3  0.0012
 725   35.251  #686768  104 4  0.0024
 726   35.472  #676867  104 5  0.0062
 727   35.531  #676868  104 6  0.0017
 728   35.611  #686867  104 7  0.0022
 729   35.675  #686868  105 1  0.0018
 730   35.755  #686869  105 2  0.0022
 731   35.824  #696868  105 3  0.0019
 732   35.899  #696869  105 4  0.0021
 733   36.170  #686968  105 5  0.0075
 734   36.246  #686969  105 6  0.0021
 735   36.312  #696968  105 7  0.0018
 736   36.380  #696969  106 1  0.0019
 737   36.450  #69696a  106 2  0.0019
 738   36.505  #6a6969  106 3  0.0015
 739   36.597  #6a696a  106 4  0.0025
 740   36.826  #696a69  106 5  0.0062
 741   36.890  #696a6a  106 6  0.0017
 742   36.947  #6a6a69  106 7  0.0015
 743   36.996  #6a6a6a  107 1  0.0013
 744   37.083  #6a6a6b  107 2  0.0023
 745   37.154  #6b6a6a  107 3  0.0019
 746   37.223  #6b6a6b  107 4  0.0019
 747   37.439  #6a6b6a  107 5  0.0058
 748   37.502  #6a6b6b  107 6  0.0017
 749   37.570  #6b6b6a  107 7  0.0018
 750   37.638  #6b6b6b  108 1  0.0018
 751   37.693  #6b6b6c  108 2  0.0015
 752   37.773  #6c6b6b  108 3  0.0021
 753   37.836  #6c6b6c  108 4  0.0017
 754   38.082  #6b6c6b  108 5  0.0065
 755   38.158  #6b6c6c  108 6  0.0020
 756   38.230  #6c6c6b  108 7  0.0019
 757   38.285  #6c6c6c  109 1  0.0014
 758   38.367  #6c6c6d  109 2  0.0021
 759   38.433  #6d6c6c  109 3  0.0017
 760   38.485  #6d6c6d  109 4  0.0014
 761   38.764  #6c6d6c  109 5  0.0072
 762   38.835  #6c6d6d  109 6  0.0018
 763   38.905  #6d6d6c  109 7  0.0018
 764   38.961  #6d6d6d  110 1  0.0014
 765   39.012  #6d6d6e  110 2  0.0013
 766   39.094  #6e6d6d  110 3  0.0021
 767   39.172  #6e6d6e  110 4  0.0020
 768   39.415  #6d6e6d  110 5  0.0062
 769   39.489  #6d6e6e  110 6  0.0019
 770   39.537  #6e6e6d  110 7  0.0012
 771   39.596  #6e6e6e  111 1  0.0015
 772   39.670  #6e6e6f  111 2  0.0019
 773   39.733  #6f6e6e  111 3  0.0016
 774   39.814  #6f6e6f  111 4  0.0020
 775   40.043  #6e6f6e  111 5  0.0057
 776   40.121  #6e6f6f  111 6  0.0019
 777   40.189  #6f6f6e  111 7  0.0017
 778   40.248  #6f6f6f  112 1  0.0015
 779   40.313  #6f6f70  112 2  0.0016
 780   40.404  #706f6f  112 3  0.0023
 781   40.445  #706f70  112 4  0.0010
 782   40.713  #6f706f  112 5  0.0066
 783   40.771  #6f7070  112 6  0.0014
 784   40.849  #70706f  112 7  0.0019
 785   40.912  #707070  113 1  0.0015
 786   40.992  #707071  113 2  0.0020
 787   41.050  #717070  113 3  0.0014
 788   41.116  #717071  113 4  0.0016
 789   41.404  #707170  113 5  0.0070
 790   41.453  #707171  113 6  0.0012
 791   41.530  #717170  113 7  0.0019
 792   41.598  #717171  114 1  0.0016
 793   41.656  #717172  114 2  0.0014
 794   41.732  #727171  114 3  0.0018
 795   41.787  #727172  114 4  0.0013
 796   42.036  #717271  114 5  0.0059
 797   42.124  #717272  114 6  0.0021
 798   42.190  #727271  114 7  0.0016
 799   42.251  #727272  115 1  0.0014
 800   42.318  #727273  115 2  0.0016
 801   42.384  #737272  115 3  0.0016
 802   42.459  #737273  115 4  0.0018
 803   42.712  #727372  115 5  0.0059
 804   42.755  #727373  115 6  0.0010
 805   42.844  #737372  115 7  0.0021
 806   42.885  #737373  116 1  0.0010
 807   42.971  #737374  116 2  0.0020
 808   43.053  #747373  116 3  0.0019
 809   43.098  #747374  116 4  0.0010
 810   43.379  #737473  116 5  0.0065
 811   43.433  #737474  116 6  0.0012
 812   43.520  #747473  116 7  0.0020
 813   43.590  #747474  117 1  0.0016
 814   43.656  #747475  117 2  0.0015
 815   43.728  #757474  117 3  0.0016
 816   43.799  #757475  117 4  0.0016
 817   44.093  #747574  117 5  0.0067
 818   44.162  #747575  117 6  0.0016
 819   44.202  #757574  117 7  0.0009
 820   44.289  #757575  118 1  0.0020
 821   44.366  #757576  118 2  0.0017
 822   44.426  #767575  118 3  0.0014
 823   44.483  #767576  118 4  0.0013
 824   44.768  #757675  118 5  0.0064
 825   44.842  #757676  118 6  0.0017
 826   44.943  #767675  118 7  0.0022
 827   45.012  #767676  119 1  0.0015
 828   45.101  #767677  119 2  0.0020
 829   45.168  #777676  119 3  0.0015
 830   45.255  #777677  119 4  0.0019
 831   45.503  #767776  119 5  0.0055
 832   45.596  #767777  119 6  0.0020
 833   45.678  #777776  119 7  0.0018
 834   45.733  #777777  120 1  0.0012
 835   45.792  #777778  120 2  0.0013
 836   45.879  #787777  120 3  0.0019
 837   45.943  #787778  120 4  0.0014
 838   46.208  #777877  120 5  0.0058
 839   46.267  #777878  120 6  0.0013
 840   46.355  #787877  120 7  0.0019
 841   46.428  #787878  121 1  0.0016
 842   46.484  #787879  121 2  0.0012
 843   46.565  #797878  121 3  0.0017
 844   46.610  #797879  121 4  0.0010
 845   46.917  #787978  121 5  0.0066
 846   46.990  #787979  121 6  0.0016
 847   47.059  #797978  121 7  0.0015
 848   47.119  #797979  122 1  0.0013
 849   47.192  #79797a  122 2  0.0015
 850   47.265  #7a7979  122 3  0.0015
 851   47.317  #7a797a  122 4  0.0011
 852   47.583  #797a79  122 5  0.0056
 853   47.654  #797a7a  122 6  0.0015
 854   47.739  #7a7a79  122 7  0.0018
 855   47.802  #7a7a7a  123 1  0.0013
 856   47.882  #7a7a7b  123 2  0.0017
 857   47.940  #7b7a7a  123 3  0.0012
 858   48.010  #7b7a7b  123 4  0.0015
 859   48.261  #7a7b7a  123 5  0.0052
 860   48.354  #7a7b7b  123 6  0.0019
 861   48.438  #7b7b7a  123 7  0.0017
 862   48.498  #7b7b7b  124 1  0.0012
 863   48.552  #7b7b7c  124 2  0.0011
 864   48.647  #7c7b7b  124 3  0.0020
 865   48.687  #7c7b7c  124 4  0.0008
 866   48.991  #7b7c7b  124 5  0.0062
 867   49.073  #7b7c7c  124 6  0.0017
 868   49.135  #7c7c7b  124 7  0.0013
 869   49.201  #7c7c7c  125 1  0.0013
 870   49.257  #7c7c7d  125 2  0.0011
 871   49.330  #7d7c7c  125 3  0.0015
 872   49.406  #7d7c7d  125 4  0.0015
 873   49.697  #7c7d7c  125 5  0.0059
 874   49.771  #7c7d7d  125 6  0.0015
 875   49.840  #7d7d7c  125 7  0.0014
 876   49.906  #7d7d7d  126 1  0.0013
 877   49.994  #7d7d7e  126 2  0.0018
 878   50.060  #7e7d7d  126 3  0.0013
 879   50.145  #7e7d7e  126 4  0.0017
 880   50.398  #7d7e7d  126 5  0.0050
 881   50.466  #7d7e7e  126 6  0.0013
 882   50.537  #7e7e7d  126 7  0.0014
 883   50.595  #7e7e7e  127 1  0.0011
 884   50.680  #7e7e7f  127 2  0.0017
 885   50.736  #7f7e7e  127 3  0.0011
 886   50.830  #7f7e7f  127 4  0.0019
 887   51.089  #7e7f7e  127 5  0.0051
 888   51.152  #7e7f7f  127 6  0.0012
 889   51.215  #7f7f7e  127 7  0.0012
 890   51.303  #7f7f7f  128 1  0.0017
 891   51.372  #7f7f80  128 2  0.0013
 892   51.479  #807f7f  128 3  0.0021
 893   51.575  #807f80  128 4  0.0019
 894   51.903  #7f807f  128 5  0.0063
 895   51.990  #7f8080  128 6  0.0017
 896   52.113  #80807f  128 7  0.0024
 897   52.170  #808080  129 1  0.0011
 898   52.242  #808081  129 2  0.0014
 899   52.316  #818080  129 3  0.0014
 900   52.395  #818081  129 4  0.0015
 901   52.648  #808180  129 5  0.0048
 902   52.728  #808181  129 6  0.0015
 903   52.803  #818180  129 7  0.0014
 904   52.869  #818181  130 1  0.0012
 905   52.969  #818182  130 2  0.0019
 906   53.092  #828181  130 3  0.0023
 907   53.183  #828182  130 4  0.0017
 908   53.420  #818281  130 5  0.0044
 909   53.510  #818282  130 6  0.0017
 910   53.613  #828281  130 7  0.0019
 911   53.718  #828282  131 1  0.0020
 912   53.853  #828283  131 2  0.0025
 913   53.976  #838282  131 3  0.0023
 914   54.091  #838283  131 4  0.0021
 915   54.394  #828382  131 5  0.0056
 916   54.486  #828383  131 6  0.0017
 917   54.596  #838382  131 7  0.0020
 918   54.683  #838383  132 1  0.0016
 919   54.781  #838384  132 2  0.0018
 920   54.878  #848383  132 3  0.0018
 921   54.982  #848384  132 4  0.0019
 922   55.363  #838483  132 5  0.0069
 923   55.438  #838484  132 6  0.0014
 924   55.566  #848483  132 7  0.0023
 925   55.647  #848484  133 1  0.0015
 926   55.754  #848485  133 2  0.0019
 927   55.829  #858484  133 3  0.0013
 928   55.899  #858485  133 4  0.0013
 929   56.283  #848584  133 5  0.0068
 930   56.378  #848585  133 6  0.0017
 931   56.461  #858584  133 7  0.0015
 932   56.557  #858585  134 1  0.0017
 933   56.645  #858586  134 2  0.0016
 934   56.738  #868585  134 3  0.0016
 935   56.835  #868586  134 4  0.0017
 936   57.169  #858685  134 5  0.0059
 937   57.261  #858686  134 6  0.0016
 938   57.340  #868685  134 7  0.0014
 939   57.465  #868686  135 1  0.0022
 940   57.573  #868687  135 2  0.0019
 941   57.653  #878686  135 3  0.0014
 942   57.746  #878687  135 4  0.0016
 943   58.095  #868786  135 5  0.0060
 944   58.182  #868787  135 6  0.0015
 945   58.301  #878786  135 7  0.0020
 946   58.397  #878787  136 1  0.0016
 947   58.479  #878788  136 2  0.0014
 948   58.581  #888787  136 3  0.0017
 949   58.670  #888788  136 4  0.0015
 950   59.042  #878887  136 5  0.0063
 951   59.133  #878888  136 6  0.0015
 952   59.238  #888887  136 7  0.0018
 953   59.321  #888888  137 1  0.0014
 954   59.416  #888889  137 2  0.0016
 955   59.496  #898888  137 3  0.0013
 956   59.599  #898889  137 4  0.0017
 957   59.970  #888988  137 5  0.0062
 958   60.072  #888989  137 6  0.0017
 959   60.184  #898988  137 7  0.0019
 960   60.243  #898989  138 1  0.0010
 961   60.362  #89898a  138 2  0.0020
 962   60.438  #8a8989  138 3  0.0013
 963   60.550  #8a898a  138 4  0.0019
 964   60.869  #898a89  138 5  0.0053
 965   60.979  #898a8a  138 6  0.0018
 966   61.056  #8a8a89  138 7  0.0013
 967   61.158  #8a8a8a  139 1  0.0017
 968   61.279  #8a8a8b  139 2  0.0020
 969   61.377  #8b8a8a  139 3  0.0016
 970   61.488  #8b8a8b  139 4  0.0018
 971   61.785  #8a8b8a  139 5  0.0048
 972   61.879  #8a8b8b  139 6  0.0015
 973   61.992  #8b8b8a  139 7  0.0018
 974   62.075  #8b8b8b  140 1  0.0013
 975   62.178  #8b8b8c  140 2  0.0017
 976   62.290  #8c8b8b  140 3  0.0018
 977   62.362  #8c8b8c  140 4  0.0012
 978   62.861  #8b8c8b  140 5  0.0080
 979   62.933  #8b8c8c  140 6  0.0011
 980   63.068  #8c8c8b  140 7  0.0021
 981   63.149  #8c8c8c  141 1  0.0013
 982   63.254  #8c8c8d  141 2  0.0017
 983   63.342  #8d8c8c  141 3  0.0014
 984   63.443  #8d8c8d  141 4  0.0016
 985   63.831  #8c8d8c  141 5  0.0061
 986   63.927  #8c8d8d  141 6  0.0015
 987   64.019  #8d8d8c  141 7  0.0014
 988   64.102  #8d8d8d  142 1  0.0013
 989   64.206  #8d8d8e  142 2  0.0016
 990   64.296  #8e8d8d  142 3  0.0014
 991   64.401  #8e8d8e  142 4  0.0016
 992   64.764  #8d8e8d  142 5  0.0056
 993   64.877  #8d8e8e  142 6  0.0017
 994   64.971  #8e8e8d  142 7  0.0014
 995   65.038  #8e8e8e  143 1  0.0010
 996   65.147  #8e8e8f  143 2  0.0017
 997   65.278  #8f8e8e  143 3  0.0020
 998   65.370  #8f8e8f  143 4  0.0014
 999   65.726  #8e8f8e  143 5  0.0054
1000   65.836  #8e8f8f  143 6  0.0017
1001   65.948  #8f8f8e  143 7  0.0017
1002   66.052  #8f8f8f  144 1  0.0016
1003   66.112  #8f8f90  144 2  0.0009
1004   66.214  #908f8f  144 3  0.0015
1005   66.339  #908f90  144 4  0.0019
1006   66.666  #8f908f  144 5  0.0049
1007   66.766  #8f9090  144 6  0.0015
1008   66.859  #90908f  144 7  0.0014
1009   66.951  #909090  145 1  0.0014
1010   67.046  #909091  145 2  0.0014
1011   67.144  #919090  145 3  0.0015
1012   67.229  #919091  145 4  0.0013
1013   67.625  #909190  145 5  0.0059
1014   67.709  #909191  145 6  0.0012
1015   67.809  #919190  145 7  0.0015
1016   67.905  #919191  146 1  0.0014
1017   68.001  #919192  146 2  0.0014
1018   68.104  #929191  146 3  0.0015
1019   68.213  #929192  146 4  0.0016
1020   68.583  #919291  146 5  0.0054
1021   68.662  #919292  146 6  0.0012
1022   68.757  #929291  146 7  0.0014
1023   68.857  #929292  147 1  0.0015
1024   68.987  #929293  147 2  0.0019
1025   69.087  #939292  147 3  0.0014
1026   69.178  #939293  147 4  0.0013
1027   69.502  #929392  147 5  0.0047
1028   69.586  #929393  147 6  0.0012
1029   69.711  #939392  147 7  0.0018
1030   69.832  #939393  148 1  0.0017
1031   69.925  #939394  148 2  0.0013
1032   70.020  #949393  148 3  0.0014
1033   70.105  #949394  148 4  0.0012
1034   70.507  #939493  148 5  0.0057
1035   70.587  #939494  148 6  0.0011
1036   70.696  #949493  148 7  0.0015
1037   70.788  #949494  149 1  0.0013
1038   70.897  #949495  149 2  0.0015
1039   71.005  #959494  149 3  0.0015
1040   71.103  #959495  149 4  0.0014
1041   71.546  #949594  149 5  0.0062
1042   71.637  #949595  149 6  0.0013
1043   71.726  #959594  149 7  0.0012
1044   71.825  #959595  150 1  0.0014
1045   71.941  #959596  150 2  0.0016
1046   72.031  #969595  150 3  0.0013
1047   72.131  #969596  150 4  0.0014
1048   72.570  #959695  150 5  0.0061
1049   72.649  #959696  150 6  0.0011
1050   72.798  #969695  150 7  0.0020
1051   72.874  #969696  151 1  0.0010
1052   72.976  #969697  151 2  0.0014
1053   73.086  #979696  151 3  0.0015
1054   73.195  #979697  151 4  0.0015
1055   73.563  #969796  151 5  0.0050
1056   73.665  #969797  151 6  0.0014
1057   73.778  #979796  151 7  0.0015
1058   73.873  #979797  152 1  0.0013
1059   73.971  #979798  152 2  0.0013
1060   74.098  #989797  152 3  0.0017
1061   74.157  #989798  152 4  0.0008
1062   74.555  #979897  152 5  0.0054
1063   74.669  #979898  152 6  0.0015
1064   74.792  #989897  152 7  0.0016
1065   74.865  #989898  153 1  0.0010
1066   74.988  #989899  153 2  0.0016
1067   75.076  #999898  153 3  0.0012
1068   75.206  #999899  153 4  0.0017
1069   75.608  #989998  153 5  0.0053
1070   75.690  #989999  153 6  0.0011
1071   75.817  #999998  153 7  0.0017
1072   75.898  #999999  154 1  0.0011
1073   76.024  #99999a  154 2  0.0017
1074   76.100  #9a9999  154 3  0.0010
1075   76.215  #9a999a  154 4  0.0015
1076   76.643  #999a99  154 5  0.0056
1077   76.739  #999a9a  154 6  0.0013
1078   76.859  #9a9a99  154 7  0.0016
1079   76.986  #9a9a9a  155 1  0.0017
1080   77.059  #9a9a9b  155 2  0.0009
1081   77.191  #9b9a9a  155 3  0.0017
1082   77.277  #9b9a9b  155 4  0.0011
1083   77.659  #9a9b9a  155 5  0.0049
1084   77.783  #9a9b9b  155 6  0.0016
1085   77.877  #9b9b9a  155 7  0.0012
1086   77.985  #9b9b9b  156 1  0.0014
1087   78.075  #9b9b9c  156 2  0.0012
1088   78.206  #9c9b9b  156 3  0.0017
1089   78.316  #9c9b9c  156 4  0.0014
1090   78.731  #9b9c9b  156 5  0.0053
1091   78.832  #9b9c9c  156 6  0.0013
1092   78.905  #9c9c9b  156 7  0.0009
1093   79.018  #9c9c9c  157 1  0.0014
1094   79.121  #9c9c9d  157 2  0.0013
1095   79.229  #9d9c9c  157 3  0.0014
1096   79.341  #9d9c9d  157 4  0.0014
1097   79.770  #9c9d9c  157 5  0.0054
1098   79.897  #9c9d9d  157 6  0.0016
1099   79.982  #9d9d9c  157 7  0.0011
1100   80.104  #9d9d9d  158 1  0.0015
1101   80.197  #9d9d9e  158 2  0.0012
1102   80.321  #9e9d9d  158 3  0.0015
1103   80.415  #9e9d9e  158 4  0.0012
1104   80.908  #9d9e9d  158 5  0.0061
1105   81.050  #9d9e9e  158 6  0.0018
1106   81.146  #9e9e9d  158 7  0.0012
1107   81.233  #9e9e9e  159 1  0.0011
1108   81.377  #9e9e9f  159 2  0.0018
1109   81.501  #9f9e9e  159 3  0.0015
1110   81.591  #9f9e9f  159 4  0.0011
1111   81.975  #9e9f9e  159 5  0.0047
1112   82.108  #9e9f9f  159 6  0.0016
1113   82.216  #9f9f9e  159 7  0.0013
1114   82.308  #9f9f9f  160 1  0.0011
1115   82.396  #9f9fa0  160 2  0.0011
1116   82.545  #a09f9f  160 3  0.0018
1117   82.660  #a09fa0  160 4  0.0014
1118   83.034  #9fa09f  160 5  0.0045
1119   83.152  #9fa0a0  160 6  0.0014
1120   83.275  #a0a09f  160 7  0.0015
1121   83.379  #a0a0a0  161 1  0.0012
1122   83.479  #a0a0a1  161 2  0.0012
1123   83.597  #a1a0a0  161 3  0.0014
1124   83.678  #a1a0a1  161 4  0.0010
1125   84.138  #a0a1a0  161 5  0.0055
1126   84.234  #a0a1a1  161 6  0.0011
1127   84.395  #a1a1a0  161 7  0.0019
1128   84.494  #a1a1a1  162 1  0.0012
1129   84.558  #a1a1a2  162 2  0.0008
1130   84.719  #a2a1a1  162 3  0.0019
1131   84.810  #a2a1a2  162 4  0.0011
1132   85.247  #a1a2a1  162 5  0.0051
1133   85.346  #a1a2a2  162 6  0.0012
1134   85.450  #a2a2a1  162 7  0.0012
1135   85.549  #a2a2a2  163 1  0.0012
1136   85.679  #a2a2a3  163 2  0.0015
1137   85.760  #a3a2a2  163 3  0.0009
1138   85.899  #a3a2a3  163 4  0.0016
1139   86.296  #a2a3a2  163 5  0.0046
1140   86.407  #a2a3a3  163 6  0.0013
1141   86.505  #a3a3a2  163 7  0.0011
1142   86.630  #a3a3a3  164 1  0.0014
1143   86.718  #a3a3a4  164 2  0.0010
1144   86.851  #a4a3a3  164 3  0.0015
1145   86.971  #a4a3a4  164 4  0.0014
1146   87.376  #a3a4a3  164 5  0.0046
1147   87.488  #a3a4a4  164 6  0.0013
1148   87.602  #a4a4a3  164 7  0.0013
1149   87.715  #a4a4a4  165 1  0.0013
1150   87.793  #a4a4a5  165 2  0.0009
1151   87.936  #a5a4a4  165 3  0.0016
1152   88.050  #a5a4a5  165 4  0.0013
1153   88.491  #a4a5a4  165 5  0.0050
1154   88.622  #a4a5a5  165 6  0.0015
1155   88.736  #a5a5a4  165 7  0.0013
1156   88.836  #a5a5a5  166 1  0.0011
1157   88.980  #a5a5a6  166 2  0.0016
1158   89.095  #a6a5a5  166 3  0.0013
1159   89.254  #a6a5a6  166 4  0.0018
1160   89.776  #a5a6a5  166 5  0.0058
1161   89.889  #a5a6a6  166 6  0.0013
1162   90.022  #a6a6a5  166 7  0.0015
1163   90.134  #a6a6a6  167 1  0.0012
1164   90.277  #a6a6a7  167 2  0.0016
1165   90.369  #a7a6a6  167 3  0.0010
1166   90.492  #a7a6a7  167 4  0.0014
1167   90.900  #a6a7a6  167 5  0.0045
1168   91.032  #a6a7a7  167 6  0.0015
1169   91.136  #a7a7a6  167 7  0.0011
1170   91.246  #a7a7a7  168 1  0.0012
1171   91.325  #a7a7a8  168 2  0.0009
1172   91.482  #a8a7a7  168 3  0.0017
1173   91.569  #a8a7a8  168 4  0.0010
1174   91.981  #a7a8a7  168 5  0.0045
1175   92.089  #a7a8a8  168 6  0.0012
1176   92.234  #a8a8a7  168 7  0.0016
1177   92.340  #a8a8a8  169 1  0.0011
1178   92.433  #a8a8a9  169 2  0.0010
1179   92.592  #a9a8a8  169 3  0.0017
1180   92.655  #a9a8a9  169 4  0.0007
1181   93.126  #a8a9a8  169 5  0.0051
1182   93.237  #a8a9a9  169 6  0.0012
1183   93.371  #a9a9a8  169 7  0.0014
1184   93.488  #a9a9a9  170 1  0.0013
1185   93.612  #a9a9aa  170 2  0.0013
1186   93.680  #aaa9a9  170 3  0.0007
1187   93.825  #aaa9aa  170 4  0.0015
1188   94.236  #a9aaa9  170 5  0.0044
1189   94.349  #a9aaaa  170 6  0.0012
1190   94.445  #aaaaa9  170 7  0.0010
1191   94.580  #aaaaaa  171 1  0.0014
1192   94.691  #aaaaab  171 2  0.0012
1193   94.775  #abaaaa  171 3  0.0009
1194   94.915  #abaaab  171 4  0.0015
1195   95.308  #aaabaa  171 5  0.0041
1196   95.392  #aaabab  171 6  0.0009
1197   95.531  #ababaa  171 7  0.0015
1198   95.658  #ababab  172 1  0.0013
1199   95.757  #ababac  172 2  0.0010
1200   95.933  #acabab  172 3  0.0018
1201   96.027  #acabac  172 4  0.0010
1202   96.427  #abacab  172 5  0.0042
1203   96.551  #abacac  172 6  0.0013
1204   96.698  #acacab  172 7  0.0015
1205   96.808  #acacac  173 1  0.0011
1206   96.936  #acacad  173 2  0.0013
1207   97.041  #adacac  173 3  0.0011
1208   97.158  #adacad  173 4  0.0012
1209   97.587  #acadac  173 5  0.0044
1210   97.666  #acadad  173 6  0.0008
1211   97.832  #adadac  173 7  0.0017
1212   97.943  #adadad  174 1  0.0011
1213   98.078  #adadae  174 2  0.0014
1214   98.185  #aeadad  174 3  0.0011
1215   98.332  #aeadae  174 4  0.0015
1216   98.817  #adaead  174 5  0.0049
1217   98.943  #adaeae  174 6  0.0013
1218   99.065  #aeaead  174 7  0.0012
1219   99.173  #aeaeae  175 1  0.0011
1220   99.307  #aeaeaf  175 2  0.0014
1221   99.397  #afaeae  175 3  0.0009
1222   99.543  #afaeaf  175 4  0.0015
1223   99.963  #aeafae  175 5  0.0042
1224  100.080  #aeafaf  175 6  0.0012
1225  100.200  #afafae  175 7  0.0012
1226  100.340  #afafaf  176 1  0.0014
1227  100.460  #afafb0  176 2  0.0012
1228  100.600  #b0afaf  176 3  0.0014
1229  100.700  #b0afb0  176 4  0.0010
1230  101.110  #afb0af  176 5  0.0041
1231  101.200  #afb0b0  176 6  0.0009
1232  101.320  #b0b0af  176 7  0.0012
1233  101.460  #b0b0b0  177 1  0.0014
1234  101.570  #b0b0b1  177 2  0.0011
1235  101.720  #b1b0b0  177 3  0.0015
1236  101.810  #b1b0b1  177 4  0.0009
1237  102.260  #b0b1b0  177 5  0.0044
1238  102.350  #b0b1b1  177 6  0.0009
1239  102.510  #b1b1b0  177 7  0.0016
1240  102.610  #b1b1b1  178 1  0.0010
1241  102.740  #b1b1b2  178 2  0.0013
1242  102.850  #b2b1b1  178 3  0.0011
1243  102.970  #b2b1b2  178 4  0.0012
1244  103.420  #b1b2b1  178 5  0.0044
1245  103.550  #b1b2b2  178 6  0.0013
1246  103.640  #b2b2b1  178 7  0.0009
1247  103.790  #b2b2b2  179 1  0.0014
1248  103.910  #b2b2b3  179 2  0.0012
1249  104.030  #b3b2b2  179 3  0.0012
1250  104.170  #b3b2b3  179 4  0.0013
1251  104.580  #b2b3b2  179 5  0.0039
1252  104.680  #b2b3b3  179 6  0.0010
1253  104.840  #b3b3b2  179 7  0.0015
1254  104.940  #b3b3b3  180 1  0.0010
1255  105.060  #b3b3b4  180 2  0.0011
1256  105.220  #b4b3b3  180 3  0.0015
1257  105.340  #b4b3b4  180 4  0.0011
1258  105.780  #b3b4b3  180 5  0.0042
1259  105.940  #b3b4b4  180 6  0.0015
1260  106.050  #b4b4b3  180 7  0.0010
1261  106.200  #b4b4b4  181 1  0.0014
1262  106.290  #b4b4b5  181 2  0.0008
1263  106.440  #b5b4b4  181 3  0.0014
1264  106.580  #b5b4b5  181 4  0.0013
1265  107.030  #b4b5b4  181 5  0.0042
1266  107.170  #b4b5b5  181 6  0.0013
1267  107.330  #b5b5b4  181 7  0.0015
1268  107.480  #b5b5b5  182 1  0.0014
1269  107.640  #b5b5b6  182 2  0.0015
1270  107.750  #b6b5b5  182 3  0.0010
1271  107.860  #b6b5b6  182 4  0.0010
1272  108.320  #b5b6b5  182 5  0.0043
1273  108.450  #b5b6b6  182 6  0.0012
1274  108.580  #b6b6b5  182 7  0.0012
1275  108.690  #b6b6b6  183 1  0.0010
1276  108.820  #b6b6b7  183 2  0.0012
1277  108.990  #b7b6b6  183 3  0.0016
1278  109.100  #b7b6b7  183 4  0.0010
1279  109.570  #b6b7b6  183 5  0.0043
1280  109.700  #b6b7b7  183 6  0.0012
1281  109.870  #b7b7b6  183 7  0.0015
1282  109.970  #b7b7b7  184 1  0.0009
1283  110.100  #b7b7b8  184 2  0.0012
1284  110.230  #b8b7b7  184 3  0.0012
1285  110.370  #b8b7b8  184 4  0.0013
1286  110.780  #b7b8b7  184 5  0.0037
1287  110.920  #b7b8b8  184 6  0.0013
1288  111.080  #b8b8b7  184 7  0.0014
1289  111.160  #b8b8b8  185 1  0.0007
1290  111.300  #b8b8b9  185 2  0.0013
1291  111.470  #b9b8b8  185 3  0.0015
1292  111.600  #b9b8b9  185 4  0.0012
1293  111.990  #b8b9b8  185 5  0.0035
1294  112.110  #b8b9b9  185 6  0.0011
1295  112.290  #b9b9b8  185 7  0.0016
1296  112.410  #b9b9b9  186 1  0.0011
1297  112.530  #b9b9ba  186 2  0.0011
1298  112.670  #bab9b9  186 3  0.0012
1299  112.810  #bab9ba  186 4  0.0012
1300  113.260  #b9bab9  186 5  0.0040
1301  113.360  #b9baba  186 6  0.0009
1302  113.550  #babab9  186 7  0.0017
1303  113.640  #bababa  187 1  0.0008
1304  113.800  #bababb  187 2  0.0014
1305  113.930  #bbbaba  187 3  0.0011
1306  114.080  #bbbabb  187 4  0.0013
1307  114.500  #babbba  187 5  0.0037
1308  114.670  #babbbb  187 6  0.0015
1309  114.770  #bbbbba  187 7  0.0009
1310  114.930  #bbbbbb  188 1  0.0014
1311  115.040  #bbbbbc  188 2  0.0010
1312  115.210  #bcbbbb  188 3  0.0015
1313  115.320  #bcbbbc  188 4  0.0010
1314  115.830  #bbbcbb  188 5  0.0044
1315  115.990  #bbbcbc  188 6  0.0014
1316  116.160  #bcbcbb  188 7  0.0015
1317  116.320  #bcbcbc  189 1  0.0014
1318  116.450  #bcbcbd  189 2  0.0011
1319  116.620  #bdbcbc  189 3  0.0015
1320  116.730  #bdbcbd  189 4  0.0009
1321  117.190  #bcbdbc  189 5  0.0039
1322  117.310  #bcbdbd  189 6  0.0010
1323  117.490  #bdbdbc  189 7  0.0015
1324  117.590  #bdbdbd  190 1  0.0009
1325  117.750  #bdbdbe  190 2  0.0014
1326  117.870  #bebdbd  190 3  0.0010
1327  118.040  #bebdbe  190 4  0.0014
1328  118.500  #bdbebd  190 5  0.0039
1329  118.650  #bdbebe  190 6  0.0013
1330  118.770  #bebebd  190 7  0.0010
1331  118.930  #bebebe  191 1  0.0013
1332  119.080  #bebebf  191 2  0.0013
1333  119.210  #bfbebe  191 3  0.0011
1334  119.360  #bfbebf  191 4  0.0013
1335  119.880  #bebfbe  191 5  0.0043
1336  120.040  #bebfbf  191 6  0.0013
1337  120.160  #bfbfbe  191 7  0.0010
1338  120.310  #bfbfbf  192 1  0.0012
1339  120.500  #bfbfc0  192 2  0.0016
1340  120.680  #c0bfbf  192 3  0.0015
1341  120.840  #c0bfc0  192 4  0.0013
1342  121.490  #bfc0bf  192 5  0.0054
1343  121.650  #bfc0c0  192 6  0.0013
1344  121.850  #c0c0bf  192 7  0.0016
1345  122.020  #c0c0c0  193 1  0.0014
1346  122.150  #c0c0c1  193 2  0.0011
1347  122.310  #c1c0c0  193 3  0.0013
1348  122.430  #c1c0c1  193 4  0.0010
1349  122.980  #c0c1c0  193 5  0.0045
1350  123.100  #c0c1c1  193 6  0.0010
1351  123.280  #c1c1c0  193 7  0.0015
1352  123.400  #c1c1c1  194 1  0.0010
1353  123.560  #c1c1c2  194 2  0.0013
1354  123.700  #c2c1c1  194 3  0.0011
1355  123.820  #c2c1c2  194 4  0.0010
1356  124.440  #c1c2c1  194 5  0.0050
1357  124.620  #c1c2c2  194 6  0.0014
1358  124.770  #c2c2c1  194 7  0.0012
1359  124.930  #c2c2c2  195 1  0.0013
1360  125.100  #c2c2c3  195 2  0.0014
1361  125.280  #c3c2c2  195 3  0.0014
1362  125.440  #c3c2c3  195 4  0.0013
1363  125.990  #c2c3c2  195 5  0.0044
1364  126.140  #c2c3c3  195 6  0.0012
1365  126.280  #c3c3c2  195 7  0.0011
1366  126.440  #c3c3c3  196 1  0.0013
1367  126.600  #c3c3c4  196 2  0.0013
1368  126.730  #c4c3c3  196 3  0.0010
1369  126.870  #c4c3c4  196 4  0.0011
1370  127.420  #c3c4c3  196 5  0.0043
1371  127.550  #c3c4c4  196 6  0.0010
1372  127.700  #c4c4c3  196 7  0.0012
1373  127.840  #c4c4c4  197 1  0.0011
1374  127.990  #c4c4c5  197 2  0.0012
1375  128.100  #c5c4c4  197 3  0.0009
1376  128.310  #c5c4c5  197 4  0.0016
1377  128.830  #c4c5c4  197 5  0.0040
1378  128.980  #c4c5c5  197 6  0.0012
1379  129.160  #c5c5c4  197 7  0.0014
1380  129.290  #c5c5c5  198 1  0.0010
1381  129.450  #c5c5c6  198 2  0.0012
1382  129.600  #c6c5c5  198 3  0.0012
1383  129.750  #c6c5c6  198 4  0.0012
1384  130.370  #c5c6c5  198 5  0.0048
1385  130.510  #c5c6c6  198 6  0.0011
1386  130.650  #c6c6c5  198 7  0.0011
1387  130.820  #c6c6c6  199 1  0.0013
1388  130.950  #c6c6c7  199 2  0.0010
1389  131.150  #c7c6c6  199 3  0.0015
1390  131.310  #c7c6c7  199 4  0.0012
1391  131.850  #c6c7c6  199 5  0.0041
1392  132.000  #c6c7c7  199 6  0.0011
1393  132.170  #c7c7c6  199 7  0.0013
1394  132.290  #c7c7c7  200 1  0.0009
1395  132.470  #c7c7c8  200 2  0.0014
1396  132.620  #c8c7c7  200 3  0.0011
1397  132.760  #c8c7c8  200 4  0.0011
1398  133.340  #c7c8c7  200 5  0.0044
1399  133.520  #c7c8c8  200 6  0.0013
1400  133.680  #c8c8c7  200 7  0.0012
1401  133.820  #c8c8c8  201 1  0.0010
1402  134.040  #c8c8c9  201 2  0.0016
1403  134.190  #c9c8c8  201 3  0.0011
1404  134.350  #c9c8c9  201 4  0.0012
1405  134.970  #c8c9c8  201 5  0.0046
1406  135.120  #c8c9c9  201 6  0.0011
1407  135.290  #c9c9c8  201 7  0.0013
1408  135.430  #c9c9c9  202 1  0.0010
1409  135.590  #c9c9ca  202 2  0.0012
1410  135.770  #cac9c9  202 3  0.0013
1411  135.900  #cac9ca  202 4  0.0010
1412  136.600  #c9cac9  202 5  0.0051
1413  136.710  #c9caca  202 6  0.0008
1414  136.860  #cacac9  202 7  0.0011
1415  137.020  #cacaca  203 1  0.0012
1416  137.220  #cacacb  203 2  0.0015
1417  137.350  #cbcaca  203 3  0.0009
1418  137.540  #cbcacb  203 4  0.0014
1419  138.100  #cacbca  203 5  0.0041
1420  138.250  #cacbcb  203 6  0.0011
1421  138.410  #cbcbca  203 7  0.0012
1422  138.620  #cbcbcb  204 1  0.0015
1423  138.740  #cbcbcc  204 2  0.0009
1424  138.940  #cccbcb  204 3  0.0014
1425  139.070  #cccbcc  204 4  0.0009
1426  139.700  #cbcccb  204 5  0.0045
1427  139.840  #cbcccc  204 6  0.0010
1428  139.990  #cccccb  204 7  0.0011
1429  140.160  #cccccc  205 1  0.0012
1430  140.300  #cccccd  205 2  0.0010
1431  140.500  #cdcccc  205 3  0.0014
1432  140.660  #cdcccd  205 4  0.0011
1433  141.300  #cccdcc  205 5  0.0045
1434  141.390  #cccdcd  205 6  0.0006
1435  141.590  #cdcdcc  205 7  0.0014
1436  141.730  #cdcdcd  206 1  0.0010
1437  141.850  #cdcdce  206 2  0.0008
1438  142.000  #cecdcd  206 3  0.0011
1439  142.180  #cecdce  206 4  0.0013
1440  142.870  #cdcecd  206 5  0.0048
1441  143.010  #cdcece  206 6  0.0010
1442  143.190  #cececd  206 7  0.0013
1443  143.360  #cecece  207 1  0.0012
1444  143.550  #cececf  207 2  0.0013
1445  143.750  #cfcece  207 3  0.0014
1446  143.940  #cfcecf  207 4  0.0013
1447  144.520  #cecfce  207 5  0.0040
1448  144.690  #cecfcf  207 6  0.0012
1449  144.820  #cfcfce  207 7  0.0009
1450  144.990  #cfcfcf  208 1  0.0012
1451  145.160  #cfcfd0  208 2  0.0012
1452  145.330  #d0cfcf  208 3  0.0012
1453  145.510  #d0cfd0  208 4  0.0012
1454  146.160  #cfd0cf  208 5  0.0045
1455  146.320  #cfd0d0  208 6  0.0011
1456  146.490  #d0d0cf  208 7  0.0012
1457  146.670  #d0d0d0  209 1  0.0012
1458  146.850  #d0d0d1  209 2  0.0012
1459  147.010  #d1d0d0  209 3  0.0011
1460  147.150  #d1d0d1  209 4  0.0010
1461  147.780  #d0d1d0  209 5  0.0043
1462  147.930  #d0d1d1  209 6  0.0010
1463  148.140  #d1d1d0  209 7  0.0014
1464  148.300  #d1d1d1  210 1  0.0011
1465  148.480  #d1d1d2  210 2  0.0012
1466  148.640  #d2d1d1  210 3  0.0011
1467  148.860  #d2d1d2  210 4  0.0015
1468  149.540  #d1d2d1  210 5  0.0046
1469  149.680  #d1d2d2  210 6  0.0009
1470  149.850  #d2d2d1  210 7  0.0011
1471  150.050  #d2d2d2  211 1  0.0013
1472  150.250  #d2d2d3  211 2  0.0013
1473  150.420  #d3d2d2  211 3  0.0011
1474  150.630  #d3d2d3  211 4  0.0014
1475  151.230  #d2d3d2  211 5  0.0040
1476  151.430  #d2d3d3  211 6  0.0013
1477  151.590  #d3d3d2  211 7  0.0011
1478  151.790  #d3d3d3  212 1  0.0013
1479  151.970  #d3d3d4  212 2  0.0012
1480  152.090  #d4d3d3  212 3  0.0008
1481  152.260  #d4d3d4  212 4  0.0011
1482  152.910  #d3d4d3  212 5  0.0043
1483  153.120  #d3d4d4  212 6  0.0014
1484  153.270  #d4d4d3  212 7  0.0010
1485  153.450  #d4d4d4  213 1  0.0012
1486  153.620  #d4d4d5  213 2  0.0011
1487  153.810  #d5d4d4  213 3  0.0012
1488  154.020  #d5d4d5  213 4  0.0014
1489  154.600  #d4d5d4  213 5  0.0038
1490  154.750  #d4d5d5  213 6  0.0010
1491  154.920  #d5d5d4  213 7  0.0011
1492  155.090  #d5d5d5  214 1  0.0011
1493  155.270  #d5d5d6  214 2  0.0012
1494  155.460  #d6d5d5  214 3  0.0012
1495  155.620  #d6d5d6  214 4  0.0010
1496  156.360  #d5d6d5  214 5  0.0047
1497  156.570  #d5d6d6  214 6  0.0013
1498  156.730  #d6d6d5  214 7  0.0010
1499  156.940  #d6d6d6  215 1  0.0013
1500  157.100  #d6d6d7  215 2  0.0010
1501  157.300  #d7d6d6  215 3  0.0013
1502  157.500  #d7d6d7  215 4  0.0013
1503  158.110  #d6d7d6  215 5  0.0039
1504  158.300  #d6d7d7  215 6  0.0012
1505  158.470  #d7d7d6  215 7  0.0011
1506  158.680  #d7d7d7  216 1  0.0013
1507  158.840  #d7d7d8  216 2  0.0010
1508  159.030  #d8d7d7  216 3  0.0012
1509  159.220  #d8d7d8  216 4  0.0012
1510  159.770  #d7d8d7  216 5  0.0034
1511  159.960  #d7d8d8  216 6  0.0012
1512  160.110  #d8d8d7  216 7  0.0009
1513  160.290  #d8d8d8  217 1  0.0011
1514  160.450  #d8d8d9  217 2  0.0010
1515  160.730  #d9d8d8  217 3  0.0017
1516  160.920  #d9d8d9  217 4  0.0012
1517  161.590  #d8d9d8  217 5  0.0042
1518  161.750  #d8d9d9  217 6  0.0010
1519  161.960  #d9d9d8  217 7  0.0013
1520  162.150  #d9d9d9  218 1  0.0012
1521  162.320  #d9d9da  218 2  0.0010
1522  162.510  #dad9d9  218 3  0.0012
1523  162.680  #dad9da  218 4  0.0010
1524  163.320  #d9dad9  218 5  0.0039
1525  163.470  #d9dada  218 6  0.0009
1526  163.650  #dadad9  218 7  0.0011
1527  163.850  #dadada  219 1  0.0012
1528  164.050  #dadadb  219 2  0.0012
1529  164.220  #dbdada  219 3  0.0010
1530  164.500  #dbdadb  219 4  0.0017
1531  165.120  #dadbda  219 5  0.0038
1532  165.310  #dadbdb  219 6  0.0012
1533  165.500  #dbdbda  219 7  0.0011
1534  165.680  #dbdbdb  220 1  0.0011
1535  165.890  #dbdbdc  220 2  0.0013
1536  166.100  #dcdbdb  220 3  0.0013
1537  166.230  #dcdbdc  220 4  0.0008
1538  167.090  #dbdcdb  220 5  0.0052
1539  167.440  #dbdcdc  220 6  0.0021
1540  167.680  #dcdcdb  220 7  0.0014
1541  167.960  #dcdcdc  221 1  0.0017
1542  168.250  #dcdcdd  221 2  0.0017
1543  168.470  #dddcdc  221 3  0.0013
1544  168.650  #dddcdd  221 4  0.0011
1545  169.260  #dcdddc  221 5  0.0036
1546  169.490  #dcdddd  221 6  0.0014
1547  169.670  #dddddc  221 7  0.0011
1548  169.880  #dddddd  222 1  0.0012
1549  170.070  #ddddde  222 2  0.0011
1550  170.200  #dedddd  222 3  0.0008
1551  170.410  #deddde  222 4  0.0012
1552  171.200  #dddedd  222 5  0.0046
1553  171.380  #dddede  222 6  0.0011
1554  171.560  #dededd  222 7  0.0010
1555  171.770  #dedede  223 1  0.0012
1556  171.980  #dededf  223 2  0.0012
1557  172.170  #dfdede  223 3  0.0011
1558  172.350  #dfdedf  223 4  0.0010
1559  173.040  #dedfde  223 5  0.0040
1560  173.260  #dedfdf  223 6  0.0013
1561  173.470  #dfdfde  223 7  0.0012
1562  173.670  #dfdfdf  224 1  0.0012
1563  173.850  #dfdfe0  224 2  0.0010
1564  174.070  #e0dfdf  224 3  0.0013
1565  174.240  #e0dfe0  224 4  0.0010
1566  174.860  #dfe0df  224 5  0.0036
1567  175.020  #dfe0e0  224 6  0.0009
1568  175.220  #e0e0df  224 7  0.0011
1569  175.400  #e0e0e0  225 1  0.0010
1570  175.590  #e0e0e1  225 2  0.0011
1571  175.800  #e1e0e0  225 3  0.0012
1572  175.990  #e1e0e1  225 4  0.0011
1573  176.680  #e0e1e0  225 5  0.0039
1574  176.850  #e0e1e1  225 6  0.0010
1575  177.100  #e1e1e0  225 7  0.0014
1576  177.240  #e1e1e1  226 1  0.0008
1577  177.440  #e1e1e2  226 2  0.0011
1578  177.670  #e2e1e1  226 3  0.0013
1579  177.850  #e2e1e2  226 4  0.0010
1580  178.460  #e1e2e1  226 5  0.0034
1581  178.680  #e1e2e2  226 6  0.0012
1582  178.840  #e2e2e1  226 7  0.0009
1583  179.070  #e2e2e2  227 1  0.0013
1584  179.240  #e2e2e3  227 2  0.0009
1585  179.410  #e3e2e2  227 3  0.0009
1586  179.620  #e3e2e3  227 4  0.0012
1587  180.460  #e2e3e2  227 5  0.0047
1588  180.590  #e2e3e3  227 6  0.0007
1589  180.760  #e3e3e2  227 7  0.0009
1590  180.930  #e3e3e3  228 1  0.0009
1591  181.140  #e3e3e4  228 2  0.0012
1592  181.350  #e4e3e3  228 3  0.0012
1593  181.530  #e4e3e4  228 4  0.0010
1594  182.230  #e3e4e3  228 5  0.0038
1595  182.450  #e3e4e4  228 6  0.0012
1596  182.640  #e4e4e3  228 7  0.0010
1597  182.850  #e4e4e4  229 1  0.0011
1598  183.020  #e4e4e5  229 2  0.0009
1599  183.200  #e5e4e4  229 3  0.0010
1600  183.370  #e5e4e5  229 4  0.0009
1601  183.890  #e4e5e4  229 5  0.0028
1602  184.070  #e4e5e5  229 6  0.0010
1603  184.260  #e5e5e4  229 7  0.0010
1604  184.480  #e5e5e5  230 1  0.0012
1605  184.640  #e5e5e6  230 2  0.0009
1606  184.850  #e6e5e5  230 3  0.0011
1607  185.010  #e6e5e6  230 4  0.0009
1608  185.680  #e5e6e5  230 5  0.0036
1609  185.860  #e5e6e6  230 6  0.0010
1610  186.050  #e6e6e5  230 7  0.0010
1611  186.240  #e6e6e6  231 1  0.0010
1612  186.420  #e6e6e7  231 2  0.0010
1613  186.580  #e7e6e6  231 3  0.0009
1614  186.800  #e7e6e7  231 4  0.0012
1615  187.550  #e6e7e6  231 5  0.0040
1616  187.740  #e6e7e7  231 6  0.0010
1617  187.860  #e7e7e6  231 7  0.0006
1618  188.090  #e7e7e7  232 1  0.0012
1619  188.250  #e7e7e8  232 2  0.0009
1620  188.440  #e8e7e7  232 3  0.0010
1621  188.590  #e8e7e8  232 4  0.0008
1622  189.120  #e7e8e7  232 5  0.0028
1623  189.280  #e7e8e8  232 6  0.0008
1624  189.500  #e8e8e7  232 7  0.0012
1625  189.690  #e8e8e8  233 1  0.0010
1626  189.870  #e8e8e9  233 2  0.0009
1627  190.110  #e9e8e8  233 3  0.0013
1628  190.280  #e9e8e9  233 4  0.0009
1629  190.870  #e8e9e8  233 5  0.0031
1630  191.000  #e8e9e9  233 6  0.0007
1631  191.220  #e9e9e8  233 7  0.0012
1632  191.370  #e9e9e9  234 1  0.0008
1633  191.580  #e9e9ea  234 2  0.0011
1634  191.770  #eae9e9  234 3  0.0010
1635  191.950  #eae9ea  234 4  0.0009
1636  192.660  #e9eae9  234 5  0.0037
1637  192.830  #e9eaea  234 6  0.0009
1638  193.030  #eaeae9  234 7  0.0010
1639  193.180  #eaeaea  235 1  0.0008
1640  193.340  #eaeaeb  235 2  0.0008
1641  193.500  #ebeaea  235 3  0.0008
1642  193.720  #ebeaeb  235 4  0.0011
1643  194.490  #eaebea  235 5  0.0040
1644  194.650  #eaebeb  235 6  0.0008
1645  194.820  #ebebea  235 7  0.0009
1646  195.030  #ebebeb  236 1  0.0011
1647  195.250  #ebebec  236 2  0.0011
1648  195.400  #ecebeb  236 3  0.0008
1649  195.580  #ecebec  236 4  0.0009
1650  196.220  #ebeceb  236 5  0.0033
1651  196.380  #ebecec  236 6  0.0008
1652  196.560  #ececeb  236 7  0.0009
1653  196.770  #ececec  237 1  0.0011
1654  196.970  #ececed  237 2  0.0010
1655  197.210  #edecec  237 3  0.0012
1656  197.340  #edeced  237 4  0.0007
1657  197.980  #ecedec  237 5  0.0032
1658  198.140  #eceded  237 6  0.0008
1659  198.390  #ededec  237 7  0.0013
1660  198.550  #ededed  238 1  0.0008
1661  198.710  #ededee  238 2  0.0008
1662  198.860  #eeeded  238 3  0.0008
1663  199.020  #eeedee  238 4  0.0008
1664  199.750  #edeeed  238 5  0.0037
1665  199.890  #edeeee  238 6  0.0007
1666  200.070  #eeeeed  238 7  0.0009
1667  200.260  #eeeeee  239 1  0.0009
1668  200.460  #eeeeef  239 2  0.0010
1669  200.630  #efeeee  239 3  0.0008
1670  200.830  #efeeef  239 4  0.0010
1671  201.540  #eeefee  239 5  0.0035
1672  201.720  #eeefef  239 6  0.0009
1673  201.900  #efefee  239 7  0.0009
1674  202.110  #efefef  240 1  0.0010
1675  202.260  #efeff0  240 2  0.0007
1676  202.480  #f0efef  240 3  0.0011
1677  202.650  #f0eff0  240 4  0.0008
1678  203.270  #eff0ef  240 5  0.0031
1679  203.480  #eff0f0  240 6  0.0010
1680  203.630  #f0f0ef  240 7  0.0007
1681  203.790  #f0f0f0  241 1  0.0008
1682  203.920  #f0f0f1  241 2  0.0006
1683  204.140  #f1f0f0  241 3  0.0011
1684  204.300  #f1f0f1  241 4  0.0008
1685  204.870  #f0f1f0  241 5  0.0028
1686  205.040  #f0f1f1  241 6  0.0008
1687  205.300  #f1f1f0  241 7  0.0013
1688  205.470  #f1f1f1  242 1  0.0008
1689  205.630  #f1f1f2  242 2  0.0008
1690  205.810  #f2f1f1  242 3  0.0009
1691  205.950  #f2f1f2  242 4  0.0007
1692  206.650  #f1f2f1  242 5  0.0034
1693  206.770  #f1f2f2  242 6  0.0006
1694  207.000  #f2f2f1  242 7  0.0011
1695  207.170  #f2f2f2  243 1  0.0008
1696  207.360  #f2f2f3  243 2  0.0009
1697  207.490  #f3f2f2  243 3  0.0006
1698  207.660  #f3f2f3  243 4  0.0008
1699  208.520  #f2f3f2  243 5  0.0041
1700  208.750  #f2f3f3  243 6  0.0011
1701  209.000  #f3f3f2  243 7  0.0012
1702  209.250  #f3f3f3  244 1  0.0012
1703  209.480  #f3f3f4  244 2  0.0011
1704  209.700  #f4f3f3  244 3  0.0010
1705  209.900  #f4f3f4  244 4  0.0010
1706  210.480  #f3f4f3  244 5  0.0028
1707  210.660  #f3f4f4  244 6  0.0009
1708  210.920  #f4f4f3  244 7  0.0012
1709  211.040  #f4f4f4  245 1  0.0006
1710  211.180  #f4f4f5  245 2  0.0007
1711  211.380  #f5f4f4  245 3  0.0009
1712  211.520  #f5f4f5  245 4  0.0007
1713  212.070  #f4f5f4  245 5  0.0026
1714  212.280  #f4f5f5  245 6  0.0010
1715  212.460  #f5f5f4  245 7  0.0008
1716  212.620  #f5f5f5  246 1  0.0008
1717  212.800  #f5f5f6  246 2  0.0008
1718  212.950  #f6f5f5  246 3  0.0007
1719  213.170  #f6f5f6  246 4  0.0010
1720  213.780  #f5f6f5  246 5  0.0029
1721  213.940  #f5f6f6  246 6  0.0007
1722  214.080  #f6f6f5  246 7  0.0007
1723  214.220  #f6f6f6  247 1  0.0007
1724  214.430  #f6f6f7  247 2  0.0010
1725  214.600  #f7f6f6  247 3  0.0008
1726  214.780  #f7f6f7  247 4  0.0008
1727  215.460  #f6f7f6  247 5  0.0032
1728  215.610  #f6f7f7  247 6  0.0007
1729  215.820  #f7f7f6  247 7  0.0010
1730  216.000  #f7f7f7  248 1  0.0008
1731  216.180  #f7f7f8  248 2  0.0008
1732  216.400  #f8f7f7  248 3  0.0010
1733  216.560  #f8f7f8  248 4  0.0007
1734  217.010  #f7f8f7  248 5  0.0021
1735  217.160  #f7f8f8  248 6  0.0007
1736  217.410  #f8f8f7  248 7  0.0012
1737  217.560  #f8f8f8  249 1  0.0007
1738  217.750  #f8f8f9  249 2  0.0009
1739  217.970  #f9f8f8  249 3  0.0010
1740  218.130  #f9f8f9  249 4  0.0007
1741  218.710  #f8f9f8  249 5  0.0027
1742  218.860  #f8f9f9  249 6  0.0007
1743  219.060  #f9f9f8  249 7  0.0009
1744  219.220  #f9f9f9  250 1  0.0007
1745  219.390  #f9f9fa  250 2  0.0008
1746  219.530  #faf9f9  250 3  0.0006
1747  219.710  #faf9fa  250 4  0.0008
1748  220.440  #f9faf9  250 5  0.0033
1749  220.640  #f9fafa  250 6  0.0009
1750  220.730  #fafaf9  250 7  0.0004
1751  220.950  #fafafa  251 1  0.0010
1752  221.140  #fafafb  251 2  0.0009
1753  221.330  #fbfafa  251 3  0.0009
1754  221.500  #fbfafb  251 4  0.0008
1755  222.180  #fafbfa  251 5  0.0031
1756  222.390  #fafbfb  251 6  0.0009
1757  222.570  #fbfbfa  251 7  0.0008
1758  222.760  #fbfbfb  252 1  0.0009
1759  222.990  #fbfbfc  252 2  0.0010
1760  223.170  #fcfbfb  252 3  0.0008
1761  223.380  #fcfbfc  252 4  0.0009
1762  223.860  #fbfcfb  252 5  0.0021
1763  224.050  #fbfcfc  252 6  0.0008
1764  224.260  #fcfcfb  252 7  0.0009
1765  224.400  #fcfcfc  253 1  0.0006
1766  224.620  #fcfcfd  253 2  0.0010
1767  224.800  #fdfcfc  253 3  0.0008
1768  225.050  #fdfcfd  253 4  0.0011
1769  225.580  #fcfdfc  253 5  0.0024
1770  225.790  #fcfdfd  253 6  0.0009
1771  225.980  #fdfdfc  253 7  0.0008
1772  226.250  #fdfdfd  254 1  0.0012
1773  226.480  #fdfdfe  254 2  0.0010
1774  226.770  #fefdfd  254 3  0.0013
1775  226.910  #fefdfe  254 4  0.0006
1776  227.520  #fdfefd  254 5  0.0027
1777  227.750  #fdfefe  254 6  0.0010
1778  227.980  #fefefd  254 7  0.0010
1779  228.200  #fefefe  255 1  0.0010
1780  228.260  #fefeff  255 2  0.0003
1781  228.300  #fffefe  255 3  0.0002
1782  228.320  #fffeff  255 4  0.0001
1783  228.500  #fefffe  255 5  0.0008
1784  228.550  #feffff  255 6  0.0002
1785  228.620  #fffffe  255 7  0.0003
1786  228.630  #ffffff  256 1  0.0000
