#  lumResponse - average luminance response
#  Display ID: GENERIC
#  4 files
#    86.2000 #ff0000
#   285.2500 #00ff00
#    40.3250 #0000ff
   1      0.4718  #000000    1   1 
   2      0.4723  #000001    1   2    0.00106
   3      0.4728  #010000    1   3    0.00106
   4      0.4715  #010001    1   4   -0.00265
   5      0.4773  #000100    1   5    0.01212
   6      0.4760  #000101    1   6   -0.00262
   7      0.4768  #010100    1   7    0.00157
   8      0.4775  #010101    2   1    0.00157
   9      0.4775  #010102    2   2    0.00000
  10      0.4775  #020101    2   3    0.00000
  11      0.4775  #020102    2   4    0.00000
  12      0.4783  #010201    2   5    0.00157
  13      0.4788  #010202    2   6    0.00104
  14      0.4798  #020201    2   7    0.00209
  15      0.4805  #020202    3   1    0.00156
  16      0.4803  #020203    3   2   -0.00052
  17      0.4805  #030202    3   3    0.00052
  18      0.4805  #030203    3   4    0.00000
  19      0.4840  #020302    3   5    0.00726
  20      0.4825  #020303    3   6   -0.00310
  21      0.4833  #030302    3   7    0.00155
  22      0.4838  #030303    4   1    0.00103
  23      0.4838  #030304    4   2    0.00000
  24      0.4838  #040303    4   3    0.00000
  25      0.4838  #040304    4   4    0.00000
  26      0.4880  #030403    4   5    0.00875
  27      0.4863  #030404    4   6   -0.00359
  28      0.4870  #040403    4   7    0.00154
  29      0.4880  #040404    5   1    0.00205
  30      0.4880  #040405    5   2    0.00000
  31      0.4878  #050404    5   3   -0.00051
  32      0.4878  #050405    5   4    0.00000
  33      0.4908  #040504    5   5    0.00613
  34      0.4908  #040505    5   6    0.00000
  35      0.4915  #050504    5   7    0.00153
  36      0.4920  #050505    6   1    0.00102
  37      0.4923  #050506    6   2    0.00051
  38      0.4923  #060505    6   3    0.00000
  39      0.4923  #060506    6   4    0.00000
  40      0.4978  #050605    6   5    0.01111
  41      0.4958  #050606    6   6   -0.00403
  42      0.4968  #060605    6   7    0.00202
  43      0.4978  #060606    7   1    0.00201
  44      0.4978  #060607    7   2    0.00000
  45      0.4978  #070606    7   3    0.00000
  46      0.4978  #070607    7   4    0.00000
  47      0.4998  #060706    7   5    0.00401
  48      0.5015  #060707    7   6    0.00350
  49      0.5028  #070706    7   7    0.00249
  50      0.5040  #070707    8   1    0.00248
  51      0.5040  #070708    8   2    0.00000
  52      0.5040  #080707    8   3    0.00000
  53      0.5038  #080708    8   4   -0.00050
  54      0.5115  #070807    8   5    0.01527
  55      0.5085  #070808    8   6   -0.00588
  56      0.5100  #080807    8   7    0.00295
  57      0.5115  #080808    9   1    0.00294
  58      0.5112  #080809    9   2   -0.00049
  59      0.5115  #090808    9   3    0.00049
  60      0.5112  #090809    9   4   -0.00049
  61      0.5198  #080908    9   5    0.01649
  62      0.5162  #080909    9   6   -0.00676
  63      0.5182  #090908    9   7    0.00387
  64      0.5195  #090909   10   1    0.00241
  65      0.5195  #09090a   10   2    0.00000
  66      0.5195  #0a0909   10   3    0.00000
  67      0.5192  #0a090a   10   4   -0.00048
  68      0.5290  #090a09   10   5    0.01860
  69      0.5250  #090a0a   10   6   -0.00759
  70      0.5275  #0a0a09   10   7    0.00475
  71      0.5288  #0a0a0a   11   1    0.00237
  72      0.5290  #0a0a0b   11   2    0.00047
  73      0.5290  #0b0a0a   11   3    0.00000
  74      0.5290  #0b0a0b   11   4    0.00000
  75      0.5390  #0a0b0a   11   5    0.01873
  76      0.5353  #0a0b0b   11   6   -0.00698
  77      0.5373  #0b0b0a   11   7    0.00373
  78      0.5393  #0b0b0b   12   1    0.00372
  79      0.5393  #0b0b0c   12   2    0.00000
  80      0.5393  #0c0b0b   12   3    0.00000
  81      0.5393  #0c0b0c   12   4    0.00000
  82      0.5510  #0b0c0b   12   5    0.02155
  83      0.5465  #0b0c0c   12   6   -0.00820
  84      0.5487  #0c0c0b   12   7    0.00411
  85      0.5513  #0c0c0c   13   1    0.00455
  86      0.5510  #0c0c0d   13   2   -0.00045
  87      0.5513  #0d0c0c   13   3    0.00045
  88      0.5513  #0d0c0d   13   4    0.00000
  89      0.5600  #0c0d0c   13   5    0.01575
  90      0.5587  #0c0d0d   13   6   -0.00223
  91      0.5613  #0d0d0c   13   7    0.00446
  92      0.5633  #0d0d0d   14   1    0.00356
  93      0.5633  #0d0d0e   14   2    0.00000
  94      0.5633  #0e0d0d   14   3    0.00000
  95      0.5635  #0e0d0e   14   4    0.00044
  96      0.5780  #0d0e0d   14   5    0.02541
  97      0.5715  #0d0e0e   14   6   -0.01131
  98      0.5753  #0e0e0d   14   7    0.00654
  99      0.5777  #0e0e0e   15   1    0.00434
 100      0.5777  #0e0e0f   15   2    0.00000
 101      0.5780  #0f0e0e   15   3    0.00043
 102      0.5777  #0f0e0f   15   4   -0.00043
 103      0.5817  #0e0f0e   15   5    0.00690
 104      0.5860  #0e0f0f   15   6    0.00728
 105      0.5895  #0f0f0e   15   7    0.00595
 106      0.5925  #0f0f0f   16   1    0.00508
 107      0.5925  #0f0f10   16   2    0.00000
 108      0.5925  #100f0f   16   3    0.00000
 109      0.5925  #100f10   16   4    0.00000
 110      0.6082  #0f100f   16   5    0.02623
 111      0.6018  #0f1010   16   6   -0.01074
 112      0.6055  #10100f   16   7    0.00621
 113      0.6085  #101010   17   1    0.00494
 114      0.6085  #101011   17   2    0.00000
 115      0.6085  #111010   17   3    0.00000
 116      0.6085  #111011   17   4    0.00000
 117      0.6258  #101110   17   5    0.02795
 118      0.6188  #101111   17   6   -0.01125
 119      0.6225  #111110   17   7    0.00604
 120      0.6258  #111111   18   1    0.00521
 121      0.6258  #111112   18   2    0.00000
 122      0.6258  #121111   18   3    0.00000
 123      0.6255  #121112   18   4   -0.00040
 124      0.6392  #111211   18   5    0.02174
 125      0.6368  #111212   18   6   -0.00392
 126      0.6410  #121211   18   7    0.00665
 127      0.6445  #121212   19   1    0.00545
 128      0.6442  #121213   19   2   -0.00039
 129      0.6442  #131212   19   3    0.00000
 130      0.6442  #131213   19   4    0.00000
 131      0.6640  #121312   19   5    0.03019
 132      0.6560  #121313   19   6   -0.01212
 133      0.6605  #131312   19   7    0.00684
 134      0.6643  #131313   20   1    0.00566
 135      0.6643  #131314   20   2    0.00000
 136      0.6645  #141313   20   3    0.00038
 137      0.6640  #141314   20   4   -0.00075
 138      0.6697  #131413   20   5    0.00862
 139      0.6770  #131414   20   6    0.01077
 140      0.6823  #141413   20   7    0.00772
 141      0.6865  #141414   21   1    0.00621
 142      0.6865  #141415   21   2    0.00000
 143      0.6863  #151414   21   3   -0.00036
 144      0.6865  #151415   21   4    0.00036
 145      0.7093  #141514   21   5    0.03260
 146      0.6987  #141515   21   6   -0.01491
 147      0.7050  #151514   21   7    0.00890
 148      0.7093  #151515   22   1    0.00601
 149      0.7090  #151516   22   2   -0.00035
 150      0.7093  #161515   22   3    0.00035
 151      0.7090  #161516   22   4   -0.00035
 152      0.7325  #151615   22   5    0.03260
 153      0.7230  #151616   22   6   -0.01305
 154      0.7285  #161615   22   7    0.00758
 155      0.7330  #161616   23   1    0.00616
 156      0.7332  #161617   23   2    0.00034
 157      0.7332  #171616   23   3    0.00000
 158      0.7332  #171617   23   4    0.00000
 159      0.7525  #161716   23   5    0.02591
 160      0.7485  #161717   23   6   -0.00533
 161      0.7542  #171716   23   7    0.00765
 162      0.7592  #171717   24   1    0.00661
 163      0.7595  #171718   24   2    0.00033
 164      0.7592  #181717   24   3   -0.00033
 165      0.7595  #181718   24   4    0.00033
 166      0.7865  #171817   24   5    0.03493
 167      0.7752  #171818   24   6   -0.01441
 168      0.7820  #181817   24   7    0.00867
 169      0.7870  #181818   25   1    0.00637
 170      0.7870  #181819   25   2    0.00000
 171      0.7867  #191818   25   3   -0.00032
 172      0.7870  #191819   25   4    0.00032
 173      0.7945  #181918   25   5    0.00948
 174      0.8037  #181919   25   6    0.01158
 175      0.8115  #191918   25   7    0.00960
 176      0.8163  #191919   26   1    0.00584
 177      0.8163  #19191a   26   2    0.00000
 178      0.8163  #1a1919   26   3    0.00000
 179      0.8160  #1a191a   26   4   -0.00031
 180      0.8492  #191a19   26   5    0.03993
 181      0.8347  #191a1a   26   6   -0.01722
 182      0.8435  #1a1a19   26   7    0.01043
 183      0.8492  #1a1a1a   27   1    0.00679
 184      0.8492  #1a1a1b   27   2    0.00000
 185      0.8492  #1b1a1a   27   3    0.00000
 186      0.8495  #1b1a1b   27   4    0.00029
 187      0.8830  #1a1b1a   27   5    0.03867
 188      0.8675  #1a1b1b   27   6   -0.01771
 189      0.8778  #1b1b1a   27   7    0.01175
 190      0.8832  #1b1b1b   28   1    0.00625
 191      0.8832  #1b1b1c   28   2    0.00000
 192      0.8832  #1c1b1b   28   3    0.00000
 193      0.8832  #1c1b1c   28   4    0.00000
 194      0.9187  #1b1c1b   28   5    0.03940
 195      0.9038  #1b1c1c   28   6   -0.01646
 196      0.9130  #1c1c1b   28   7    0.01018
 197      0.9190  #1c1c1c   29   1    0.00655
 198      0.9190  #1c1c1d   29   2    0.00000
 199      0.9190  #1d1c1c   29   3    0.00000
 200      0.9190  #1d1c1d   29   4    0.00000
 201      0.9583  #1c1d1c   29   5    0.04182
 202      0.9415  #1c1d1d   29   6   -0.01763
 203      0.9513  #1d1d1c   29   7    0.01030
 204      0.9583  #1d1d1d   30   1    0.00733
 205      0.9585  #1d1d1e   30   2    0.00026
 206      0.9583  #1e1d1d   30   3   -0.00026
 207      0.9585  #1e1d1e   30   4    0.00026
 208      0.9992  #1d1e1d   30   5    0.04163
 209      0.9812  #1d1e1e   30   6   -0.01818
 210      0.9922  #1e1e1d   30   7    0.01115
 211      1.0000  #1e1e1e   31   1    0.00778
 212      0.9998  #1e1e1f   31   2   -0.00025
 213      1.0000  #1f1e1e   31   3    0.00025
 214      1.0003  #1f1e1f   31   4    0.00025
 215      1.0458  #1e1f1e   31   5    0.04448
 216      1.0253  #1e1f1f   31   6   -0.01980
 217      1.0385  #1f1f1e   31   7    0.01284
 218      1.0460  #1f1f1f   32   1    0.00720
 219      1.0460  #1f1f20   32   2    0.00000
 220      1.0460  #201f1f   32   3    0.00000
 221      1.0460  #201f20   32   4    0.00000
 222      1.0933  #1f201f   32   5    0.04417
 223      1.0713  #1f2020   32   6   -0.02033
 224      1.0853  #20201f   32   7    0.01298
 225      1.0933  #202020   33   1    0.00734
 226      1.0933  #202021   33   2    0.00000
 227      1.0933  #212020   33   3    0.00000
 228      1.0935  #212021   33   4    0.00023
 229      1.1450  #202120   33   5    0.04601
 230      1.1230  #202121   33   6   -0.01940
 231      1.1370  #212120   33   7    0.01239
 232      1.1453  #212121   34   1    0.00723
 233      1.1455  #212122   34   2    0.00022
 234      1.1455  #222121   34   3    0.00000
 235      1.1453  #222122   34   4   -0.00022
 236      1.1995  #212221   34   5    0.04627
 237      1.1760  #212222   34   6   -0.01979
 238      1.1910  #222221   34   7    0.01267
 239      1.1995  #222222   35   1    0.00711
 240      1.1998  #222223   35   2    0.00021
 241      1.1998  #232222   35   3    0.00000
 242      1.1998  #232223   35   4    0.00000
 243      1.2600  #222322   35   5    0.04899
 244      1.2335  #222323   35   6   -0.02126
 245      1.2505  #232322   35   7    0.01369
 246      1.2605  #232323   36   1    0.00796
 247      1.2608  #232324   36   2    0.00020
 248      1.2605  #242323   36   3   -0.00020
 249      1.2608  #242324   36   4    0.00020
 250      1.3070  #232423   36   5    0.03602
 251      1.2945  #232424   36   6   -0.00961
 252      1.3140  #242423   36   7    0.01495
 253      1.3242  #242424   37   1    0.00777
 254      1.3242  #242425   37   2    0.00000
 255      1.3240  #252424   37   3   -0.00019
 256      1.3238  #252425   37   4   -0.00019
 257      1.3965  #242524   37   5    0.05349
 258      1.3625  #242525   37   6   -0.02465
 259      1.3870  #252524   37   7    0.01782
 260      1.3975  #252525   38   1    0.00754
 261      1.3975  #252526   38   2    0.00000
 262      1.3980  #262525   38   3    0.00036
 263      1.3978  #262526   38   4   -0.00018
 264      1.4172  #252625   38   5    0.01385
 265      1.4360  #252626   38   6    0.01314
 266      1.4620  #262625   38   7    0.01794
 267      1.4743  #262626   39   1    0.00834
 268      1.4745  #262627   39   2    0.00017
 269      1.4748  #272626   39   3    0.00017
 270      1.4748  #272627   39   4    0.00000
 271      1.5573  #262726   39   5    0.05442
 272      1.5208  #262727   39   6   -0.02372
 273      1.5465  #272726   39   7    0.01679
 274      1.5573  #272727   40   1    0.00693
 275      1.5573  #272728   40   2    0.00000
 276      1.5575  #282727   40   3    0.00016
 277      1.5575  #282728   40   4    0.00000
 278      1.6425  #272827   40   5    0.05312
 279      1.6030  #272828   40   6   -0.02434
 280      1.6300  #282827   40   7    0.01670
 281      1.6475  #282828   41   1    0.01068
 282      1.6475  #282829   41   2    0.00000
 283      1.6475  #292828   41   3    0.00000
 284      1.6475  #292829   41   4    0.00000
 285      1.7200  #282928   41   5    0.04306
 286      1.7000  #282929   41   6   -0.01170
 287      1.7325  #292928   41   7    0.01894
 288      1.7475  #292929   42   1    0.00862
 289      1.7475  #29292a   42   2    0.00000
 290      1.7475  #2a2929   42   3    0.00000
 291      1.7475  #2a292a   42   4    0.00000
 292      1.8600  #292a29   42   5    0.06237
 293      1.8050  #292a2a   42   6   -0.03001
 294      1.8450  #2a2a29   42   7    0.02192
 295      1.8625  #2a2a2a   43   1    0.00944
 296      1.8625  #2a2a2b   43   2    0.00000
 297      1.8625  #2b2a2a   43   3    0.00000
 298      1.8625  #2b2a2b   43   4    0.00000
 299      1.8950  #2a2b2a   43   5    0.01730
 300      1.9250  #2a2b2b   43   6    0.01571
 301      1.9700  #2b2b2a   43   7    0.02311
 302      1.9850  #2b2b2b   44   1    0.00759
 303      1.9850  #2b2b2c   44   2    0.00000
 304      1.9875  #2c2b2b   44   3    0.00126
 305      1.9850  #2c2b2c   44   4   -0.00126
 306      2.1275  #2b2c2b   44   5    0.06930
 307      2.0600  #2b2c2c   44   6   -0.03224
 308      2.1100  #2c2c2b   44   7    0.02398
 309      2.1275  #2c2c2c   45   1    0.00826
 310      2.1275  #2c2c2d   45   2    0.00000
 311      2.1275  #2d2c2c   45   3    0.00000
 312      2.1275  #2d2c2d   45   4    0.00000
 313      2.2750  #2c2d2c   45   5    0.06701
 314      2.2050  #2c2d2d   45   6   -0.03125
 315      2.2550  #2d2d2c   45   7    0.02242
 316      2.2775  #2d2d2d   46   1    0.00993
 317      2.2775  #2d2d2e   46   2    0.00000
 318      2.2775  #2e2d2d   46   3    0.00000
 319      2.2775  #2e2d2e   46   4    0.00000
 320      2.3925  #2d2e2d   46   5    0.04925
 321      2.3625  #2d2e2e   46   6   -0.01262
 322      2.4150  #2e2e2d   46   7    0.02198
 323      2.4350  #2e2e2e   47   1    0.00825
 324      2.4350  #2e2e2f   47   2    0.00000
 325      2.4350  #2f2e2e   47   3    0.00000
 326      2.4350  #2f2e2f   47   4    0.00000
 327      2.6125  #2e2f2e   47   5    0.07033
 328      2.5350  #2e2f2f   47   6   -0.03011
 329      2.5825  #2f2f2e   47   7    0.01856
 330      2.6125  #2f2f2f   48   1    0.01155
 331      2.6125  #2f2f30   48   2    0.00000
 332      2.6150  #302f2f   48   3    0.00096
 333      2.6150  #302f30   48   4    0.00000
 334      2.6650  #2f302f   48   5    0.01894
 335      2.7150  #2f3030   48   6    0.01859
 336      2.7750  #30302f   48   7    0.02186
 337      2.8025  #303030   49   1    0.00986
 338      2.8025  #303031   49   2    0.00000
 339      2.8025  #313030   49   3    0.00000
 340      2.8025  #313031   49   4    0.00000
 341      3.0050  #303130   49   5    0.06974
 342      2.9125  #303131   49   6   -0.03126
 343      2.9825  #313130   49   7    0.02375
 344      3.0075  #313131   50   1    0.00835
 345      3.0100  #313132   50   2    0.00083
 346      3.0100  #323131   50   3    0.00000
 347      3.0075  #323132   50   4   -0.00083
 348      3.2300  #313231   50   5    0.07134
 349      3.1250  #313232   50   6   -0.03304
 350      3.2000  #323231   50   7    0.02372
 351      3.2325  #323232   51   1    0.01010
 352      3.2325  #323233   51   2    0.00000
 353      3.2325  #333232   51   3    0.00000
 354      3.2325  #333233   51   4    0.00000
 355      3.4600  #323332   51   5    0.06799
 356      3.3525  #323333   51   6   -0.03156
 357      3.4325  #333332   51   7    0.02358
 358      3.4625  #333333   52   1    0.00870
 359      3.4625  #333334   52   2    0.00000
 360      3.4625  #343333   52   3    0.00000
 361      3.4625  #343334   52   4    0.00000
 362      3.7075  #333433   52   5    0.06834
 363      3.6000  #333434   52   6   -0.02942
 364      3.6725  #343433   52   7    0.01994
 365      3.7100  #343434   53   1    0.01016
 366      3.7125  #343435   53   2    0.00067
 367      3.7125  #353434   53   3    0.00000
 368      3.7125  #353435   53   4    0.00000
 369      3.9700  #343534   53   5    0.06704
 370      3.8550  #343535   53   6   -0.02939
 371      3.9300  #353534   53   7    0.01927
 372      3.9725  #353535   54   1    0.01076
 373      3.9750  #353536   54   2    0.00063
 374      3.9750  #363535   54   3    0.00000
 375      3.9750  #363536   54   4    0.00000
 376      4.1775  #353635   54   5    0.04968
 377      4.1275  #353636   54   6   -0.01204
 378      4.2125  #363635   54   7    0.02038
 379      4.2550  #363636   55   1    0.01004
 380      4.2550  #363637   55   2    0.00000
 381      4.2550  #373636   55   3    0.00000
 382      4.2550  #373637   55   4    0.00000
 383      4.5500  #363736   55   5    0.06701
 384      4.4150  #363737   55   6   -0.03012
 385      4.5100  #373736   55   7    0.02129
 386      4.5550  #373737   56   1    0.00993
 387      4.5550  #373738   56   2    0.00000
 388      4.5550  #383737   56   3    0.00000
 389      4.5575  #383738   56   4    0.00055
 390      4.6325  #373837   56   5    0.01632
 391      4.7225  #373838   56   6    0.01924
 392      4.8300  #383837   56   7    0.02251
 393      4.8750  #383838   57   1    0.00927
 394      4.8750  #383839   57   2    0.00000
 395      4.8750  #393838   57   3    0.00000
 396      4.8750  #393839   57   4    0.00000
 397      5.2100  #383938   57   5    0.06644
 398      5.0575  #383939   57   6   -0.02971
 399      5.1600  #393938   57   7    0.02006
 400      5.2125  #393939   58   1    0.01012
 401      5.2150  #39393a   58   2    0.00048
 402      5.2125  #3a3939   58   3   -0.00048
 403      5.2150  #3a393a   58   4    0.00048
 404      5.5525  #393a39   58   5    0.06269
 405      5.4000  #393a3a   58   6   -0.02785
 406      5.4975  #3a3a39   58   7    0.01789
 407      5.5500  #3a3a3a   59   1    0.00950
 408      5.5500  #3a3a3b   59   2    0.00000
 409      5.5525  #3b3a3a   59   3    0.00045
 410      5.5525  #3b3a3b   59   4    0.00000
 411      5.8200  #3a3b3a   59   5    0.04704
 412      5.7550  #3a3b3b   59   6   -0.01123
 413      5.8575  #3b3b3a   59   7    0.01765
 414      5.9125  #3b3b3b   60   1    0.00935
 415      5.9125  #3b3b3c   60   2    0.00000
 416      5.9125  #3c3b3b   60   3    0.00000
 417      5.9125  #3c3b3c   60   4    0.00000
 418      6.2900  #3b3c3b   60   5    0.06187
 419      6.1275  #3b3c3c   60   6   -0.02617
 420      6.2325  #3c3c3b   60   7    0.01699
 421      6.2950  #3c3c3c   61   1    0.00998
 422      6.2975  #3c3c3d   61   2    0.00040
 423      6.2975  #3d3c3c   61   3    0.00000
 424      6.2975  #3d3c3d   61   4    0.00000
 425      6.4075  #3c3d3c   61   5    0.01732
 426      6.5125  #3c3d3d   61   6    0.01625
 427      6.6325  #3d3d3c   61   7    0.01826
 428      6.6925  #3d3d3d   62   1    0.00901
 429      6.6925  #3d3d3e   62   2    0.00000
 430      6.6925  #3e3d3d   62   3    0.00000
 431      6.6950  #3e3d3e   62   4    0.00037
 432      7.1075  #3d3e3d   62   5    0.05977
 433      6.9700  #3d3e3e   62   6   -0.01953
 434      7.0650  #3e3e3d   62   7    0.01354
 435      7.1100  #3e3e3e   63   1    0.00635
 436      7.0400  #3e3e3f   63   2   -0.00989
 437      7.0575  #3f3e3e   63   3    0.00248
 438      7.1100  #3f3e3f   63   4    0.00741
 439      7.5750  #3e3f3e   63   5    0.06333
 440      7.3575  #3e3f3f   63   6   -0.02913
 441      7.5025  #3f3f3e   63   7    0.01952
 442      7.5775  #3f3f3f   64   1    0.00995
 443      7.5750  #3f3f40   64   2   -0.00033
 444      7.5775  #403f3f   64   3    0.00033
 445      7.5775  #403f40   64   4    0.00000
 446      7.9250  #3f403f   64   5    0.04483
 447      7.9975  #3f4040   64   6    0.00911
 448      8.0325  #40403f   64   7    0.00437
 449      8.0500  #404040   65   1    0.00218
 450      7.8350  #404041   65   2   -0.02707
 451      7.8925  #414040   65   3    0.00731
 452      8.0525  #414041   65   4    0.02007
 453      8.5350  #404140   65   5    0.05818
 454      8.3225  #404141   65   6   -0.02521
 455      8.4650  #414140   65   7    0.01698
 456      8.5375  #414141   66   1    0.00853
 457      8.5400  #414142   66   2    0.00029
 458      8.5425  #424141   66   3    0.00029
 459      8.5425  #424142   66   4    0.00000
 460      8.6700  #414241   66   5    0.01481
 461      8.8300  #414242   66   6    0.01829
 462      8.9800  #424241   66   7    0.01684
 463      9.0550  #424242   67   1    0.00832
 464      9.0550  #424243   67   2    0.00000
 465      9.0550  #434242   67   3    0.00000
 466      9.0550  #434243   67   4    0.00000
 467      9.5900  #424342   67   5    0.05739
 468      9.3600  #424343   67   6   -0.02427
 469      9.5075  #434342   67   7    0.01564
 470      9.5950  #434343   68   1    0.00916
 471      9.5925  #434344   68   2   -0.00026
 472      9.5950  #444343   68   3    0.00026
 473      9.5925  #444344   68   4   -0.00026
 474     10.1350  #434443   68   5    0.05500
 475      9.8900  #434444   68   6   -0.02447
 476     10.0550  #444443   68   7    0.01655
 477     10.1350  #444444   69   1    0.00792
 478     10.1350  #444445   69   2    0.00000
 479     10.1350  #454444   69   3    0.00000
 480     10.1400  #454445   69   4    0.00049
 481     10.5775  #444544   69   5    0.04223
 482     10.4700  #444545   69   6   -0.01021
 483     10.6325  #454544   69   7    0.01540
 484     10.7225  #454545   70   1    0.00843
 485     10.7225  #454546   70   2    0.00000
 486     10.7250  #464545   70   3    0.00023
 487     10.7225  #464546   70   4   -0.00023
 488     11.3300  #454645   70   5    0.05510
 489     11.0525  #454646   70   6   -0.02480
 490     11.2375  #464645   70   7    0.01660
 491     11.3325  #464646   71   1    0.00842
 492     11.3325  #464647   71   2    0.00000
 493     11.3325  #474646   71   3    0.00000
 494     11.3300  #474647   71   4   -0.00022
 495     11.4900  #464746   71   5    0.01402
 496     11.6625  #464747   71   6    0.01490
 497     11.8400  #474746   71   7    0.01510
 498     11.9450  #474747   72   1    0.00883
 499     11.9450  #474748   72   2    0.00000
 500     11.9450  #484747   72   3    0.00000
 501     11.9475  #484748   72   4    0.00021
 502     12.5575  #474847   72   5    0.04979
 503     12.3000  #474848   72   6   -0.02072
 504     12.4600  #484847   72   7    0.01292
 505     12.5625  #484848   73   1    0.00819
 506     12.5650  #484849   73   2    0.00020
 507     12.5650  #494848   73   3    0.00000
 508     12.5650  #494849   73   4    0.00000
 509     13.2075  #484948   73   5    0.04986
 510     12.9400  #484949   73   6   -0.02046
 511     13.1075  #494948   73   7    0.01286
 512     13.2125  #494949   74   1    0.00798
 513     13.2150  #49494a   74   2    0.00019
 514     13.2150  #4a4949   74   3    0.00000
 515     13.2150  #4a494a   74   4    0.00000
 516     13.8450  #494a49   74   5    0.04656
 517     13.5750  #494a4a   74   6   -0.01969
 518     13.7325  #4a4a49   74   7    0.01154
 519     13.8500  #4a4a4a   75   1    0.00852
 520     13.8475  #4a4a4b   75   2   -0.00018
 521     13.8500  #4b4a4a   75   3    0.00018
 522     13.8500  #4b4a4b   75   4    0.00000
 523     14.5200  #4a4b4a   75   5    0.04723
 524     14.2300  #4a4b4b   75   6   -0.02017
 525     14.4100  #4b4b4a   75   7    0.01257
 526     14.5200  #4b4b4b   76   1    0.00760
 527     14.5200  #4b4b4c   76   2    0.00000
 528     14.5200  #4c4b4b   76   3    0.00000
 529     14.5225  #4c4b4c   76   4    0.00017
 530     15.1975  #4b4c4b   76   5    0.04542
 531     14.8975  #4b4c4c   76   6   -0.01994
 532     15.0825  #4c4c4b   76   7    0.01234
 533     15.1975  #4c4c4c   77   1    0.00760
 534     15.2000  #4c4c4d   77   2    0.00016
 535     15.2000  #4d4c4c   77   3    0.00000
 536     15.2050  #4d4c4d   77   4    0.00033
 537     15.7200  #4c4d4c   77   5    0.03331
 538     15.5600  #4c4d4d   77   6   -0.01023
 539     15.7825  #4d4d4c   77   7    0.01420
 540     15.8900  #4d4d4d   78   1    0.00679
 541     15.8900  #4d4d4e   78   2    0.00000
 542     15.8900  #4e4d4d   78   3    0.00000
 543     15.8900  #4e4d4e   78   4    0.00000
 544     16.5800  #4d4e4d   78   5    0.04250
 545     16.2750  #4d4e4e   78   6   -0.01857
 546     16.4725  #4e4e4d   78   7    0.01206
 547     16.5800  #4e4e4e   79   1    0.00650
 548     16.5800  #4e4e4f   79   2    0.00000
 549     16.5800  #4f4e4e   79   3    0.00000
 550     16.5775  #4f4e4f   79   4   -0.00015
 551     16.7800  #4e4f4e   79   5    0.01214
 552     17.0200  #4e4f4f   79   6    0.01420
 553     17.1900  #4f4f4e   79   7    0.00994
 554     17.3450  #4f4f4f   80   1    0.00898
 555     17.3450  #4f4f50   80   2    0.00000
 556     17.3450  #504f4f   80   3    0.00000
 557     17.3450  #504f50   80   4    0.00000
 558     18.0250  #4f504f   80   5    0.03845
 559     17.7250  #4f5050   80   6   -0.01678
 560     17.9250  #50504f   80   7    0.01122
 561     18.0250  #505050   81   1    0.00556
 562     18.0250  #505051   81   2    0.00000
 563     18.0250  #515050   81   3    0.00000
 564     18.0250  #515051   81   4    0.00000
 565     18.8000  #505150   81   5    0.04209
 566     18.5000  #505151   81   6   -0.01609
 567     18.7000  #515150   81   7    0.01075
 568     18.8000  #515151   82   1    0.00533
 569     18.8000  #515152   82   2    0.00000
 570     18.8000  #525151   82   3    0.00000
 571     18.8000  #525152   82   4    0.00000
 572     19.4000  #515251   82   5    0.03141
 573     19.2750  #515252   82   6   -0.00646
 574     19.4500  #525251   82   7    0.00904
 575     19.5750  #525252   83   1    0.00641
 576     19.5750  #525253   83   2    0.00000
 577     19.5750  #535252   83   3    0.00000
 578     19.5750  #535253   83   4    0.00000
 579     20.3750  #525352   83   5    0.04005
 580     20.0250  #525353   83   6   -0.01733
 581     20.2250  #535352   83   7    0.00994
 582     20.4000  #535353   84   1    0.00862
 583     20.4000  #535354   84   2    0.00000
 584     20.4000  #545353   84   3    0.00000
 585     20.4000  #545354   84   4    0.00000
 586     20.6000  #535453   84   5    0.00976
 587     20.8500  #535454   84   6    0.01206
 588     21.0500  #545453   84   7    0.00955
 589     21.2000  #545454   85   1    0.00710
 590     21.2000  #545455   85   2    0.00000
 591     21.2000  #555454   85   3    0.00000
 592     21.2000  #555455   85   4    0.00000
 593     22.0750  #545554   85   5    0.04044
 594     21.6750  #545555   85   6   -0.01829
 595     21.9000  #555554   85   7    0.01033
 596     22.0750  #555555   86   1    0.00796
 597     22.0750  #555556   86   2    0.00000
 598     22.0750  #565555   86   3    0.00000
 599     22.0750  #565556   86   4    0.00000
 600     22.8750  #555655   86   5    0.03560
 601     22.5250  #555656   86   6   -0.01542
 602     22.7500  #565655   86   7    0.00994
 603     22.8750  #565656   87   1    0.00548
 604     22.8750  #565657   87   2    0.00000
 605     22.8750  #575656   87   3    0.00000
 606     22.9000  #575657   87   4    0.00109
 607     23.5750  #565756   87   5    0.02905
 608     23.3000  #565757   87   6   -0.01173
 609     23.4000  #575756   87   7    0.00428
 610     23.5500  #575757   88   1    0.00639
 611     23.5500  #575758   88   2    0.00000
 612     23.5500  #585757   88   3    0.00000
 613     23.5500  #585758   88   4    0.00000
 614     24.4250  #575857   88   5    0.03648
 615     24.0250  #575858   88   6   -0.01651
 616     24.2250  #585857   88   7    0.00829
 617     24.4250  #585858   89   1    0.00822
 618     24.4250  #585859   89   2    0.00000
 619     24.4250  #595858   89   3    0.00000
 620     24.4250  #595859   89   4    0.00000
 621     24.6500  #585958   89   5    0.00917
 622     24.9250  #585959   89   6    0.01109
 623     25.1250  #595958   89   7    0.00799
 624     25.3000  #595959   90   1    0.00694
 625     25.3000  #59595a   90   2    0.00000
 626     25.3000  #5a5959   90   3    0.00000
 627     25.3000  #5a595a   90   4    0.00000
 628     26.2000  #595a59   90   5    0.03495
 629     25.7500  #595a5a   90   6   -0.01732
 630     25.9500  #5a5a59   90   7    0.00774
 631     26.1250  #5a5a5a   91   1    0.00672
 632     26.1250  #5a5a5b   91   2    0.00000
 633     26.1250  #5b5a5a   91   3    0.00000
 634     26.1250  #5b5a5b   91   4    0.00000
 635     27.0500  #5a5b5a   91   5    0.03479
 636     26.6250  #5a5b5b   91   6   -0.01584
 637     26.8500  #5b5b5a   91   7    0.00842
 638     27.0500  #5b5b5b   92   1    0.00742
 639     27.0500  #5b5b5c   92   2    0.00000
 640     27.0500  #5c5b5b   92   3    0.00000
 641     27.0500  #5c5b5c   92   4    0.00000
 642     27.9250  #5b5c5b   92   5    0.03183
 643     27.5500  #5b5c5c   92   6   -0.01352
 644     27.8000  #5c5c5b   92   7    0.00903
 645     27.9250  #5c5c5c   93   1    0.00449
 646     27.9250  #5c5c5d   93   2    0.00000
 647     27.9500  #5d5c5c   93   3    0.00089
 648     27.9250  #5d5c5d   93   4   -0.00089
 649     28.9250  #5c5d5c   93   5    0.03518
 650     28.5250  #5c5d5d   93   6   -0.01393
 651     28.7500  #5d5d5c   93   7    0.00786
 652     28.9500  #5d5d5d   94   1    0.00693
 653     28.9500  #5d5d5e   94   2    0.00000
 654     28.9250  #5e5d5d   94   3   -0.00086
 655     28.9750  #5e5d5e   94   4    0.00173
 656     29.9000  #5d5e5d   94   5    0.03142
 657     29.4250  #5d5e5e   94   6   -0.01601
 658     29.7250  #5e5e5d   94   7    0.01014
 659     29.9000  #5e5e5e   95   1    0.00587
 660     29.9000  #5e5e5f   95   2    0.00000
 661     29.9000  #5f5e5e   95   3    0.00000
 662     29.9000  #5f5e5f   95   4    0.00000
 663     30.8500  #5e5f5e   95   5    0.03128
 664     30.4500  #5e5f5f   95   6   -0.01305
 665     30.6750  #5f5f5e   95   7    0.00736
 666     30.8500  #5f5f5f   96   1    0.00569
 667     30.8500  #5f5f60   96   2    0.00000
 668     30.8500  #605f5f   96   3    0.00000
 669     30.8500  #605f60   96   4    0.00000
 670     31.8250  #5f605f   96   5    0.03111
 671     31.4250  #5f6060   96   6   -0.01265
 672     31.7000  #60605f   96   7    0.00871
 673     31.8250  #606060   97   1    0.00394
 674     31.8500  #606061   97   2    0.00079
 675     31.8250  #616060   97   3   -0.00079
 676     31.8250  #616061   97   4    0.00000
 677     32.8750  #606160   97   5    0.03246
 678     32.4500  #606161   97   6   -0.01301
 679     32.7000  #616160   97   7    0.00767
 680     32.9000  #616161   98   1    0.00610
 681     32.9000  #616162   98   2    0.00000
 682     32.8750  #626161   98   3   -0.00076
 683     32.9000  #626162   98   4    0.00076
 684     33.8750  #616261   98   5    0.02920
 685     33.4500  #616262   98   6   -0.01263
 686     33.6750  #626261   98   7    0.00670
 687     33.8750  #626262   99   1    0.00592
 688     33.9000  #626263   99   2    0.00074
 689     33.8750  #636262   99   3   -0.00074
 690     33.8750  #636263   99   4    0.00000
 691     34.9500  #626362   99   5    0.03124
 692     34.4750  #626363   99   6   -0.01368
 693     34.7500  #636362   99   7    0.00795
 694     34.9500  #636363  100   1    0.00574
 695     34.9500  #636364  100   2    0.00000
 696     34.9500  #646363  100   3    0.00000
 697     34.9500  #646364  100   4    0.00000
 698     35.7250  #636463  100   5    0.02193
 699     35.5250  #636464  100   6   -0.00561
 700     35.8000  #646463  100   7    0.00771
 701     35.9750  #646464  101   1    0.00488
 702     35.9750  #646465  101   2    0.00000
 703     35.9750  #656464  101   3    0.00000
 704     35.9750  #656465  101   4    0.00000
 705     37.1000  #646564  101   5    0.03079
 706     36.6250  #646565  101   6   -0.01289
 707     36.9250  #656564  101   7    0.00816
 708     37.0750  #656565  102   1    0.00405
 709     37.1000  #656566  102   2    0.00067
 710     37.1000  #666565  102   3    0.00000
 711     37.1000  #666566  102   4    0.00000
 712     37.4000  #656665  102   5    0.00805
 713     37.7000  #656666  102   6    0.00799
 714     37.9750  #666665  102   7    0.00727
 715     38.2000  #666666  103   1    0.00591
 716     38.1750  #666667  103   2   -0.00065
 717     38.1750  #676666  103   3    0.00000
 718     38.2000  #676667  103   4    0.00065
 719     39.2750  #666766  103   5    0.02775
 720     38.8250  #666767  103   6   -0.01152
 721     39.1000  #676766  103   7    0.00706
 722     39.2750  #676767  104   1    0.00447
 723     39.2750  #676768  104   2    0.00000
 724     39.2750  #686767  104   3    0.00000
 725     39.2750  #686768  104   4    0.00000
 726     40.3250  #676867  104   5    0.02638
 727     39.9000  #676868  104   6   -0.01060
 728     40.1250  #686867  104   7    0.00562
 729     40.3500  #686868  105   1    0.00559
 730     40.3500  #686869  105   2    0.00000
 731     40.3500  #696868  105   3    0.00000
 732     40.3250  #696869  105   4   -0.00062
 733     41.2250  #686968  105   5    0.02207
 734     41.0000  #686969  105   6   -0.00547
 735     41.3000  #696968  105   7    0.00729
 736     41.5000  #696969  106   1    0.00483
 737     41.5000  #69696a  106   2    0.00000
 738     41.5000  #6a6969  106   3    0.00000
 739     41.5000  #6a696a  106   4    0.00000
 740     42.6250  #696a69  106   5    0.02675
 741     42.1250  #696a6a  106   6   -0.01180
 742     42.4000  #6a6a69  106   7    0.00651
 743     42.6250  #6a6a6a  107   1    0.00529
 744     42.6250  #6a6a6b  107   2    0.00000
 745     42.6250  #6b6a6a  107   3    0.00000
 746     42.6250  #6b6a6b  107   4    0.00000
 747     42.9250  #6a6b6a  107   5    0.00701
 748     43.2750  #6a6b6b  107   6    0.00812
 749     43.5500  #6b6b6a  107   7    0.00633
 750     43.7750  #6b6b6b  108   1    0.00515
 751     43.7500  #6b6b6c  108   2   -0.00057
 752     43.7750  #6c6b6b  108   3    0.00057
 753     43.7750  #6c6b6c  108   4    0.00000
 754     44.9500  #6b6c6b  108   5    0.02649
 755     44.4500  #6b6c6c  108   6   -0.01119
 756     44.7250  #6c6c6b  108   7    0.00617
 757     44.9500  #6c6c6c  109   1    0.00502
 758     44.9500  #6c6c6d  109   2    0.00000
 759     44.9500  #6d6c6c  109   3    0.00000
 760     44.9750  #6d6c6d  109   4    0.00056
 761     46.1500  #6c6d6c  109   5    0.02579
 762     45.6250  #6c6d6d  109   6   -0.01144
 763     45.9250  #6d6d6c  109   7    0.00655
 764     46.1250  #6d6d6d  110   1    0.00435
 765     46.1250  #6d6d6e  110   2    0.00000
 766     46.1000  #6e6d6d  110   3   -0.00054
 767     46.1250  #6e6d6e  110   4    0.00054
 768     47.0750  #6d6e6d  110   5    0.02039
 769     46.8250  #6d6e6e  110   6   -0.00532
 770     47.1000  #6e6e6d  110   7    0.00586
 771     47.3750  #6e6e6e  111   1    0.00582
 772     47.3750  #6e6e6f  111   2    0.00000
 773     47.3750  #6f6e6e  111   3    0.00000
 774     47.3750  #6f6e6f  111   4    0.00000
 775     48.6000  #6e6f6e  111   5    0.02553
 776     48.0000  #6e6f6f  111   6   -0.01242
 777     48.4000  #6f6f6e  111   7    0.00830
 778     48.6000  #6f6f6f  112   1    0.00412
 779     48.6250  #6f6f70  112   2    0.00051
 780     48.6000  #706f6f  112   3   -0.00051
 781     48.6250  #706f70  112   4    0.00051
 782     48.9000  #6f706f  112   5    0.00564
 783     49.2250  #6f7070  112   6    0.00662
 784     49.4500  #70706f  112   7    0.00456
 785     49.8000  #707070  113   1    0.00705
 786     49.8000  #707071  113   2    0.00000
 787     49.8000  #717070  113   3    0.00000
 788     49.8000  #717071  113   4    0.00000
 789     50.8250  #707170  113   5    0.02037
 790     50.5750  #707171  113   6   -0.00493
 791     50.8750  #717170  113   7    0.00591
 792     51.0750  #717171  114   1    0.00392
 793     51.0750  #717172  114   2    0.00000
 794     51.0750  #727171  114   3    0.00000
 795     51.0750  #727172  114   4    0.00000
 796     52.3500  #717271  114   5    0.02466
 797     51.8250  #717272  114   6   -0.01008
 798     52.1750  #727271  114   7    0.00673
 799     52.3500  #727272  115   1    0.00335
 800     52.3750  #727273  115   2    0.00048
 801     52.3750  #737272  115   3    0.00000
 802     52.3500  #737273  115   4   -0.00048
 803     53.7000  #727372  115   5    0.02546
 804     53.1250  #727373  115   6   -0.01077
 805     53.4500  #737372  115   7    0.00610
 806     53.7000  #737373  116   1    0.00467
 807     53.6750  #737374  116   2   -0.00047
 808     53.7000  #747373  116   3    0.00047
 809     53.7000  #747374  116   4    0.00000
 810     54.9000  #737473  116   5    0.02210
 811     54.4500  #737474  116   6   -0.00823
 812     54.7000  #747473  116   7    0.00458
 813     55.0000  #747474  117   1    0.00547
 814     55.0000  #747475  117   2    0.00000
 815     55.0000  #757474  117   3    0.00000
 816     55.0000  #757475  117   4    0.00000
 817     56.3750  #747574  117   5    0.02469
 818     55.8000  #747575  117   6   -0.01025
 819     56.1250  #757574  117   7    0.00581
 820     56.3750  #757575  118   1    0.00444
 821     56.3750  #757576  118   2    0.00000
 822     56.3750  #767575  118   3    0.00000
 823     56.3750  #767576  118   4    0.00000
 824     57.3250  #757675  118   5    0.01671
 825     57.0750  #757676  118   6   -0.00437
 826     57.4750  #767675  118   7    0.00698
 827     57.7000  #767676  119   1    0.00391
 828     57.7000  #767677  119   2    0.00000
 829     57.6750  #777676  119   3   -0.00043
 830     57.6750  #777677  119   4    0.00000
 831     59.0500  #767776  119   5    0.02356
 832     58.4250  #767777  119   6   -0.01064
 833     58.8250  #777776  119   7    0.00682
 834     59.0250  #777777  120   1    0.00339
 835     59.0500  #777778  120   2    0.00042
 836     59.0500  #787777  120   3    0.00000
 837     59.0500  #787778  120   4    0.00000
 838     59.4000  #777877  120   5    0.00591
 839     59.8250  #777878  120   6    0.00713
 840     60.2000  #787877  120   7    0.00625
 841     60.4500  #787878  121   1    0.00414
 842     60.4500  #787879  121   2    0.00000
 843     60.4500  #797878  121   3    0.00000
 844     60.4750  #797879  121   4    0.00041
 845     61.8500  #787978  121   5    0.02248
 846     61.2000  #787979  121   6   -0.01056
 847     61.6000  #797978  121   7    0.00651
 848     61.8250  #797979  122   1    0.00365
 849     61.8250  #79797a  122   2    0.00000
 850     61.8000  #7a7979  122   3   -0.00040
 851     61.8500  #7a797a  122   4    0.00081
 852     63.2750  #797a79  122   5    0.02278
 853     62.6750  #797a7a  122   6   -0.00953
 854     62.9750  #7a7a79  122   7    0.00478
 855     63.2750  #7a7a7a  123   1    0.00475
 856     63.2750  #7a7a7b  123   2    0.00000
 857     63.2500  #7b7a7a  123   3   -0.00040
 858     63.2500  #7b7a7b  123   4    0.00000
 859     64.3250  #7a7b7a  123   5    0.01685
 860     64.1250  #7a7b7b  123   6   -0.00311
 861     64.4500  #7b7b7a  123   7    0.00506
 862     64.7250  #7b7b7b  124   1    0.00426
 863     64.7250  #7b7b7c  124   2    0.00000
 864     64.7250  #7c7b7b  124   3    0.00000
 865     64.7000  #7c7b7c  124   4   -0.00039
 866     66.1500  #7b7c7b  124   5    0.02216
 867     65.5500  #7b7c7c  124   6   -0.00911
 868     65.9250  #7c7c7b  124   7    0.00570
 869     66.1500  #7c7c7c  125   1    0.00341
 870     66.1500  #7c7c7d  125   2    0.00000
 871     66.1500  #7d7c7c  125   3    0.00000
 872     66.1500  #7d7c7d  125   4    0.00000
 873     66.5250  #7c7d7c  125   5    0.00565
 874     67.0000  #7c7d7d  125   6    0.00711
 875     67.3500  #7d7d7c  125   7    0.00521
 876     67.6000  #7d7d7d  126   1    0.00371
 877     67.6250  #7d7d7e  126   2    0.00037
 878     67.6000  #7e7d7d  126   3   -0.00037
 879     67.6500  #7e7d7e  126   4    0.00074
 880     69.1250  #7d7e7d  126   5    0.02157
 881     68.6750  #7d7e7e  126   6   -0.00653
 882     68.9000  #7e7e7d  126   7    0.00327
 883     69.1500  #7e7e7e  127   1    0.00362
 884     68.8750  #7e7e7f  127   2   -0.00398
 885     68.9500  #7f7e7e  127   3    0.00109
 886     69.1500  #7f7e7f  127   4    0.00290
 887     70.6000  #7e7f7e  127   5    0.02075
 888     69.9750  #7e7f7f  127   6   -0.00889
 889     70.3500  #7f7f7e  127   7    0.00534
 890     70.6250  #7f7f7f  128   1    0.00390
 891     70.6500  #7f7f80  128   2    0.00035
 892     70.6000  #807f7f  128   3   -0.00071
 893     70.6000  #807f80  128   4    0.00000
 894     71.7500  #7f807f  128   5    0.01616
 895     72.0000  #7f8080  128   6    0.00348
 896     72.1000  #80807f  128   7    0.00139
 897     72.1500  #808080  129   1    0.00069
 898     71.4750  #808081  129   2   -0.00940
 899     71.6750  #818080  129   3    0.00279
 900     72.1500  #818081  129   4    0.00661
 901     73.7250  #808180  129   5    0.02159
 902     73.0250  #808181  129   6   -0.00954
 903     73.4250  #818180  129   7    0.00546
 904     73.7250  #818181  130   1    0.00408
 905     73.7250  #818182  130   2    0.00000
 906     73.7250  #828181  130   3    0.00000
 907     73.7250  #828182  130   4    0.00000
 908     74.1250  #818281  130   5    0.00541
 909     74.5750  #818282  130   6    0.00605
 910     75.0250  #828281  130   7    0.00602
 911     75.3000  #828282  131   1    0.00366
 912     75.2750  #828283  131   2   -0.00033
 913     75.2750  #838282  131   3    0.00000
 914     75.2750  #838283  131   4    0.00000
 915     76.9250  #828382  131   5    0.02168
 916     76.2000  #828383  131   6   -0.00947
 917     76.6250  #838382  131   7    0.00556
 918     76.9250  #838383  132   1    0.00391
 919     76.9250  #838384  132   2    0.00000
 920     76.9250  #848383  132   3    0.00000
 921     76.9250  #848384  132   4    0.00000
 922     78.6000  #838483  132   5    0.02154
 923     77.8250  #838484  132   6   -0.00991
 924     78.3000  #848483  132   7    0.00608
 925     78.6000  #848484  133   1    0.00382
 926     78.6000  #848485  133   2    0.00000
 927     78.6000  #858484  133   3    0.00000
 928     78.6000  #858485  133   4    0.00000
 929     79.8500  #848584  133   5    0.01578
 930     79.5000  #848585  133   6   -0.00439
 931     80.0000  #858584  133   7    0.00627
 932     80.3000  #858585  134   1    0.00374
 933     80.3000  #858586  134   2    0.00000
 934     80.3000  #868585  134   3    0.00000
 935     80.3000  #868586  134   4    0.00000
 936     81.9500  #858685  134   5    0.02034
 937     81.2750  #858686  134   6   -0.00827
 938     81.6750  #868685  134   7    0.00491
 939     81.9750  #868686  135   1    0.00367
 940     81.9500  #868687  135   2   -0.00031
 941     81.9750  #878686  135   3    0.00031
 942     81.9250  #878687  135   4   -0.00061
 943     82.3750  #868786  135   5    0.00548
 944     82.9250  #868787  135   6    0.00665
 945     83.3750  #878786  135   7    0.00541
 946     83.6500  #878787  136   1    0.00329
 947     83.6500  #878788  136   2    0.00000
 948     83.6500  #888787  136   3    0.00000
 949     83.6500  #888788  136   4    0.00000
 950     85.3500  #878887  136   5    0.02012
 951     84.5750  #878888  136   6   -0.00912
 952     85.0250  #888887  136   7    0.00531
 953     85.3250  #888888  137   1    0.00352
 954     85.3750  #888889  137   2    0.00059
 955     85.3500  #898888  137   3   -0.00029
 956     85.3750  #898889  137   4    0.00029
 957     87.1000  #888988  137   5    0.02000
 958     86.3500  #888989  137   6   -0.00865
 959     86.8000  #898988  137   7    0.00520
 960     87.1000  #898989  138   1    0.00345
 961     87.1000  #89898a  138   2    0.00000
 962     87.1000  #8a8989  138   3    0.00000
 963     87.1000  #8a898a  138   4    0.00000
 964     88.8500  #898a89  138   5    0.01989
 965     88.1250  #898a8a  138   6   -0.00819
 966     88.5500  #8a8a89  138   7    0.00481
 967     88.8500  #8a8a8a  139   1    0.00338
 968     88.8500  #8a8a8b  139   2    0.00000
 969     88.8750  #8b8a8a  139   3    0.00028
 970     88.8500  #8b8a8b  139   4   -0.00028
 971     90.6750  #8a8b8a  139   5    0.02033
 972     89.9250  #8a8b8b  139   6   -0.00831
 973     90.3250  #8b8b8a  139   7    0.00444
 974     90.6500  #8b8b8b  140   1    0.00359
 975     90.6500  #8b8b8c  140   2    0.00000
 976     90.6250  #8c8b8b  140   3   -0.00028
 977     90.6500  #8c8b8c  140   4    0.00028
 978     92.4250  #8b8c8b  140   5    0.01939
 979     91.6500  #8b8c8c  140   6   -0.00842
 980     92.0750  #8c8c8b  140   7    0.00463
 981     92.4250  #8c8c8c  141   1    0.00379
 982     92.4250  #8c8c8d  141   2    0.00000
 983     92.4250  #8d8c8c  141   3    0.00000
 984     92.4250  #8d8c8d  141   4    0.00000
 985     93.8000  #8c8d8c  141   5    0.01477
 986     93.4750  #8c8d8d  141   6   -0.00347
 987     93.9250  #8d8d8c  141   7    0.00480
 988     94.2250  #8d8d8d  142   1    0.00319
 989     94.2500  #8d8d8e  142   2    0.00027
 990     94.2250  #8e8d8d  142   3   -0.00027
 991     94.2250  #8e8d8e  142   4    0.00000
 992     96.0250  #8d8e8d  142   5    0.01892
 993     95.2500  #8d8e8e  142   6   -0.00810
 994     95.7000  #8e8e8d  142   7    0.00471
 995     96.0250  #8e8e8e  143   1    0.00339
 996     96.0250  #8e8e8f  143   2    0.00000
 997     96.0250  #8f8e8e  143   3    0.00000
 998     96.0250  #8f8e8f  143   4    0.00000
 999     96.5250  #8e8f8e  143   5    0.00519
1000     97.0250  #8e8f8f  143   6    0.00517
1001     97.5000  #8f8f8e  143   7    0.00488
1002     97.8250  #8f8f8f  144   1    0.00333
1003     97.8000  #8f8f90  144   2   -0.00026
1004     97.8000  #908f8f  144   3    0.00000
1005     97.8000  #908f90  144   4    0.00000
1006     99.6500  #8f908f  144   5    0.01874
1007     98.8500  #8f9090  144   6   -0.00806
1008     99.2750  #90908f  144   7    0.00429
1009     99.6500  #909090  145   1    0.00377
1010     99.6500  #909091  145   2    0.00000
1011     99.6500  #919090  145   3    0.00000
1012     99.6500  #919091  145   4    0.00000
1013    101.5500  #909190  145   5    0.01889
1014    100.7250  #909191  145   6   -0.00816
1015    101.1750  #919190  145   7    0.00446
1016    101.5500  #919191  146   1    0.00370
1017    101.5500  #919192  146   2    0.00000
1018    101.5500  #929191  146   3    0.00000
1019    101.5500  #929192  146   4    0.00000
1020    102.9000  #919291  146   5    0.01321
1021    102.5750  #919292  146   6   -0.00316
1022    103.0500  #929291  146   7    0.00462
1023    103.4250  #929292  147   1    0.00363
1024    103.4000  #929293  147   2   -0.00024
1025    103.4000  #939292  147   3    0.00000
1026    103.4000  #939293  147   4    0.00000
1027    105.3750  #929392  147   5    0.01892
1028    104.5250  #929393  147   6   -0.00810
1029    105.0750  #939392  147   7    0.00525
1030    105.3500  #939393  148   1    0.00261
1031    105.4000  #939394  148   2    0.00047
1032    105.4000  #949393  148   3    0.00000
1033    105.4250  #949394  148   4    0.00024
1034    105.9250  #939493  148   5    0.00473
1035    106.5750  #939494  148   6    0.00612
1036    107.1000  #949493  148   7    0.00491
1037    107.5000  #949494  149   1    0.00373
1038    107.5000  #949495  149   2    0.00000
1039    107.5000  #959494  149   3    0.00000
1040    107.5000  #959495  149   4    0.00000
1041    109.4250  #949594  149   5    0.01775
1042    108.6250  #949595  149   6   -0.00734
1043    109.0750  #959594  149   7    0.00413
1044    109.4250  #959595  150   1    0.00320
1045    109.4500  #959596  150   2    0.00023
1046    109.4500  #969595  150   3    0.00000
1047    109.4750  #969596  150   4    0.00023
1048    111.4500  #959695  150   5    0.01788
1049    110.6500  #959696  150   6   -0.00720
1050    111.1250  #969695  150   7    0.00428
1051    111.4500  #969696  151   1    0.00292
1052    111.4750  #969697  151   2    0.00022
1053    111.4500  #979696  151   3   -0.00022
1054    111.4500  #979697  151   4    0.00000
1055    112.9500  #969796  151   5    0.01337
1056    112.6000  #969797  151   6   -0.00310
1057    113.1000  #979796  151   7    0.00443
1058    113.4500  #979797  152   1    0.00309
1059    113.4250  #979798  152   2   -0.00022
1060    113.4500  #989797  152   3    0.00022
1061    113.4750  #989798  152   4    0.00022
1062    115.3750  #979897  152   5    0.01660
1063    114.5000  #979898  152   6   -0.00761
1064    115.0500  #989897  152   7    0.00479
1065    115.4000  #989898  153   1    0.00304
1066    115.4000  #989899  153   2    0.00000
1067    115.4000  #999898  153   3    0.00000
1068    115.4000  #999899  153   4    0.00000
1069    115.9250  #989998  153   5    0.00454
1070    116.5250  #989999  153   6    0.00516
1071    117.1750  #999998  153   7    0.00556
1072    117.5250  #999999  154   1    0.00298
1073    117.5500  #99999a  154   2    0.00021
1074    117.5500  #9a9999  154   3    0.00000
1075    117.5250  #9a999a  154   4   -0.00021
1076    119.5750  #999a99  154   5    0.01729
1077    118.6750  #999a9a  154   6   -0.00756
1078    119.1500  #9a9a99  154   7    0.00399
1079    119.5750  #9a9a9a  155   1    0.00356
1080    119.5750  #9a9a9b  155   2    0.00000
1081    119.5500  #9b9a9a  155   3   -0.00021
1082    119.5750  #9b9a9b  155   4    0.00021
1083    121.6000  #9a9b9a  155   5    0.01679
1084    120.7500  #9a9b9b  155   6   -0.00701
1085    121.2250  #9b9b9a  155   7    0.00393
1086    121.5750  #9b9b9b  156   1    0.00288
1087    121.6000  #9b9b9c  156   2    0.00021
1088    121.5750  #9c9b9b  156   3   -0.00021
1089    121.5750  #9c9b9c  156   4    0.00000
1090    123.6250  #9b9c9b  156   5    0.01672
1091    122.8000  #9b9c9c  156   6   -0.00670
1092    123.2250  #9c9c9b  156   7    0.00345
1093    123.6250  #9c9c9c  157   1    0.00324
1094    123.6000  #9c9c9d  157   2   -0.00020
1095    123.6000  #9d9c9c  157   3    0.00000
1096    123.6250  #9d9c9d  157   4    0.00020
1097    125.7000  #9c9d9c  157   5    0.01664
1098    124.8750  #9c9d9d  157   6   -0.00658
1099    125.3250  #9d9d9c  157   7    0.00360
1100    125.6750  #9d9d9d  158   1    0.00279
1101    125.7250  #9d9d9e  158   2    0.00040
1102    125.7000  #9e9d9d  158   3   -0.00020
1103    125.7250  #9e9d9e  158   4    0.00020
1104    127.7250  #9d9e9d  158   5    0.01578
1105    126.9250  #9d9e9e  158   6   -0.00628
1106    127.3250  #9e9e9d  158   7    0.00315
1107    127.7250  #9e9e9e  159   1    0.00314
1108    127.7500  #9e9e9f  159   2    0.00020
1109    127.7500  #9f9e9e  159   3    0.00000
1110    127.6750  #9f9e9f  159   4   -0.00059
1111    129.8000  #9e9f9e  159   5    0.01651
1112    128.9750  #9e9f9f  159   6   -0.00638
1113    129.4250  #9f9f9e  159   7    0.00348
1114    129.8250  #9f9f9f  160   1    0.00309
1115    129.8000  #9f9fa0  160   2   -0.00019
1116    129.8250  #a09f9f  160   3    0.00019
1117    129.8250  #a09fa0  160   4    0.00000
1118    131.8250  #9fa09f  160   5    0.01529
1119    130.9500  #9fa0a0  160   6   -0.00666
1120    131.4000  #a0a09f  160   7    0.00343
1121    131.8000  #a0a0a0  161   1    0.00304
1122    131.8000  #a0a0a1  161   2    0.00000
1123    131.8000  #a1a0a0  161   3    0.00000
1124    131.8000  #a1a0a1  161   4    0.00000
1125    133.8250  #a0a1a0  161   5    0.01525
1126    132.9750  #a0a1a1  161   6   -0.00637
1127    133.4250  #a1a1a0  161   7    0.00338
1128    133.8500  #a1a1a1  162   1    0.00318
1129    133.8250  #a1a1a2  162   2   -0.00019
1130    133.8250  #a2a1a1  162   3    0.00000
1131    133.8750  #a2a1a2  162   4    0.00037
1132    135.8750  #a1a2a1  162   5    0.01483
1133    135.0000  #a1a2a2  162   6   -0.00646
1134    135.4500  #a2a2a1  162   7    0.00333
1135    135.8750  #a2a2a2  163   1    0.00313
1136    135.9000  #a2a2a3  163   2    0.00018
1137    135.9000  #a3a2a2  163   3    0.00000
1138    135.9000  #a3a2a3  163   4    0.00000
1139    137.9500  #a2a3a2  163   5    0.01497
1140    137.0750  #a2a3a3  163   6   -0.00636
1141    137.5500  #a3a3a2  163   7    0.00346
1142    137.9500  #a3a3a3  164   1    0.00290
1143    137.9250  #a3a3a4  164   2   -0.00018
1144    137.9500  #a4a3a3  164   3    0.00018
1145    137.9250  #a4a3a4  164   4   -0.00018
1146    139.4500  #a3a4a3  164   5    0.01100
1147    139.1000  #a3a4a4  164   6   -0.00251
1148    139.5000  #a4a4a3  164   7    0.00287
1149    139.9500  #a4a4a4  165   1    0.00322
1150    139.9500  #a4a4a5  165   2    0.00000
1151    139.9250  #a5a4a4  165   3   -0.00018
1152    139.9500  #a5a4a5  165   4    0.00018
1153    142.1000  #a4a5a4  165   5    0.01525
1154    141.2000  #a4a5a5  165   6   -0.00635
1155    141.6250  #a5a5a4  165   7    0.00301
1156    142.0250  #a5a5a5  166   1    0.00282
1157    142.1000  #a5a5a6  166   2    0.00053
1158    142.1000  #a6a5a5  166   3    0.00000
1159    142.0750  #a6a5a6  166   4   -0.00018
1160    142.6250  #a5a6a5  166   5    0.00386
1161    143.2500  #a5a6a6  166   6    0.00437
1162    143.7000  #a6a6a5  166   7    0.00314
1163    144.1250  #a6a6a6  167   1    0.00295
1164    144.1750  #a6a6a7  167   2    0.00035
1165    144.1500  #a7a6a6  167   3   -0.00017
1166    144.1750  #a7a6a7  167   4    0.00017
1167    146.2750  #a6a7a6  167   5    0.01446
1168    145.3500  #a6a7a7  167   6   -0.00634
1169    145.8250  #a7a7a6  167   7    0.00326
1170    146.2500  #a7a7a7  168   1    0.00291
1171    146.2750  #a7a7a8  168   2    0.00017
1172    146.2750  #a8a7a7  168   3    0.00000
1173    146.2750  #a8a7a8  168   4    0.00000
1174    148.3750  #a7a8a7  168   5    0.01425
1175    147.4250  #a7a8a8  168   6   -0.00642
1176    147.9250  #a8a8a7  168   7    0.00339
1177    148.4250  #a8a8a8  169   1    0.00337
1178    148.4000  #a8a8a9  169   2   -0.00017
1179    148.3750  #a9a8a8  169   3   -0.00017
1180    148.3750  #a9a8a9  169   4    0.00000
1181    150.0500  #a8a9a8  169   5    0.01123
1182    149.5750  #a8a9a9  169   6   -0.00317
1183    150.1250  #a9a9a8  169   7    0.00367
1184    150.5500  #a9a9a9  170   1    0.00283
1185    150.5500  #a9a9aa  170   2    0.00000
1186    150.5500  #aaa9a9  170   3    0.00000
1187    150.5750  #aaa9aa  170   4    0.00017
1188    152.6500  #a9aaa9  170   5    0.01369
1189    151.7250  #a9aaaa  170   6   -0.00608
1190    152.2500  #aaaaa9  170   7    0.00345
1191    152.6750  #aaaaaa  171   1    0.00279
1192    152.6750  #aaaaab  171   2    0.00000
1193    152.6750  #abaaaa  171   3    0.00000
1194    152.6750  #abaaab  171   4    0.00000
1195    153.0750  #aaabaa  171   5    0.00262
1196    153.6500  #aaabab  171   6    0.00375
1197    154.4000  #ababaa  171   7    0.00487
1198    154.6250  #ababab  172   1    0.00146
1199    154.6000  #ababac  172   2   -0.00016
1200    154.6250  #acabab  172   3    0.00016
1201    154.6250  #acabac  172   4    0.00000
1202    156.6750  #abacab  172   5    0.01317
1203    155.9500  #abacac  172   6   -0.00464
1204    156.4750  #acacab  172   7    0.00336
1205    156.6500  #acacac  173   1    0.00112
1206    156.6500  #acacad  173   2    0.00000
1207    156.6750  #adacac  173   3    0.00016
1208    156.6500  #adacad  173   4   -0.00016
1209    159.2500  #acadac  173   5    0.01646
1210    158.0250  #acadad  173   6   -0.00772
1211    158.8250  #adadac  173   7    0.00505
1212    159.2750  #adadad  174   1    0.00283
1213    159.2500  #adadae  174   2   -0.00016
1214    159.2750  #aeadad  174   3    0.00016
1215    159.2500  #aeadae  174   4   -0.00016
1216    160.7250  #adaead  174   5    0.00922
1217    160.2250  #adaeae  174   6   -0.00312
1218    160.8750  #aeaead  174   7    0.00405
1219    161.2250  #aeaeae  175   1    0.00217
1220    161.2250  #aeaeaf  175   2    0.00000
1221    161.2250  #afaeae  175   3    0.00000
1222    161.2250  #afaeaf  175   4    0.00000
1223    163.2750  #aeafae  175   5    0.01263
1224    162.2750  #aeafaf  175   6   -0.00614
1225    163.1750  #afafae  175   7    0.00553
1226    163.3000  #afafaf  176   1    0.00077
1227    163.2750  #afafb0  176   2   -0.00015
1228    163.3000  #b0afaf  176   3    0.00015
1229    163.2750  #b0afb0  176   4   -0.00015
1230    164.0250  #afb0af  176   5    0.00458
1231    164.6000  #afb0b0  176   6    0.00350
1232    165.2250  #b0b0af  176   7    0.00379
1233    165.8250  #b0b0b0  177   1    0.00362
1234    165.8250  #b0b0b1  177   2    0.00000
1235    165.8250  #b1b0b0  177   3    0.00000
1236    165.8250  #b1b0b1  177   4    0.00000
1237    168.0000  #b0b1b0  177   5    0.01303
1238    167.2500  #b0b1b1  177   6   -0.00447
1239    167.7500  #b1b1b0  177   7    0.00299
1240    168.2500  #b1b1b1  178   1    0.00298
1241    168.2500  #b1b1b2  178   2    0.00000
1242    168.2500  #b2b1b1  178   3    0.00000
1243    168.2500  #b2b1b2  178   4    0.00000
1244    170.5000  #b1b2b1  178   5    0.01328
1245    169.2500  #b1b2b2  178   6   -0.00736
1246    170.0000  #b2b2b1  178   7    0.00442
1247    170.5000  #b2b2b2  179   1    0.00294
1248    170.5000  #b2b2b3  179   2    0.00000
1249    170.5000  #b3b2b2  179   3    0.00000
1250    170.5000  #b3b2b3  179   4    0.00000
1251    172.7500  #b2b3b2  179   5    0.01311
1252    172.0000  #b2b3b3  179   6   -0.00435
1253    172.5000  #b3b3b2  179   7    0.00290
1254    173.0000  #b3b3b3  180   1    0.00289
1255    172.7500  #b3b3b4  180   2   -0.00145
1256    173.0000  #b4b3b3  180   3    0.00145
1257    172.7500  #b4b3b4  180   4   -0.00145
1258    175.2500  #b3b4b3  180   5    0.01437
1259    174.2500  #b3b4b4  180   6   -0.00572
1260    174.7500  #b4b4b3  180   7    0.00287
1261    175.2500  #b4b4b4  181   1    0.00286
1262    175.2500  #b4b4b5  181   2    0.00000
1263    175.2500  #b5b4b4  181   3    0.00000
1264    175.2500  #b5b4b5  181   4    0.00000
1265    177.5000  #b4b5b4  181   5    0.01276
1266    176.5000  #b4b5b5  181   6   -0.00565
1267    177.2500  #b5b5b4  181   7    0.00424
1268    177.5000  #b5b5b5  182   1    0.00141
1269    177.5000  #b5b5b6  182   2    0.00000
1270    177.5000  #b6b5b5  182   3    0.00000
1271    177.5000  #b6b5b6  182   4    0.00000
1272    179.2500  #b5b6b5  182   5    0.00981
1273    179.0000  #b5b6b6  182   6   -0.00140
1274    179.7500  #b6b6b5  182   7    0.00418
1275    180.0000  #b6b6b6  183   1    0.00139
1276    180.0000  #b6b6b7  183   2    0.00000
1277    180.0000  #b7b6b6  183   3    0.00000
1278    180.0000  #b7b6b7  183   4    0.00000
1279    182.7500  #b6b7b6  183   5    0.01516
1280    181.7500  #b6b7b7  183   6   -0.00549
1281    182.0000  #b7b7b6  183   7    0.00137
1282    182.7500  #b7b7b7  184   1    0.00411
1283    182.7500  #b7b7b8  184   2    0.00000
1284    182.7500  #b8b7b7  184   3    0.00000
1285    182.7500  #b8b7b8  184   4    0.00000
1286    183.5000  #b7b8b7  184   5    0.00410
1287    184.0000  #b7b8b8  184   6    0.00272
1288    185.0000  #b8b8b7  184   7    0.00542
1289    185.0000  #b8b8b8  185   1    0.00000
1290    185.0000  #b8b8b9  185   2    0.00000
1291    185.0000  #b9b8b8  185   3    0.00000
1292    185.0000  #b9b8b9  185   4    0.00000
1293    187.7500  #b8b9b8  185   5    0.01476
1294    186.5000  #b8b9b9  185   6   -0.00668
1295    187.0000  #b9b9b8  185   7    0.00268
1296    188.0000  #b9b9b9  186   1    0.00533
1297    187.7500  #b9b9ba  186   2   -0.00133
1298    188.0000  #bab9b9  186   3    0.00133
1299    188.0000  #bab9ba  186   4    0.00000
1300    190.0000  #b9bab9  186   5    0.01058
1301    189.0000  #b9baba  186   6   -0.00528
1302    189.7500  #babab9  186   7    0.00396
1303    190.0000  #bababa  187   1    0.00132
1304    190.0000  #bababb  187   2    0.00000
1305    190.0000  #bbbaba  187   3    0.00000
1306    190.2500  #bbbabb  187   4    0.00131
1307    191.7500  #babbba  187   5    0.00785
1308    191.5000  #babbbb  187   6   -0.00130
1309    192.2500  #bbbbba  187   7    0.00391
1310    192.5000  #bbbbbb  188   1    0.00130
1311    192.5000  #bbbbbc  188   2    0.00000
1312    192.5000  #bcbbbb  188   3    0.00000
1313    192.5000  #bcbbbc  188   4    0.00000
1314    195.2500  #bbbcbb  188   5    0.01418
1315    194.2500  #bbbcbc  188   6   -0.00513
1316    194.7500  #bcbcbb  188   7    0.00257
1317    195.2500  #bcbcbc  189   1    0.00256
1318    195.2500  #bcbcbd  189   2    0.00000
1319    195.2500  #bdbcbc  189   3    0.00000
1320    195.2500  #bdbcbd  189   4    0.00000
1321    196.0000  #bcbdbc  189   5    0.00383
1322    196.5000  #bcbdbd  189   6    0.00255
1323    197.2500  #bdbdbc  189   7    0.00381
1324    197.7500  #bdbdbd  190   1    0.00253
1325    197.7500  #bdbdbe  190   2    0.00000
1326    197.7500  #bebdbd  190   3    0.00000
1327    197.7500  #bebdbe  190   4    0.00000
1328    200.2500  #bdbebd  190   5    0.01256
1329    199.5000  #bdbebe  190   6   -0.00375
1330    200.0000  #bebebd  190   7    0.00250
1331    200.2500  #bebebe  191   1    0.00125
1332    200.0000  #bebebf  191   2   -0.00125
1333    200.0000  #bfbebe  191   3    0.00000
1334    200.2500  #bfbebf  191   4    0.00125
1335    203.0000  #bebfbe  191   5    0.01364
1336    201.7500  #bebfbf  191   6   -0.00618
1337    202.2500  #bfbfbe  191   7    0.00248
1338    203.0000  #bfbfbf  192   1    0.00370
1339    203.0000  #bfbfc0  192   2    0.00000
1340    203.0000  #c0bfbf  192   3    0.00000
1341    203.0000  #c0bfc0  192   4    0.00000
1342    204.7500  #bfc0bf  192   5    0.00858
1343    205.0000  #bfc0c0  192   6    0.00122
1344    205.2500  #c0c0bf  192   7    0.00122
1345    205.2500  #c0c0c0  193   1    0.00000
1346    204.2500  #c0c0c1  193   2   -0.00488
1347    204.5000  #c1c0c0  193   3    0.00122
1348    205.2500  #c1c0c1  193   4    0.00366
1349    208.0000  #c0c1c0  193   5    0.01331
1350    206.7500  #c0c1c1  193   6   -0.00603
1351    207.5000  #c1c1c0  193   7    0.00362
1352    208.0000  #c1c1c1  194   1    0.00241
1353    208.0000  #c1c1c2  194   2    0.00000
1354    208.0000  #c2c1c1  194   3    0.00000
1355    208.0000  #c2c1c2  194   4    0.00000
1356    208.7500  #c1c2c1  194   5    0.00360
1357    209.2500  #c1c2c2  194   6    0.00239
1358    210.0000  #c2c2c1  194   7    0.00358
1359    210.0000  #c2c2c2  195   1    0.00000
1360    210.0000  #c2c2c3  195   2    0.00000
1361    210.2500  #c3c2c2  195   3    0.00119
1362    210.2500  #c3c2c3  195   4    0.00000
1363    213.0000  #c2c3c2  195   5    0.01299
1364    211.7500  #c2c3c3  195   6   -0.00589
1365    212.2500  #c3c3c2  195   7    0.00236
1366    213.0000  #c3c3c3  196   1    0.00353
1367    213.0000  #c3c3c4  196   2    0.00000
1368    213.0000  #c4c3c3  196   3    0.00000
1369    213.0000  #c4c3c4  196   4    0.00000
1370    215.5000  #c3c4c3  196   5    0.01167
1371    214.2500  #c3c4c4  196   6   -0.00582
1372    215.0000  #c4c4c3  196   7    0.00349
1373    215.5000  #c4c4c4  197   1    0.00232
1374    215.5000  #c4c4c5  197   2    0.00000
1375    215.5000  #c5c4c4  197   3    0.00000
1376    215.5000  #c5c4c5  197   4    0.00000
1377    217.5000  #c4c5c4  197   5    0.00924
1378    216.7500  #c4c5c5  197   6   -0.00345
1379    217.5000  #c5c5c4  197   7    0.00345
1380    217.7500  #c5c5c5  198   1    0.00115
1381    218.0000  #c5c5c6  198   2    0.00115
1382    218.0000  #c6c5c5  198   3    0.00000
1383    217.7500  #c6c5c6  198   4   -0.00115
1384    220.5000  #c5c6c5  198   5    0.01255
1385    219.5000  #c5c6c6  198   6   -0.00455
1386    220.2500  #c6c6c5  198   7    0.00341
1387    220.5000  #c6c6c6  199   1    0.00113
1388    220.5000  #c6c6c7  199   2    0.00000
1389    220.5000  #c7c6c6  199   3    0.00000
1390    220.5000  #c7c6c7  199   4    0.00000
1391    221.2500  #c6c7c6  199   5    0.00340
1392    222.5000  #c6c7c7  199   6    0.00563
1393    222.5000  #c7c7c6  199   7    0.00000
1394    223.2500  #c7c7c7  200   1    0.00337
1395    223.2500  #c7c7c8  200   2    0.00000
1396    223.2500  #c8c7c7  200   3    0.00000
1397    223.2500  #c8c7c8  200   4    0.00000
1398    225.7500  #c7c8c7  200   5    0.01114
1399    224.7500  #c7c8c8  200   6   -0.00444
1400    225.5000  #c8c8c7  200   7    0.00333
1401    225.7500  #c8c8c8  201   1    0.00111
1402    225.7500  #c8c8c9  201   2    0.00000
1403    225.7500  #c9c8c8  201   3    0.00000
1404    225.7500  #c9c8c9  201   4    0.00000
1405    228.5000  #c8c9c8  201   5    0.01211
1406    227.7500  #c8c9c9  201   6   -0.00329
1407    228.2500  #c9c9c8  201   7    0.00219
1408    228.7500  #c9c9c9  202   1    0.00219
1409    228.7500  #c9c9ca  202   2    0.00000
1410    229.0000  #cac9c9  202   3    0.00109
1411    229.0000  #cac9ca  202   4    0.00000
1412    231.7500  #c9cac9  202   5    0.01194
1413    230.5000  #c9caca  202   6   -0.00541
1414    231.0000  #cacac9  202   7    0.00217
1415    231.7500  #cacaca  203   1    0.00324
1416    231.7500  #cacacb  203   2    0.00000
1417    231.7500  #cbcaca  203   3    0.00000
1418    231.7500  #cbcacb  203   4    0.00000
1419    234.0000  #cacbca  203   5    0.00966
1420    233.0000  #cacbcb  203   6   -0.00428
1421    234.0000  #cbcbca  203   7    0.00428
1422    234.0000  #cbcbcb  204   1    0.00000
1423    234.0000  #cbcbcc  204   2    0.00000
1424    234.0000  #cccbcb  204   3    0.00000
1425    234.0000  #cccbcc  204   4    0.00000
1426    237.0000  #cbcccb  204   5    0.01274
1427    236.0000  #cbcccc  204   6   -0.00423
1428    236.7500  #cccccb  204   7    0.00317
1429    237.0000  #cccccc  205   1    0.00106
1430    237.0000  #cccccd  205   2    0.00000
1431    237.0000  #cdcccc  205   3    0.00000
1432    237.0000  #cdcccd  205   4    0.00000
1433    239.2500  #cccdcc  205   5    0.00945
1434    239.0000  #cccdcd  205   6   -0.00105
1435    239.2500  #cdcdcc  205   7    0.00105
1436    240.0000  #cdcdcd  206   1    0.00313
1437    240.0000  #cdcdce  206   2    0.00000
1438    240.0000  #cecdcd  206   3    0.00000
1439    240.0000  #cecdce  206   4    0.00000
1440    242.7500  #cdcecd  206   5    0.01139
1441    241.2500  #cdcece  206   6   -0.00620
1442    242.0000  #cececd  206   7    0.00310
1443    242.7500  #cecece  207   1    0.00309
1444    242.7500  #cececf  207   2    0.00000
1445    242.7500  #cfcece  207   3    0.00000
1446    242.7500  #cfcecf  207   4    0.00000
1447    243.5000  #cecfce  207   5    0.00308
1448    244.0000  #cecfcf  207   6    0.00205
1449    245.0000  #cfcfce  207   7    0.00409
1450    245.7500  #cfcfcf  208   1    0.00306
1451    245.7500  #cfcfd0  208   2    0.00000
1452    245.7500  #d0cfcf  208   3    0.00000
1453    245.7500  #d0cfd0  208   4    0.00000
1454    248.2500  #cfd0cf  208   5    0.01012
1455    247.0000  #cfd0d0  208   6   -0.00505
1456    248.0000  #d0d0cf  208   7    0.00404
1457    248.2500  #d0d0d0  209   1    0.00101
1458    248.2500  #d0d0d1  209   2    0.00000
1459    248.2500  #d1d0d0  209   3    0.00000
1460    248.2500  #d1d0d1  209   4    0.00000
1461    251.0000  #d0d1d0  209   5    0.01102
1462    250.0000  #d0d1d1  209   6   -0.00399
1463    250.7500  #d1d1d0  209   7    0.00300
1464    251.0000  #d1d1d1  210   1    0.00100
1465    251.0000  #d1d1d2  210   2    0.00000
1466    251.0000  #d2d1d1  210   3    0.00000
1467    251.0000  #d2d1d2  210   4    0.00000
1468    253.0000  #d1d2d1  210   5    0.00794
1469    252.7500  #d1d2d2  210   6   -0.00099
1470    253.7500  #d2d2d1  210   7    0.00395
1471    253.7500  #d2d2d2  211   1    0.00000
1472    253.7500  #d2d2d3  211   2    0.00000
1473    253.7500  #d3d2d2  211   3    0.00000
1474    253.7500  #d3d2d3  211   4    0.00000
1475    256.7500  #d2d3d2  211   5    0.01175
1476    255.7500  #d2d3d3  211   6   -0.00390
1477    256.5000  #d3d3d2  211   7    0.00293
1478    256.7500  #d3d3d3  212   1    0.00097
1479    256.7500  #d3d3d4  212   2    0.00000
1480    256.7500  #d4d3d3  212   3    0.00000
1481    256.7500  #d4d3d4  212   4    0.00000
1482    257.5000  #d3d4d3  212   5    0.00292
1483    258.7500  #d3d4d4  212   6    0.00484
1484    259.2500  #d4d4d3  212   7    0.00193
1485    259.7500  #d4d4d4  213   1    0.00193
1486    259.7500  #d4d4d5  213   2    0.00000
1487    259.7500  #d5d4d4  213   3    0.00000
1488    259.7500  #d5d4d5  213   4    0.00000
1489    262.7500  #d4d5d4  213   5    0.01148
1490    261.2500  #d4d5d5  213   6   -0.00573
1491    262.2500  #d5d5d4  213   7    0.00382
1492    262.7500  #d5d5d5  214   1    0.00190
1493    262.7500  #d5d5d6  214   2    0.00000
1494    262.7500  #d6d5d5  214   3    0.00000
1495    262.7500  #d6d5d6  214   4    0.00000
1496    265.7500  #d5d6d5  214   5    0.01135
1497    264.2500  #d5d6d6  214   6   -0.00566
1498    265.2500  #d6d6d5  214   7    0.00378
1499    265.7500  #d6d6d6  215   1    0.00188
1500    265.7500  #d6d6d7  215   2    0.00000
1501    265.7500  #d7d6d6  215   3    0.00000
1502    265.7500  #d7d6d7  215   4    0.00000
1503    267.7500  #d6d7d6  215   5    0.00750
1504    267.2500  #d6d7d7  215   6   -0.00187
1505    268.2500  #d7d7d6  215   7    0.00373
1506    268.5000  #d7d7d7  216   1    0.00093
1507    268.5000  #d7d7d8  216   2    0.00000
1508    268.5000  #d8d7d7  216   3    0.00000
1509    268.5000  #d8d7d8  216   4    0.00000
1510    272.0000  #d7d8d7  216   5    0.01295
1511    270.2500  #d7d8d8  216   6   -0.00645
1512    271.2500  #d8d8d7  216   7    0.00369
1513    271.7500  #d8d8d8  217   1    0.00184
1514    271.7500  #d8d8d9  217   2    0.00000
1515    271.7500  #d9d8d8  217   3    0.00000
1516    271.7500  #d9d8d9  217   4    0.00000
1517    272.5000  #d8d9d8  217   5    0.00276
1518    273.2500  #d8d9d9  217   6    0.00275
1519    274.2500  #d9d9d8  217   7    0.00365
1520    274.7500  #d9d9d9  218   1    0.00182
1521    274.7500  #d9d9da  218   2    0.00000
1522    274.7500  #dad9d9  218   3    0.00000
1523    274.7500  #dad9da  218   4    0.00000
1524    278.0000  #d9dad9  218   5    0.01176
1525    276.5000  #d9dada  218   6   -0.00541
1526    277.2500  #dadad9  218   7    0.00271
1527    278.0000  #dadada  219   1    0.00270
1528    278.0000  #dadadb  219   2    0.00000
1529    278.0000  #dbdada  219   3    0.00000
1530    278.0000  #dbdadb  219   4    0.00000
1531    281.0000  #dadbda  219   5    0.01073
1532    279.5000  #dadbdb  219   6   -0.00535
1533    280.2500  #dbdbda  219   7    0.00268
1534    281.0000  #dbdbdb  220   1    0.00267
1535    281.0000  #dbdbdc  220   2    0.00000
1536    281.0000  #dcdbdb  220   3    0.00000
1537    281.0000  #dcdbdc  220   4    0.00000
1538    284.0000  #dbdcdb  220   5    0.01062
1539    283.0000  #dbdcdc  220   6   -0.00353
1540    283.2500  #dcdcdb  220   7    0.00088
1541    284.0000  #dcdcdc  221   1    0.00264
1542    284.0000  #dcdcdd  221   2    0.00000
1543    284.0000  #dddcdc  221   3    0.00000
1544    284.0000  #dddcdd  221   4    0.00000
1545    287.0000  #dcdddc  221   5    0.01051
1546    286.0000  #dcdddd  221   6   -0.00349
1547    286.5000  #dddddc  221   7    0.00175
1548    287.0000  #dddddd  222   1    0.00174
1549    287.0000  #ddddde  222   2    0.00000
1550    287.0000  #dedddd  222   3    0.00000
1551    287.0000  #deddde  222   4    0.00000
1552    290.0000  #dddedd  222   5    0.01040
1553    289.0000  #dddede  222   6   -0.00345
1554    289.2500  #dededd  222   7    0.00086
1555    290.0000  #dedede  223   1    0.00259
1556    290.0000  #dededf  223   2    0.00000
1557    290.0000  #dfdede  223   3    0.00000
1558    290.0000  #dfdedf  223   4    0.00000
1559    293.0000  #dedfde  223   5    0.01029
1560    292.0000  #dedfdf  223   6   -0.00342
1561    292.5000  #dfdfde  223   7    0.00171
1562    293.0000  #dfdfdf  224   1    0.00171
1563    293.0000  #dfdfe0  224   2    0.00000
1564    293.0000  #e0dfdf  224   3    0.00000
1565    293.0000  #e0dfe0  224   4    0.00000
1566    295.7500  #dfe0df  224   5    0.00934
1567    294.5000  #dfe0e0  224   6   -0.00424
1568    295.0000  #e0e0df  224   7    0.00170
1569    295.5000  #e0e0e0  225   1    0.00169
1570    295.5000  #e0e0e1  225   2    0.00000
1571    295.7500  #e1e0e0  225   3    0.00085
1572    295.5000  #e1e0e1  225   4   -0.00085
1573    298.2500  #e0e1e0  225   5    0.00926
1574    297.2500  #e0e1e1  225   6   -0.00336
1575    297.7500  #e1e1e0  225   7    0.00168
1576    298.2500  #e1e1e1  226   1    0.00168
1577    298.2500  #e1e1e2  226   2    0.00000
1578    298.5000  #e2e1e1  226   3    0.00084
1579    298.2500  #e2e1e2  226   4   -0.00084
1580    300.7500  #e1e2e1  226   5    0.00835
1581    299.7500  #e1e2e2  226   6   -0.00333
1582    300.2500  #e2e2e1  226   7    0.00167
1583    300.7500  #e2e2e2  227   1    0.00166
1584    300.7500  #e2e2e3  227   2    0.00000
1585    300.7500  #e3e2e2  227   3    0.00000
1586    300.7500  #e3e2e3  227   4    0.00000
1587    303.5000  #e2e3e2  227   5    0.00910
1588    302.5000  #e2e3e3  227   6   -0.00330
1589    302.7500  #e3e3e2  227   7    0.00083
1590    303.5000  #e3e3e3  228   1    0.00247
1591    303.5000  #e3e3e4  228   2    0.00000
1592    303.5000  #e4e3e3  228   3    0.00000
1593    303.5000  #e4e3e4  228   4    0.00000
1594    305.2500  #e3e4e3  228   5    0.00575
1595    305.0000  #e3e4e4  228   6   -0.00082
1596    305.5000  #e4e4e3  228   7    0.00164
1597    306.2500  #e4e4e4  229   1    0.00245
1598    306.2500  #e4e4e5  229   2    0.00000
1599    306.2500  #e5e4e4  229   3    0.00000
1600    306.2500  #e5e4e5  229   4    0.00000
1601    308.7500  #e4e5e4  229   5    0.00813
1602    307.7500  #e4e5e5  229   6   -0.00324
1603    308.0000  #e5e5e4  229   7    0.00081
1604    308.7500  #e5e5e5  230   1    0.00243
1605    308.7500  #e5e5e6  230   2    0.00000
1606    308.7500  #e6e5e5  230   3    0.00000
1607    308.7500  #e6e5e6  230   4    0.00000
1608    309.5000  #e5e6e5  230   5    0.00243
1609    310.7500  #e5e6e6  230   6    0.00403
1610    311.0000  #e6e6e5  230   7    0.00080
1611    311.7500  #e6e6e6  231   1    0.00241
1612    312.0000  #e6e6e7  231   2    0.00080
1613    312.0000  #e7e6e6  231   3    0.00000
1614    312.0000  #e7e6e7  231   4    0.00000
1615    315.0000  #e6e7e6  231   5    0.00957
1616    313.7500  #e6e7e7  231   6   -0.00398
1617    314.0000  #e7e7e6  231   7    0.00080
1618    314.7500  #e7e7e7  232   1    0.00239
1619    314.7500  #e7e7e8  232   2    0.00000
1620    314.7500  #e8e7e7  232   3    0.00000
1621    314.7500  #e8e7e8  232   4    0.00000
1622    317.2500  #e7e8e7  232   5    0.00791
1623    316.2500  #e7e8e8  232   6   -0.00316
1624    317.0000  #e8e8e7  232   7    0.00237
1625    317.5000  #e8e8e8  233   1    0.00158
1626    317.5000  #e8e8e9  233   2    0.00000
1627    317.2500  #e9e8e8  233   3   -0.00079
1628    317.5000  #e9e8e9  233   4    0.00079
1629    319.5000  #e8e9e8  233   5    0.00628
1630    319.0000  #e8e9e9  233   6   -0.00157
1631    320.0000  #e9e9e8  233   7    0.00313
1632    320.0000  #e9e9e9  234   1    0.00000
1633    320.0000  #e9e9ea  234   2    0.00000
1634    320.2500  #eae9e9  234   3    0.00078
1635    320.0000  #eae9ea  234   4   -0.00078
1636    323.0000  #e9eae9  234   5    0.00933
1637    322.0000  #e9eaea  234   6   -0.00310
1638    322.7500  #eaeae9  234   7    0.00233
1639    323.0000  #eaeaea  235   1    0.00077
1640    323.0000  #eaeaeb  235   2    0.00000
1641    323.2500  #ebeaea  235   3    0.00077
1642    323.5000  #ebeaeb  235   4    0.00077
1643    324.0000  #eaebea  235   5    0.00154
1644    325.0000  #eaebeb  235   6    0.00308
1645    325.5000  #ebebea  235   7    0.00154
1646    326.0000  #ebebeb  236   1    0.00153
1647    326.0000  #ebebec  236   2    0.00000
1648    326.0000  #ecebeb  236   3    0.00000
1649    326.0000  #ecebec  236   4    0.00000
1650    329.2500  #ebeceb  236   5    0.00992
1651    327.7500  #ebecec  236   6   -0.00457
1652    328.5000  #ececeb  236   7    0.00229
1653    329.0000  #ececec  237   1    0.00152
1654    329.2500  #ececed  237   2    0.00076
1655    329.2500  #edecec  237   3    0.00000
1656    329.2500  #edeced  237   4    0.00000
1657    331.7500  #ecedec  237   5    0.00756
1658    330.5000  #eceded  237   6   -0.00378
1659    331.5000  #ededec  237   7    0.00302
1660    331.7500  #ededed  238   1    0.00075
1661    331.7500  #ededee  238   2    0.00000
1662    331.7500  #eeeded  238   3    0.00000
1663    331.7500  #eeedee  238   4    0.00000
1664    334.2500  #edeeed  238   5    0.00751
1665    333.7500  #edeeee  238   6   -0.00150
1666    334.2500  #eeeeed  238   7    0.00150
1667    335.0000  #eeeeee  239   1    0.00224
1668    335.0000  #eeeeef  239   2    0.00000
1669    335.0000  #efeeee  239   3    0.00000
1670    334.7500  #efeeef  239   4   -0.00075
1671    338.2500  #eeefee  239   5    0.01040
1672    336.7500  #eeefef  239   6   -0.00444
1673    337.2500  #efefee  239   7    0.00148
1674    337.7500  #efefef  240   1    0.00148
1675    337.7500  #efeff0  240   2    0.00000
1676    338.2500  #f0efef  240   3    0.00148
1677    338.2500  #f0eff0  240   4    0.00000
1678    338.7500  #eff0ef  240   5    0.00148
1679    339.7500  #eff0f0  240   6    0.00295
1680    340.2500  #f0f0ef  240   7    0.00147
1681    341.2500  #f0f0f0  241   1    0.00293
1682    341.2500  #f0f0f1  241   2    0.00000
1683    341.2500  #f1f0f0  241   3    0.00000
1684    341.2500  #f1f0f1  241   4    0.00000
1685    344.2500  #f0f1f0  241   5    0.00875
1686    343.0000  #f0f1f1  241   6   -0.00364
1687    343.5000  #f1f1f0  241   7    0.00146
1688    344.2500  #f1f1f1  242   1    0.00218
1689    344.2500  #f1f1f2  242   2    0.00000
1690    344.2500  #f2f1f1  242   3    0.00000
1691    344.2500  #f2f1f2  242   4    0.00000
1692    347.5000  #f1f2f1  242   5    0.00940
1693    346.2500  #f1f2f2  242   6   -0.00360
1694    346.7500  #f2f2f1  242   7    0.00144
1695    347.5000  #f2f2f2  243   1    0.00216
1696    347.5000  #f2f2f3  243   2    0.00000
1697    347.5000  #f3f2f2  243   3    0.00000
1698    347.5000  #f3f2f3  243   4    0.00000
1699    351.0000  #f2f3f2  243   5    0.01002
1700    349.5000  #f2f3f3  243   6   -0.00428
1701    350.5000  #f3f3f2  243   7    0.00286
1702    351.0000  #f3f3f3  244   1    0.00143
1703    351.0000  #f3f3f4  244   2    0.00000
1704    351.0000  #f4f3f3  244   3    0.00000
1705    350.7500  #f4f3f4  244   4   -0.00071
1706    354.5000  #f3f4f3  244   5    0.01063
1707    353.0000  #f3f4f4  244   6   -0.00424
1708    354.0000  #f4f4f3  244   7    0.00283
1709    354.5000  #f4f4f4  245   1    0.00141
1710    354.5000  #f4f4f5  245   2    0.00000
1711    354.5000  #f5f4f4  245   3    0.00000
1712    354.5000  #f5f4f5  245   4    0.00000
1713    358.0000  #f4f5f4  245   5    0.00982
1714    356.7500  #f4f5f5  245   6   -0.00350
1715    357.5000  #f5f5f4  245   7    0.00210
1716    358.0000  #f5f5f5  246   1    0.00140
1717    358.0000  #f5f5f6  246   2    0.00000
1718    358.0000  #f6f5f5  246   3    0.00000
1719    358.0000  #f6f5f6  246   4    0.00000
1720    361.0000  #f5f6f5  246   5    0.00834
1721    360.5000  #f5f6f6  246   6   -0.00139
1722    361.2500  #f6f6f5  246   7    0.00208
1723    362.2500  #f6f6f6  247   1    0.00276
1724    362.2500  #f6f6f7  247   2    0.00000
1725    362.2500  #f7f6f6  247   3    0.00000
1726    362.2500  #f7f6f7  247   4    0.00000
1727    366.7500  #f6f7f6  247   5    0.01235
1728    365.0000  #f6f7f7  247   6   -0.00478
1729    365.7500  #f7f7f6  247   7    0.00205
1730    366.5000  #f7f7f7  248   1    0.00205
1731    366.5000  #f7f7f8  248   2    0.00000
1732    366.5000  #f8f7f7  248   3    0.00000
1733    366.5000  #f8f7f8  248   4    0.00000
1734    368.0000  #f7f8f7  248   5    0.00408
1735    369.5000  #f7f8f8  248   6    0.00407
1736    370.2500  #f8f8f7  248   7    0.00203
1737    371.0000  #f8f8f8  249   1    0.00202
1738    371.2500  #f8f8f9  249   2    0.00067
1739    371.2500  #f9f8f8  249   3    0.00000
1740    371.0000  #f9f8f9  249   4   -0.00067
1741    375.7500  #f8f9f8  249   5    0.01272
1742    374.0000  #f8f9f9  249   6   -0.00467
1743    374.7500  #f9f9f8  249   7    0.00200
1744    375.7500  #f9f9f9  250   1    0.00266
1745    375.7500  #f9f9fa  250   2    0.00000
1746    375.7500  #faf9f9  250   3    0.00000
1747    375.7500  #faf9fa  250   4    0.00000
1748    380.7500  #f9faf9  250   5    0.01322
1749    378.5000  #f9fafa  250   6   -0.00593
1750    379.5000  #fafaf9  250   7    0.00264
1751    380.7500  #fafafa  251   1    0.00329
1752    380.2500  #fafafb  251   2   -0.00131
1753    380.5000  #fbfafa  251   3    0.00066
1754    380.5000  #fbfafb  251   4    0.00000
1755    384.0000  #fafbfa  251   5    0.00916
1756    383.2500  #fafbfb  251   6   -0.00196
1757    384.2500  #fbfbfa  251   7    0.00261
1758    385.5000  #fbfbfb  252   1    0.00325
1759    385.5000  #fbfbfc  252   2    0.00000
1760    385.5000  #fcfbfb  252   3    0.00000
1761    385.5000  #fcfbfc  252   4    0.00000
1762    391.2500  #fbfcfb  252   5    0.01481
1763    389.2500  #fbfcfc  252   6   -0.00512
1764    390.0000  #fcfcfb  252   7    0.00192
1765    391.0000  #fcfcfc  253   1    0.00256
1766    391.2500  #fcfcfd  253   2    0.00064
1767    391.2500  #fdfcfc  253   3    0.00000
1768    391.2500  #fdfcfd  253   4    0.00000
1769    392.7500  #fcfdfc  253   5    0.00383
1770    395.0000  #fcfdfd  253   6    0.00571
1771    396.0000  #fdfdfc  253   7    0.00253
1772    397.2500  #fdfdfd  254   1    0.00315
1773    397.2500  #fdfdfe  254   2    0.00000
1774    397.2500  #fefdfd  254   3    0.00000
1775    397.2500  #fefdfe  254   4    0.00000
1776    401.5000  #fdfefd  254   5    0.01064
1777    399.7500  #fdfefe  254   6   -0.00437
1778    400.5000  #fefefd  254   7    0.00187
1779    401.5000  #fefefe  255   1    0.00249
1780    401.5000  #fefeff  255   2    0.00000
1781    401.5000  #fffefe  255   3    0.00000
1782    401.5000  #fffeff  255   4    0.00000
1783    406.0000  #fefffe  255   5    0.01115
1784    404.5000  #feffff  255   6   -0.00370
1785    405.2500  #fffffe  255   7    0.00185
1786    406.0000  #ffffff  256   1    0.00185
