#  lumResponse - average luminance response
#  Display ID: GENERIC
#  1 files
#    78.1690 #ff0000
#   285.1100 #00ff00
#    56.0470 #0000ff
   1      0.1330  #000000    1   1 
   2      0.1360  #000001    1   2    0.02230
   3      0.1360  #010000    1   3    0.00000
   4      0.1330  #010001    1   4   -0.02230
   5      0.1380  #000100    1   5    0.03690
   6      0.1370  #000101    1   6   -0.00727
   7      0.1400  #010100    1   7    0.02166
   8      0.1410  #010101    2   1    0.00712
   9      0.1400  #010102    2   2   -0.00712
  10      0.1350  #020101    2   3   -0.03636
  11      0.1340  #020102    2   4   -0.00743
  12      0.1300  #010201    2   5   -0.03030
  13      0.1370  #010202    2   6    0.05243
  14      0.1340  #020201    2   7   -0.02214
  15      0.1530  #020202    3   1    0.13240
  16      0.1390  #020203    3   2   -0.09589
  17      0.1400  #030202    3   3    0.00717
  18      0.1350  #030203    3   4   -0.03636
  19      0.1370  #020302    3   5    0.01471
  20      0.1370  #020303    3   6    0.00000
  21      0.1360  #030302    3   7   -0.00733
  22      0.1400  #030303    4   1    0.02899
  23      0.1380  #030304    4   2   -0.01439
  24      0.1330  #040303    4   3   -0.03690
  25      0.1390  #040304    4   4    0.04412
  26      0.1580  #030403    4   5    0.12795
  27      0.1480  #030404    4   6   -0.06536
  28      0.1470  #040403    4   7   -0.00678
  29      0.1470  #040404    5   1    0.00000
  30      0.1390  #040405    5   2   -0.05594
  31      0.1470  #050404    5   3    0.05594
  32      0.1510  #050405    5   4    0.02685
  33      0.1530  #040504    5   5    0.01316
  34      0.1470  #040505    5   6   -0.04000
  35      0.1560  #050504    5   7    0.05941
  36      0.1480  #050505    6   1   -0.05263
  37      0.1500  #050506    6   2    0.01342
  38      0.1560  #060505    6   3    0.03922
  39      0.1600  #060506    6   4    0.02532
  40      0.1580  #050605    6   5   -0.01258
  41      0.1680  #050606    6   6    0.06135
  42      0.1570  #060605    6   7   -0.06769
  43      0.1640  #060606    7   1    0.04361
  44      0.1660  #060607    7   2    0.01212
  45      0.1660  #070606    7   3    0.00000
  46      0.1670  #070607    7   4    0.00601
  47      0.1660  #060706    7   5   -0.00601
  48      0.1680  #060707    7   6    0.01198
  49      0.1690  #070706    7   7    0.00593
  50      0.1810  #070707    8   1    0.06857
  51      0.1720  #070708    8   2   -0.05099
  52      0.1720  #080707    8   3    0.00000
  53      0.1740  #080708    8   4    0.01156
  54      0.1780  #070807    8   5    0.02273
  55      0.1780  #070808    8   6    0.00000
  56      0.1750  #080807    8   7   -0.01700
  57      0.1730  #080808    9   1   -0.01149
  58      0.1830  #080809    9   2    0.05618
  59      0.1930  #090808    9   3    0.05319
  60      0.1810  #090809    9   4   -0.06417
  61      0.1790  #080908    9   5   -0.01111
  62      0.1880  #080909    9   6    0.04905
  63      0.1940  #090908    9   7    0.03141
  64      0.2030  #090909   10   1    0.04534
  65      0.1900  #09090a   10   2   -0.06616
  66      0.1920  #0a0909   10   3    0.01047
  67      0.1960  #0a090a   10   4    0.02062
  68      0.2010  #090a09   10   5    0.02519
  69      0.1980  #090a0a   10   6   -0.01504
  70      0.2030  #0a0a09   10   7    0.02494
  71      0.2050  #0a0a0a   11   1    0.00980
  72      0.2080  #0a0a0b   11   2    0.01453
  73      0.2030  #0b0a0a   11   3   -0.02433
  74      0.2080  #0b0a0b   11   4    0.02433
  75      0.2020  #0a0b0a   11   5   -0.02927
  76      0.2210  #0a0b0b   11   6    0.08983
  77      0.2150  #0b0b0a   11   7   -0.02752
  78      0.2130  #0b0b0b   12   1   -0.00935
  79      0.2130  #0b0b0c   12   2    0.00000
  80      0.2230  #0c0b0b   12   3    0.04587
  81      0.2270  #0c0b0c   12   4    0.01778
  82      0.2160  #0b0c0b   12   5   -0.04966
  83      0.2280  #0b0c0c   12   6    0.05405
  84      0.2260  #0c0c0b   12   7   -0.00881
  85      0.2260  #0c0c0c   13   1    0.00000
  86      0.2280  #0c0c0d   13   2    0.00881
  87      0.2320  #0d0c0c   13   3    0.01739
  88      0.2340  #0d0c0d   13   4    0.00858
  89      0.2390  #0c0d0c   13   5    0.02114
  90      0.2440  #0c0d0d   13   6    0.02070
  91      0.2410  #0d0d0c   13   7   -0.01237
  92      0.2460  #0d0d0d   14   1    0.02053
  93      0.2440  #0d0d0e   14   2   -0.00816
  94      0.2690  #0e0d0d   14   3    0.09747
  95      0.2530  #0e0d0e   14   4   -0.06130
  96      0.2510  #0d0e0d   14   5   -0.00794
  97      0.2620  #0d0e0e   14   6    0.04288
  98      0.2600  #0e0e0d   14   7   -0.00766
  99      0.2630  #0e0e0e   15   1    0.01147
 100      0.2640  #0e0e0f   15   2    0.00380
 101      0.2590  #0f0e0e   15   3   -0.01912
 102      0.2660  #0f0e0f   15   4    0.02667
 103      0.2650  #0e0f0e   15   5   -0.00377
 104      0.2780  #0e0f0f   15   6    0.04788
 105      0.2790  #0f0f0e   15   7    0.00359
 106      0.2820  #0f0f0f   16   1    0.01070
 107      0.2950  #0f0f10   16   2    0.04506
 108      0.2820  #100f0f   16   3   -0.04506
 109      0.2990  #100f10   16   4    0.05852
 110      0.2860  #0f100f   16   5   -0.04444
 111      0.3000  #0f1010   16   6    0.04778
 112      0.2860  #10100f   16   7   -0.04778
 113      0.3100  #101010   17   1    0.08054
 114      0.3040  #101011   17   2   -0.01954
 115      0.3020  #111010   17   3   -0.00660
 116      0.3090  #111011   17   4    0.02291
 117      0.3060  #101110   17   5   -0.00976
 118      0.3130  #101111   17   6    0.02262
 119      0.3140  #111110   17   7    0.00319
 120      0.3180  #111111   18   1    0.01266
 121      0.3210  #111112   18   2    0.00939
 122      0.3120  #121111   18   3   -0.02844
 123      0.3310  #121112   18   4    0.05910
 124      0.3160  #111211   18   5   -0.04637
 125      0.3250  #111212   18   6    0.02808
 126      0.3260  #121211   18   7    0.00307
 127      0.3330  #121212   19   1    0.02124
 128      0.3330  #121213   19   2    0.00000
 129      0.3280  #131212   19   3   -0.01513
 130      0.3440  #131213   19   4    0.04762
 131      0.3400  #121312   19   5   -0.01170
 132      0.3300  #121313   19   6   -0.02985
 133      0.3340  #131312   19   7    0.01205
 134      0.3300  #131313   20   1   -0.01205
 135      0.3400  #131314   20   2    0.02985
 136      0.3390  #141313   20   3   -0.00295
 137      0.3420  #141314   20   4    0.00881
 138      0.3470  #131413   20   5    0.01451
 139      0.3510  #131414   20   6    0.01146
 140      0.3530  #141413   20   7    0.00568
 141      0.3530  #141414   21   1    0.00000
 142      0.3610  #141415   21   2    0.02241
 143      0.3640  #151414   21   3    0.00828
 144      0.3670  #151415   21   4    0.00821
 145      0.3540  #141514   21   5   -0.03606
 146      0.3720  #141515   21   6    0.04959
 147      0.3610  #151514   21   7   -0.03001
 148      0.3550  #151515   22   1   -0.01676
 149      0.3660  #151516   22   2    0.03051
 150      0.3660  #161515   22   3    0.00000
 151      0.3630  #161516   22   4   -0.00823
 152      0.3860  #151615   22   5    0.06142
 153      0.3880  #151616   22   6    0.00517
 154      0.3850  #161615   22   7   -0.00776
 155      0.3950  #161616   23   1    0.02564
 156      0.4050  #161617   23   2    0.02500
 157      0.4000  #171616   23   3   -0.01242
 158      0.4040  #171617   23   4    0.00995
 159      0.4010  #161716   23   5   -0.00745
 160      0.4110  #161717   23   6    0.02463
 161      0.4020  #171716   23   7   -0.02214
 162      0.4070  #171717   24   1    0.01236
 163      0.4340  #171718   24   2    0.06421
 164      0.4190  #181717   24   3   -0.03517
 165      0.4200  #181718   24   4    0.00238
 166      0.4140  #171817   24   5   -0.01439
 167      0.4100  #171818   24   6   -0.00971
 168      0.4250  #181817   24   7    0.03593
 169      0.4230  #181818   25   1   -0.00472
 170      0.4360  #181819   25   2    0.03027
 171      0.4290  #191818   25   3   -0.01618
 172      0.4340  #191819   25   4    0.01159
 173      0.4320  #181918   25   5   -0.00462
 174      0.4450  #181919   25   6    0.02965
 175      0.4300  #191918   25   7   -0.03429
 176      0.4430  #191919   26   1    0.02978
 177      0.4520  #19191a   26   2    0.02011
 178      0.4440  #1a1919   26   3   -0.01786
 179      0.4540  #1a191a   26   4    0.02227
 180      0.4500  #191a19   26   5   -0.00885
 181      0.4570  #191a1a   26   6    0.01544
 182      0.4620  #1a1a19   26   7    0.01088
 183      0.4690  #1a1a1a   27   1    0.01504
 184      0.4710  #1a1a1b   27   2    0.00426
 185      0.4670  #1b1a1a   27   3   -0.00853
 186      0.4730  #1b1a1b   27   4    0.01277
 187      0.4970  #1a1b1a   27   5    0.04948
 188      0.4990  #1a1b1b   27   6    0.00402
 189      0.4980  #1b1b1a   27   7   -0.00201
 190      0.5040  #1b1b1b   28   1    0.01198
 191      0.5140  #1b1b1c   28   2    0.01965
 192      0.5140  #1c1b1b   28   3    0.00000
 193      0.5190  #1c1b1c   28   4    0.00968
 194      0.5220  #1b1c1b   28   5    0.00576
 195      0.5300  #1b1c1c   28   6    0.01521
 196      0.5250  #1c1c1b   28   7   -0.00948
 197      0.5300  #1c1c1c   29   1    0.00948
 198      0.5380  #1c1c1d   29   2    0.01498
 199      0.5440  #1d1c1c   29   3    0.01109
 200      0.5500  #1d1c1d   29   4    0.01097
 201      0.5720  #1c1d1c   29   5    0.03922
 202      0.5790  #1c1d1d   29   6    0.01216
 203      0.5780  #1d1d1c   29   7   -0.00173
 204      0.5750  #1d1d1d   30   1   -0.00520
 205      0.5840  #1d1d1e   30   2    0.01553
 206      0.5700  #1e1d1d   30   3   -0.02426
 207      0.6140  #1e1d1e   30   4    0.07432
 208      0.5740  #1d1e1d   30   5   -0.06734
 209      0.6030  #1d1e1e   30   6    0.04928
 210      0.5890  #1e1e1d   30   7   -0.02349
 211      0.6180  #1e1e1e   31   1    0.04805
 212      0.6100  #1e1e1f   31   2   -0.01303
 213      0.6370  #1f1e1e   31   3    0.04330
 214      0.6060  #1f1e1f   31   4   -0.04988
 215      0.6330  #1e1f1e   31   5    0.04358
 216      0.6360  #1e1f1f   31   6    0.00473
 217      0.6340  #1f1f1e   31   7   -0.00315
 218      0.6480  #1f1f1f   32   1    0.02184
 219      0.6760  #1f1f20   32   2    0.04230
 220      0.6530  #201f1f   32   3   -0.03461
 221      0.6690  #201f20   32   4    0.02421
 222      0.6870  #1f201f   32   5    0.02655
 223      0.7090  #1f2020   32   6    0.03152
 224      0.7020  #20201f   32   7   -0.00992
 225      0.7100  #202020   33   1    0.01133
 226      0.7170  #202021   33   2    0.00981
 227      0.7180  #212020   33   3    0.00139
 228      0.7230  #212021   33   4    0.00694
 229      0.7480  #202120   33   5    0.03399
 230      0.7390  #202121   33   6   -0.01210
 231      0.7340  #212120   33   7   -0.00679
 232      0.7430  #212121   34   1    0.01219
 233      0.7580  #212122   34   2    0.01999
 234      0.7650  #222121   34   3    0.00919
 235      0.7710  #222122   34   4    0.00781
 236      0.8130  #212221   34   5    0.05303
 237      0.7750  #212222   34   6   -0.04786
 238      0.8140  #222221   34   7    0.04909
 239      0.8050  #222222   35   1   -0.01112
 240      0.8460  #222223   35   2    0.04967
 241      0.8090  #232222   35   3   -0.04471
 242      0.8430  #232223   35   4    0.04116
 243      0.8490  #222322   35   5    0.00709
 244      0.8760  #222323   35   6    0.03130
 245      0.8670  #232322   35   7   -0.01033
 246      0.8960  #232323   36   1    0.03290
 247      0.8770  #232324   36   2   -0.02143
 248      0.8950  #242323   36   3    0.02032
 249      0.9100  #242324   36   4    0.01662
 250      0.9340  #232423   36   5    0.02603
 251      0.9680  #232424   36   6    0.03575
 252      0.9530  #242423   36   7   -0.01562
 253      0.9580  #242424   37   1    0.00523
 254      0.9800  #242425   37   2    0.02270
 255      0.9680  #252424   37   3   -0.01232
 256      0.9920  #252425   37   4    0.02449
 257      1.0250  #242524   37   5    0.03272
 258      1.0360  #242525   37   6    0.01067
 259      1.0370  #252524   37   7    0.00096
 260      1.0670  #252525   38   1    0.02852
 261      1.0890  #252526   38   2    0.02041
 262      1.0940  #262525   38   3    0.00458
 263      1.0940  #262526   38   4    0.00000
 264      1.1270  #252625   38   5    0.02972
 265      1.1360  #252626   38   6    0.00795
 266      1.1410  #262625   38   7    0.00439
 267      1.1600  #262626   39   1    0.01651
 268      1.1380  #262627   39   2   -0.01915
 269      1.1580  #272626   39   3    0.01742
 270      1.1990  #272627   39   4    0.03479
 271      1.1760  #262726   39   5   -0.01937
 272      1.1930  #262727   39   6    0.01435
 273      1.2010  #272726   39   7    0.00668
 274      1.2250  #272727   40   1    0.01979
 275      1.2340  #272728   40   2    0.00732
 276      1.2360  #282727   40   3    0.00162
 277      1.2540  #282728   40   4    0.01446
 278      1.3080  #272827   40   5    0.04215
 279      1.3100  #272828   40   6    0.00153
 280      1.3530  #282827   40   7    0.03229
 281      1.3380  #282828   41   1   -0.01115
 282      1.3130  #282829   41   2   -0.01886
 283      1.3580  #292828   41   3    0.03370
 284      1.3240  #292829   41   4   -0.02535
 285      1.3990  #282928   41   5    0.05509
 286      1.3810  #282929   41   6   -0.01295
 287      1.4280  #292928   41   7    0.03346
 288      1.3880  #292929   42   1   -0.02841
 289      1.4560  #29292a   42   2    0.04782
 290      1.4280  #2a2929   42   3   -0.01942
 291      1.4980  #2a292a   42   4    0.04785
 292      1.4730  #292a29   42   5   -0.01683
 293      1.5550  #292a2a   42   6    0.05416
 294      1.5460  #2a2a29   42   7   -0.00580
 295      1.5650  #2a2a2a   43   1    0.01221
 296      1.5460  #2a2a2b   43   2   -0.01221
 297      1.6000  #2b2a2a   43   3    0.03433
 298      1.6010  #2b2a2b   43   4    0.00062
 299      1.6720  #2a2b2a   43   5    0.04339
 300      1.6620  #2a2b2b   43   6   -0.00600
 301      1.6740  #2b2b2a   43   7    0.00719
 302      1.6920  #2b2b2b   44   1    0.01070
 303      1.7450  #2b2b2c   44   2    0.03084
 304      1.7130  #2c2b2b   44   3   -0.01851
 305      1.7800  #2c2b2c   44   4    0.03836
 306      1.7200  #2b2c2b   44   5   -0.03429
 307      1.8110  #2b2c2c   44   6    0.05154
 308      1.7980  #2c2c2b   44   7   -0.00720
 309      1.8400  #2c2c2c   45   1    0.02309
 310      1.8700  #2c2c2d   45   2    0.01617
 311      1.9170  #2d2c2c   45   3    0.02482
 312      1.9730  #2d2c2d   45   4    0.02879
 313      1.9790  #2c2d2c   45   5    0.00304
 314      2.0030  #2c2d2d   45   6    0.01205
 315      2.0120  #2d2d2c   45   7    0.00448
 316      2.0420  #2d2d2d   46   1    0.01480
 317      2.0400  #2d2d2e   46   2   -0.00098
 318      2.0820  #2e2d2d   46   3    0.02038
 319      2.1280  #2e2d2e   46   4    0.02185
 320      2.1290  #2d2e2d   46   5    0.00047
 321      2.1330  #2d2e2e   46   6    0.00188
 322      2.1590  #2e2e2d   46   7    0.01212
 323      2.1230  #2e2e2e   47   1   -0.01681
 324      2.2580  #2e2e2f   47   2    0.06163
 325      2.2470  #2f2e2e   47   3   -0.00488
 326      2.2700  #2f2e2f   47   4    0.01018
 327      2.2790  #2e2f2e   47   5    0.00396
 328      2.3510  #2e2f2f   47   6    0.03110
 329      2.3750  #2f2f2e   47   7    0.01016
 330      2.3560  #2f2f2f   48   1   -0.00803
 331      2.4140  #2f2f30   48   2    0.02432
 332      2.3960  #302f2f   48   3   -0.00748
 333      2.4310  #302f30   48   4    0.01450
 334      2.4870  #2f302f   48   5    0.02277
 335      2.5510  #2f3030   48   6    0.02541
 336      2.5200  #30302f   48   7   -0.01223
 337      2.5640  #303030   49   1    0.01731
 338      2.6290  #303031   49   2    0.02503
 339      2.6100  #313030   49   3   -0.00725
 340      2.6720  #313031   49   4    0.02348
 341      2.6330  #303130   49   5   -0.01470
 342      2.7770  #303131   49   6    0.05323
 343      2.7370  #313130   49   7   -0.01451
 344      2.8040  #313131   50   1    0.02418
 345      2.8690  #313132   50   2    0.02292
 346      2.8730  #323131   50   3    0.00139
 347      2.9170  #323132   50   4    0.01520
 348      3.0130  #313231   50   5    0.03238
 349      3.0590  #313232   50   6    0.01515
 350      3.0760  #323231   50   7    0.00554
 351      3.0930  #323232   51   1    0.00551
 352      3.1730  #323233   51   2    0.02553
 353      3.0810  #333232   51   3   -0.02942
 354      3.2250  #333233   51   4    0.04567
 355      3.1920  #323332   51   5   -0.01029
 356      3.2500  #323333   51   6    0.01801
 357      3.2190  #333332   51   7   -0.00958
 358      3.2840  #333333   52   1    0.01999
 359      3.3210  #333334   52   2    0.01120
 360      3.3410  #343333   52   3    0.00600
 361      3.4020  #343334   52   4    0.01809
 362      3.4300  #333433   52   5    0.00820
 363      3.4700  #333434   52   6    0.01159
 364      3.5560  #343433   52   7    0.02448
 365      3.5620  #343434   53   1    0.00169
 366      3.5330  #343435   53   2   -0.00817
 367      3.7030  #353434   53   3    0.04699
 368      3.7420  #353435   53   4    0.01048
 369      3.7790  #343534   53   5    0.00984
 370      3.8460  #343535   53   6    0.01757
 371      3.8320  #353534   53   7   -0.00365
 372      3.9010  #353535   54   1    0.01785
 373      3.9780  #353536   54   2    0.01955
 374      3.9490  #363535   54   3   -0.00732
 375      4.0620  #363536   54   4    0.02821
 376      4.0950  #353635   54   5    0.00809
 377      4.2630  #353636   54   6    0.04020
 378      4.2270  #363635   54   7   -0.00848
 379      4.3100  #363636   55   1    0.01944
 380      4.3680  #363637   55   2    0.01337
 381      4.3790  #373636   55   3    0.00252
 382      4.4470  #373637   55   4    0.01541
 383      4.5460  #363736   55   5    0.02202
 384      4.6120  #363737   55   6    0.01441
 385      4.6150  #373736   55   7    0.00065
 386      4.6980  #373737   56   1    0.01782
 387      4.7960  #373738   56   2    0.02064
 388      4.7770  #383737   56   3   -0.00397
 389      4.9460  #383738   56   4    0.03476
 390      4.9650  #373837   56   5    0.00383
 391      5.0730  #373838   56   6    0.02152
 392      5.0490  #383837   56   7   -0.00474
 393      5.1360  #383838   57   1    0.01708
 394      5.2110  #383839   57   2    0.01450
 395      5.2600  #393838   57   3    0.00936
 396      5.3010  #393839   57   4    0.00776
 397      5.5750  #383938   57   5    0.05039
 398      5.6440  #383939   57   6    0.01230
 399      5.7260  #393938   57   7    0.01442
 400      5.7370  #393939   58   1    0.00192
 401      5.9170  #39393a   58   2    0.03089
 402      5.8510  #3a3939   58   3   -0.01122
 403      5.9810  #3a393a   58   4    0.02197
 404      6.0180  #393a39   58   5    0.00617
 405      6.1660  #393a3a   58   6    0.02429
 406      6.0970  #3a3a39   58   7   -0.01125
 407      6.2680  #3a3a3a   59   1    0.02766
 408      6.2850  #3a3a3b   59   2    0.00271
 409      6.3810  #3b3a3a   59   3    0.01516
 410      6.3780  #3b3a3b   59   4   -0.00047
 411      6.5620  #3a3b3a   59   5    0.02844
 412      6.5650  #3a3b3b   59   6    0.00046
 413      6.6210  #3b3b3a   59   7    0.00849
 414      6.6340  #3b3b3b   60   1    0.00196
 415      6.7660  #3b3b3c   60   2    0.01970
 416      6.8130  #3c3b3b   60   3    0.00692
 417      6.8670  #3c3b3c   60   4    0.00789
 418      7.0080  #3b3c3b   60   5    0.02032
 419      7.1110  #3b3c3c   60   6    0.01459
 420      7.1090  #3c3c3b   60   7   -0.00028
 421      7.2260  #3c3c3c   61   1    0.01632
 422      7.4160  #3c3c3d   61   2    0.02595
 423      7.3840  #3d3c3c   61   3   -0.00432
 424      7.7070  #3d3c3d   61   4    0.04281
 425      7.6570  #3c3d3c   61   5   -0.00651
 426      7.8960  #3c3d3d   61   6    0.03073
 427      7.8370  #3d3d3c   61   7   -0.00750
 428      8.3490  #3d3d3d   62   1    0.06326
 429      8.1900  #3d3d3e   62   2   -0.01923
 430      8.1780  #3e3d3d   62   3   -0.00147
 431      8.3250  #3e3d3e   62   4    0.01781
 432      8.4880  #3d3e3d   62   5    0.01939
 433      8.6720  #3d3e3e   62   6    0.02145
 434      8.7690  #3e3e3d   62   7    0.01112
 435      8.7910  #3e3e3e   63   1    0.00251
 436      9.0750  #3e3e3f   63   2    0.03179
 437      8.9950  #3f3e3e   63   3   -0.00885
 438      9.3710  #3f3e3f   63   4    0.04095
 439      9.2880  #3e3f3e   63   5   -0.00890
 440      9.6790  #3e3f3f   63   6    0.04123
 441      9.3960  #3f3f3e   63   7   -0.02967
 442      9.7840  #3f3f3f   64   1    0.04046
 443      9.8510  #3f3f40   64   2    0.00682
 444      9.9640  #403f3f   64   3    0.01141
 445      9.9950  #403f40   64   4    0.00311
 446     10.1600  #3f403f   64   5    0.01637
 447     10.2890  #3f4040   64   6    0.01262
 448     10.4700  #40403f   64   7    0.01744
 449     10.4740  #404040   65   1    0.00038
 450     11.1250  #404041   65   2    0.06028
 451     10.8730  #414040   65   3   -0.02291
 452     11.2510  #414041   65   4    0.03417
 453     11.2210  #404140   65   5   -0.00267
 454     11.6650  #404141   65   6    0.03880
 455     11.3700  #414140   65   7   -0.02561
 456     11.7990  #414141   66   1    0.03703
 457     11.8290  #414142   66   2    0.00254
 458     12.0460  #424141   66   3    0.01818
 459     12.1550  #424142   66   4    0.00901
 460     12.4430  #414241   66   5    0.02342
 461     12.6590  #414242   66   6    0.01721
 462     12.6370  #424241   66   7   -0.00174
 463     12.6830  #424242   67   1    0.00363
 464     12.9050  #424243   67   2    0.01735
 465     12.9540  #434242   67   3    0.00379
 466     13.1040  #434243   67   4    0.01151
 467     13.2260  #424342   67   5    0.00927
 468     13.4240  #424343   67   6    0.01486
 469     13.6790  #434342   67   7    0.01882
 470     13.6160  #434343   68   1   -0.00462
 471     13.9780  #434344   68   2    0.02624
 472     13.9130  #444343   68   3   -0.00466
 473     14.4310  #444344   68   4    0.03655
 474     14.3740  #434443   68   5   -0.00396
 475     14.8740  #434444   68   6    0.03419
 476     14.5970  #444443   68   7   -0.01880
 477     15.1210  #444444   69   1    0.03526
 478     15.1150  #444445   69   2   -0.00040
 479     15.7120  #454444   69   3    0.03873
 480     15.6900  #454445   69   4   -0.00140
 481     16.1210  #444544   69   5    0.02710
 482     16.1250  #444545   69   6    0.00025
 483     16.3650  #454544   69   7    0.01477
 484     16.3100  #454545   70   1   -0.00337
 485     16.9240  #454546   70   2    0.03695
 486     16.6450  #464545   70   3   -0.01662
 487     17.2030  #464546   70   4    0.03297
 488     17.1320  #454645   70   5   -0.00414
 489     17.7460  #454646   70   6    0.03521
 490     17.3920  #464645   70   7   -0.02015
 491     18.0870  #464646   71   1    0.03918
 492     18.0120  #464647   71   2   -0.00416
 493     18.3480  #474646   71   3    0.01848
 494     18.5770  #474647   71   4    0.01240
 495     18.7550  #464746   71   5    0.00954
 496     19.0090  #464747   71   6    0.01345
 497     18.9960  #474746   71   7   -0.00068
 498     19.0410  #474747   72   1    0.00237
 499     19.2990  #474748   72   2    0.01346
 500     19.3490  #484747   72   3    0.00259
 501     19.9040  #484748   72   4    0.02828
 502     19.6960  #474847   72   5   -0.01051
 503     19.9380  #474848   72   6    0.01221
 504     20.2440  #484847   72   7    0.01523
 505     20.6330  #484848   73   1    0.01903
 506     20.8990  #484849   73   2    0.01281
 507     20.8660  #494848   73   3   -0.00158
 508     21.0880  #494849   73   4    0.01058
 509     21.3650  #484948   73   5    0.01305
 510     21.6240  #484949   73   6    0.01205
 511     21.6210  #494948   73   7   -0.00014
 512     21.8760  #494949   74   1    0.01172
 513     21.7900  #49494a   74   2   -0.00394
 514     22.0120  #4a4949   74   3    0.01014
 515     22.0140  #4a494a   74   4    0.00009
 516     22.5480  #494a49   74   5    0.02397
 517     22.5400  #494a4a   74   6   -0.00035
 518     22.7880  #4a4a49   74   7    0.01094
 519     22.8430  #4a4a4a   75   1    0.00241
 520     23.3900  #4a4a4b   75   2    0.02366
 521     23.1110  #4b4a4a   75   3   -0.01200
 522     23.7060  #4b4a4b   75   4    0.02542
 523     23.6280  #4a4b4a   75   5   -0.00330
 524     24.6610  #4a4b4b   75   6    0.04278
 525     24.1930  #4b4b4a   75   7   -0.01916
 526     24.9650  #4b4b4b   76   1    0.03141
 527     24.8900  #4b4b4c   76   2   -0.00301
 528     25.2640  #4c4b4b   76   3    0.01491
 529     25.5400  #4c4b4c   76   4    0.01087
 530     25.7400  #4b4c4b   76   5    0.00780
 531     26.0400  #4b4c4c   76   6    0.01159
 532     26.0290  #4c4c4b   76   7   -0.00042
 533     26.3500  #4c4c4c   77   1    0.01226
 534     26.7560  #4c4c4d   77   2    0.01529
 535     26.1870  #4d4c4c   77   3   -0.02149
 536     27.0240  #4d4c4d   77   4    0.03146
 537     26.8830  #4c4d4c   77   5   -0.00523
 538     27.6060  #4c4d4d   77   6    0.02654
 539     27.5040  #4d4d4c   77   7   -0.00370
 540     27.9380  #4d4d4d   78   1    0.01566
 541     28.2770  #4d4d4e   78   2    0.01206
 542     28.2750  #4e4d4d   78   3   -0.00007
 543     28.5760  #4e4d4e   78   4    0.01059
 544     28.8060  #4d4e4d   78   5    0.00802
 545     29.1010  #4d4e4e   78   6    0.01019
 546     29.0600  #4e4e4d   78   7   -0.00141
 547     29.4700  #4e4e4e   79   1    0.01401
 548     29.3640  #4e4e4f   79   2   -0.00360
 549     29.6530  #4f4e4e   79   3    0.00979
 550     29.6870  #4f4e4f   79   4    0.00115
 551     30.2960  #4e4f4e   79   5    0.02031
 552     30.2140  #4e4f4f   79   6   -0.00271
 553     30.8680  #4f4f4e   79   7    0.02141
 554     31.0520  #4f4f4f   80   1    0.00594
 555     31.6490  #4f4f50   80   2    0.01904
 556     31.5450  #504f4f   80   3   -0.00329
 557     31.8280  #504f50   80   4    0.00893
 558     31.8380  #4f504f   80   5    0.00031
 559     32.5550  #4f5050   80   6    0.02227
 560     32.7770  #50504f   80   7    0.00680
 561     32.8850  #505050   81   1    0.00329
 562     32.8330  #505051   81   2   -0.00158
 563     33.2210  #515050   81   3    0.01175
 564     33.4650  #515051   81   4    0.00732
 565     33.8310  #505150   81   5    0.01088
 566     34.1430  #505151   81   6    0.00918
 567     34.0830  #515150   81   7   -0.00176
 568     34.3810  #515151   82   1    0.00871
 569     34.9100  #515152   82   2    0.01527
 570     34.2970  #525151   82   3   -0.01771
 571     35.1890  #525152   82   4    0.02567
 572     35.0540  #515251   82   5   -0.00384
 573     36.0090  #515252   82   6    0.02688
 574     35.7940  #525251   82   7   -0.00599
 575     36.3290  #525252   83   1    0.01484
 576     36.6730  #525253   83   2    0.00942
 577     36.6200  #535252   83   3   -0.00145
 578     36.9940  #535253   83   4    0.01016
 579     37.1570  #525352   83   5    0.00440
 580     37.4570  #525353   83   6    0.00804
 581     37.4410  #535352   83   7   -0.00043
 582     37.8330  #535353   84   1    0.01042
 583     38.2670  #535354   84   2    0.01141
 584     38.0130  #545353   84   3   -0.00666
 585     38.8740  #545354   84   4    0.02240
 586     38.5420  #535453   84   5   -0.00858
 587     39.0320  #535454   84   6    0.01263
 588     38.8070  #545453   84   7   -0.00578
 589     39.2360  #545454   85   1    0.01099
 590     39.6590  #545455   85   2    0.01072
 591     40.2660  #555454   85   3    0.01519
 592     40.4400  #555455   85   4    0.00431
 593     40.8970  #545554   85   5    0.01124
 594     41.3330  #545555   85   6    0.01060
 595     41.5930  #555554   85   7    0.00627
 596     41.6120  #555555   86   1    0.00046
 597     41.5820  #555556   86   2   -0.00072
 598     41.9110  #565555   86   3    0.00788
 599     42.2090  #565556   86   4    0.00709
 600     42.9940  #555655   86   5    0.01843
 601     43.3990  #555656   86   6    0.00938
 602     43.2700  #565655   86   7   -0.00298
 603     43.6790  #565656   87   1    0.00941
 604     44.2070  #565657   87   2    0.01202
 605     43.9140  #575656   87   3   -0.00665
 606     44.5310  #575657   87   4    0.01395
 607     44.0720  #565756   87   5   -0.01036
 608     45.2270  #565757   87   6    0.02587
 609     44.8430  #575756   87   7   -0.00853
 610     45.5210  #575757   88   1    0.01501
 611     45.9130  #575758   88   2    0.00857
 612     45.9360  #585757   88   3    0.00050
 613     46.3440  #585758   88   4    0.00884
 614     46.4830  #575857   88   5    0.00299
 615     46.8940  #575858   88   6    0.00880
 616     46.9020  #585857   88   7    0.00017
 617     47.3450  #585858   89   1    0.00940
 618     47.9270  #585859   89   2    0.01222
 619     47.6340  #595858   89   3   -0.00613
 620     49.1320  #595859   89   4    0.03096
 621     49.2190  #585958   89   5    0.00177
 622     50.1450  #585959   89   6    0.01864
 623     49.4350  #595958   89   7   -0.01426
 624     50.4870  #595959   90   1    0.02106
 625     50.4450  #59595a   90   2   -0.00083
 626     50.7450  #5a5959   90   3    0.00593
 627     50.7170  #5a595a   90   4   -0.00055
 628     51.2730  #595a59   90   5    0.01090
 629     51.6860  #595a5a   90   6    0.00802
 630     51.8510  #5a5a59   90   7    0.00319
 631     52.0180  #5a5a5a   91   1    0.00322
 632     52.7780  #5a5a5b   91   2    0.01450
 633     52.5220  #5b5a5a   91   3   -0.00486
 634     53.2830  #5b5a5b   91   4    0.01438
 635     53.2210  #5a5b5a   91   5   -0.00116
 636     54.2210  #5a5b5b   91   6    0.01861
 637     53.5790  #5b5b5a   91   7   -0.01191
 638     54.6600  #5b5b5b   92   1    0.01997
 639     54.6030  #5b5b5c   92   2   -0.00104
 640     55.0350  #5c5b5b   92   3    0.00788
 641     54.9230  #5c5b5c   92   4   -0.00204
 642     55.5880  #5b5c5b   92   5    0.01204
 643     55.7810  #5b5c5c   92   6    0.00347
 644     56.0270  #5c5c5b   92   7    0.00440
 645     56.1850  #5c5c5c   93   1    0.00282
 646     56.6240  #5c5c5d   93   2    0.00778
 647     57.0260  #5d5c5c   93   3    0.00707
 648     57.2800  #5d5c5d   93   4    0.00444
 649     58.0480  #5c5d5c   93   5    0.01332
 650     58.4090  #5c5d5d   93   6    0.00620
 651     58.6440  #5d5d5c   93   7    0.00402
 652     58.8300  #5d5d5d   94   1    0.00317
 653     58.7750  #5d5d5e   94   2   -0.00094
 654     58.5590  #5e5d5d   94   3   -0.00368
 655     59.9560  #5e5d5e   94   4    0.02358
 656     59.8110  #5d5e5d   94   5   -0.00242
 657     60.8690  #5d5e5e   94   6    0.01753
 658     60.1770  #5e5e5d   94   7   -0.01143
 659     61.2760  #5e5e5e   95   1    0.01810
 660     61.1880  #5e5e5f   95   2   -0.00144
 661     61.5930  #5f5e5e   95   3    0.00660
 662     61.5020  #5f5e5f   95   4   -0.00148
 663     62.2880  #5e5f5e   95   5    0.01270
 664     62.5580  #5e5f5f   95   6    0.00433
 665     62.9370  #5f5f5e   95   7    0.00604
 666     63.0430  #5f5f5f   96   1    0.00168
 667     63.9350  #5f5f60   96   2    0.01405
 668     63.5260  #605f5f   96   3   -0.00642
 669     64.3530  #605f60   96   4    0.01293
 670     64.3880  #5f605f   96   5    0.00054
 671     65.1890  #5f6060   96   6    0.01236
 672     64.9130  #60605f   96   7   -0.00424
 673     65.5760  #606060   97   1    0.01016
 674     65.8210  #606061   97   2    0.00373
 675     66.0310  #616060   97   3    0.00319
 676     66.1750  #616061   97   4    0.00218
 677     66.9160  #606160   97   5    0.01114
 678     66.8620  #606161   97   6   -0.00081
 679     67.2960  #616160   97   7    0.00647
 680     67.2220  #616161   98   1   -0.00110
 681     68.6840  #616162   98   2    0.02151
 682     68.2060  #626161   98   3   -0.00698
 683     68.9760  #626162   98   4    0.01123
 684     69.0020  #616261   98   5    0.00038
 685     69.7970  #616262   98   6    0.01146
 686     69.6100  #626261   98   7   -0.00268
 687     70.2240  #626262   99   1    0.00878
 688     70.4180  #626263   99   2    0.00276
 689     70.7830  #636262   99   3    0.00517
 690     71.1620  #636263   99   4    0.00534
 691     71.5920  #626362   99   5    0.00602
 692     72.0630  #626363   99   6    0.00656
 693     72.0670  #636362   99   7    0.00006
 694     72.4560  #636363  100   1    0.00538
 695     72.6370  #636364  100   2    0.00249
 696     72.7450  #646363  100   3    0.00149
 697     72.9620  #646364  100   4    0.00298
 698     73.2530  #636463  100   5    0.00398
 699     73.6020  #636464  100   6    0.00475
 700     74.0810  #646463  100   7    0.00649
 701     74.2190  #646464  101   1    0.00186
 702     75.1130  #646465  101   2    0.01197
 703     74.4670  #656464  101   3   -0.00864
 704     75.5200  #656465  101   4    0.01404
 705     75.6570  #646564  101   5    0.00181
 706     76.6700  #646565  101   6    0.01330
 707     75.9600  #656564  101   7   -0.00930
 708     77.5330  #656565  102   1    0.02050
 709     77.6570  #656566  102   2    0.00160
 710     77.8930  #666565  102   3    0.00303
 711     78.3770  #666566  102   4    0.00619
 712     78.6130  #656665  102   5    0.00301
 713     78.8050  #656666  102   6    0.00244
 714     78.9240  #666665  102   7    0.00151
 715     79.2070  #666666  103   1    0.00358
 716     80.1870  #666667  103   2    0.01230
 717     79.5650  #676666  103   3   -0.00779
 718     80.4290  #676667  103   4    0.01080
 719     80.4470  #666766  103   5    0.00022
 720     81.4170  #666767  103   6    0.01199
 721     81.1980  #676766  103   7   -0.00269
 722     81.8570  #676767  104   1    0.00808
 723     82.1610  #676768  104   2    0.00371
 724     82.3820  #686767  104   3    0.00269
 725     82.7820  #686768  104   4    0.00484
 726     83.2540  #676867  104   5    0.00569
 727     83.6770  #676868  104   6    0.00507
 728     83.7220  #686867  104   7    0.00054
 729     84.2050  #686868  105   1    0.00575
 730     84.1400  #686869  105   2   -0.00077
 731     84.2990  #696868  105   3    0.00189
 732     84.3730  #696869  105   4    0.00088
 733     84.6050  #686968  105   5    0.00275
 734     85.1410  #686969  105   6    0.00632
 735     85.2770  #696968  105   7    0.00160
 736     85.9330  #696969  106   1    0.00766
 737     86.5370  #69696a  106   2    0.00700
 738     87.0700  #6a6969  106   3    0.00614
 739     87.7210  #6a696a  106   4    0.00745
 740     87.6290  #696a69  106   5   -0.00105
 741     88.1840  #696a6a  106   6    0.00631
 742     88.2820  #6a6a69  106   7    0.00111
 743     88.6300  #6a6a6a  107   1    0.00393
 744     88.8480  #6a6a6b  107   2    0.00246
 745     89.1460  #6b6a6a  107   3    0.00335
 746     89.5960  #6b6a6b  107   4    0.00504
 747     90.1300  #6a6b6a  107   5    0.00594
 748     90.5850  #6a6b6b  107   6    0.00504
 749     90.3730  #6b6b6a  107   7   -0.00234
 750     90.2480  #6b6b6b  108   1   -0.00138
 751     91.6670  #6b6b6c  108   2    0.01560
 752     90.7860  #6c6b6b  108   3   -0.00966
 753     91.9210  #6c6b6c  108   4    0.01242
 754     91.7100  #6b6c6b  108   5   -0.00230
 755     92.6430  #6b6c6c  108   6    0.01012
 756     92.3900  #6c6c6b  108   7   -0.00273
 757     93.1250  #6c6c6c  109   1    0.00792
 758     93.2790  #6c6c6d  109   2    0.00165
 759     93.4990  #6d6c6c  109   3    0.00236
 760     94.0590  #6d6c6d  109   4    0.00597
 761     94.2950  #6c6d6c  109   5    0.00251
 762     94.7400  #6c6d6d  109   6    0.00471
 763     95.1730  #6d6d6c  109   7    0.00456
 764     95.7610  #6d6d6d  110   1    0.00616
 765     96.2900  #6d6d6e  110   2    0.00551
 766     96.0910  #6e6d6d  110   3   -0.00207
 767     96.9000  #6e6d6e  110   4    0.00838
 768     96.7200  #6d6e6d  110   5   -0.00186
 769     97.7190  #6d6e6e  110   6    0.01028
 770     97.0140  #6e6e6d  110   7   -0.00724
 771     97.7790  #6e6e6e  111   1    0.00785
 772     98.3380  #6e6e6f  111   2    0.00570
 773     98.2090  #6f6e6e  111   3   -0.00131
 774     98.6800  #6f6e6f  111   4    0.00478
 775     99.1310  #6e6f6e  111   5    0.00456
 776     99.7190  #6e6f6f  111   6    0.00591
 777     99.9750  #6f6f6e  111   7    0.00256
 778    100.1200  #6f6f6f  112   1    0.00145
 779    100.2400  #6f6f70  112   2    0.00120
 780    100.5600  #706f6f  112   3    0.00319
 781    100.9300  #706f70  112   4    0.00367
 782    101.2200  #6f706f  112   5    0.00287
 783    101.7400  #6f7070  112   6    0.00512
 784    101.6100  #70706f  112   7   -0.00128
 785    102.1000  #707070  113   1    0.00481
 786    102.6900  #707071  113   2    0.00576
 787    102.0100  #717070  113   3   -0.00664
 788    103.1100  #717071  113   4    0.01073
 789    102.7800  #707170  113   5   -0.00321
 790    104.2400  #707171  113   6    0.01410
 791    104.5900  #717170  113   7    0.00335
 792    104.6300  #717171  114   1    0.00038
 793    105.1300  #717172  114   2    0.00477
 794    105.1200  #727171  114   3   -0.00010
 795    105.4700  #727172  114   4    0.00332
 796    105.7900  #717271  114   5    0.00303
 797    106.1700  #717272  114   6    0.00359
 798    106.2200  #727271  114   7    0.00047
 799    106.6800  #727272  115   1    0.00432
 800    107.2700  #727273  115   2    0.00552
 801    107.1000  #737272  115   3   -0.00159
 802    108.0600  #737273  115   4    0.00892
 803    108.2300  #727372  115   5    0.00157
 804    109.3300  #727373  115   6    0.01011
 805    108.5100  #737372  115   7   -0.00753
 806    109.4800  #737373  116   1    0.00890
 807    109.7100  #737374  116   2    0.00210
 808    109.5100  #747373  116   3   -0.00182
 809    110.1200  #747374  116   4    0.00555
 810    110.2300  #737473  116   5    0.00100
 811    110.6900  #737474  116   6    0.00416
 812    110.9700  #747473  116   7    0.00253
 813    111.2100  #747474  117   1    0.00216
 814    112.1700  #747475  117   2    0.00860
 815    111.5100  #757474  117   3   -0.00590
 816    112.5100  #757475  117   4    0.00893
 817    112.1900  #747574  117   5   -0.00285
 818    113.4800  #747575  117   6    0.01143
 819    112.5300  #757574  117   7   -0.00841
 820    114.0600  #757575  118   1    0.01350
 821    113.7000  #757576  118   2   -0.00316
 822    114.2500  #767575  118   3    0.00483
 823    114.0500  #767576  118   4   -0.00175
 824    115.6300  #757675  118   5    0.01376
 825    115.5300  #757676  118   6   -0.00087
 826    115.9200  #767675  118   7    0.00337
 827    115.9400  #767676  119   1    0.00017
 828    116.4600  #767677  119   2    0.00448
 829    116.5000  #777676  119   3    0.00034
 830    116.8600  #777677  119   4    0.00309
 831    117.1600  #767776  119   5    0.00256
 832    117.5500  #767777  119   6    0.00332
 833    117.5500  #777776  119   7    0.00000
 834    118.0400  #777777  120   1    0.00416
 835    118.5700  #777778  120   2    0.00448
 836    118.4400  #787777  120   3   -0.00110
 837    118.9600  #787778  120   4    0.00438
 838    118.8500  #777877  120   5   -0.00093
 839    119.5200  #777878  120   6    0.00562
 840    119.2000  #787877  120   7   -0.00268
 841    119.8100  #787878  121   1    0.00510
 842    120.2700  #787879  121   2    0.00383
 843    120.2300  #797878  121   3   -0.00033
 844    120.7200  #797879  121   4    0.00407
 845    121.1200  #787978  121   5    0.00331
 846    121.5600  #787979  121   6    0.00363
 847    121.9000  #797978  121   7    0.00279
 848    122.0600  #797979  122   1    0.00131
 849    123.7000  #79797a  122   2    0.01335
 850    123.0800  #7a7979  122   3   -0.00502
 851    124.0400  #7a797a  122   4    0.00777
 852    124.0000  #797a79  122   5   -0.00032
 853    125.0300  #797a7a  122   6    0.00827
 854    124.4200  #7a7a79  122   7   -0.00489
 855    125.5800  #7a7a7a  123   1    0.00928
 856    125.5700  #7a7a7b  123   2   -0.00008
 857    126.0500  #7b7a7a  123   3    0.00382
 858    126.4500  #7b7a7b  123   4    0.00317
 859    126.5500  #7a7b7a  123   5    0.00079
 860    126.5700  #7a7b7b  123   6    0.00016
 861    126.8100  #7b7b7a  123   7    0.00189
 862    126.8500  #7b7b7b  124   1    0.00032
 863    128.1700  #7b7b7c  124   2    0.01035
 864    127.3700  #7c7b7b  124   3   -0.00626
 865    128.5000  #7c7b7c  124   4    0.00883
 866    128.3000  #7b7c7b  124   5   -0.00156
 867    129.0500  #7b7c7c  124   6    0.00583
 868    128.8000  #7c7c7b  124   7   -0.00194
 869    129.4200  #7c7c7c  125   1    0.00480
 870    129.8400  #7c7c7d  125   2    0.00324
 871    129.7700  #7d7c7c  125   3   -0.00054
 872    130.1300  #7d7c7d  125   4    0.00277
 873    131.0000  #7c7d7c  125   5    0.00666
 874    131.5800  #7c7d7d  125   6    0.00442
 875    131.3200  #7d7d7c  125   7   -0.00198
 876    131.7300  #7d7d7d  126   1    0.00312
 877    131.8600  #7d7d7e  126   2    0.00099
 878    132.2500  #7e7d7d  126   3    0.00295
 879    132.3000  #7e7d7e  126   4    0.00038
 880    133.7700  #7d7e7d  126   5    0.01105
 881    133.8100  #7d7e7e  126   6    0.00030
 882    134.1600  #7e7e7d  126   7    0.00261
 883    134.1300  #7e7e7e  127   1   -0.00022
 884    135.3200  #7e7e7f  127   2    0.00883
 885    134.5400  #7f7e7e  127   3   -0.00578
 886    135.6800  #7f7e7f  127   4    0.00844
 887    135.1600  #7e7f7e  127   5   -0.00384
 888    136.3100  #7e7f7f  127   6    0.00847
 889    135.5700  #7f7f7e  127   7   -0.00544
 890    136.7300  #7f7f7f  128   1    0.00852
 891    136.7400  #7f7f80  128   2    0.00007
 892    137.2000  #807f7f  128   3    0.00336
 893    137.5800  #807f80  128   4    0.00277
 894    138.2100  #7f807f  128   5    0.00457
 895    138.1400  #7f8080  128   6   -0.00051
 896    138.7300  #80807f  128   7    0.00426
 897    139.2200  #808080  129   1    0.00353
 898    139.7800  #808081  129   2    0.00401
 899    139.4800  #818080  129   3   -0.00215
 900    140.2100  #818081  129   4    0.00522
 901    140.3400  #808180  129   5    0.00093
 902    141.2400  #808181  129   6    0.00639
 903    141.0200  #818180  129   7   -0.00156
 904    141.5800  #818181  130   1    0.00396
 905    142.0000  #818182  130   2    0.00296
 906    142.0300  #828181  130   3    0.00021
 907    142.4800  #828182  130   4    0.00316
 908    142.6500  #818281  130   5    0.00119
 909    142.9900  #818282  130   6    0.00238
 910    142.9400  #828281  130   7   -0.00035
 911    143.4400  #828282  131   1    0.00349
 912    143.8900  #828283  131   2    0.00313
 913    143.9800  #838282  131   3    0.00063
 914    145.9700  #838283  131   4    0.01373
 915    145.2700  #828382  131   5   -0.00481
 916    145.4000  #828383  131   6    0.00089
 917    145.6500  #838382  131   7    0.00172
 918    146.8800  #838383  132   1    0.00841
 919    146.8600  #838384  132   2   -0.00014
 920    147.1500  #848383  132   3    0.00197
 921    147.2200  #848384  132   4    0.00048
 922    147.6700  #838483  132   5    0.00305
 923    148.1200  #838484  132   6    0.00304
 924    148.5900  #848483  132   7    0.00317
 925    148.6500  #848484  133   1    0.00040
 926    148.6300  #848485  133   2   -0.00013
 927    149.0400  #858484  133   3    0.00275
 928    149.4200  #858485  133   4    0.00255
 929    149.6200  #848584  133   5    0.00134
 930    149.8700  #848585  133   6    0.00167
 931    149.9900  #858584  133   7    0.00080
 932    150.4700  #858585  134   1    0.00320
 933    151.0500  #858586  134   2    0.00385
 934    150.7800  #868585  134   3   -0.00179
 935    151.5300  #868586  134   4    0.00496
 936    150.8500  #858685  134   5   -0.00450
 937    151.8400  #858686  134   6    0.00654
 938    151.6400  #868685  134   7   -0.00132
 939    152.2500  #868686  135   1    0.00401
 940    152.7500  #868687  135   2    0.00328
 941    152.8400  #878686  135   3    0.00059
 942    153.2700  #878687  135   4    0.00281
 943    153.5500  #868786  135   5    0.00183
 944    154.1600  #868787  135   6    0.00396
 945    154.1000  #878786  135   7   -0.00039
 946    154.6200  #878787  136   1    0.00337
 947    155.2300  #878788  136   2    0.00394
 948    154.8800  #888787  136   3   -0.00226
 949    156.0600  #888788  136   4    0.00759
 950    155.9000  #878887  136   5   -0.00103
 951    156.5700  #878888  136   6    0.00429
 952    156.3800  #888887  136   7   -0.00121
 953    157.0600  #888888  137   1    0.00434
 954    157.5100  #888889  137   2    0.00286
 955    157.2200  #898888  137   3   -0.00184
 956    157.8200  #898889  137   4    0.00381
 957    158.1400  #888988  137   5    0.00203
 958    158.5100  #888989  137   6    0.00234
 959    158.3700  #898988  137   7   -0.00088
 960    158.9100  #898989  138   1    0.00340
 961    158.8800  #89898a  138   2   -0.00019
 962    159.4000  #8a8989  138   3    0.00327
 963    159.6900  #8a898a  138   4    0.00182
 964    160.0700  #898a89  138   5    0.00238
 965    160.0000  #898a8a  138   6   -0.00044
 966    160.2500  #8a8a89  138   7    0.00156
 967    160.2200  #8a8a8a  139   1   -0.00019
 968    161.5000  #8a8a8b  139   2    0.00796
 969    161.3300  #8b8a8a  139   3   -0.00105
 970    161.8600  #8b8a8b  139   4    0.00328
 971    161.3600  #8a8b8a  139   5   -0.00309
 972    162.4300  #8a8b8b  139   6    0.00661
 973    162.9500  #8b8b8a  139   7    0.00320
 974    162.8100  #8b8b8b  140   1   -0.00086
 975    163.0200  #8b8b8c  140   2    0.00129
 976    163.2600  #8c8b8b  140   3    0.00147
 977    163.8600  #8c8b8c  140   4    0.00367
 978    164.3200  #8b8c8b  140   5    0.00280
 979    164.7100  #8b8c8c  140   6    0.00237
 980    164.7400  #8c8c8b  140   7    0.00018
 981    165.2100  #8c8c8c  141   1    0.00285
 982    165.8000  #8c8c8d  141   2    0.00356
 983    165.2700  #8d8c8c  141   3   -0.00320
 984    166.0900  #8d8c8d  141   4    0.00495
 985    165.5600  #8c8d8c  141   5   -0.00320
 986    166.8300  #8c8d8d  141   6    0.00764
 987    166.4200  #8d8d8c  141   7   -0.00246
 988    167.4100  #8d8d8d  142   1    0.00593
 989    167.9700  #8d8d8e  142   2    0.00334
 990    167.9300  #8e8d8d  142   3   -0.00024
 991    168.3600  #8e8d8e  142   4    0.00256
 992    169.2300  #8d8e8d  142   5    0.00515
 993    169.6300  #8d8e8e  142   6    0.00236
 994    169.4600  #8e8e8d  142   7   -0.00100
 995    169.9800  #8e8e8e  143   1    0.00306
 996    170.5500  #8e8e8f  143   2    0.00335
 997    170.3300  #8f8e8e  143   3   -0.00129
 998    171.0900  #8f8e8f  143   4    0.00445
 999    170.9800  #8e8f8e  143   5   -0.00064
1000    171.7800  #8e8f8f  143   6    0.00467
1001    171.3600  #8f8f8e  143   7   -0.00245
1002    171.9800  #8f8f8f  144   1    0.00361
1003    172.4700  #8f8f90  144   2    0.00285
1004    172.3800  #908f8f  144   3   -0.00052
1005    172.9300  #908f90  144   4    0.00319
1006    173.0100  #8f908f  144   5    0.00046
1007    173.3700  #8f9090  144   6    0.00208
1008    173.3600  #90908f  144   7   -0.00006
1009    173.9700  #909090  145   1    0.00351
1010    173.8500  #909091  145   2   -0.00069
1011    174.3500  #919090  145   3    0.00287
1012    174.5800  #919091  145   4    0.00132
1013    174.4700  #909190  145   5   -0.00063
1014    174.9600  #909191  145   6    0.00280
1015    174.7600  #919190  145   7   -0.00114
1016    174.7300  #919191  146   1   -0.00017
1017    176.0100  #919192  146   2    0.00730
1018    175.2700  #929191  146   3   -0.00421
1019    176.2600  #929192  146   4    0.00563
1020    176.3500  #919291  146   5    0.00051
1021    177.3400  #919292  146   6    0.00560
1022    177.1100  #929291  146   7   -0.00130
1023    177.5900  #929292  147   1    0.00271
1024    177.7300  #929293  147   2    0.00079
1025    177.9600  #939292  147   3    0.00129
1026    178.4900  #939293  147   4    0.00297
1027    178.6900  #929392  147   5    0.00112
1028    179.2100  #929393  147   6    0.00291
1029    178.9500  #939392  147   7   -0.00145
1030    179.5500  #939393  148   1    0.00335
1031    180.2900  #939394  148   2    0.00411
1032    179.8600  #949393  148   3   -0.00239
1033    180.6600  #949394  148   4    0.00444
1034    180.7000  #939493  148   5    0.00022
1035    181.4200  #939494  148   6    0.00398
1036    181.0600  #949493  148   7   -0.00199
1037    181.7900  #949494  149   1    0.00402
1038    182.1800  #949495  149   2    0.00214
1039    182.1000  #959494  149   3   -0.00044
1040    182.4300  #959495  149   4    0.00181
1041    182.3700  #949594  149   5   -0.00033
1042    182.6700  #949595  149   6    0.00164
1043    182.6000  #959594  149   7   -0.00038
1044    183.0800  #959595  150   1    0.00263
1045    183.8100  #959596  150   2    0.00398
1046    183.6500  #969595  150   3   -0.00087
1047    184.7400  #969596  150   4    0.00592
1048    184.3300  #959695  150   5   -0.00222
1049    185.6300  #959696  150   6    0.00703
1050    184.7200  #969695  150   7   -0.00491
1051    185.3400  #969696  151   1    0.00335
1052    185.9000  #969697  151   2    0.00302
1053    185.6900  #979696  151   3   -0.00113
1054    186.3200  #979697  151   4    0.00339
1055    186.8900  #969796  151   5    0.00305
1056    187.4000  #969797  151   6    0.00273
1057    187.7400  #979796  151   7    0.00181
1058    187.9700  #979797  152   1    0.00122
1059    187.8000  #979798  152   2   -0.00090
1060    188.1400  #989797  152   3    0.00181
1061    188.4500  #989798  152   4    0.00165
1062    188.6100  #979897  152   5    0.00085
1063    188.9800  #979898  152   6    0.00196
1064    188.8500  #989897  152   7   -0.00069
1065    189.3400  #989898  153   1    0.00259
1066    189.7300  #989899  153   2    0.00206
1067    189.6100  #999898  153   3   -0.00063
1068    190.0900  #999899  153   4    0.00253
1069    190.3900  #989998  153   5    0.00158
1070    190.9300  #989999  153   6    0.00283
1071    190.7400  #999998  153   7   -0.00100
1072    191.2400  #999999  154   1    0.00262
1073    191.5500  #99999a  154   2    0.00162
1074    191.6900  #9a9999  154   3    0.00073
1075    192.0100  #9a999a  154   4    0.00167
1076    192.8000  #999a99  154   5    0.00411
1077    193.1000  #999a9a  154   6    0.00155
1078    193.1500  #9a9a99  154   7    0.00026
1079    193.6800  #9a9a9a  155   1    0.00274
1080    194.1200  #9a9a9b  155   2    0.00227
1081    193.9400  #9b9a9a  155   3   -0.00093
1082    194.6200  #9b9a9b  155   4    0.00350
1083    194.6500  #9a9b9a  155   5    0.00015
1084    195.3500  #9a9b9b  155   6    0.00359
1085    195.1800  #9b9b9a  155   7   -0.00087
1086    195.6700  #9b9b9b  156   1    0.00251
1087    196.3200  #9b9b9c  156   2    0.00332
1088    196.0100  #9c9b9b  156   3   -0.00158
1089    196.5600  #9c9b9c  156   4    0.00280
1090    196.9000  #9b9c9b  156   5    0.00173
1091    197.3900  #9b9c9c  156   6    0.00249
1092    197.3100  #9c9c9b  156   7   -0.00041
1093    197.8700  #9c9c9c  157   1    0.00283
1094    198.4700  #9c9c9d  157   2    0.00303
1095    198.0300  #9d9c9c  157   3   -0.00222
1096    198.7000  #9d9c9d  157   4    0.00338
1097    198.5700  #9c9d9c  157   5   -0.00065
1098    199.6200  #9c9d9d  157   6    0.00527
1099    198.6800  #9d9d9c  157   7   -0.00472
1100    200.0500  #9d9d9d  158   1    0.00687
1101    199.8800  #9d9d9e  158   2   -0.00085
1102    199.6900  #9e9d9d  158   3   -0.00095
1103    200.0600  #9e9d9e  158   4    0.00185
1104    200.5300  #9d9e9d  158   5    0.00235
1105    200.9900  #9d9e9e  158   6    0.00229
1106    200.9100  #9e9e9d  158   7   -0.00040
1107    201.4200  #9e9e9e  159   1    0.00254
1108    201.3700  #9e9e9f  159   2   -0.00025
1109    201.7200  #9f9e9e  159   3    0.00174
1110    202.1800  #9f9e9f  159   4    0.00228
1111    202.6500  #9e9f9e  159   5    0.00232
1112    203.2900  #9e9f9f  159   6    0.00315
1113    202.9800  #9f9f9e  159   7   -0.00153
1114    203.3000  #9f9f9f  160   1    0.00158
1115    204.0200  #9f9fa0  160   2    0.00354
1116    203.3700  #a09f9f  160   3   -0.00319
1117    204.4000  #a09fa0  160   4    0.00505
1118    204.0600  #9fa09f  160   5   -0.00166
1119    204.6900  #9fa0a0  160   6    0.00308
1120    204.4300  #a0a09f  160   7   -0.00127
1121    205.0600  #a0a0a0  161   1    0.00308
1122    205.5000  #a0a0a1  161   2    0.00214
1123    205.6300  #a1a0a0  161   3    0.00063
1124    205.8900  #a1a0a1  161   4    0.00126
1125    206.3100  #a0a1a0  161   5    0.00204
1126    206.6700  #a0a1a1  161   6    0.00174
1127    206.9100  #a1a1a0  161   7    0.00116
1128    207.3600  #a1a1a1  162   1    0.00217
1129    207.7300  #a1a1a2  162   2    0.00178
1130    207.3500  #a2a1a1  162   3   -0.00183
1131    208.8800  #a2a1a2  162   4    0.00735
1132    208.3800  #a1a2a1  162   5   -0.00240
1133    209.2400  #a1a2a2  162   6    0.00412
1134    208.9900  #a2a2a1  162   7   -0.00120
1135    209.7300  #a2a2a2  163   1    0.00353
1136    210.3000  #a2a2a3  163   2    0.00271
1137    210.2500  #a3a2a2  163   3   -0.00024
1138    210.5100  #a3a2a3  163   4    0.00124
1139    210.4000  #a2a3a2  163   5   -0.00052
1140    210.9400  #a2a3a3  163   6    0.00256
1141    211.2900  #a3a3a2  163   7    0.00166
1142    211.1100  #a3a3a3  164   1   -0.00085
1143    211.2300  #a3a3a4  164   2    0.00057
1144    211.7900  #a4a3a3  164   3    0.00265
1145    211.9900  #a4a3a4  164   4    0.00094
1146    213.1200  #a3a4a3  164   5    0.00532
1147    213.1300  #a3a4a4  164   6    0.00005
1148    213.5300  #a4a4a3  164   7    0.00188
1149    214.0100  #a4a4a4  165   1    0.00225
1150    214.3300  #a4a4a5  165   2    0.00149
1151    214.1700  #a5a4a4  165   3   -0.00075
1152    214.7300  #a5a4a5  165   4    0.00261
1153    214.7500  #a4a5a4  165   5    0.00009
1154    215.1000  #a4a5a5  165   6    0.00163
1155    215.5700  #a5a5a4  165   7    0.00218
1156    215.8300  #a5a5a5  166   1    0.00121
1157    215.6600  #a5a5a6  166   2   -0.00079
1158    215.8700  #a6a5a5  166   3    0.00097
1159    216.4200  #a6a5a6  166   4    0.00254
1160    216.4200  #a5a6a5  166   5    0.00000
1161    216.7200  #a5a6a6  166   6    0.00139
1162    216.7600  #a6a6a5  166   7    0.00018
1163    217.0600  #a6a6a6  167   1    0.00138
1164    217.8200  #a6a6a7  167   2    0.00350
1165    217.6100  #a7a6a6  167   3   -0.00096
1166    218.2000  #a7a6a7  167   4    0.00271
1167    217.7900  #a6a7a6  167   5   -0.00188
1168    218.9300  #a6a7a7  167   6    0.00522
1169    218.7200  #a7a7a6  167   7   -0.00096
1170    219.1700  #a7a7a7  168   1    0.00206
1171    219.7400  #a7a7a8  168   2    0.00260
1172    219.8200  #a8a7a7  168   3    0.00036
1173    220.0400  #a8a7a8  168   4    0.00100
1174    220.1200  #a7a8a7  168   5    0.00036
1175    220.5600  #a7a8a8  168   6    0.00200
1176    220.3700  #a8a8a7  168   7   -0.00086
1177    220.7500  #a8a8a8  169   1    0.00172
1178    221.4900  #a8a8a9  169   2    0.00335
1179    221.3500  #a9a8a8  169   3   -0.00063
1180    222.4800  #a9a8a9  169   4    0.00509
1181    222.3000  #a8a9a8  169   5   -0.00081
1182    222.9500  #a8a9a9  169   6    0.00292
1183    222.5900  #a9a9a8  169   7   -0.00162
1184    222.9500  #a9a9a9  170   1    0.00162
1185    223.6000  #a9a9aa  170   2    0.00291
1186    223.4500  #aaa9a9  170   3   -0.00067
1187    224.0700  #aaa9aa  170   4    0.00277
1188    223.9100  #a9aaa9  170   5   -0.00071
1189    224.3400  #a9aaaa  170   6    0.00192
1190    224.8300  #aaaaa9  170   7    0.00218
1191    224.8000  #aaaaaa  171   1   -0.00013
1192    225.1800  #aaaaab  171   2    0.00169
1193    225.1400  #abaaaa  171   3   -0.00018
1194    225.4600  #abaaab  171   4    0.00142
1195    226.2500  #aaabaa  171   5    0.00350
1196    226.5200  #aaabab  171   6    0.00119
1197    226.2500  #ababaa  171   7   -0.00119
1198    226.7800  #ababab  172   1    0.00234
1199    227.3200  #ababac  172   2    0.00238
1200    227.0800  #acabab  172   3   -0.00106
1201    227.6200  #acabac  172   4    0.00238
1202    227.6400  #abacab  172   5    0.00009
1203    228.2200  #abacac  172   6    0.00254
1204    228.5700  #acacab  172   7    0.00153
1205    228.3600  #acacac  173   1   -0.00092
1206    228.8300  #acacad  173   2    0.00206
1207    228.7900  #adacac  173   3   -0.00017
1208    229.1200  #adacad  173   4    0.00144
1209    229.8300  #acadac  173   5    0.00309
1210    230.0000  #acadad  173   6    0.00074
1211    230.0200  #adadac  173   7    0.00009
1212    230.3400  #adadad  174   1    0.00139
1213    230.9900  #adadae  174   2    0.00282
1214    230.6700  #aeadad  174   3   -0.00139
1215    231.3300  #aeadae  174   4    0.00286
1216    231.7000  #adaead  174   5    0.00160
1217    232.1200  #adaeae  174   6    0.00181
1218    232.0300  #aeaead  174   7   -0.00039
1219    232.3400  #aeaeae  175   1    0.00134
1220    232.9200  #aeaeaf  175   2    0.00249
1221    232.8500  #afaeae  175   3   -0.00030
1222    233.4800  #afaeaf  175   4    0.00270
1223    233.7500  #aeafae  175   5    0.00116
1224    234.2500  #aeafaf  175   6    0.00214
1225    234.0200  #afafae  175   7   -0.00098
1226    234.6000  #afafaf  176   1    0.00248
1227    235.3000  #afafb0  176   2    0.00298
1228    234.8000  #b0afaf  176   3   -0.00213
1229    236.1000  #b0afb0  176   4    0.00552
1230    235.8100  #afb0af  176   5   -0.00123
1231    236.4500  #afb0b0  176   6    0.00271
1232    236.1400  #b0b0af  176   7   -0.00131
1233    236.8500  #b0b0b0  177   1    0.00300
1234    237.3200  #b0b0b1  177   2    0.00198
1235    237.0600  #b1b0b0  177   3   -0.00110
1236    237.5600  #b1b0b1  177   4    0.00211
1237    237.5900  #b0b1b0  177   5    0.00013
1238    237.9700  #b0b1b1  177   6    0.00160
1239    238.2600  #b1b1b0  177   7    0.00122
1240    238.2000  #b1b1b1  178   1   -0.00025
1241    238.2400  #b1b1b2  178   2    0.00017
1242    238.6700  #b2b1b1  178   3    0.00180
1243    239.1100  #b2b1b2  178   4    0.00184
1244    239.5100  #b1b2b1  178   5    0.00167
1245    239.5600  #b1b2b2  178   6    0.00021
1246    239.8500  #b2b2b1  178   7    0.00121
1247    239.7000  #b2b2b2  179   1   -0.00063
1248    240.9800  #b2b2b3  179   2    0.00533
1249    240.1100  #b3b2b2  179   3   -0.00362
1250    241.3000  #b3b2b3  179   4    0.00494
1251    241.1300  #b2b3b2  179   5   -0.00070
1252    242.2500  #b2b3b3  179   6    0.00463
1253    241.8000  #b3b3b2  179   7   -0.00186
1254    242.6300  #b3b3b3  180   1    0.00343
1255    242.5500  #b3b3b4  180   2   -0.00033
1256    242.8600  #b4b3b3  180   3    0.00128
1257    243.4300  #b4b3b4  180   4    0.00234
1258    243.3800  #b3b4b3  180   5   -0.00021
1259    243.7900  #b3b4b4  180   6    0.00168
1260    243.7500  #b4b4b3  180   7   -0.00016
1261    244.3300  #b4b4b4  181   1    0.00238
1262    244.7800  #b4b4b5  181   2    0.00184
1263    244.5900  #b5b4b4  181   3   -0.00078
1264    245.4300  #b5b4b5  181   4    0.00343
1265    245.0900  #b4b5b4  181   5   -0.00139
1266    246.1500  #b4b5b5  181   6    0.00432
1267    245.7900  #b5b5b4  181   7   -0.00146
1268    246.5600  #b5b5b5  182   1    0.00313
1269    246.9900  #b5b5b6  182   2    0.00174
1270    246.8400  #b6b5b5  182   3   -0.00061
1271    247.4300  #b6b5b6  182   4    0.00239
1272    247.6700  #b5b6b5  182   5    0.00097
1273    248.2600  #b5b6b6  182   6    0.00238
1274    248.3000  #b6b6b5  182   7    0.00016
1275    248.8600  #b6b6b6  183   1    0.00225
1276    249.6600  #b6b6b7  183   2    0.00321
1277    249.2500  #b7b6b6  183   3   -0.00164
1278    250.5700  #b7b6b7  183   4    0.00528
1279    250.5000  #b6b7b6  183   5   -0.00028
1280    251.4300  #b6b7b7  183   6    0.00371
1281    250.8400  #b7b7b6  183   7   -0.00235
1282    251.4300  #b7b7b7  184   1    0.00235
1283    252.1300  #b7b7b8  184   2    0.00278
1284    251.7500  #b8b7b7  184   3   -0.00151
1285    252.3000  #b8b7b8  184   4    0.00218
1286    252.8500  #b7b8b7  184   5    0.00218
1287    253.4000  #b7b8b8  184   6    0.00217
1288    253.7000  #b8b8b7  184   7    0.00118
1289    253.7400  #b8b8b8  185   1    0.00016
1290    253.6000  #b8b8b9  185   2   -0.00055
1291    253.9800  #b9b8b8  185   3    0.00150
1292    254.5400  #b9b8b9  185   4    0.00220
1293    254.2700  #b8b9b8  185   5   -0.00106
1294    255.0400  #b8b9b9  185   6    0.00302
1295    254.5800  #b9b9b8  185   7   -0.00181
1296    254.6600  #b9b9b9  186   1    0.00031
1297    256.1400  #b9b9ba  186   2    0.00579
1298    255.1400  #bab9b9  186   3   -0.00391
1299    256.4400  #bab9ba  186   4    0.00508
1300    255.8100  #b9bab9  186   5   -0.00246
1301    257.1400  #b9baba  186   6    0.00519
1302    256.8200  #babab9  186   7   -0.00125
1303    257.6000  #bababa  187   1    0.00303
1304    257.6700  #bababb  187   2    0.00027
1305    258.0600  #bbbaba  187   3    0.00151
1306    258.6300  #bbbabb  187   4    0.00221
1307    258.7300  #babbba  187   5    0.00039
1308    259.3900  #babbbb  187   6    0.00255
1309    259.3100  #bbbbba  187   7   -0.00031
1310    260.0100  #bbbbbb  188   1    0.00270
1311    260.5000  #bbbbbc  188   2    0.00188
1312    260.0200  #bcbbbb  188   3   -0.00184
1313    260.7600  #bcbbbc  188   4    0.00284
1314    261.0800  #bbbcbb  188   5    0.00123
1315    261.8000  #bbbcbc  188   6    0.00275
1316    261.6300  #bcbcbb  188   7   -0.00065
1317    262.1200  #bcbcbc  189   1    0.00187
1318    262.6900  #bcbcbd  189   2    0.00217
1319    262.4700  #bdbcbc  189   3   -0.00084
1320    263.0200  #bdbcbd  189   4    0.00209
1321    263.5600  #bcbdbc  189   5    0.00205
1322    264.0000  #bcbdbd  189   6    0.00167
1323    263.9400  #bdbdbc  189   7   -0.00023
1324    264.5600  #bdbdbd  190   1    0.00235
1325    264.2900  #bdbdbe  190   2   -0.00102
1326    264.8000  #bebdbd  190   3    0.00193
1327    265.3000  #bebdbe  190   4    0.00189
1328    264.9300  #bdbebd  190   5   -0.00140
1329    265.9800  #bdbebe  190   6    0.00396
1330    265.2000  #bebebd  190   7   -0.00294
1331    265.8300  #bebebe  191   1    0.00237
1332    266.2000  #bebebf  191   2    0.00139
1333    266.3400  #bfbebe  191   3    0.00053
1334    266.8000  #bfbebf  191   4    0.00173
1335    266.8200  #bebfbe  191   5    0.00007
1336    267.2100  #bebfbf  191   6    0.00146
1337    267.8100  #bfbfbe  191   7    0.00224
1338    267.6000  #bfbfbf  192   1   -0.00078
1339    268.1000  #bfbfc0  192   2    0.00187
1340    267.9800  #c0bfbf  192   3   -0.00045
1341    268.6300  #c0bfc0  192   4    0.00242
1342    269.3000  #bfc0bf  192   5    0.00249
1343    269.6700  #bfc0c0  192   6    0.00137
1344    269.5400  #c0c0bf  192   7   -0.00048
1345    269.3200  #c0c0c0  193   1   -0.00082
1346    270.7900  #c0c0c1  193   2    0.00544
1347    269.7200  #c1c0c0  193   3   -0.00396
1348    271.2100  #c1c0c1  193   4    0.00551
1349    270.8700  #c0c1c0  193   5   -0.00125
1350    272.0700  #c0c1c1  193   6    0.00442
1351    271.5900  #c1c1c0  193   7   -0.00177
1352    272.3100  #c1c1c1  194   1    0.00265
1353    272.8900  #c1c1c2  194   2    0.00213
1354    272.9700  #c2c1c1  194   3    0.00029
1355    273.2600  #c2c1c2  194   4    0.00106
1356    273.6000  #c1c2c1  194   5    0.00124
1357    274.1400  #c1c2c2  194   6    0.00197
1358    274.0400  #c2c2c1  194   7   -0.00036
1359    274.4300  #c2c2c2  195   1    0.00142
1360    275.1900  #c2c2c3  195   2    0.00277
1361    274.8100  #c3c2c2  195   3   -0.00138
1362    275.5100  #c3c2c3  195   4    0.00254
1363    275.7200  #c2c3c2  195   5    0.00076
1364    276.2600  #c2c3c3  195   6    0.00196
1365    276.0600  #c3c3c2  195   7   -0.00072
1366    276.6200  #c3c3c3  196   1    0.00203
1367    277.1400  #c3c3c4  196   2    0.00188
1368    277.0500  #c4c3c3  196   3   -0.00032
1369    277.3500  #c4c3c4  196   4    0.00108
1370    277.8000  #c3c4c3  196   5    0.00162
1371    278.3400  #c3c4c4  196   6    0.00194
1372    278.3000  #c4c4c3  196   7   -0.00014
1373    278.8800  #c4c4c4  197   1    0.00208
1374    278.9000  #c4c4c5  197   2    0.00007
1375    279.4100  #c5c4c4  197   3    0.00183
1376    279.0800  #c5c4c5  197   4   -0.00118
1377    280.1300  #c4c5c4  197   5    0.00376
1378    280.2100  #c4c5c5  197   6    0.00029
1379    280.3900  #c5c5c4  197   7    0.00064
1380    280.2900  #c5c5c5  198   1   -0.00036
1381    281.6900  #c5c5c6  198   2    0.00498
1382    281.4600  #c6c5c5  198   3   -0.00082
1383    282.1600  #c6c5c6  198   4    0.00248
1384    281.6600  #c5c6c5  198   5   -0.00177
1385    282.1800  #c5c6c6  198   6    0.00184
1386    282.6500  #c6c6c5  198   7    0.00166
1387    282.7200  #c6c6c6  199   1    0.00025
1388    283.1600  #c6c6c7  199   2    0.00156
1389    282.9500  #c7c6c6  199   3   -0.00074
1390    283.5000  #c7c6c7  199   4    0.00194
1391    284.0900  #c6c7c6  199   5    0.00208
1392    284.3900  #c6c7c7  199   6    0.00106
1393    284.2000  #c7c7c6  199   7   -0.00067
1394    284.7900  #c7c7c7  200   1    0.00207
1395    285.5700  #c7c7c8  200   2    0.00274
1396    285.0100  #c8c7c7  200   3   -0.00196
1397    285.7500  #c8c7c8  200   4    0.00259
1398    285.6900  #c7c8c7  200   5   -0.00021
1399    286.8100  #c7c8c8  200   6    0.00391
1400    286.3100  #c8c8c7  200   7   -0.00174
1401    287.0500  #c8c8c8  201   1    0.00258
1402    287.6700  #c8c8c9  201   2    0.00216
1403    287.4400  #c9c8c8  201   3   -0.00080
1404    288.0300  #c9c8c9  201   4    0.00205
1405    288.3100  #c8c9c8  201   5    0.00097
1406    288.9100  #c8c9c9  201   6    0.00208
1407    288.6500  #c9c9c8  201   7   -0.00090
1408    289.2600  #c9c9c9  202   1    0.00211
1409    289.9000  #c9c9ca  202   2    0.00221
1410    289.5900  #cac9c9  202   3   -0.00107
1411    291.1700  #cac9ca  202   4    0.00544
1412    290.3500  #c9cac9  202   5   -0.00282
1413    291.2500  #c9caca  202   6    0.00309
1414    291.1900  #cacac9  202   7   -0.00021
1415    292.1600  #cacaca  203   1    0.00333
1416    292.7400  #cacacb  203   2    0.00198
1417    292.8000  #cbcaca  203   3    0.00020
1418    293.2300  #cbcacb  203   4    0.00147
1419    293.4300  #cacbca  203   5    0.00068
1420    293.9600  #cacbcb  203   6    0.00180
1421    294.0000  #cbcbca  203   7    0.00014
1422    294.6400  #cbcbcb  204   1    0.00217
1423    294.5300  #cbcbcc  204   2   -0.00037
1424    294.7600  #cccbcb  204   3    0.00078
1425    295.3900  #cccbcc  204   4    0.00214
1426    295.3000  #cbcccb  204   5   -0.00030
1427    295.5800  #cbcccc  204   6    0.00095
1428    295.6600  #cccccb  204   7    0.00027
1429    296.1200  #cccccc  205   1    0.00155
1430    296.7800  #cccccd  205   2    0.00223
1431    296.5500  #cdcccc  205   3   -0.00078
1432    297.0200  #cdcccd  205   4    0.00158
1433    296.9100  #cccdcc  205   5   -0.00037
1434    297.8900  #cccdcd  205   6    0.00330
1435    297.7300  #cdcdcc  205   7   -0.00054
1436    298.3700  #cdcdcd  206   1    0.00215
1437    298.3800  #cdcdce  206   2    0.00003
1438    298.8300  #cecdcd  206   3    0.00151
1439    299.4300  #cecdce  206   4    0.00201
1440    299.6400  #cdcecd  206   5    0.00070
1441    300.4300  #cdcece  206   6    0.00263
1442    300.0000  #cececd  206   7   -0.00143
1443    300.3100  #cecece  207   1    0.00103
1444    301.3100  #cececf  207   2    0.00332
1445    300.9300  #cfcece  207   3   -0.00126
1446    301.7900  #cfcecf  207   4    0.00285
1447    301.5900  #cecfce  207   5   -0.00066
1448    302.9500  #cecfcf  207   6    0.00450
1449    302.6300  #cfcfce  207   7   -0.00106
1450    303.6000  #cfcfcf  208   1    0.00320
1451    304.0300  #cfcfd0  208   2    0.00142
1452    303.8700  #d0cfcf  208   3   -0.00053
1453    304.3800  #d0cfd0  208   4    0.00168
1454    304.5800  #cfd0cf  208   5    0.00066
1455    305.2000  #cfd0d0  208   6    0.00203
1456    305.2800  #d0d0cf  208   7    0.00026
1457    305.7800  #d0d0d0  209   1    0.00164
1458    306.2700  #d0d0d1  209   2    0.00160
1459    306.0300  #d1d0d0  209   3   -0.00078
1460    306.7300  #d1d0d1  209   4    0.00228
1461    306.3700  #d0d1d0  209   5   -0.00117
1462    307.0700  #d0d1d1  209   6    0.00228
1463    306.6900  #d1d1d0  209   7   -0.00124
1464    307.1900  #d1d1d1  210   1    0.00163
1465    307.6800  #d1d1d2  210   2    0.00159
1466    307.6900  #d2d1d1  210   3    0.00003
1467    308.1300  #d2d1d2  210   4    0.00143
1468    308.5300  #d1d2d1  210   5    0.00130
1469    309.0100  #d1d2d2  210   6    0.00155
1470    309.3600  #d2d2d1  210   7    0.00113
1471    309.4700  #d2d2d2  211   1    0.00036
1472    309.3700  #d2d2d3  211   2   -0.00032
1473    309.9700  #d3d2d2  211   3    0.00194
1474    310.4600  #d3d2d3  211   4    0.00158
1475    310.6600  #d2d3d2  211   5    0.00064
1476    310.7900  #d2d3d3  211   6    0.00042
1477    310.9600  #d3d3d2  211   7    0.00055
1478    310.8500  #d3d3d3  212   1   -0.00035
1479    312.4300  #d3d3d4  212   2    0.00507
1480    311.5300  #d4d3d3  212   3   -0.00288
1481    312.7700  #d4d3d4  212   4    0.00397
1482    312.0500  #d3d4d3  212   5   -0.00230
1483    313.5400  #d3d4d4  212   6    0.00476
1484    313.2800  #d4d4d3  212   7   -0.00083
1485    314.1900  #d4d4d4  213   1    0.00290
1486    313.9400  #d4d4d5  213   2   -0.00080
1487    314.2800  #d5d4d4  213   3    0.00108
1488    314.8400  #d5d4d5  213   4    0.00178
1489    314.8100  #d4d5d4  213   5   -0.00010
1490    315.4700  #d4d5d5  213   6    0.00209
1491    315.1400  #d5d5d4  213   7   -0.00105
1492    315.6600  #d5d5d5  214   1    0.00165
1493    316.5100  #d5d5d6  214   2    0.00269
1494    316.1700  #d6d5d5  214   3   -0.00107
1495    316.6700  #d6d5d6  214   4    0.00158
1496    316.7000  #d5d6d5  214   5    0.00009
1497    318.2900  #d5d6d6  214   6    0.00501
1498    317.7600  #d6d6d5  214   7   -0.00167
1499    318.4500  #d6d6d6  215   1    0.00217
1500    318.9900  #d6d6d7  215   2    0.00169
1501    319.0100  #d7d6d6  215   3    0.00006
1502    319.5000  #d7d6d7  215   4    0.00153
1503    319.6600  #d6d7d6  215   5    0.00050
1504    320.1100  #d6d7d7  215   6    0.00141
1505    320.1100  #d7d7d6  215   7    0.00000
1506    320.8000  #d7d7d7  216   1    0.00215
1507    321.5000  #d7d7d8  216   2    0.00218
1508    321.0300  #d8d7d7  216   3   -0.00146
1509    322.2800  #d8d7d8  216   4    0.00389
1510    321.6200  #d7d8d7  216   5   -0.00205
1511    322.5400  #d7d8d8  216   6    0.00286
1512    322.2700  #d8d8d7  216   7   -0.00084
1513    323.0200  #d8d8d8  217   1    0.00232
1514    323.6900  #d8d8d9  217   2    0.00207
1515    323.2800  #d9d8d8  217   3   -0.00127
1516    324.0100  #d9d8d9  217   4    0.00226
1517    323.6200  #d8d9d8  217   5   -0.00120
1518    324.3200  #d8d9d9  217   6    0.00216
1519    324.5000  #d9d9d8  217   7    0.00055
1520    324.5500  #d9d9d9  218   1    0.00015
1521    325.0200  #d9d9da  218   2    0.00145
1522    324.9500  #dad9d9  218   3   -0.00022
1523    325.5800  #dad9da  218   4    0.00194
1524    325.9800  #d9dad9  218   5    0.00123
1525    325.9500  #d9dada  218   6   -0.00009
1526    326.1200  #dadad9  218   7    0.00052
1527    326.1800  #dadada  219   1    0.00018
1528    327.5300  #dadadb  219   2    0.00413
1529    326.6200  #dbdada  219   3   -0.00278
1530    327.7700  #dbdadb  219   4    0.00351
1531    328.0200  #dadbda  219   5    0.00076
1532    329.1500  #dadbdb  219   6    0.00344
1533    328.9400  #dbdbda  219   7   -0.00064
1534    329.8500  #dbdbdb  220   1    0.00276
1535    329.8500  #dbdbdc  220   2    0.00000
1536    330.2700  #dcdbdb  220   3    0.00127
1537    330.8500  #dcdbdc  220   4    0.00175
1538    330.9500  #dbdcdb  220   5    0.00030
1539    331.5600  #dbdcdc  220   6    0.00184
1540    331.4300  #dcdcdb  220   7   -0.00039
1541    331.8400  #dcdcdc  221   1    0.00124
1542    332.7700  #dcdcdd  221   2    0.00280
1543    332.2100  #dddcdc  221   3   -0.00168
1544    332.9600  #dddcdd  221   4    0.00226
1545    332.4900  #dcdddc  221   5   -0.00141
1546    333.7800  #dcdddd  221   6    0.00387
1547    333.4400  #dddddc  221   7   -0.00102
1548    334.2200  #dddddd  222   1    0.00234
1549    334.8100  #ddddde  222   2    0.00176
1550    334.5000  #dedddd  222   3   -0.00093
1551    335.1900  #deddde  222   4    0.00206
1552    335.7000  #dddedd  222   5    0.00152
1553    336.2400  #dddede  222   6    0.00161
1554    335.9300  #dededd  222   7   -0.00092
1555    336.6600  #dedede  223   1    0.00217
1556    336.8500  #dededf  223   2    0.00056
1557    337.0700  #dfdede  223   3    0.00065
1558    338.3000  #dfdedf  223   4    0.00364
1559    337.7900  #dedfde  223   5   -0.00151
1560    338.2400  #dedfdf  223   6    0.00133
1561    338.4800  #dfdfde  223   7    0.00071
1562    339.2300  #dfdfdf  224   1    0.00221
1563    339.7300  #dfdfe0  224   2    0.00147
1564    339.8100  #e0dfdf  224   3    0.00024
1565    340.3400  #e0dfe0  224   4    0.00156
1566    339.6600  #dfe0df  224   5   -0.00200
1567    340.2400  #dfe0e0  224   6    0.00171
1568    341.1600  #e0e0df  224   7    0.00270
1569    340.9100  #e0e0e0  225   1   -0.00073
1570    341.2300  #e0e0e1  225   2    0.00094
1571    341.1600  #e1e0e0  225   3   -0.00021
1572    341.9300  #e1e0e1  225   4    0.00225
1573    342.5800  #e0e1e0  225   5    0.00190
1574    342.2600  #e0e1e1  225   6   -0.00093
1575    342.6700  #e1e1e0  225   7    0.00120
1576    342.6400  #e1e1e1  226   1   -0.00009
1577    344.3000  #e1e1e2  226   2    0.00483
1578    343.1500  #e2e1e1  226   3   -0.00335
1579    344.2900  #e2e1e2  226   4    0.00332
1580    344.5400  #e1e2e1  226   5    0.00073
1581    345.6500  #e1e2e2  226   6    0.00322
1582    345.1700  #e2e2e1  226   7   -0.00139
1583    345.8900  #e2e2e2  227   1    0.00208
1584    345.9300  #e2e2e3  227   2    0.00012
1585    346.3000  #e3e2e2  227   3    0.00107
1586    346.8800  #e3e2e3  227   4    0.00167
1587    346.3900  #e2e3e2  227   5   -0.00141
1588    347.1500  #e2e3e3  227   6    0.00219
1589    346.8500  #e3e3e2  227   7   -0.00086
1590    347.4800  #e3e3e3  228   1    0.00181
1591    348.1200  #e3e3e4  228   2    0.00184
1592    347.7100  #e4e3e3  228   3   -0.00118
1593    348.5100  #e4e3e4  228   4    0.00230
1594    348.9900  #e3e4e3  228   5    0.00138
1595    349.6400  #e3e4e4  228   6    0.00186
1596    349.2400  #e4e4e3  228   7   -0.00114
1597    350.0400  #e4e4e4  229   1    0.00229
1598    350.8100  #e4e4e5  229   2    0.00220
1599    350.4200  #e5e4e4  229   3   -0.00111
1600    351.1100  #e5e4e5  229   4    0.00197
1601    351.9800  #e4e5e4  229   5    0.00247
1602    352.6900  #e4e5e5  229   6    0.00202
1603    352.4600  #e5e5e4  229   7   -0.00065
1604    353.0800  #e5e5e5  230   1    0.00176
1605    352.8000  #e5e5e6  230   2   -0.00079
1606    353.3900  #e6e5e5  230   3    0.00167
1607    353.0100  #e6e5e6  230   4   -0.00108
1608    353.4200  #e5e6e5  230   5    0.00116
1609    354.2100  #e5e6e6  230   6    0.00223
1610    353.8800  #e6e6e5  230   7   -0.00093
1611    354.5200  #e6e6e6  231   1    0.00181
1612    355.1700  #e6e6e7  231   2    0.00183
1613    355.0500  #e7e6e6  231   3   -0.00034
1614    355.6000  #e7e6e7  231   4    0.00155
1615    355.4500  #e6e7e6  231   5   -0.00042
1616    356.7000  #e6e7e7  231   6    0.00351
1617    356.4500  #e7e7e6  231   7   -0.00070
1618    357.2000  #e7e7e7  232   1    0.00210
1619    357.2900  #e7e7e8  232   2    0.00025
1620    357.6800  #e8e7e7  232   3    0.00109
1621    358.2100  #e8e7e8  232   4    0.00148
1622    358.2200  #e7e8e7  232   5    0.00003
1623    358.5800  #e7e8e8  232   6    0.00100
1624    358.5700  #e8e8e7  232   7   -0.00003
1625    359.0500  #e8e8e8  233   1    0.00134
1626    359.9300  #e8e8e9  233   2    0.00245
1627    359.5800  #e9e8e8  233   3   -0.00097
1628    360.3500  #e9e8e9  233   4    0.00214
1629    359.5500  #e8e9e8  233   5   -0.00222
1630    360.6400  #e8e9e9  233   6    0.00303
1631    360.6100  #e9e9e8  233   7   -0.00008
1632    361.3100  #e9e9e9  234   1    0.00194
1633    361.8600  #e9e9ea  234   2    0.00152
1634    361.7400  #eae9e9  234   3   -0.00033
1635    362.2700  #eae9ea  234   4    0.00146
1636    362.7600  #e9eae9  234   5    0.00135
1637    363.3200  #e9eaea  234   6    0.00154
1638    363.3300  #eaeae9  234   7    0.00003
1639    363.8800  #eaeaea  235   1    0.00151
1640    364.4800  #eaeaeb  235   2    0.00165
1641    363.9700  #ebeaea  235   3   -0.00140
1642    364.9500  #ebeaeb  235   4    0.00269
1643    364.6900  #eaebea  235   5   -0.00071
1644    365.5800  #eaebeb  235   6    0.00244
1645    365.2200  #ebebea  235   7   -0.00099
1646    365.6800  #ebebeb  236   1    0.00126
1647    366.4100  #ebebec  236   2    0.00199
1648    366.2700  #ecebeb  236   3   -0.00038
1649    366.9200  #ecebec  236   4    0.00177
1650    367.3900  #ebeceb  236   5    0.00128
1651    368.1000  #ebecec  236   6    0.00193
1652    367.7000  #ececeb  236   7   -0.00109
1653    368.4900  #ececec  237   1    0.00215
1654    368.5300  #ececed  237   2    0.00011
1655    368.9500  #edecec  237   3    0.00114
1656    369.1100  #edeced  237   4    0.00043
1657    370.0300  #ecedec  237   5    0.00249
1658    370.0100  #eceded  237   6   -0.00005
1659    370.2300  #ededec  237   7    0.00059
1660    370.4100  #ededed  238   1    0.00049
1661    371.8300  #ededee  238   2    0.00383
1662    371.0700  #eeeded  238   3   -0.00205
1663    372.2000  #eeedee  238   4    0.00304
1664    371.4800  #edeeed  238   5   -0.00194
1665    372.6300  #edeeee  238   6    0.00309
1666    372.5700  #eeeeed  238   7   -0.00016
1667    373.2700  #eeeeee  239   1    0.00188
1668    373.4600  #eeeeef  239   2    0.00051
1669    374.1800  #efeeee  239   3    0.00193
1670    374.5800  #efeeef  239   4    0.00107
1671    375.6700  #eeefee  239   5    0.00291
1672    376.2600  #eeefef  239   6    0.00157
1673    376.2200  #efefee  239   7   -0.00011
1674    376.6300  #efefef  240   1    0.00109
1675    377.3100  #efeff0  240   2    0.00180
1676    376.2800  #f0efef  240   3   -0.00273
1677    378.0300  #f0eff0  240   4    0.00464
1678    377.3700  #eff0ef  240   5   -0.00175
1679    378.2300  #eff0f0  240   6    0.00228
1680    377.8800  #f0f0ef  240   7   -0.00093
1681    378.5900  #f0f0f0  241   1    0.00188
1682    379.2400  #f0f0f1  241   2    0.00172
1683    379.1400  #f1f0f0  241   3   -0.00026
1684    379.7500  #f1f0f1  241   4    0.00161
1685    379.9800  #f0f1f0  241   5    0.00061
1686    380.4700  #f0f1f1  241   6    0.00129
1687    380.3900  #f1f1f0  241   7   -0.00021
1688    381.0600  #f1f1f1  242   1    0.00176
1689    381.7600  #f1f1f2  242   2    0.00184
1690    381.4400  #f2f1f1  242   3   -0.00084
1691    382.7000  #f2f1f2  242   4    0.00330
1692    381.6800  #f1f2f1  242   5   -0.00267
1693    382.3000  #f1f2f2  242   6    0.00162
1694    381.9600  #f2f2f1  242   7   -0.00089
1695    382.5500  #f2f2f2  243   1    0.00154
1696    383.1400  #f2f2f3  243   2    0.00154
1697    383.0300  #f3f2f2  243   3   -0.00029
1698    383.5400  #f3f2f3  243   4    0.00133
1699    384.6800  #f2f3f2  243   5    0.00297
1700    385.3200  #f2f3f3  243   6    0.00166
1701    385.7000  #f3f3f2  243   7    0.00099
1702    385.7900  #f3f3f3  244   1    0.00023
1703    385.3300  #f3f3f4  244   2   -0.00119
1704    386.1300  #f4f3f3  244   3    0.00207
1705    386.5300  #f4f3f4  244   4    0.00104
1706    386.7700  #f3f4f3  244   5    0.00062
1707    386.8100  #f3f4f4  244   6    0.00010
1708    386.9800  #f4f4f3  244   7    0.00044
1709    386.9700  #f4f4f4  245   1   -0.00003
1710    388.3400  #f4f4f5  245   2    0.00353
1711    387.5500  #f5f4f4  245   3   -0.00204
1712    388.7400  #f5f4f5  245   4    0.00307
1713    387.5500  #f4f5f4  245   5   -0.00307
1714    388.7700  #f4f5f5  245   6    0.00314
1715    388.4500  #f5f5f4  245   7   -0.00082
1716    389.2700  #f5f5f5  246   1    0.00211
1717    389.2700  #f5f5f6  246   2    0.00000
1718    389.7900  #f6f5f5  246   3    0.00133
1719    390.1800  #f6f5f6  246   4    0.00100
1720    390.5400  #f5f6f5  246   5    0.00092
1721    391.1800  #f5f6f6  246   6    0.00164
1722    391.2300  #f6f6f5  246   7    0.00013
1723    391.7800  #f6f6f6  247   1    0.00140
1724    392.3000  #f6f6f7  247   2    0.00133
1725    392.1400  #f7f6f6  247   3   -0.00041
1726    392.8300  #f7f6f7  247   4    0.00176
1727    392.4600  #f6f7f6  247   5   -0.00094
1728    393.1400  #f6f7f7  247   6    0.00173
1729    393.1100  #f7f7f6  247   7   -0.00008
1730    393.6500  #f7f7f7  248   1    0.00137
1731    394.3700  #f7f7f8  248   2    0.00183
1732    394.3700  #f8f7f7  248   3    0.00000
1733    394.6700  #f8f7f8  248   4    0.00076
1734    395.9800  #f7f8f7  248   5    0.00331
1735    396.4800  #f7f8f8  248   6    0.00126
1736    396.3200  #f8f8f7  248   7   -0.00040
1737    396.9800  #f8f8f8  249   1    0.00166
1738    397.4100  #f8f8f9  249   2    0.00108
1739    397.4700  #f9f8f8  249   3    0.00015
1740    398.3900  #f9f8f9  249   4    0.00231
1741    398.2000  #f8f9f8  249   5   -0.00048
1742    398.9400  #f8f9f9  249   6    0.00186
1743    398.7200  #f9f9f8  249   7   -0.00055
1744    399.3200  #f9f9f9  250   1    0.00150
1745    399.8900  #f9f9fa  250   2    0.00143
1746    400.1000  #faf9f9  250   3    0.00053
1747    400.3500  #faf9fa  250   4    0.00062
1748    401.4100  #f9faf9  250   5    0.00264
1749    401.6700  #f9fafa  250   6    0.00065
1750    401.9200  #fafaf9  250   7    0.00062
1751    402.4700  #fafafa  251   1    0.00137
1752    401.9200  #fafafb  251   2   -0.00137
1753    402.9700  #fbfafa  251   3    0.00261
1754    403.5500  #fbfafb  251   4    0.00144
1755    404.0200  #fafbfa  251   5    0.00116
1756    404.3800  #fafbfb  251   6    0.00089
1757    404.4600  #fbfbfa  251   7    0.00020
1758    404.9400  #fbfbfb  252   1    0.00119
1759    405.7300  #fbfbfc  252   2    0.00195
1760    405.4300  #fcfbfb  252   3   -0.00074
1761    406.0000  #fcfbfc  252   4    0.00140
1762    406.1800  #fbfcfb  252   5    0.00044
1763    407.5300  #fbfcfc  252   6    0.00332
1764    407.3900  #fcfcfb  252   7   -0.00034
1765    408.2300  #fcfcfc  253   1    0.00206
1766    407.9900  #fcfcfd  253   2   -0.00059
1767    408.5200  #fdfcfc  253   3    0.00130
1768    409.0500  #fdfcfd  253   4    0.00130
1769    409.7200  #fcfdfc  253   5    0.00164
1770    410.1300  #fcfdfd  253   6    0.00100
1771    410.0300  #fdfdfc  253   7   -0.00024
1772    410.4700  #fdfdfd  254   1    0.00107
1773    411.3400  #fdfdfe  254   2    0.00212
1774    410.9500  #fefdfd  254   3   -0.00095
1775    411.8200  #fefdfe  254   4    0.00211
1776    411.5300  #fdfefd  254   5   -0.00070
1777    412.9200  #fdfefe  254   6    0.00337
1778    412.3200  #fefefd  254   7   -0.00145
1779    412.9300  #fefefe  255   1    0.00148
1780    413.6400  #fefeff  255   2    0.00172
1781    413.7100  #fffefe  255   3    0.00017
1782    414.4000  #fffeff  255   4    0.00167
1783    413.5400  #fefffe  255   5   -0.00208
1784    414.4800  #feffff  255   6    0.00227
1785    414.1300  #fffffe  255   7   -0.00084
1786    415.3900  #ffffff  256   1    0.00304
