# LutGenerate 2.0 - 06/30/03
#  Display ID: DELL_1900FP_AAJN
# Ambient = 0.10   Max. Luminence = 246.00   Luminence Ratio = 250.00
#  lumResponse vers. 1.5b - 05/07/03
#  iLdelay = 1   avgN = 1   ILlimit = 0.50
1:  046  047  046
2:  048  047  048
3:  048  048  048
4:  049  050  049
5:  051  050  050
6:  050  051  051
7:  052  051  052
8:  052  052  053
9:  052  053  053
10:  055  054  055
11:  055  055  055
12:  055  056  055
13:  057  056  057
14:  057  057  057
15:  057  058  057
16:  060  059  059
17:  059  060  060
18:  061  060  061
19:  061  061  061
20:  061  062  061
21:  063  062  062
22:  062  063  063
23:  064  063  064
24:  064  064  063
25:  065  064  065
26:  065  065  065
27:  067  066  067
28:  067  067  067
29:  067  068  067
30:  068  068  068
31:  068  069  068
32:  069  069  070
33:  069  070  069
34:  070  070  071
35:  070  071  070
36:  072  071  071
37:  071  072  071
38:  073  072  072
39:  072  073  073
40:  075  074  074
41:  074  075  075
42:  076  075  076
43:  076  076  075
44:  077  076  077
45:  077  077  076
46:  078  077  078
47:  078  078  077
48:  079  078  079
49:  079  079  079
50:  079  080  079
51:  080  080  081
52:  080  081  080
53:  081  081  082
54:  081  082  081
55:  083  082  082
56:  082  083  083
57:  084  083  083
58:  083  084  084
59:  086  085  085
60:  086  086  085
61:  087  086  087
62:  087  087  087
63:  087  088  087
64:  088  088  088
65:  088  089  088
66:  090  089  089
67:  090  090  089
68:  091  090  091
69:  091  091  092
70:  091  092  092
71:  093  092  093
72:  093  093  092
73:  093  094  093
74:  095  094  094
75:  095  095  094
76:  096  095  096
77:  096  096  097
78:  096  097  097
79:  098  097  098
80:  098  098  098
81:  098  099  098
82:  100  099  100
83:  100  100  100
84:  100  101  100
85:  102  101  102
86:  102  102  103
87:  102  103  103
88:  104  103  104
89:  104  104  105
90:  105  105  104
91:  105  106  105
92:  107  106  106
93:  107  107  108
94:  107  108  108
95:  108  109  108
96:  110  109  109
97:  110  110  110
98:  110  111  110
99:  111  112  111
100:  113  112  112
101:  113  113  113
102:  113  114  114
103:  115  114  115
104:  116  115  115
105:  116  116  116
106:  116  117  117
107:  117  118  117
108:  119  118  118
109:  119  119  119
110:  119  120  120
111:  120  121  120
112:  122  121  122
113:  122  123  122
114:  124  123  124
115:  124  124  124
116:  125  125  124
117:  125  126  125
118:  127  126  127
119:  128  127  127
120:  128  128  128
121:  129  129  128
122:  129  130  129
123:  131  130  130
124:  130  131  130
125:  131  131  131
126:  132  132  131
127:  132  133  133
128:  133  134  133
129:  135  134  135
130:  136  135  136
131:  137  136  136
132:  137  137  138
133:  138  138  137
134:  138  139  139
135:  139  140  139
136:  141  140  141
137:  142  141  141
138:  142  142  143
139:  142  143  142
140:  143  143  143
141:  143  144  144
142:  144  145  144
143:  145  146  145
144:  147  146  147
145:  148  147  147
146:  148  148  149
147:  149  149  150
148:  150  150  150
149:  151  151  150
150:  151  152  152
151:  153  152  153
152:  152  153  153
153:  153  154  153
154:  155  154  155
155:  156  155  155
156:  157  156  157
157:  157  157  157
158:  158  158  158
159:  159  159  158
160:  159  160  160
161:  161  160  161
162:  160  161  161
163:  161  162  161
164:  162  163  162
165:  164  163  164
166:  165  164  165
167:  166  165  166
168:  167  166  167
169:  167  167  168
170:  167  168  167
171:  169  168  168
172:  170  169  169
173:  171  170  170
174:  172  171  171
175:  173  172  172
176:  173  173  174
177:  173  174  173
178:  175  174  174
179:  176  175  175
180:  177  176  176
181:  178  177  178
182:  179  178  179
183:  179  179  180
184:  179  180  179
185:  181  180  181
186:  182  181  182
187:  182  183  182
188:  183  184  183
189:  184  185  185
190:  186  185  186
191:  186  186  186
192:  187  187  187
193:  188  188  189
194:  190  189  189
195:  190  190  191
196:  190  191  191
197:  191  192  191
198:  192  193  192
199:  193  194  194
200:  195  195  194
201:  195  196  195
202:  197  196  196
203:  198  197  198
204:  199  198  198
205:  200  199  200
206:  201  200  200
207:  201  201  200
208:  202  202  201
209:  203  203  203
210:  204  204  205
211:  204  205  204
212:  205  206  205
213:  207  207  207
214:  208  208  209
215:  208  209  209
216:  209  210  210
217:  211  211  211
218:  213  212  213
219:  214  213  214
220:  214  214  214
221:  216  215  215
222:  216  217  216
223:  218  217  218
224:  219  218  218
225:  219  220  219
226:  221  221  221
227:  221  222  222
228:  223  223  222
229:  224  225  224
230:  226  225  226
231:  227  226  226
232:  228  227  227
233:  228  229  228
234:  230  229  230
235:  231  230  231
236:  232  232  233
237:  232  233  233
238:  235  234  235
239:  236  236  237
240:  237  237  237
241:  238  239  239
242:  239  240  240
243:  242  241  241
244:  243  243  242
245:  243  244  244
246:  245  245  246
247:  247  246  247
248:  247  247  247
249:  249  248  248
250:  249  250  249
251:  250  251  250
252:  252  251  251
253:  253  252  253
254:  254  253  253
255:  253  254  254
256:  255  255  254
