# LutGenerate 2.0 - 06/30/03
#  Display ID: DELL_1900FP_ATR5
# Ambient = 0.10   Max. Luminence = 256.00   Luminence Ratio = 250.00
#  lumResponse vers. 1.5b - 04/29/03
#  iLdelay = 1   avgN = 1   ILlimit = 0.50
1:  046  047  047
2:  047  048  047
3:  050  049  049
4:  049  050  050
5:  051  050  051
6:  051  051  052
7:  051  052  052
8:  053  052  053
9:  054  054  055
10:  054  055  055
11:  056  055  056
12:  056  056  057
13:  056  057  056
14:  058  057  058
15:  058  058  058
16:  059  060  059
17:  061  060  060
18:  060  061  061
19:  062  061  062
20:  062  062  062
21:  063  062  063
22:  063  063  064
23:  063  064  063
24:  065  064  064
25:  064  065  064
26:  067  066  066
27:  066  067  067
28:  068  067  068
29:  068  068  067
30:  069  068  069
31:  069  069  068
32:  070  069  070
33:  070  070  070
34:  071  070  071
35:  071  071  071
36:  072  071  072
37:  072  072  072
38:  072  073  072
39:  073  073  073
40:  074  075  074
41:  075  075  076
42:  075  076  075
43:  076  076  077
44:  076  077  076
45:  077  077  078
46:  077  078  077
47:  079  078  078
48:  078  079  079
49:  080  079  080
50:  079  080  080
51:  081  080  081
52:  081  081  080
53:  082  081  082
54:  082  082  082
55:  083  082  083
56:  083  083  083
57:  083  084  083
58:  085  085  084
59:  085  086  085
60:  086  086  087
61:  086  087  086
62:  088  087  087
63:  087  088  088
64:  089  088  089
65:  089  089  089
66:  089  090  089
67:  090  090  091
68:  090  091  091
69:  092  091  092
70:  092  092  092
71:  092  093  092
72:  094  093  093
73:  094  094  093
74:  095  094  095
75:  095  095  096
76:  095  096  096
77:  097  096  097
78:  097  097  097
79:  097  098  097
80:  099  098  098
81:  099  099  098
82:  099  100  099
83:  101  100  101
84:  101  101  101
85:  101  102  101
86:  103  102  103
87:  103  103  104
88:  103  104  104
89:  104  105  104
90:  106  105  105
91:  106  106  106
92:  106  107  106
93:  108  107  107
94:  108  108  109
95:  109  109  108
96:  109  110  109
97:  111  110  110
98:  111  111  112
99:  111  112  112
100:  112  113  112
101:  114  113  114
102:  114  114  115
103:  114  115  115
104:  115  116  115
105:  117  116  116
106:  118  117  117
107:  118  118  117
108:  118  119  119
109:  119  120  119
110:  121  120  121
111:  122  121  121
112:  122  122  123
113:  123  123  122
114:  123  124  123
115:  125  124  124
116:  126  125  125
117:  126  126  126
118:  126  127  127
119:  127  128  127
120:  129  128  129
121:  129  129  129
122:  130  130  129
123:  131  130  131
124:  130  131  131
125:  132  131  132
126:  133  132  132
127:  133  133  134
128:  134  134  133
129:  134  135  135
130:  135  136  136
131:  136  137  136
132:  138  137  138
133:  139  138  138
134:  139  139  140
135:  140  140  139
136:  140  141  141
137:  141  142  141
138:  143  142  142
139:  142  143  143
140:  144  143  143
141:  145  144  144
142:  145  145  146
143:  146  146  146
144:  146  147  147
145:  147  148  148
146:  148  149  148
147:  149  150  149
148:  151  150  151
149:  152  151  152
150:  152  152  153
151:  152  153  152
152:  153  153  154
153:  155  154  154
154:  155  155  154
155:  155  156  156
156:  156  157  156
157:  157  158  157
158:  158  159  158
159:  160  159  160
160:  160  160  161
161:  160  161  160
162:  162  161  161
163:  162  162  163
164:  163  163  164
165:  164  164  165
166:  165  165  165
167:  166  166  166
168:  167  167  167
169:  167  168  167
170:  168  168  168
171:  169  169  169
172:  170  170  170
173:  171  171  170
174:  172  172  172
175:  173  173  172
176:  174  173  174
177:  174  174  173
178:  175  175  174
179:  176  176  175
180:  177  177  176
181:  178  178  177
182:  179  179  178
183:  180  179  180
184:  180  180  180
185:  181  181  180
186:  182  182  182
187:  183  183  183
188:  184  184  185
189:  185  185  186
190:  185  186  185
191:  187  186  187
192:  188  187  188
193:  189  188  189
194:  189  190  189
195:  191  190  191
196:  191  191  190
197:  191  192  192
198:  193  193  192
199:  194  194  194
200:  195  195  195
201:  196  195  196
202:  196  196  197
203:  198  197  197
204:  199  198  199
205:  199  200  199
206:  201  200  200
207:  201  201  200
208:  202  202  201
209:  203  203  203
210:  204  204  205
211:  204  205  204
212:  205  206  205
213:  207  207  206
214:  208  208  208
215:  208  209  208
216:  209  210  209
217:  211  211  211
218:  213  212  213
219:  214  213  213
220:  214  214  214
221:  216  215  215
222:  216  217  216
223:  218  217  218
224:  218  219  218
225:  219  220  219
226:  220  221  221
227:  221  222  222
228:  222  223  222
229:  224  224  225
230:  226  225  225
231:  225  226  226
232:  227  227  228
233:  228  229  228
234:  230  229  230
235:  231  230  230
236:  232  232  232
237:  233  233  233
238:  234  235  234
239:  237  236  236
240:  236  237  237
241:  239  238  238
242:  239  240  240
243:  241  241  242
244:  242  243  243
245:  243  244  243
246:  244  245  245
247:  246  246  247
248:  247  247  248
249:  249  248  249
250:  250  250  250
251:  251  250  251
252:  251  251  251
253:  253  252  253
254:  254  253  253
255:  254  254  253
256:  255  255  254
