#  lumResponse - average luminance response
#  Display ID: GENERIC
#  1 files
#    48.8000 #ff0000
#   151.5000 #00ff00
#    17.4700 #0000ff
   1      0.2850  #000000    1   1 
   2      0.2850  #000001    1   2    0.00000
   3      0.2860  #010000    1   3    0.00350
   4      0.2850  #010001    1   4   -0.00350
   5      0.2850  #000100    1   5    0.00000
   6      0.2850  #000101    1   6    0.00000
   7      0.2860  #010100    1   7    0.00350
   8      0.2860  #010101    2   1    0.00000
   9      0.2850  #010102    2   2   -0.00350
  10      0.2860  #020101    2   3    0.00350
  11      0.2860  #020102    2   4    0.00000
  12      0.2860  #010201    2   5    0.00000
  13      0.2860  #010202    2   6    0.00000
  14      0.2870  #020201    2   7    0.00349
  15      0.2860  #020202    3   1   -0.00349
  16      0.2860  #020203    3   2    0.00000
  17      0.2870  #030202    3   3    0.00349
  18      0.2870  #030203    3   4    0.00000
  19      0.2870  #020302    3   5    0.00000
  20      0.2870  #020303    3   6    0.00000
  21      0.2880  #030302    3   7    0.00348
  22      0.2880  #030303    4   1    0.00000
  23      0.2870  #030304    4   2   -0.00348
  24      0.2880  #040303    4   3    0.00348
  25      0.2880  #040304    4   4    0.00000
  26      0.2880  #030403    4   5    0.00000
  27      0.2880  #030404    4   6    0.00000
  28      0.2880  #040403    4   7    0.00000
  29      0.2890  #040404    5   1    0.00347
  30      0.2890  #040405    5   2    0.00000
  31      0.2910  #050404    5   3    0.00690
  32      0.2910  #050405    5   4    0.00000
  33      0.2900  #040504    5   5   -0.00344
  34      0.2910  #040505    5   6    0.00344
  35      0.2930  #050504    5   7    0.00685
  36      0.2930  #050505    6   1    0.00000
  37      0.2940  #050506    6   2    0.00341
  38      0.2960  #060505    6   3    0.00678
  39      0.2960  #060506    6   4    0.00000
  40      0.2950  #050605    6   5   -0.00338
  41      0.2960  #050606    6   6    0.00338
  42      0.2980  #060605    6   7    0.00673
  43      0.2980  #060606    7   1    0.00000
  44      0.2990  #060607    7   2    0.00335
  45      0.3010  #070606    7   3    0.00667
  46      0.3010  #070607    7   4    0.00000
  47      0.3010  #060706    7   5    0.00000
  48      0.3010  #060707    7   6    0.00000
  49      0.3030  #070706    7   7    0.00662
  50      0.3040  #070707    8   1    0.00329
  51      0.3040  #070708    8   2    0.00000
  52      0.3060  #080707    8   3    0.00656
  53      0.3070  #080708    8   4    0.00326
  54      0.3060  #070807    8   5   -0.00326
  55      0.3070  #070808    8   6    0.00326
  56      0.3080  #080807    8   7    0.00325
  57      0.3100  #080808    9   1    0.00647
  58      0.3100  #080809    9   2    0.00000
  59      0.3120  #090808    9   3    0.00643
  60      0.3140  #090809    9   4    0.00639
  61      0.3160  #080908    9   5    0.00635
  62      0.3180  #080909    9   6    0.00631
  63      0.3200  #090908    9   7    0.00627
  64      0.3230  #090909   10   1    0.00933
  65      0.3230  #09090a   10   2    0.00000
  66      0.3260  #0a0909   10   3    0.00924
  67      0.3270  #0a090a   10   4    0.00306
  68      0.3300  #090a09   10   5    0.00913
  69      0.3300  #090a0a   10   6    0.00000
  70      0.3340  #0a0a09   10   7    0.01205
  71      0.3360  #0a0a0a   11   1    0.00597
  72      0.3370  #0a0a0b   11   2    0.00297
  73      0.3370  #0b0a0a   11   3    0.00000
  74      0.3380  #0b0a0b   11   4    0.00296
  75      0.3420  #0a0b0a   11   5    0.01176
  76      0.3450  #0a0b0b   11   6    0.00873
  77      0.3480  #0b0b0a   11   7    0.00866
  78      0.3490  #0b0b0b   12   1    0.00287
  79      0.3510  #0b0b0c   12   2    0.00571
  80      0.3540  #0c0b0b   12   3    0.00851
  81      0.3540  #0c0b0c   12   4    0.00000
  82      0.3580  #0b0c0b   12   5    0.01124
  83      0.3590  #0b0c0c   12   6    0.00279
  84      0.3620  #0c0c0b   12   7    0.00832
  85      0.3630  #0c0c0c   13   1    0.00276
  86      0.3660  #0c0c0d   13   2    0.00823
  87      0.3710  #0d0c0c   13   3    0.01357
  88      0.3740  #0d0c0d   13   4    0.00805
  89      0.3770  #0c0d0c   13   5    0.00799
  90      0.3800  #0c0d0d   13   6    0.00793
  91      0.3840  #0d0d0c   13   7    0.01047
  92      0.3870  #0d0d0d   14   1    0.00778
  93      0.3900  #0d0d0e   14   2    0.00772
  94      0.3950  #0e0d0d   14   3    0.01274
  95      0.3980  #0e0d0e   14   4    0.00757
  96      0.4010  #0d0e0d   14   5    0.00751
  97      0.4040  #0d0e0e   14   6    0.00745
  98      0.4090  #0e0e0d   14   7    0.01230
  99      0.4120  #0e0e0e   15   1    0.00731
 100      0.4150  #0e0e0f   15   2    0.00726
 101      0.4190  #0f0e0e   15   3    0.00959
 102      0.4220  #0f0e0f   15   4    0.00713
 103      0.4260  #0e0f0e   15   5    0.00943
 104      0.4300  #0e0f0f   15   6    0.00935
 105      0.4350  #0f0f0e   15   7    0.01156
 106      0.4370  #0f0f0f   16   1    0.00459
 107      0.4410  #0f0f10   16   2    0.00911
 108      0.4450  #100f0f   16   3    0.00903
 109      0.4460  #100f10   16   4    0.00224
 110      0.4540  #0f100f   16   5    0.01778
 111      0.4560  #0f1010   16   6    0.00440
 112      0.4620  #10100f   16   7    0.01307
 113      0.4640  #101010   17   1    0.00432
 114      0.4680  #101011   17   2    0.00858
 115      0.4740  #111010   17   3    0.01274
 116      0.4760  #111011   17   4    0.00421
 117      0.4860  #101110   17   5    0.02079
 118      0.4890  #101111   17   6    0.00615
 119      0.4960  #111110   17   7    0.01421
 120      0.4970  #111111   18   1    0.00201
 121      0.5010  #111112   18   2    0.00802
 122      0.5080  #121111   18   3    0.01388
 123      0.5110  #121112   18   4    0.00589
 124      0.5220  #111211   18   5    0.02130
 125      0.5250  #111212   18   6    0.00573
 126      0.5310  #121211   18   7    0.01136
 127      0.5340  #121212   19   1    0.00563
 128      0.5380  #121213   19   2    0.00746
 129      0.5440  #131212   19   3    0.01109
 130      0.5480  #131213   19   4    0.00733
 131      0.5580  #121312   19   5    0.01808
 132      0.5610  #121313   19   6    0.00536
 133      0.5670  #131312   19   7    0.01064
 134      0.5710  #131313   20   1    0.00703
 135      0.5740  #131314   20   2    0.00524
 136      0.5800  #141313   20   3    0.01040
 137      0.5840  #141314   20   4    0.00687
 138      0.5960  #131413   20   5    0.02034
 139      0.5990  #131414   20   6    0.00502
 140      0.6050  #141413   20   7    0.00997
 141      0.6090  #141414   21   1    0.00659
 142      0.6130  #141415   21   2    0.00655
 143      0.6220  #151414   21   3    0.01457
 144      0.6260  #151415   21   4    0.00641
 145      0.6400  #141514   21   5    0.02212
 146      0.6440  #141515   21   6    0.00623
 147      0.6540  #151514   21   7    0.01541
 148      0.6580  #151515   22   1    0.00610
 149      0.6630  #151516   22   2    0.00757
 150      0.6730  #161515   22   3    0.01497
 151      0.6760  #161516   22   4    0.00445
 152      0.6900  #151615   22   5    0.02050
 153      0.6940  #151616   22   6    0.00578
 154      0.7040  #161615   22   7    0.01431
 155      0.7090  #161616   23   1    0.00708
 156      0.7130  #161617   23   2    0.00563
 157      0.7230  #171616   23   3    0.01393
 158      0.7270  #171617   23   4    0.00552
 159      0.7400  #161716   23   5    0.01772
 160      0.7450  #161717   23   6    0.00673
 161      0.7550  #171716   23   7    0.01333
 162      0.7600  #171717   24   1    0.00660
 163      0.7640  #171718   24   2    0.00525
 164      0.7750  #181717   24   3    0.01429
 165      0.7790  #181718   24   4    0.00515
 166      0.7940  #171817   24   5    0.01907
 167      0.7990  #171818   24   6    0.00628
 168      0.8090  #181817   24   7    0.01244
 169      0.8130  #181818   25   1    0.00493
 170      0.8180  #181819   25   2    0.00613
 171      0.8280  #191818   25   3    0.01215
 172      0.8330  #191819   25   4    0.00602
 173      0.8540  #181918   25   5    0.02490
 174      0.8590  #181919   25   6    0.00584
 175      0.8690  #191918   25   7    0.01157
 176      0.8740  #191919   26   1    0.00574
 177      0.8800  #19191a   26   2    0.00684
 178      0.8890  #1a1919   26   3    0.01018
 179      0.8940  #1a191a   26   4    0.00561
 180      0.9150  #191a19   26   5    0.02322
 181      0.9200  #191a1a   26   6    0.00545
 182      0.9310  #1a1a19   26   7    0.01189
 183      0.9370  #1a1a1a   27   1    0.00642
 184      0.9420  #1a1a1b   27   2    0.00532
 185      0.9530  #1b1a1a   27   3    0.01161
 186      0.9590  #1b1a1b   27   4    0.00628
 187      0.9810  #1a1b1a   27   5    0.02268
 188      0.9860  #1a1b1b   27   6    0.00508
 189      0.9970  #1b1b1a   27   7    0.01109
 190      1.0020  #1b1b1b   28   1    0.00500
 191      1.0080  #1b1b1c   28   2    0.00597
 192      1.0180  #1c1b1b   28   3    0.00987
 193      1.0230  #1c1b1c   28   4    0.00490
 194      1.0460  #1b1c1b   28   5    0.02223
 195      1.0520  #1b1c1c   28   6    0.00572
 196      1.0630  #1c1c1b   28   7    0.01040
 197      1.0690  #1c1c1c   29   1    0.00563
 198      1.0750  #1c1c1d   29   2    0.00560
 199      1.0880  #1d1c1c   29   3    0.01202
 200      1.0940  #1d1c1d   29   4    0.00550
 201      1.1200  #1c1d1c   29   5    0.02349
 202      1.1260  #1c1d1d   29   6    0.00534
 203      1.1380  #1d1d1c   29   7    0.01060
 204      1.1460  #1d1d1d   30   1    0.00701
 205      1.1520  #1d1d1e   30   2    0.00522
 206      1.1650  #1e1d1d   30   3    0.01122
 207      1.1710  #1e1d1e   30   4    0.00514
 208      1.1990  #1d1e1d   30   5    0.02363
 209      1.2060  #1d1e1e   30   6    0.00582
 210      1.2190  #1e1e1d   30   7    0.01072
 211      1.2260  #1e1e1e   31   1    0.00573
 212      1.2320  #1e1e1f   31   2    0.00488
 213      1.2440  #1f1e1e   31   3    0.00969
 214      1.2510  #1f1e1f   31   4    0.00561
 215      1.2780  #1e1f1e   31   5    0.02135
 216      1.2850  #1e1f1f   31   6    0.00546
 217      1.2980  #1f1f1e   31   7    0.01007
 218      1.3060  #1f1f1f   32   1    0.00614
 219      1.3120  #1f1f20   32   2    0.00458
 220      1.3260  #201f1f   32   3    0.01061
 221      1.3330  #201f20   32   4    0.00527
 222      1.3620  #1f201f   32   5    0.02152
 223      1.3690  #1f2020   32   6    0.00513
 224      1.3830  #20201f   32   7    0.01017
 225      1.3890  #202020   33   1    0.00433
 226      1.3970  #202021   33   2    0.00574
 227      1.4130  #212020   33   3    0.01139
 228      1.4210  #212021   33   4    0.00565
 229      1.4530  #202120   33   5    0.02227
 230      1.4600  #202121   33   6    0.00481
 231      1.4760  #212120   33   7    0.01090
 232      1.4840  #212121   34   1    0.00541
 233      1.4930  #212122   34   2    0.00605
 234      1.5100  #222121   34   3    0.01132
 235      1.5180  #222122   34   4    0.00528
 236      1.5520  #212221   34   5    0.02215
 237      1.5610  #212222   34   6    0.00578
 238      1.5760  #222221   34   7    0.00956
 239      1.5840  #222222   35   1    0.00506
 240      1.5940  #222223   35   2    0.00629
 241      1.6110  #232222   35   3    0.01061
 242      1.6180  #232223   35   4    0.00434
 243      1.6500  #222322   35   5    0.01958
 244      1.6590  #222323   35   6    0.00544
 245      1.6760  #232322   35   7    0.01019
 246      1.6830  #232323   36   1    0.00417
 247      1.6910  #232324   36   2    0.00474
 248      1.7100  #242323   36   3    0.01117
 249      1.7180  #242324   36   4    0.00467
 250      1.7540  #232423   36   5    0.02074
 251      1.7620  #232424   36   6    0.00455
 252      1.7790  #242423   36   7    0.00960
 253      1.7870  #242424   37   1    0.00449
 254      1.7900  #242425   37   2    0.00168
 255      1.8100  #252424   37   3    0.01111
 256      1.8300  #252425   37   4    0.01099
 257      1.8600  #242524   37   5    0.01626
 258      1.8700  #242525   37   6    0.00536
 259      1.9000  #252524   37   7    0.01592
 260      1.9100  #252525   38   1    0.00525
 261      1.9200  #252526   38   2    0.00522
 262      1.9400  #262525   38   3    0.01036
 263      1.9500  #262526   38   4    0.00514
 264      1.9900  #252625   38   5    0.02030
 265      2.0000  #252626   38   6    0.00501
 266      2.0200  #262625   38   7    0.00995
 267      2.0300  #262626   39   1    0.00494
 268      2.0500  #262627   39   2    0.00980
 269      2.0700  #272626   39   3    0.00971
 270      2.0800  #272627   39   4    0.00482
 271      2.1200  #262726   39   5    0.01905
 272      2.1300  #262727   39   6    0.00471
 273      2.1500  #272726   39   7    0.00935
 274      2.1600  #272727   40   1    0.00464
 275      2.1700  #272728   40   2    0.00462
 276      2.2000  #282727   40   3    0.01373
 277      2.2100  #282728   40   4    0.00454
 278      2.2500  #272827   40   5    0.01794
 279      2.2600  #272828   40   6    0.00443
 280      2.2900  #282827   40   7    0.01319
 281      2.3000  #282828   41   1    0.00436
 282      2.3100  #282829   41   2    0.00434
 283      2.3300  #292828   41   3    0.00862
 284      2.3400  #292829   41   4    0.00428
 285      2.3900  #282928   41   5    0.02114
 286      2.4000  #282929   41   6    0.00418
 287      2.4300  #292928   41   7    0.01242
 288      2.4400  #292929   42   1    0.00411
 289      2.4500  #29292a   42   2    0.00409
 290      2.4700  #2a2929   42   3    0.00813
 291      2.4900  #2a292a   42   4    0.00806
 292      2.5400  #292a29   42   5    0.01988
 293      2.5500  #292a2a   42   6    0.00393
 294      2.5700  #2a2a29   42   7    0.00781
 295      2.5800  #2a2a2a   43   1    0.00388
 296      2.6000  #2a2a2b   43   2    0.00772
 297      2.6200  #2b2a2a   43   3    0.00766
 298      2.6300  #2b2a2b   43   4    0.00381
 299      2.6900  #2a2b2a   43   5    0.02256
 300      2.7000  #2a2b2b   43   6    0.00371
 301      2.7200  #2b2b2a   43   7    0.00738
 302      2.7400  #2b2b2b   44   1    0.00733
 303      2.7500  #2b2b2c   44   2    0.00364
 304      2.7700  #2c2b2b   44   3    0.00725
 305      2.7800  #2c2b2c   44   4    0.00360
 306      2.8400  #2b2c2b   44   5    0.02135
 307      2.8500  #2b2c2c   44   6    0.00351
 308      2.8800  #2c2c2b   44   7    0.01047
 309      2.8900  #2c2c2c   45   1    0.00347
 310      2.9000  #2c2c2d   45   2    0.00345
 311      2.9300  #2d2c2c   45   3    0.01029
 312      2.9500  #2d2c2d   45   4    0.00680
 313      3.0000  #2c2d2c   45   5    0.01681
 314      3.0200  #2c2d2d   45   6    0.00664
 315      3.0500  #2d2d2c   45   7    0.00988
 316      3.0600  #2d2d2d   46   1    0.00327
 317      3.0800  #2d2d2e   46   2    0.00651
 318      3.1100  #2e2d2d   46   3    0.00969
 319      3.1200  #2e2d2e   46   4    0.00321
 320      3.1800  #2d2e2d   46   5    0.01905
 321      3.1900  #2d2e2e   46   6    0.00314
 322      3.2200  #2e2e2d   46   7    0.00936
 323      3.2400  #2e2e2e   47   1    0.00619
 324      3.2500  #2e2e2f   47   2    0.00308
 325      3.2800  #2f2e2e   47   3    0.00919
 326      3.3000  #2f2e2f   47   4    0.00608
 327      3.3600  #2e2f2e   47   5    0.01802
 328      3.3700  #2e2f2f   47   6    0.00297
 329      3.4000  #2f2f2e   47   7    0.00886
 330      3.4200  #2f2f2f   48   1    0.00587
 331      3.4300  #2f2f30   48   2    0.00292
 332      3.4600  #302f2f   48   3    0.00871
 333      3.4800  #302f30   48   4    0.00576
 334      3.5400  #2f302f   48   5    0.01709
 335      3.5500  #2f3030   48   6    0.00282
 336      3.5900  #30302f   48   7    0.01120
 337      3.6000  #303030   49   1    0.00278
 338      3.6200  #303031   49   2    0.00554
 339      3.6500  #313030   49   3    0.00825
 340      3.6600  #313031   49   4    0.00274
 341      3.7300  #303130   49   5    0.01894
 342      3.7500  #303131   49   6    0.00535
 343      3.7800  #313130   49   7    0.00797
 344      3.7900  #313131   50   1    0.00264
 345      3.8100  #313132   50   2    0.00526
 346      3.8400  #323131   50   3    0.00784
 347      3.8600  #323132   50   4    0.00519
 348      3.9300  #313231   50   5    0.01797
 349      3.9400  #313232   50   6    0.00254
 350      3.9800  #323231   50   7    0.01010
 351      3.9900  #323232   51   1    0.00251
 352      4.0100  #323233   51   2    0.00500
 353      4.0400  #333232   51   3    0.00745
 354      4.0600  #333233   51   4    0.00494
 355      4.1300  #323332   51   5    0.01709
 356      4.1500  #323333   51   6    0.00483
 357      4.1800  #333332   51   7    0.00720
 358      4.2000  #333333   52   1    0.00477
 359      4.2100  #333334   52   2    0.00238
 360      4.2500  #343333   52   3    0.00946
 361      4.2600  #343334   52   4    0.00235
 362      4.3400  #333433   52   5    0.01860
 363      4.3500  #333434   52   6    0.00230
 364      4.3800  #343433   52   7    0.00687
 365      4.4000  #343434   53   1    0.00456
 366      4.4200  #343435   53   2    0.00454
 367      4.4500  #353434   53   3    0.00676
 368      4.4700  #353435   53   4    0.00448
 369      4.5500  #343534   53   5    0.01774
 370      4.5700  #343535   53   6    0.00439
 371      4.6100  #353534   53   7    0.00871
 372      4.6300  #353535   54   1    0.00433
 373      4.6400  #353536   54   2    0.00216
 374      4.6700  #363535   54   3    0.00644
 375      4.6900  #363536   54   4    0.00427
 376      4.7700  #353635   54   5    0.01691
 377      4.8000  #353636   54   6    0.00627
 378      4.8300  #363635   54   7    0.00623
 379      4.8500  #363636   55   1    0.00413
 380      4.8700  #363637   55   2    0.00412
 381      4.9000  #373636   55   3    0.00614
 382      4.9200  #373637   55   4    0.00407
 383      5.0100  #363736   55   5    0.01813
 384      5.0300  #363737   55   6    0.00398
 385      5.0700  #373736   55   7    0.00792
 386      5.0800  #373737   56   1    0.00197
 387      5.1000  #373738   56   2    0.00393
 388      5.1400  #383737   56   3    0.00781
 389      5.1600  #383738   56   4    0.00388
 390      5.2500  #373837   56   5    0.01729
 391      5.2600  #373838   56   6    0.00190
 392      5.3000  #383837   56   7    0.00758
 393      5.3200  #383838   57   1    0.00377
 394      5.3400  #383839   57   2    0.00375
 395      5.3800  #393838   57   3    0.00746
 396      5.4000  #393839   57   4    0.00371
 397      5.4900  #383938   57   5    0.01653
 398      5.5100  #383939   57   6    0.00364
 399      5.5500  #393938   57   7    0.00723
 400      5.5700  #393939   58   1    0.00360
 401      5.5900  #39393a   58   2    0.00358
 402      5.6300  #3a3939   58   3    0.00713
 403      5.6500  #3a393a   58   4    0.00355
 404      5.7500  #393a39   58   5    0.01754
 405      5.7700  #393a3a   58   6    0.00347
 406      5.8100  #3a3a39   58   7    0.00691
 407      5.8300  #3a3a3a   59   1    0.00344
 408      5.8400  #3a3a3b   59   2    0.00171
 409      5.8800  #3b3a3a   59   3    0.00683
 410      5.9000  #3b3a3b   59   4    0.00340
 411      6.0000  #3a3b3a   59   5    0.01681
 412      6.0300  #3a3b3b   59   6    0.00499
 413      6.0600  #3b3b3a   59   7    0.00496
 414      6.0800  #3b3b3b   60   1    0.00329
 415      6.1000  #3b3b3c   60   2    0.00328
 416      6.1500  #3c3b3b   60   3    0.00816
 417      6.1600  #3c3b3c   60   4    0.00162
 418      6.2700  #3b3c3b   60   5    0.01770
 419      6.2900  #3b3c3c   60   6    0.00318
 420      6.3300  #3c3c3b   60   7    0.00634
 421      6.3500  #3c3c3c   61   1    0.00315
 422      6.3700  #3c3c3d   61   2    0.00314
 423      6.4300  #3d3c3c   61   3    0.00937
 424      6.4500  #3d3c3d   61   4    0.00311
 425      6.5500  #3c3d3c   61   5    0.01538
 426      6.5700  #3c3d3d   61   6    0.00305
 427      6.6200  #3d3d3c   61   7    0.00758
 428      6.6400  #3d3d3d   62   1    0.00302
 429      6.6600  #3d3d3e   62   2    0.00301
 430      6.7200  #3e3d3d   62   3    0.00897
 431      6.7400  #3e3d3e   62   4    0.00297
 432      6.8400  #3d3e3d   62   5    0.01473
 433      6.8600  #3d3e3e   62   6    0.00292
 434      6.9100  #3e3e3d   62   7    0.00726
 435      6.9400  #3e3e3e   63   1    0.00433
 436      6.9600  #3e3e3f   63   2    0.00288
 437      7.0200  #3f3e3e   63   3    0.00858
 438      7.0400  #3f3e3f   63   4    0.00284
 439      7.1400  #3e3f3e   63   5    0.01410
 440      7.1600  #3e3f3f   63   6    0.00280
 441      7.2200  #3f3f3e   63   7    0.00834
 442      7.2400  #3f3f3f   64   1    0.00277
 443      7.2600  #3f3f40   64   2    0.00276
 444      7.3200  #403f3f   64   3    0.00823
 445      7.3400  #403f40   64   4    0.00273
 446      7.4400  #3f403f   64   5    0.01353
 447      7.4700  #3f4040   64   6    0.00402
 448      7.5300  #40403f   64   7    0.00800
 449      7.5500  #404040   65   1    0.00265
 450      7.5700  #404041   65   2    0.00265
 451      7.6300  #414040   65   3    0.00789
 452      7.6500  #414041   65   4    0.00262
 453      7.7700  #404140   65   5    0.01556
 454      7.7900  #404141   65   6    0.00257
 455      7.8500  #414140   65   7    0.00767
 456      7.8700  #414141   66   1    0.00254
 457      7.8900  #414142   66   2    0.00254
 458      7.9500  #424141   66   3    0.00758
 459      7.9800  #424142   66   4    0.00377
 460      8.1000  #414241   66   5    0.01493
 461      8.1300  #414242   66   6    0.00370
 462      8.1800  #424241   66   7    0.00613
 463      8.2100  #424242   67   1    0.00366
 464      8.2300  #424243   67   2    0.00243
 465      8.2900  #434242   67   3    0.00726
 466      8.3100  #434243   67   4    0.00241
 467      8.4300  #424342   67   5    0.01434
 468      8.4600  #424343   67   6    0.00355
 469      8.5100  #434342   67   7    0.00589
 470      8.5400  #434343   68   1    0.00352
 471      8.5700  #434344   68   2    0.00351
 472      8.6200  #444343   68   3    0.00582
 473      8.6600  #444344   68   4    0.00463
 474      8.7800  #434443   68   5    0.01376
 475      8.8000  #434444   68   6    0.00228
 476      8.8600  #444443   68   7    0.00680
 477      8.8800  #444444   69   1    0.00225
 478      8.9100  #444445   69   2    0.00337
 479      8.9800  #454444   69   3    0.00783
 480      9.0100  #454445   69   4    0.00334
 481      9.1400  #444544   69   5    0.01433
 482      9.1700  #444545   69   6    0.00328
 483      9.2400  #454544   69   7    0.00760
 484      9.2700  #454545   70   1    0.00324
 485      9.3000  #454546   70   2    0.00323
 486      9.3700  #464545   70   3    0.00750
 487      9.3900  #464546   70   4    0.00213
 488      9.5300  #454645   70   5    0.01480
 489      9.5600  #454646   70   6    0.00314
 490      9.6300  #464645   70   7    0.00730
 491      9.6600  #464646   71   1    0.00311
 492      9.6900  #464647   71   2    0.00310
 493      9.7600  #474646   71   3    0.00720
 494      9.7900  #474647   71   4    0.00307
 495      9.9300  #464746   71   5    0.01420
 496      9.9600  #464747   71   6    0.00302
 497     10.0300  #474746   71   7    0.00700
 498     10.0600  #474747   72   1    0.00299
 499     10.0900  #474748   72   2    0.00298
 500     10.1600  #484747   72   3    0.00691
 501     10.2000  #484748   72   4    0.00393
 502     10.3400  #474847   72   5    0.01363
 503     10.3600  #474848   72   6    0.00193
 504     10.4400  #484847   72   7    0.00769
 505     10.4600  #484848   73   1    0.00191
 506     10.5000  #484849   73   2    0.00382
 507     10.5600  #494848   73   3    0.00570
 508     10.6000  #494849   73   4    0.00378
 509     10.7600  #484948   73   5    0.01498
 510     10.7900  #484949   73   6    0.00278
 511     10.8600  #494948   73   7    0.00647
 512     10.8800  #494949   74   1    0.00184
 513     10.9200  #49494a   74   2    0.00367
 514     10.9800  #4a4949   74   3    0.00548
 515     11.0200  #4a494a   74   4    0.00364
 516     11.1700  #494a49   74   5    0.01352
 517     11.2000  #494a4a   74   6    0.00268
 518     11.2700  #4a4a49   74   7    0.00623
 519     11.3100  #4a4a4a   75   1    0.00354
 520     11.3400  #4a4a4b   75   2    0.00265
 521     11.4000  #4b4a4a   75   3    0.00528
 522     11.4400  #4b4a4b   75   4    0.00350
 523     11.6000  #4a4b4a   75   5    0.01389
 524     11.6300  #4a4b4b   75   6    0.00258
 525     11.7000  #4b4b4a   75   7    0.00600
 526     11.7300  #4b4b4b   76   1    0.00256
 527     11.7700  #4b4b4c   76   2    0.00340
 528     11.8400  #4c4b4b   76   3    0.00593
 529     11.8700  #4c4b4c   76   4    0.00253
 530     12.0300  #4b4c4b   76   5    0.01339
 531     12.0600  #4b4c4c   76   6    0.00249
 532     12.1300  #4c4c4b   76   7    0.00579
 533     12.1600  #4c4c4c   77   1    0.00247
 534     12.2000  #4c4c4d   77   2    0.00328
 535     12.2700  #4d4c4c   77   3    0.00572
 536     12.3100  #4d4c4d   77   4    0.00325
 537     12.4900  #4c4d4c   77   5    0.01452
 538     12.5100  #4c4d4d   77   6    0.00160
 539     12.5800  #4d4d4c   77   7    0.00558
 540     12.6100  #4d4d4d   78   1    0.00238
 541     12.6500  #4d4d4e   78   2    0.00317
 542     12.7300  #4e4d4d   78   3    0.00630
 543     12.7600  #4e4d4e   78   4    0.00235
 544     12.9400  #4d4e4d   78   5    0.01401
 545     12.9700  #4d4e4e   78   6    0.00232
 546     13.0400  #4e4e4d   78   7    0.00538
 547     13.0700  #4e4e4e   79   1    0.00230
 548     13.1100  #4e4e4f   79   2    0.00306
 549     13.1800  #4f4e4e   79   3    0.00533
 550     13.2200  #4f4e4f   79   4    0.00303
 551     13.4000  #4e4f4e   79   5    0.01352
 552     13.4300  #4e4f4f   79   6    0.00224
 553     13.5000  #4f4f4e   79   7    0.00520
 554     13.5400  #4f4f4f   80   1    0.00296
 555     13.5800  #4f4f50   80   2    0.00295
 556     13.6500  #504f4f   80   3    0.00514
 557     13.6800  #504f50   80   4    0.00220
 558     13.8700  #4f504f   80   5    0.01379
 559     13.9000  #4f5050   80   6    0.00216
 560     13.9800  #50504f   80   7    0.00574
 561     14.0100  #505050   81   1    0.00214
 562     14.0500  #505051   81   2    0.00285
 563     14.1300  #515050   81   3    0.00568
 564     14.1600  #515051   81   4    0.00212
 565     14.3600  #505150   81   5    0.01403
 566     14.4000  #505151   81   6    0.00278
 567     14.4700  #515150   81   7    0.00485
 568     14.5000  #515151   82   1    0.00207
 569     14.5400  #515152   82   2    0.00275
 570     14.6100  #525151   82   3    0.00480
 571     14.6500  #525152   82   4    0.00273
 572     14.8500  #515251   82   5    0.01356
 573     14.8900  #515252   82   6    0.00269
 574     14.9700  #525251   82   7    0.00536
 575     15.0100  #525252   83   1    0.00267
 576     15.0500  #525253   83   2    0.00266
 577     15.1200  #535252   83   3    0.00464
 578     15.1600  #535253   83   4    0.00264
 579     15.3700  #525352   83   5    0.01376
 580     15.4100  #525353   83   6    0.00260
 581     15.4900  #535352   83   7    0.00518
 582     15.5300  #535353   84   1    0.00258
 583     15.5700  #535354   84   2    0.00257
 584     15.6400  #545353   84   3    0.00449
 585     15.6700  #545354   84   4    0.00192
 586     15.8800  #535453   84   5    0.01331
 587     15.9100  #535454   84   6    0.00189
 588     15.9900  #545453   84   7    0.00502
 589     16.0300  #545454   85   1    0.00250
 590     16.0700  #545455   85   2    0.00249
 591     16.1700  #555454   85   3    0.00620
 592     16.2100  #555455   85   4    0.00247
 593     16.4000  #545554   85   5    0.01165
 594     16.4400  #545555   85   6    0.00244
 595     16.5400  #555554   85   7    0.00606
 596     16.5700  #555555   86   1    0.00181
 597     16.6200  #555556   86   2    0.00301
 598     16.7100  #565555   86   3    0.00540
 599     16.7600  #565556   86   4    0.00299
 600     16.9500  #555655   86   5    0.01127
 601     17.0000  #555656   86   6    0.00295
 602     17.1100  #565655   86   7    0.00645
 603     17.1500  #565656   87   1    0.00234
 604     17.1800  #565657   87   2    0.00175
 605     17.2800  #575656   87   3    0.00580
 606     17.3200  #575657   87   4    0.00231
 607     17.5100  #565756   87   5    0.01091
 608     17.5600  #565757   87   6    0.00285
 609     17.6600  #575756   87   7    0.00568
 610     17.7000  #575757   88   1    0.00226
 611     17.7500  #575758   88   2    0.00282
 612     17.8500  #585757   88   3    0.00562
 613     17.8800  #585758   88   4    0.00168
 614     18.0000  #575857   88   5    0.00669
 615     18.1000  #575858   88   6    0.00554
 616     18.2000  #585857   88   7    0.00551
 617     18.2000  #585858   89   1    0.00000
 618     18.3000  #585859   89   2    0.00548
 619     18.3000  #595858   89   3    0.00000
 620     18.4000  #595859   89   4    0.00545
 621     18.6000  #585958   89   5    0.01081
 622     18.7000  #585959   89   6    0.00536
 623     18.7000  #595958   89   7    0.00000
 624     18.8000  #595959   90   1    0.00533
 625     18.8000  #59595a   90   2    0.00000
 626     18.9000  #5a5959   90   3    0.00531
 627     18.9000  #5a595a   90   4    0.00000
 628     19.2000  #595a59   90   5    0.01575
 629     19.2000  #595a5a   90   6    0.00000
 630     19.3000  #5a5a59   90   7    0.00519
 631     19.4000  #5a5a5a   91   1    0.00517
 632     19.4000  #5a5a5b   91   2    0.00000
 633     19.5000  #5b5a5a   91   3    0.00514
 634     19.5000  #5b5a5b   91   4    0.00000
 635     19.8000  #5a5b5a   91   5    0.01527
 636     19.8000  #5a5b5b   91   6    0.00000
 637     19.9000  #5b5b5a   91   7    0.00504
 638     19.9000  #5b5b5b   92   1    0.00000
 639     20.0000  #5b5b5c   92   2    0.00501
 640     20.1000  #5c5b5b   92   3    0.00499
 641     20.1000  #5c5b5c   92   4    0.00000
 642     20.3000  #5b5c5b   92   5    0.00990
 643     20.4000  #5b5c5c   92   6    0.00491
 644     20.5000  #5c5c5b   92   7    0.00489
 645     20.5000  #5c5c5c   93   1    0.00000
 646     20.5000  #5c5c5d   93   2    0.00000
 647     20.7000  #5d5c5c   93   3    0.00971
 648     20.7000  #5d5c5d   93   4    0.00000
 649     20.9000  #5c5d5c   93   5    0.00962
 650     21.0000  #5c5d5d   93   6    0.00477
 651     21.1000  #5d5d5c   93   7    0.00475
 652     21.1000  #5d5d5d   94   1    0.00000
 653     21.1000  #5d5d5e   94   2    0.00000
 654     21.3000  #5e5d5d   94   3    0.00943
 655     21.3000  #5e5d5e   94   4    0.00000
 656     21.5000  #5d5e5d   94   5    0.00935
 657     21.6000  #5d5e5e   94   6    0.00464
 658     21.7000  #5e5e5d   94   7    0.00462
 659     21.7000  #5e5e5e   95   1    0.00000
 660     21.8000  #5e5e5f   95   2    0.00460
 661     21.9000  #5f5e5e   95   3    0.00458
 662     21.9000  #5f5e5f   95   4    0.00000
 663     22.2000  #5e5f5e   95   5    0.01361
 664     22.2000  #5e5f5f   95   6    0.00000
 665     22.3000  #5f5f5e   95   7    0.00449
 666     22.4000  #5f5f5f   96   1    0.00447
 667     22.4000  #5f5f60   96   2    0.00000
 668     22.5000  #605f5f   96   3    0.00445
 669     22.6000  #605f60   96   4    0.00443
 670     22.8000  #5f605f   96   5    0.00881
 671     22.8000  #5f6060   96   6    0.00000
 672     22.9000  #60605f   96   7    0.00438
 673     23.0000  #606060   97   1    0.00436
 674     23.0000  #606061   97   2    0.00000
 675     23.1000  #616060   97   3    0.00434
 676     23.2000  #616061   97   4    0.00432
 677     23.4000  #606160   97   5    0.00858
 678     23.5000  #606161   97   6    0.00426
 679     23.6000  #616160   97   7    0.00425
 680     23.6000  #616161   98   1    0.00000
 681     23.7000  #616162   98   2    0.00423
 682     23.8000  #626161   98   3    0.00421
 683     23.8000  #626162   98   4    0.00000
 684     24.0000  #616261   98   5    0.00837
 685     24.1000  #616262   98   6    0.00416
 686     24.2000  #626261   98   7    0.00414
 687     24.2000  #626262   99   1    0.00000
 688     24.3000  #626263   99   2    0.00412
 689     24.4000  #636262   99   3    0.00411
 690     24.4000  #636263   99   4    0.00000
 691     24.7000  #626362   99   5    0.01222
 692     24.7000  #626363   99   6    0.00000
 693     24.8000  #636362   99   7    0.00404
 694     24.9000  #636363  100   1    0.00402
 695     24.9000  #636364  100   2    0.00000
 696     25.0000  #646363  100   3    0.00401
 697     25.0000  #646364  100   4    0.00000
 698     25.3000  #636463  100   5    0.01193
 699     25.3000  #636464  100   6    0.00000
 700     25.4000  #646463  100   7    0.00394
 701     25.5000  #646464  101   1    0.00393
 702     25.5000  #646465  101   2    0.00000
 703     25.7000  #656464  101   3    0.00781
 704     25.7000  #656465  101   4    0.00000
 705     26.0000  #646564  101   5    0.01161
 706     26.0000  #646565  101   6    0.00000
 707     26.1000  #656564  101   7    0.00384
 708     26.2000  #656565  102   1    0.00382
 709     26.2000  #656566  102   2    0.00000
 710     26.3000  #666565  102   3    0.00381
 711     26.4000  #666566  102   4    0.00380
 712     26.7000  #656665  102   5    0.01130
 713     26.7000  #656666  102   6    0.00000
 714     26.8000  #666665  102   7    0.00374
 715     26.9000  #666666  103   1    0.00372
 716     26.9000  #666667  103   2    0.00000
 717     27.5000  #676666  103   3    0.02206
 718     27.5000  #676667  103   4    0.00000
 719     27.8000  #666766  103   5    0.01085
 720     27.9000  #666767  103   6    0.00359
 721     28.0000  #676766  103   7    0.00358
 722     28.1000  #676767  104   1    0.00357
 723     28.1000  #676768  104   2    0.00000
 724     28.3000  #686767  104   3    0.00709
 725     28.3000  #686768  104   4    0.00000
 726     28.6000  #676867  104   5    0.01054
 727     28.7000  #676868  104   6    0.00349
 728     28.8000  #686867  104   7    0.00348
 729     28.9000  #686868  105   1    0.00347
 730     28.9000  #686869  105   2    0.00000
 731     29.1000  #696868  105   3    0.00690
 732     29.1000  #696869  105   4    0.00000
 733     29.4000  #686968  105   5    0.01026
 734     29.5000  #686969  105   6    0.00340
 735     29.6000  #696968  105   7    0.00338
 736     29.7000  #696969  106   1    0.00337
 737     29.8000  #69696a  106   2    0.00336
 738     29.9000  #6a6969  106   3    0.00335
 739     29.9000  #6a696a  106   4    0.00000
 740     30.2000  #696a69  106   5    0.00998
 741     30.3000  #696a6a  106   6    0.00331
 742     30.4000  #6a6a69  106   7    0.00329
 743     30.5000  #6a6a6a  107   1    0.00328
 744     30.5000  #6a6a6b  107   2    0.00000
 745     30.7000  #6b6a6a  107   3    0.00654
 746     30.8000  #6b6a6b  107   4    0.00325
 747     31.1000  #6a6b6a  107   5    0.00969
 748     31.1000  #6a6b6b  107   6    0.00000
 749     31.3000  #6b6b6a  107   7    0.00641
 750     31.3000  #6b6b6b  108   1    0.00000
 751     31.4000  #6b6b6c  108   2    0.00319
 752     31.5000  #6c6b6b  108   3    0.00318
 753     31.6000  #6c6b6c  108   4    0.00317
 754     31.9000  #6b6c6b  108   5    0.00945
 755     31.9000  #6b6c6c  108   6    0.00000
 756     32.1000  #6c6c6b  108   7    0.00625
 757     32.2000  #6c6c6c  109   1    0.00311
 758     32.2000  #6c6c6d  109   2    0.00000
 759     32.4000  #6d6c6c  109   3    0.00619
 760     32.4000  #6d6c6d  109   4    0.00000
 761     32.7000  #6c6d6c  109   5    0.00922
 762     32.8000  #6c6d6d  109   6    0.00305
 763     32.9000  #6d6d6c  109   7    0.00304
 764     33.0000  #6d6d6d  110   1    0.00303
 765     33.1000  #6d6d6e  110   2    0.00303
 766     33.2000  #6e6d6d  110   3    0.00302
 767     33.3000  #6e6d6e  110   4    0.00301
 768     33.6000  #6d6e6d  110   5    0.00897
 769     33.6000  #6d6e6e  110   6    0.00000
 770     33.8000  #6e6e6d  110   7    0.00593
 771     33.8000  #6e6e6e  111   1    0.00000
 772     33.9000  #6e6e6f  111   2    0.00295
 773     34.1000  #6f6e6e  111   3    0.00588
 774     34.1000  #6f6e6f  111   4    0.00000
 775     34.4000  #6e6f6e  111   5    0.00876
 776     34.5000  #6e6f6f  111   6    0.00290
 777     34.7000  #6f6f6e  111   7    0.00578
 778     34.7000  #6f6f6f  112   1    0.00000
 779     34.8000  #6f6f70  112   2    0.00288
 780     34.9000  #706f6f  112   3    0.00287
 781     35.0000  #706f70  112   4    0.00286
 782     35.3000  #6f706f  112   5    0.00853
 783     35.4000  #6f7070  112   6    0.00283
 784     35.5000  #70706f  112   7    0.00282
 785     35.6000  #707070  113   1    0.00281
 786     35.7000  #707071  113   2    0.00281
 787     35.8000  #717070  113   3    0.00280
 788     35.9000  #717071  113   4    0.00279
 789     36.2000  #707170  113   5    0.00832
 790     36.3000  #707171  113   6    0.00276
 791     36.4000  #717170  113   7    0.00275
 792     36.5000  #717171  114   1    0.00274
 793     36.6000  #717172  114   2    0.00274
 794     36.7000  #727171  114   3    0.00273
 795     36.7000  #727172  114   4    0.00000
 796     37.1000  #717271  114   5    0.01084
 797     37.1000  #717272  114   6    0.00000
 798     37.3000  #727271  114   7    0.00538
 799     37.4000  #727272  115   1    0.00268
 800     37.4000  #727273  115   2    0.00000
 801     37.6000  #737272  115   3    0.00533
 802     37.7000  #737273  115   4    0.00266
 803     38.0000  #727372  115   5    0.00793
 804     38.1000  #727373  115   6    0.00263
 805     38.2000  #737372  115   7    0.00262
 806     38.2000  #737373  116   1    0.00000
 807     38.3000  #737374  116   2    0.00261
 808     38.4000  #747373  116   3    0.00261
 809     38.5000  #747374  116   4    0.00260
 810     38.9000  #737473  116   5    0.01034
 811     39.0000  #737474  116   6    0.00257
 812     39.1000  #747473  116   7    0.00256
 813     39.2000  #747474  117   1    0.00255
 814     39.2000  #747475  117   2    0.00000
 815     39.4000  #757474  117   3    0.00509
 816     39.4000  #757475  117   4    0.00000
 817     39.8000  #747574  117   5    0.01010
 818     39.8000  #747575  117   6    0.00000
 819     40.0000  #757574  117   7    0.00501
 820     40.1000  #757575  118   1    0.00250
 821     40.2000  #757576  118   2    0.00249
 822     40.3000  #767575  118   3    0.00248
 823     40.4000  #767576  118   4    0.00248
 824     40.7000  #757675  118   5    0.00740
 825     40.8000  #757676  118   6    0.00245
 826     41.0000  #767675  118   7    0.00489
 827     41.0000  #767676  119   1    0.00000
 828     41.1000  #767677  119   2    0.00244
 829     41.3000  #777676  119   3    0.00485
 830     41.3000  #777677  119   4    0.00000
 831     41.7000  #767776  119   5    0.00964
 832     41.8000  #767777  119   6    0.00240
 833     41.9000  #777776  119   7    0.00239
 834     42.0000  #777777  120   1    0.00238
 835     42.1000  #777778  120   2    0.00238
 836     42.2000  #787777  120   3    0.00237
 837     42.3000  #787778  120   4    0.00237
 838     42.7000  #777877  120   5    0.00941
 839     42.8000  #777878  120   6    0.00234
 840     42.9000  #787877  120   7    0.00233
 841     43.0000  #787878  121   1    0.00233
 842     43.0000  #787879  121   2    0.00000
 843     43.2000  #797878  121   3    0.00464
 844     43.2000  #797879  121   4    0.00000
 845     43.7000  #787978  121   5    0.01151
 846     43.7000  #787979  121   6    0.00000
 847     43.9000  #797978  121   7    0.00457
 848     44.0000  #797979  122   1    0.00228
 849     44.0000  #79797a  122   2    0.00000
 850     44.1000  #7a7979  122   3    0.00227
 851     44.2000  #7a797a  122   4    0.00227
 852     44.6000  #797a79  122   5    0.00901
 853     44.7000  #797a7a  122   6    0.00224
 854     44.8000  #7a7a79  122   7    0.00223
 855     44.9000  #7a7a7a  123   1    0.00223
 856     45.0000  #7a7a7b  123   2    0.00222
 857     45.1000  #7b7a7a  123   3    0.00222
 858     45.2000  #7b7a7b  123   4    0.00221
 859     45.6000  #7a7b7a  123   5    0.00881
 860     45.7000  #7a7b7b  123   6    0.00219
 861     45.8000  #7b7b7a  123   7    0.00219
 862     45.9000  #7b7b7b  124   1    0.00218
 863     45.9000  #7b7b7c  124   2    0.00000
 864     46.1000  #7c7b7b  124   3    0.00435
 865     46.1000  #7c7b7c  124   4    0.00000
 866     46.6000  #7b7c7b  124   5    0.01079
 867     46.6000  #7b7c7c  124   6    0.00000
 868     46.8000  #7c7c7b  124   7    0.00428
 869     46.8000  #7c7c7c  125   1    0.00000
 870     46.9000  #7c7c7d  125   2    0.00213
 871     47.1000  #7d7c7c  125   3    0.00426
 872     47.2000  #7d7c7d  125   4    0.00212
 873     47.6000  #7c7d7c  125   5    0.00844
 874     47.6000  #7c7d7d  125   6    0.00000
 875     47.8000  #7d7d7c  125   7    0.00419
 876     47.9000  #7d7d7d  126   1    0.00209
 877     47.9000  #7d7d7e  126   2    0.00000
 878     48.1000  #7e7d7d  126   3    0.00417
 879     48.2000  #7e7d7e  126   4    0.00208
 880     48.6000  #7d7e7d  126   5    0.00826
 881     48.6000  #7d7e7e  126   6    0.00000
 882     48.8000  #7e7e7d  126   7    0.00411
 883     48.9000  #7e7e7e  127   1    0.00205
 884     49.0000  #7e7e7f  127   2    0.00204
 885     49.1000  #7f7e7e  127   3    0.00204
 886     49.2000  #7f7e7f  127   4    0.00203
 887     49.6000  #7e7f7e  127   5    0.00810
 888     49.7000  #7e7f7f  127   6    0.00201
 889     49.8000  #7f7f7e  127   7    0.00201
 890     49.9000  #7f7f7f  128   1    0.00201
 891     50.0000  #7f7f80  128   2    0.00200
 892     50.2000  #807f7f  128   3    0.00399
 893     50.3000  #807f80  128   4    0.00199
 894     50.7000  #7f807f  128   5    0.00792
 895     50.7000  #7f8080  128   6    0.00000
 896     50.9000  #80807f  128   7    0.00394
 897     51.0000  #808080  129   1    0.00196
 898     51.1000  #808081  129   2    0.00196
 899     51.2000  #818080  129   3    0.00196
 900     51.3000  #818081  129   4    0.00195
 901     51.7000  #808180  129   5    0.00777
 902     51.8000  #808181  129   6    0.00193
 903     51.9000  #818180  129   7    0.00193
 904     52.0000  #818181  130   1    0.00192
 905     52.1000  #818182  130   2    0.00192
 906     52.2000  #828181  130   3    0.00192
 907     52.3000  #828182  130   4    0.00191
 908     52.7000  #818281  130   5    0.00762
 909     52.8000  #818282  130   6    0.00190
 910     53.0000  #828281  130   7    0.00378
 911     53.0000  #828282  131   1    0.00000
 912     53.1000  #828283  131   2    0.00189
 913     53.3000  #838282  131   3    0.00376
 914     53.4000  #838283  131   4    0.00187
 915     53.8000  #828382  131   5    0.00746
 916     53.8000  #828383  131   6    0.00000
 917     54.0000  #838382  131   7    0.00371
 918     54.1000  #838383  132   1    0.00185
 919     54.2000  #838384  132   2    0.00185
 920     54.3000  #848383  132   3    0.00184
 921     54.4000  #848384  132   4    0.00184
 922     54.8000  #838483  132   5    0.00733
 923     54.9000  #838484  132   6    0.00182
 924     55.1000  #848483  132   7    0.00364
 925     55.1000  #848484  133   1    0.00000
 926     55.2000  #848485  133   2    0.00181
 927     55.4000  #858484  133   3    0.00362
 928     55.5000  #858485  133   4    0.00180
 929     55.9000  #848584  133   5    0.00718
 930     56.0000  #848585  133   6    0.00179
 931     56.1000  #858584  133   7    0.00178
 932     56.2000  #858585  134   1    0.00178
 933     56.3000  #858586  134   2    0.00178
 934     56.4000  #868585  134   3    0.00177
 935     56.5000  #868586  134   4    0.00177
 936     56.9000  #858685  134   5    0.00705
 937     57.0000  #858686  134   6    0.00176
 938     57.2000  #868685  134   7    0.00350
 939     57.3000  #868686  135   1    0.00175
 940     57.4000  #868687  135   2    0.00174
 941     57.5000  #878686  135   3    0.00174
 942     57.6000  #878687  135   4    0.00174
 943     58.0000  #868786  135   5    0.00692
 944     58.1000  #868787  135   6    0.00172
 945     58.3000  #878786  135   7    0.00344
 946     58.3000  #878787  136   1    0.00000
 947     58.4000  #878788  136   2    0.00171
 948     58.6000  #888787  136   3    0.00342
 949     58.7000  #888788  136   4    0.00171
 950     59.1000  #878887  136   5    0.00679
 951     59.2000  #878888  136   6    0.00169
 952     59.3000  #888887  136   7    0.00169
 953     59.4000  #888888  137   1    0.00168
 954     59.5000  #888889  137   2    0.00168
 955     59.7000  #898888  137   3    0.00336
 956     59.7000  #898889  137   4    0.00000
 957     60.1000  #888988  137   5    0.00668
 958     60.2000  #888989  137   6    0.00166
 959     60.4000  #898988  137   7    0.00332
 960     60.5000  #898989  138   1    0.00165
 961     60.6000  #89898a  138   2    0.00165
 962     60.8000  #8a8989  138   3    0.00329
 963     60.9000  #8a898a  138   4    0.00164
 964     61.3000  #898a89  138   5    0.00655
 965     61.4000  #898a8a  138   6    0.00163
 966     61.5000  #8a8a89  138   7    0.00163
 967     61.6000  #8a8a8a  139   1    0.00162
 968     61.7000  #8a8a8b  139   2    0.00162
 969     61.9000  #8b8a8a  139   3    0.00324
 970     62.0000  #8b8a8b  139   4    0.00161
 971     62.3000  #8a8b8a  139   5    0.00483
 972     62.4000  #8a8b8b  139   6    0.00160
 973     62.6000  #8b8b8a  139   7    0.00320
 974     62.7000  #8b8b8b  140   1    0.00160
 975     62.8000  #8b8b8c  140   2    0.00159
 976     62.9000  #8c8b8b  140   3    0.00159
 977     63.0000  #8c8b8c  140   4    0.00159
 978     63.5000  #8b8c8b  140   5    0.00791
 979     63.6000  #8b8c8c  140   6    0.00157
 980     63.7000  #8c8c8b  140   7    0.00157
 981     63.8000  #8c8c8c  141   1    0.00157
 982     63.9000  #8c8c8d  141   2    0.00157
 983     64.1000  #8d8c8c  141   3    0.00312
 984     64.2000  #8d8c8d  141   4    0.00156
 985     64.6000  #8c8d8c  141   5    0.00621
 986     64.6000  #8c8d8d  141   6    0.00000
 987     64.8000  #8d8d8c  141   7    0.00309
 988     65.0000  #8d8d8d  142   1    0.00308
 989     65.0000  #8d8d8e  142   2    0.00000
 990     65.2000  #8e8d8d  142   3    0.00307
 991     65.3000  #8e8d8e  142   4    0.00153
 992     65.7000  #8d8e8d  142   5    0.00611
 993     65.8000  #8d8e8e  142   6    0.00152
 994     66.0000  #8e8e8d  142   7    0.00303
 995     66.1000  #8e8e8e  143   1    0.00151
 996     66.2000  #8e8e8f  143   2    0.00151
 997     66.3000  #8f8e8e  143   3    0.00151
 998     66.5000  #8f8e8f  143   4    0.00301
 999     66.8000  #8e8f8e  143   5    0.00450
1000     66.9000  #8e8f8f  143   6    0.00150
1001     67.1000  #8f8f8e  143   7    0.00299
1002     67.2000  #8f8f8f  144   1    0.00149
1003     67.3000  #8f8f90  144   2    0.00149
1004     67.5000  #908f8f  144   3    0.00297
1005     67.6000  #908f90  144   4    0.00148
1006     68.0000  #8f908f  144   5    0.00590
1007     68.1000  #8f9090  144   6    0.00147
1008     68.3000  #90908f  144   7    0.00293
1009     68.4000  #909090  145   1    0.00146
1010     68.5000  #909091  145   2    0.00146
1011     68.7000  #919090  145   3    0.00292
1012     68.7000  #919091  145   4    0.00000
1013     69.1000  #909190  145   5    0.00581
1014     69.3000  #909191  145   6    0.00289
1015     69.4000  #919190  145   7    0.00144
1016     69.6000  #919191  146   1    0.00288
1017     69.7000  #919192  146   2    0.00144
1018     69.8000  #929191  146   3    0.00143
1019     69.9000  #929192  146   4    0.00143
1020     70.4000  #919291  146   5    0.00713
1021     70.5000  #919292  146   6    0.00142
1022     70.6000  #929291  146   7    0.00142
1023     70.7000  #929292  147   1    0.00142
1024     70.8000  #929293  147   2    0.00141
1025     71.0000  #939292  147   3    0.00282
1026     71.1000  #939293  147   4    0.00141
1027     71.5000  #929392  147   5    0.00561
1028     71.6000  #929393  147   6    0.00140
1029     71.8000  #939392  147   7    0.00279
1030     71.9000  #939393  148   1    0.00139
1031     72.0000  #939394  148   2    0.00139
1032     72.2000  #949393  148   3    0.00277
1033     72.3000  #949394  148   4    0.00138
1034     72.7000  #939493  148   5    0.00552
1035     72.8000  #939494  148   6    0.00137
1036     73.0000  #949493  148   7    0.00274
1037     73.1000  #949494  149   1    0.00137
1038     73.2000  #949495  149   2    0.00137
1039     73.4000  #959494  149   3    0.00273
1040     73.5000  #959495  149   4    0.00136
1041     74.0000  #949594  149   5    0.00678
1042     74.1000  #949595  149   6    0.00135
1043     74.3000  #959594  149   7    0.00270
1044     74.4000  #959595  150   1    0.00134
1045     74.4000  #959596  150   2    0.00000
1046     74.6000  #969595  150   3    0.00268
1047     74.7000  #969596  150   4    0.00134
1048     75.2000  #959695  150   5    0.00667
1049     75.3000  #959696  150   6    0.00133
1050     75.5000  #969695  150   7    0.00265
1051     75.6000  #969696  151   1    0.00132
1052     75.7000  #969697  151   2    0.00132
1053     75.9000  #979696  151   3    0.00264
1054     76.0000  #979697  151   4    0.00132
1055     76.4000  #969796  151   5    0.00525
1056     76.6000  #969797  151   6    0.00261
1057     76.8000  #979796  151   7    0.00261
1058     76.9000  #979797  152   1    0.00130
1059     77.0000  #979798  152   2    0.00130
1060     77.2000  #989797  152   3    0.00259
1061     77.3000  #989798  152   4    0.00129
1062     77.7000  #979897  152   5    0.00516
1063     77.9000  #979898  152   6    0.00257
1064     78.1000  #989897  152   7    0.00256
1065     78.1000  #989898  153   1    0.00000
1066     78.2000  #989899  153   2    0.00128
1067     78.4000  #999898  153   3    0.00255
1068     78.6000  #999899  153   4    0.00255
1069     79.1000  #989998  153   5    0.00634
1070     79.1000  #989999  153   6    0.00000
1071     79.3000  #999998  153   7    0.00253
1072     79.4000  #999999  154   1    0.00126
1073     79.5000  #99999a  154   2    0.00126
1074     79.7000  #9a9999  154   3    0.00251
1075     79.8000  #9a999a  154   4    0.00125
1076     80.3000  #999a99  154   5    0.00625
1077     80.4000  #999a9a  154   6    0.00124
1078     80.6000  #9a9a99  154   7    0.00248
1079     80.7000  #9a9a9a  155   1    0.00124
1080     80.8000  #9a9a9b  155   2    0.00124
1081     81.0000  #9b9a9a  155   3    0.00247
1082     81.1000  #9b9a9b  155   4    0.00123
1083     81.5000  #9a9b9a  155   5    0.00492
1084     81.7000  #9a9b9b  155   6    0.00245
1085     81.9000  #9b9b9a  155   7    0.00244
1086     82.0000  #9b9b9b  156   1    0.00122
1087     82.1000  #9b9b9c  156   2    0.00122
1088     82.3000  #9c9b9b  156   3    0.00243
1089     82.4000  #9c9b9c  156   4    0.00121
1090     82.8000  #9b9c9b  156   5    0.00484
1091     83.0000  #9b9c9c  156   6    0.00241
1092     83.1000  #9c9c9b  156   7    0.00120
1093     83.2000  #9c9c9c  157   1    0.00120
1094     83.3000  #9c9c9d  157   2    0.00120
1095     83.5000  #9d9c9c  157   3    0.00240
1096     83.6000  #9d9c9d  157   4    0.00120
1097     84.1000  #9c9d9c  157   5    0.00596
1098     84.2000  #9c9d9d  157   6    0.00119
1099     84.4000  #9d9d9c  157   7    0.00237
1100     84.5000  #9d9d9d  158   1    0.00118
1101     84.6000  #9d9d9e  158   2    0.00118
1102     84.8000  #9e9d9d  158   3    0.00236
1103     84.9000  #9e9d9e  158   4    0.00118
1104     85.4000  #9d9e9d  158   5    0.00587
1105     85.5000  #9d9e9e  158   6    0.00117
1106     85.7000  #9e9e9d  158   7    0.00234
1107     85.8000  #9e9e9e  159   1    0.00117
1108     86.0000  #9e9e9f  159   2    0.00233
1109     86.1000  #9f9e9e  159   3    0.00116
1110     86.2000  #9f9e9f  159   4    0.00116
1111     86.7000  #9e9f9e  159   5    0.00578
1112     86.8000  #9e9f9f  159   6    0.00115
1113     87.0000  #9f9f9e  159   7    0.00230
1114     87.1000  #9f9f9f  160   1    0.00115
1115     87.2000  #9f9fa0  160   2    0.00115
1116     87.4000  #a09f9f  160   3    0.00229
1117     87.5000  #a09fa0  160   4    0.00114
1118     88.0000  #9fa09f  160   5    0.00570
1119     88.1000  #9fa0a0  160   6    0.00114
1120     88.3000  #a0a09f  160   7    0.00227
1121     88.4000  #a0a0a0  161   1    0.00113
1122     88.5000  #a0a0a1  161   2    0.00113
1123     88.7000  #a1a0a0  161   3    0.00226
1124     88.8000  #a1a0a1  161   4    0.00113
1125     89.3000  #a0a1a0  161   5    0.00561
1126     89.5000  #a0a1a1  161   6    0.00224
1127     89.6000  #a1a1a0  161   7    0.00112
1128     89.7000  #a1a1a1  162   1    0.00112
1129     89.9000  #a1a1a2  162   2    0.00223
1130     90.0000  #a2a1a1  162   3    0.00111
1131     90.1000  #a2a1a2  162   4    0.00111
1132     90.7000  #a1a2a1  162   5    0.00664
1133     90.8000  #a1a2a2  162   6    0.00110
1134     91.0000  #a2a2a1  162   7    0.00220
1135     91.1000  #a2a2a2  163   1    0.00110
1136     91.2000  #a2a2a3  163   2    0.00110
1137     91.4000  #a3a2a2  163   3    0.00219
1138     91.5000  #a3a2a3  163   4    0.00109
1139     92.0000  #a2a3a2  163   5    0.00545
1140     92.1000  #a2a3a3  163   6    0.00109
1141     92.3000  #a3a3a2  163   7    0.00217
1142     92.4000  #a3a3a3  164   1    0.00108
1143     92.6000  #a3a3a4  164   2    0.00216
1144     92.8000  #a4a3a3  164   3    0.00216
1145     92.9000  #a4a3a4  164   4    0.00108
1146     93.4000  #a3a4a3  164   5    0.00537
1147     93.5000  #a3a4a4  164   6    0.00107
1148     93.7000  #a4a4a3  164   7    0.00214
1149     93.8000  #a4a4a4  165   1    0.00107
1150     93.9000  #a4a4a5  165   2    0.00107
1151     94.1000  #a5a4a4  165   3    0.00213
1152     94.2000  #a5a4a5  165   4    0.00106
1153     94.8000  #a4a5a4  165   5    0.00635
1154     94.9000  #a4a5a5  165   6    0.00105
1155     95.1000  #a5a5a4  165   7    0.00211
1156     95.2000  #a5a5a5  166   1    0.00105
1157     95.3000  #a5a5a6  166   2    0.00105
1158     95.5000  #a6a5a5  166   3    0.00210
1159     95.6000  #a6a5a6  166   4    0.00105
1160     96.2000  #a5a6a5  166   5    0.00626
1161     96.2000  #a5a6a6  166   6    0.00000
1162     96.5000  #a6a6a5  166   7    0.00311
1163     96.6000  #a6a6a6  167   1    0.00104
1164     96.8000  #a6a6a7  167   2    0.00207
1165     97.0000  #a7a6a6  167   3    0.00206
1166     97.1000  #a7a6a7  167   4    0.00103
1167     97.6000  #a6a7a6  167   5    0.00514
1168     97.6000  #a6a7a7  167   6    0.00000
1169     97.9000  #a7a7a6  167   7    0.00307
1170     98.0000  #a7a7a7  168   1    0.00102
1171     98.1000  #a7a7a8  168   2    0.00102
1172     98.3000  #a8a7a7  168   3    0.00204
1173     98.5000  #a8a7a8  168   4    0.00203
1174     99.0000  #a7a8a7  168   5    0.00506
1175     99.1000  #a7a8a8  168   6    0.00101
1176     99.3000  #a8a8a7  168   7    0.00202
1177     99.4000  #a8a8a8  169   1    0.00101
1178     99.5000  #a8a8a9  169   2    0.00101
1179     99.7000  #a9a8a8  169   3    0.00201
1180     99.8000  #a9a8a9  169   4    0.00100
1181    100.4000  #a8a9a8  169   5    0.00599
1182    100.5000  #a8a9a9  169   6    0.00100
1183    100.7000  #a9a9a8  169   7    0.00199
1184    100.8000  #a9a9a9  170   1    0.00099
1185    100.9000  #a9a9aa  170   2    0.00099
1186    101.0000  #aaa9a9  170   3    0.00099
1187    101.2000  #aaa9aa  170   4    0.00198
1188    101.8000  #a9aaa9  170   5    0.00591
1189    101.9000  #a9aaaa  170   6    0.00098
1190    102.0000  #aaaaa9  170   7    0.00098
1191    102.2000  #aaaaaa  171   1    0.00196
1192    102.3000  #aaaaab  171   2    0.00098
1193    102.4000  #abaaaa  171   3    0.00098
1194    102.5000  #abaaab  171   4    0.00098
1195    103.1000  #aaabaa  171   5    0.00584
1196    103.2000  #aaabab  171   6    0.00097
1197    103.4000  #ababaa  171   7    0.00194
1198    103.5000  #ababab  172   1    0.00097
1199    103.6000  #ababac  172   2    0.00097
1200    103.8000  #acabab  172   3    0.00193
1201    103.9000  #acabac  172   4    0.00096
1202    104.5000  #abacab  172   5    0.00576
1203    104.5000  #abacac  172   6    0.00000
1204    104.7000  #acacab  172   7    0.00191
1205    104.9000  #acacac  173   1    0.00191
1206    105.0000  #acacad  173   2    0.00095
1207    105.2000  #adacac  173   3    0.00190
1208    105.4000  #adacad  173   4    0.00190
1209    105.8000  #acadac  173   5    0.00379
1210    106.0000  #acadad  173   6    0.00189
1211    106.2000  #adadac  173   7    0.00189
1212    106.3000  #adadad  174   1    0.00094
1213    106.4000  #adadae  174   2    0.00094
1214    106.6000  #aeadad  174   3    0.00188
1215    106.8000  #aeadae  174   4    0.00187
1216    107.3000  #adaead  174   5    0.00467
1217    107.4000  #adaeae  174   6    0.00093
1218    107.7000  #aeaead  174   7    0.00279
1219    107.8000  #aeaeae  175   1    0.00093
1220    107.9000  #aeaeaf  175   2    0.00093
1221    108.1000  #afaeae  175   3    0.00185
1222    108.2000  #afaeaf  175   4    0.00092
1223    108.8000  #aeafae  175   5    0.00553
1224    108.9000  #aeafaf  175   6    0.00092
1225    109.1000  #afafae  175   7    0.00183
1226    109.3000  #afafaf  176   1    0.00183
1227    109.4000  #afafb0  176   2    0.00091
1228    109.6000  #b0afaf  176   3    0.00183
1229    109.7000  #b0afb0  176   4    0.00091
1230    110.2000  #afb0af  176   5    0.00455
1231    110.3000  #afb0b0  176   6    0.00091
1232    110.5000  #b0b0af  176   7    0.00181
1233    110.7000  #b0b0b0  177   1    0.00181
1234    110.8000  #b0b0b1  177   2    0.00090
1235    111.1000  #b1b0b0  177   3    0.00270
1236    111.1000  #b1b0b1  177   4    0.00000
1237    111.7000  #b0b1b0  177   5    0.00539
1238    111.8000  #b0b1b1  177   6    0.00089
1239    112.1000  #b1b1b0  177   7    0.00268
1240    112.2000  #b1b1b1  178   1    0.00089
1241    112.3000  #b1b1b2  178   2    0.00089
1242    112.4000  #b2b1b1  178   3    0.00089
1243    112.7000  #b2b1b2  178   4    0.00267
1244    113.2000  #b1b2b1  178   5    0.00443
1245    113.3000  #b1b2b2  178   6    0.00088
1246    113.5000  #b2b2b1  178   7    0.00176
1247    113.7000  #b2b2b2  179   1    0.00176
1248    113.7000  #b2b2b3  179   2    0.00000
1249    114.0000  #b3b2b2  179   3    0.00264
1250    114.1000  #b3b2b3  179   4    0.00088
1251    114.7000  #b2b3b2  179   5    0.00524
1252    114.8000  #b2b3b3  179   6    0.00087
1253    115.0000  #b3b3b2  179   7    0.00174
1254    115.1000  #b3b3b3  180   1    0.00087
1255    115.3000  #b3b3b4  180   2    0.00174
1256    115.5000  #b4b3b3  180   3    0.00173
1257    115.7000  #b4b3b4  180   4    0.00173
1258    116.1000  #b3b4b3  180   5    0.00345
1259    116.2000  #b3b4b4  180   6    0.00086
1260    116.5000  #b4b4b3  180   7    0.00258
1261    116.7000  #b4b4b4  181   1    0.00172
1262    116.8000  #b4b4b5  181   2    0.00086
1263    117.0000  #b5b4b4  181   3    0.00171
1264    117.1000  #b5b4b5  181   4    0.00085
1265    117.7000  #b4b5b4  181   5    0.00511
1266    117.8000  #b4b5b5  181   6    0.00085
1267    118.0000  #b5b5b4  181   7    0.00170
1268    118.2000  #b5b5b5  182   1    0.00169
1269    118.3000  #b5b5b6  182   2    0.00085
1270    118.5000  #b6b5b5  182   3    0.00169
1271    118.7000  #b6b5b6  182   4    0.00169
1272    119.3000  #b5b6b5  182   5    0.00504
1273    119.4000  #b5b6b6  182   6    0.00084
1274    119.6000  #b6b6b5  182   7    0.00167
1275    119.8000  #b6b6b6  183   1    0.00167
1276    119.9000  #b6b6b7  183   2    0.00083
1277    120.1000  #b7b6b6  183   3    0.00167
1278    120.2000  #b7b6b7  183   4    0.00083
1279    120.8000  #b6b7b6  183   5    0.00498
1280    121.0000  #b6b7b7  183   6    0.00165
1281    121.1000  #b7b7b6  183   7    0.00083
1282    121.3000  #b7b7b7  184   1    0.00165
1283    121.4000  #b7b7b8  184   2    0.00082
1284    121.7000  #b8b7b7  184   3    0.00247
1285    121.8000  #b8b7b8  184   4    0.00082
1286    122.3000  #b7b8b7  184   5    0.00410
1287    122.4000  #b7b8b8  184   6    0.00082
1288    122.6000  #b8b8b7  184   7    0.00163
1289    122.8000  #b8b8b8  185   1    0.00163
1290    123.0000  #b8b8b9  185   2    0.00163
1291    123.2000  #b9b8b8  185   3    0.00162
1292    123.3000  #b9b8b9  185   4    0.00081
1293    123.9000  #b8b9b8  185   5    0.00485
1294    124.0000  #b8b9b9  185   6    0.00081
1295    124.2000  #b9b9b8  185   7    0.00161
1296    124.4000  #b9b9b9  186   1    0.00161
1297    124.5000  #b9b9ba  186   2    0.00080
1298    124.7000  #bab9b9  186   3    0.00161
1299    124.9000  #bab9ba  186   4    0.00160
1300    125.4000  #b9bab9  186   5    0.00400
1301    125.5000  #b9baba  186   6    0.00080
1302    125.7000  #babab9  186   7    0.00159
1303    125.8000  #bababa  187   1    0.00080
1304    126.1000  #bababb  187   2    0.00238
1305    126.2000  #bbbaba  187   3    0.00079
1306    126.3000  #bbbabb  187   4    0.00079
1307    126.9000  #babbba  187   5    0.00474
1308    127.1000  #babbbb  187   6    0.00157
1309    127.3000  #bbbbba  187   7    0.00157
1310    127.5000  #bbbbbb  188   1    0.00157
1311    127.6000  #bbbbbc  188   2    0.00078
1312    127.8000  #bcbbbb  188   3    0.00157
1313    127.9000  #bcbbbc  188   4    0.00078
1314    128.5000  #bbbcbb  188   5    0.00468
1315    128.6000  #bbbcbc  188   6    0.00078
1316    128.9000  #bcbcbb  188   7    0.00233
1317    129.0000  #bcbcbc  189   1    0.00078
1318    129.1000  #bcbcbd  189   2    0.00077
1319    129.3000  #bdbcbc  189   3    0.00155
1320    129.5000  #bdbcbd  189   4    0.00155
1321    130.1000  #bcbdbc  189   5    0.00462
1322    130.3000  #bcbdbd  189   6    0.00154
1323    130.5000  #bdbdbc  189   7    0.00153
1324    130.5000  #bdbdbd  190   1    0.00000
1325    130.7000  #bdbdbe  190   2    0.00153
1326    131.0000  #bebdbd  190   3    0.00229
1327    131.1000  #bebdbe  190   4    0.00076
1328    131.6000  #bdbebd  190   5    0.00381
1329    131.8000  #bdbebe  190   6    0.00152
1330    132.1000  #bebebd  190   7    0.00227
1331    132.2000  #bebebe  191   1    0.00076
1332    132.3000  #bebebf  191   2    0.00076
1333    132.5000  #bfbebe  191   3    0.00151
1334    132.7000  #bfbebf  191   4    0.00151
1335    133.3000  #bebfbe  191   5    0.00451
1336    133.5000  #bebfbf  191   6    0.00150
1337    133.7000  #bfbfbe  191   7    0.00150
1338    133.8000  #bfbfbf  192   1    0.00075
1339    134.0000  #bfbfc0  192   2    0.00149
1340    134.2000  #c0bfbf  192   3    0.00149
1341    134.4000  #c0bfc0  192   4    0.00149
1342    134.9000  #bfc0bf  192   5    0.00371
1343    135.0000  #bfc0c0  192   6    0.00074
1344    135.2000  #c0c0bf  192   7    0.00148
1345    135.4000  #c0c0c0  193   1    0.00148
1346    135.5000  #c0c0c1  193   2    0.00074
1347    135.9000  #c1c0c0  193   3    0.00295
1348    136.0000  #c1c0c1  193   4    0.00074
1349    136.6000  #c0c1c0  193   5    0.00440
1350    136.7000  #c0c1c1  193   6    0.00073
1351    137.1000  #c1c1c0  193   7    0.00292
1352    137.1000  #c1c1c1  194   1    0.00000
1353    137.4000  #c1c1c2  194   2    0.00219
1354    137.6000  #c2c1c1  194   3    0.00145
1355    137.8000  #c2c1c2  194   4    0.00145
1356    138.3000  #c1c2c1  194   5    0.00362
1357    138.5000  #c1c2c2  194   6    0.00145
1358    138.8000  #c2c2c1  194   7    0.00216
1359    139.0000  #c2c2c2  195   1    0.00144
1360    139.1000  #c2c2c3  195   2    0.00072
1361    139.4000  #c3c2c2  195   3    0.00215
1362    139.5000  #c3c2c3  195   4    0.00072
1363    140.1000  #c2c3c2  195   5    0.00429
1364    140.2000  #c2c3c3  195   6    0.00071
1365    140.6000  #c3c3c2  195   7    0.00285
1366    140.7000  #c3c3c3  196   1    0.00071
1367    140.8000  #c3c3c4  196   2    0.00071
1368    141.2000  #c4c3c3  196   3    0.00284
1369    141.3000  #c4c3c4  196   4    0.00071
1370    141.8000  #c3c4c3  196   5    0.00353
1371    141.9000  #c3c4c4  196   6    0.00070
1372    142.3000  #c4c4c3  196   7    0.00281
1373    142.4000  #c4c4c4  197   1    0.00070
1374    142.6000  #c4c4c5  197   2    0.00140
1375    142.9000  #c5c4c4  197   3    0.00210
1376    143.1000  #c5c4c5  197   4    0.00140
1377    143.6000  #c4c5c4  197   5    0.00349
1378    143.8000  #c4c5c5  197   6    0.00139
1379    144.1000  #c5c5c4  197   7    0.00208
1380    144.2000  #c5c5c5  198   1    0.00069
1381    144.4000  #c5c5c6  198   2    0.00139
1382    144.8000  #c6c5c5  198   3    0.00277
1383    144.9000  #c6c5c6  198   4    0.00069
1384    145.5000  #c5c6c5  198   5    0.00413
1385    145.7000  #c5c6c6  198   6    0.00137
1386    146.0000  #c6c6c5  198   7    0.00206
1387    146.1000  #c6c6c6  199   1    0.00068
1388    146.2000  #c6c6c7  199   2    0.00068
1389    146.6000  #c7c6c6  199   3    0.00273
1390    146.7000  #c7c6c7  199   4    0.00068
1391    147.4000  #c6c7c6  199   5    0.00476
1392    147.5000  #c6c7c7  199   6    0.00068
1393    147.9000  #c7c7c6  199   7    0.00271
1394    148.0000  #c7c7c7  200   1    0.00068
1395    148.2000  #c7c7c8  200   2    0.00135
1396    148.5000  #c8c7c7  200   3    0.00202
1397    148.6000  #c8c7c8  200   4    0.00067
1398    149.2000  #c7c8c7  200   5    0.00403
1399    149.4000  #c7c8c8  200   6    0.00134
1400    149.7000  #c8c8c7  200   7    0.00201
1401    149.9000  #c8c8c8  201   1    0.00134
1402    150.0000  #c8c8c9  201   2    0.00067
1403    150.3000  #c9c8c8  201   3    0.00200
1404    150.4000  #c9c8c9  201   4    0.00067
1405    151.2000  #c8c9c8  201   5    0.00531
1406    151.3000  #c8c9c9  201   6    0.00066
1407    151.5000  #c9c9c8  201   7    0.00132
1408    151.6000  #c9c9c9  202   1    0.00066
1409    151.9000  #c9c9ca  202   2    0.00198
1410    152.1000  #cac9c9  202   3    0.00132
1411    152.2000  #cac9ca  202   4    0.00066
1412    153.1000  #c9cac9  202   5    0.00590
1413    153.1000  #c9caca  202   6    0.00000
1414    153.3000  #cacac9  202   7    0.00131
1415    153.5000  #cacaca  203   1    0.00130
1416    153.7000  #cacacb  203   2    0.00130
1417    153.9000  #cbcaca  203   3    0.00130
1418    154.0000  #cbcacb  203   4    0.00065
1419    154.8000  #cacbca  203   5    0.00518
1420    155.0000  #cacbcb  203   6    0.00129
1421    155.2000  #cbcbca  203   7    0.00129
1422    155.4000  #cbcbcb  204   1    0.00129
1423    155.5000  #cbcbcc  204   2    0.00064
1424    155.7000  #cccbcb  204   3    0.00129
1425    155.8000  #cccbcc  204   4    0.00064
1426    156.6000  #cbcccb  204   5    0.00512
1427    156.7000  #cbcccc  204   6    0.00064
1428    157.0000  #cccccb  204   7    0.00191
1429    157.1000  #cccccc  205   1    0.00064
1430    157.4000  #cccccd  205   2    0.00191
1431    157.6000  #cdcccc  205   3    0.00127
1432    157.7000  #cdcccd  205   4    0.00063
1433    158.4000  #cccdcc  205   5    0.00443
1434    158.6000  #cccdcd  205   6    0.00126
1435    158.9000  #cdcdcc  205   7    0.00189
1436    159.0000  #cdcdcd  206   1    0.00063
1437    159.2000  #cdcdce  206   2    0.00126
1438    159.6000  #cecdcd  206   3    0.00251
1439    159.8000  #cecdce  206   4    0.00125
1440    160.5000  #cdcecd  206   5    0.00437
1441    160.6000  #cdcece  206   6    0.00062
1442    160.9000  #cececd  206   7    0.00187
1443    161.0000  #cecece  207   1    0.00062
1444    161.1000  #cececf  207   2    0.00062
1445    161.4000  #cfcece  207   3    0.00186
1446    161.6000  #cfcecf  207   4    0.00124
1447    162.3000  #cecfce  207   5    0.00432
1448    162.5000  #cecfcf  207   6    0.00123
1449    162.8000  #cfcfce  207   7    0.00184
1450    163.0000  #cfcfcf  208   1    0.00123
1451    163.1000  #cfcfd0  208   2    0.00061
1452    163.3000  #d0cfcf  208   3    0.00123
1453    163.5000  #d0cfd0  208   4    0.00122
1454    164.3000  #cfd0cf  208   5    0.00488
1455    164.4000  #cfd0d0  208   6    0.00061
1456    164.7000  #d0d0cf  208   7    0.00182
1457    164.8000  #d0d0d0  209   1    0.00061
1458    165.0000  #d0d0d1  209   2    0.00121
1459    165.2000  #d1d0d0  209   3    0.00121
1460    165.4000  #d1d0d1  209   4    0.00121
1461    166.2000  #d0d1d0  209   5    0.00483
1462    166.4000  #d0d1d1  209   6    0.00120
1463    166.6000  #d1d1d0  209   7    0.00120
1464    166.8000  #d1d1d1  210   1    0.00120
1465    166.9000  #d1d1d2  210   2    0.00060
1466    167.2000  #d2d1d1  210   3    0.00180
1467    167.4000  #d2d1d2  210   4    0.00120
1468    168.2000  #d1d2d1  210   5    0.00477
1469    168.4000  #d1d2d2  210   6    0.00119
1470    168.5000  #d2d2d1  210   7    0.00059
1471    168.7000  #d2d2d2  211   1    0.00119
1472    168.8000  #d2d2d3  211   2    0.00059
1473    169.1000  #d3d2d2  211   3    0.00178
1474    169.3000  #d3d2d3  211   4    0.00118
1475    170.1000  #d2d3d2  211   5    0.00471
1476    170.3000  #d2d3d3  211   6    0.00118
1477    170.5000  #d3d3d2  211   7    0.00117
1478    170.7000  #d3d3d3  212   1    0.00117
1479    170.8000  #d3d3d4  212   2    0.00059
1480    170.9000  #d4d3d3  212   3    0.00059
1481    171.1000  #d4d3d4  212   4    0.00117
1482    172.0000  #d3d4d3  212   5    0.00525
1483    172.1000  #d3d4d4  212   6    0.00058
1484    172.4000  #d4d4d3  212   7    0.00174
1485    172.5000  #d4d4d4  213   1    0.00058
1486    172.7000  #d4d4d5  213   2    0.00116
1487    173.0000  #d5d4d4  213   3    0.00174
1488    173.0000  #d5d4d5  213   4    0.00000
1489    173.9000  #d4d5d4  213   5    0.00519
1490    174.1000  #d4d5d5  213   6    0.00115
1491    174.3000  #d5d5d4  213   7    0.00115
1492    174.5000  #d5d5d5  214   1    0.00115
1493    174.7000  #d5d5d6  214   2    0.00115
1494    175.0000  #d6d5d5  214   3    0.00172
1495    175.2000  #d6d5d6  214   4    0.00114
1496    175.9000  #d5d6d5  214   5    0.00399
1497    176.1000  #d5d6d6  214   6    0.00114
1498    176.4000  #d6d6d5  214   7    0.00170
1499    176.5000  #d6d6d6  215   1    0.00057
1500    176.7000  #d6d6d7  215   2    0.00113
1501    177.0000  #d7d6d6  215   3    0.00170
1502    177.2000  #d7d6d7  215   4    0.00113
1503    177.9000  #d6d7d6  215   5    0.00394
1504    178.1000  #d6d7d7  215   6    0.00112
1505    178.4000  #d7d7d6  215   7    0.00168
1506    178.5000  #d7d7d7  216   1    0.00056
1507    178.7000  #d7d7d8  216   2    0.00112
1508    178.0000  #d8d7d7  216   3   -0.00392
1509    179.0000  #d8d7d8  216   4    0.00560
1510    179.0000  #d7d8d7  216   5    0.00000
1511    180.0000  #d7d8d8  216   6    0.00557
1512    180.0000  #d8d8d7  216   7    0.00000
1513    180.0000  #d8d8d8  217   1    0.00000
1514    180.0000  #d8d8d9  217   2    0.00000
1515    180.0000  #d9d8d8  217   3    0.00000
1516    181.0000  #d9d8d9  217   4    0.00554
1517    181.0000  #d8d9d8  217   5    0.00000
1518    181.0000  #d8d9d9  217   6    0.00000
1519    182.0000  #d9d9d8  217   7    0.00551
1520    182.0000  #d9d9d9  218   1    0.00000
1521    182.0000  #d9d9da  218   2    0.00000
1522    182.0000  #dad9d9  218   3    0.00000
1523    182.0000  #dad9da  218   4    0.00000
1524    183.0000  #d9dad9  218   5    0.00548
1525    183.0000  #d9dada  218   6    0.00000
1526    184.0000  #dadad9  218   7    0.00545
1527    184.0000  #dadada  219   1    0.00000
1528    184.0000  #dadadb  219   2    0.00000
1529    184.0000  #dbdada  219   3    0.00000
1530    184.0000  #dbdadb  219   4    0.00000
1531    185.0000  #dadbda  219   5    0.00542
1532    185.0000  #dadbdb  219   6    0.00000
1533    185.0000  #dbdbda  219   7    0.00000
1534    186.0000  #dbdbdb  220   1    0.00539
1535    186.0000  #dbdbdc  220   2    0.00000
1536    186.0000  #dcdbdb  220   3    0.00000
1537    186.0000  #dcdbdc  220   4    0.00000
1538    187.0000  #dbdcdb  220   5    0.00536
1539    187.0000  #dbdcdc  220   6    0.00000
1540    187.0000  #dcdcdb  220   7    0.00000
1541    188.0000  #dcdcdc  221   1    0.00533
1542    188.0000  #dcdcdd  221   2    0.00000
1543    188.0000  #dddcdc  221   3    0.00000
1544    188.0000  #dddcdd  221   4    0.00000
1545    189.0000  #dcdddc  221   5    0.00531
1546    189.0000  #dcdddd  221   6    0.00000
1547    189.0000  #dddddc  221   7    0.00000
1548    189.0000  #dddddd  222   1    0.00000
1549    189.0000  #ddddde  222   2    0.00000
1550    190.0000  #dedddd  222   3    0.00528
1551    190.0000  #deddde  222   4    0.00000
1552    191.0000  #dddedd  222   5    0.00525
1553    191.0000  #dddede  222   6    0.00000
1554    191.0000  #dededd  222   7    0.00000
1555    191.0000  #dedede  223   1    0.00000
1556    191.0000  #dededf  223   2    0.00000
1557    191.0000  #dfdede  223   3    0.00000
1558    192.0000  #dfdedf  223   4    0.00522
1559    192.0000  #dedfde  223   5    0.00000
1560    193.0000  #dedfdf  223   6    0.00519
1561    193.0000  #dfdfde  223   7    0.00000
1562    193.0000  #dfdfdf  224   1    0.00000
1563    193.0000  #dfdfe0  224   2    0.00000
1564    193.0000  #e0dfdf  224   3    0.00000
1565    193.0000  #e0dfe0  224   4    0.00000
1566    194.0000  #dfe0df  224   5    0.00517
1567    194.0000  #dfe0e0  224   6    0.00000
1568    194.0000  #e0e0df  224   7    0.00000
1569    195.0000  #e0e0e0  225   1    0.00514
1570    195.0000  #e0e0e1  225   2    0.00000
1571    195.0000  #e1e0e0  225   3    0.00000
1572    195.0000  #e1e0e1  225   4    0.00000
1573    196.0000  #e0e1e0  225   5    0.00512
1574    196.0000  #e0e1e1  225   6    0.00000
1575    196.0000  #e1e1e0  225   7    0.00000
1576    196.0000  #e1e1e1  226   1    0.00000
1577    196.0000  #e1e1e2  226   2    0.00000
1578    197.0000  #e2e1e1  226   3    0.00509
1579    197.0000  #e2e1e2  226   4    0.00000
1580    197.0000  #e1e2e1  226   5    0.00000
1581    198.0000  #e1e2e2  226   6    0.00506
1582    198.0000  #e2e2e1  226   7    0.00000
1583    198.0000  #e2e2e2  227   1    0.00000
1584    198.0000  #e2e2e3  227   2    0.00000
1585    198.0000  #e3e2e2  227   3    0.00000
1586    198.0000  #e3e2e3  227   4    0.00000
1587    199.0000  #e2e3e2  227   5    0.00504
1588    199.0000  #e2e3e3  227   6    0.00000
1589    199.0000  #e3e3e2  227   7    0.00000
1590    199.0000  #e3e3e3  228   1    0.00000
1591    200.0000  #e3e3e4  228   2    0.00501
1592    200.0000  #e4e3e3  228   3    0.00000
1593    200.0000  #e4e3e4  228   4    0.00000
1594    200.0000  #e3e4e3  228   5    0.00000
1595    201.0000  #e3e4e4  228   6    0.00499
1596    201.0000  #e4e4e3  228   7    0.00000
1597    201.0000  #e4e4e4  229   1    0.00000
1598    201.0000  #e4e4e5  229   2    0.00000
1599    201.0000  #e5e4e4  229   3    0.00000
1600    201.0000  #e5e4e5  229   4    0.00000
1601    202.0000  #e4e5e4  229   5    0.00496
1602    202.0000  #e4e5e5  229   6    0.00000
1603    202.0000  #e5e5e4  229   7    0.00000
1604    202.0000  #e5e5e5  230   1    0.00000
1605    202.0000  #e5e5e6  230   2    0.00000
1606    203.0000  #e6e5e5  230   3    0.00494
1607    203.0000  #e6e5e6  230   4    0.00000
1608    203.0000  #e5e6e5  230   5    0.00000
1609    203.0000  #e5e6e6  230   6    0.00000
1610    204.0000  #e6e6e5  230   7    0.00491
1611    204.0000  #e6e6e6  231   1    0.00000
1612    204.0000  #e6e6e7  231   2    0.00000
1613    204.0000  #e7e6e6  231   3    0.00000
1614    204.0000  #e7e6e7  231   4    0.00000
1615    205.0000  #e6e7e6  231   5    0.00489
1616    205.0000  #e6e7e7  231   6    0.00000
1617    205.0000  #e7e7e6  231   7    0.00000
1618    205.0000  #e7e7e7  232   1    0.00000
1619    205.0000  #e7e7e8  232   2    0.00000
1620    205.0000  #e8e7e7  232   3    0.00000
1621    206.0000  #e8e7e8  232   4    0.00487
1622    206.0000  #e7e8e7  232   5    0.00000
1623    206.0000  #e7e8e8  232   6    0.00000
1624    206.0000  #e8e8e7  232   7    0.00000
1625    206.0000  #e8e8e8  233   1    0.00000
1626    206.0000  #e8e8e9  233   2    0.00000
1627    207.0000  #e9e8e8  233   3    0.00484
1628    207.0000  #e9e8e9  233   4    0.00000
1629    207.0000  #e8e9e8  233   5    0.00000
1630    207.0000  #e8e9e9  233   6    0.00000
1631    208.0000  #e9e9e8  233   7    0.00482
1632    208.0000  #e9e9e9  234   1    0.00000
1633    208.0000  #e9e9ea  234   2    0.00000
1634    208.0000  #eae9e9  234   3    0.00000
1635    208.0000  #eae9ea  234   4    0.00000
1636    209.0000  #e9eae9  234   5    0.00480
1637    209.0000  #e9eaea  234   6    0.00000
1638    209.0000  #eaeae9  234   7    0.00000
1639    209.0000  #eaeaea  235   1    0.00000
1640    209.0000  #eaeaeb  235   2    0.00000
1641    209.0000  #ebeaea  235   3    0.00000
1642    209.0000  #ebeaeb  235   4    0.00000
1643    210.0000  #eaebea  235   5    0.00477
1644    210.0000  #eaebeb  235   6    0.00000
1645    210.0000  #ebebea  235   7    0.00000
1646    210.0000  #ebebeb  236   1    0.00000
1647    210.0000  #ebebec  236   2    0.00000
1648    210.0000  #ecebeb  236   3    0.00000
1649    210.0000  #ecebec  236   4    0.00000
1650    211.0000  #ebeceb  236   5    0.00475
1651    211.0000  #ebecec  236   6    0.00000
1652    211.0000  #ececeb  236   7    0.00000
1653    211.0000  #ececec  237   1    0.00000
1654    211.0000  #ececed  237   2    0.00000
1655    211.0000  #edecec  237   3    0.00000
1656    211.0000  #edeced  237   4    0.00000
1657    212.0000  #ecedec  237   5    0.00473
1658    212.0000  #eceded  237   6    0.00000
1659    212.0000  #ededec  237   7    0.00000
1660    212.0000  #ededed  238   1    0.00000
1661    213.0000  #ededee  238   2    0.00471
1662    213.0000  #eeeded  238   3    0.00000
1663    213.0000  #eeedee  238   4    0.00000
1664    213.0000  #edeeed  238   5    0.00000
1665    213.0000  #edeeee  238   6    0.00000
1666    213.0000  #eeeeed  238   7    0.00000
1667    213.0000  #eeeeee  239   1    0.00000
1668    213.0000  #eeeeef  239   2    0.00000
1669    214.0000  #efeeee  239   3    0.00468
1670    214.0000  #efeeef  239   4    0.00000
1671    214.0000  #eeefee  239   5    0.00000
1672    214.0000  #eeefef  239   6    0.00000
1673    214.0000  #efefee  239   7    0.00000
1674    214.0000  #efefef  240   1    0.00000
1675    214.0000  #efeff0  240   2    0.00000
1676    214.0000  #f0efef  240   3    0.00000
1677    215.0000  #f0eff0  240   4    0.00466
1678    215.0000  #eff0ef  240   5    0.00000
1679    215.0000  #eff0f0  240   6    0.00000
1680    215.0000  #f0f0ef  240   7    0.00000
1681    215.0000  #f0f0f0  241   1    0.00000
1682    215.0000  #f0f0f1  241   2    0.00000
1683    215.0000  #f1f0f0  241   3    0.00000
1684    215.0000  #f1f0f1  241   4    0.00000
1685    216.0000  #f0f1f0  241   5    0.00464
1686    216.0000  #f0f1f1  241   6    0.00000
1687    216.0000  #f1f1f0  241   7    0.00000
1688    216.0000  #f1f1f1  242   1    0.00000
1689    216.0000  #f1f1f2  242   2    0.00000
1690    216.0000  #f2f1f1  242   3    0.00000
1691    216.0000  #f2f1f2  242   4    0.00000
1692    216.0000  #f1f2f1  242   5    0.00000
1693    216.0000  #f1f2f2  242   6    0.00000
1694    217.0000  #f2f2f1  242   7    0.00462
1695    217.0000  #f2f2f2  243   1    0.00000
1696    217.0000  #f2f2f3  243   2    0.00000
1697    217.0000  #f3f2f2  243   3    0.00000
1698    217.0000  #f3f2f3  243   4    0.00000
1699    217.0000  #f2f3f2  243   5    0.00000
1700    217.0000  #f2f3f3  243   6    0.00000
1701    217.0000  #f3f3f2  243   7    0.00000
1702    217.0000  #f3f3f3  244   1    0.00000
1703    217.0000  #f3f3f4  244   2    0.00000
1704    218.0000  #f4f3f3  244   3    0.00460
1705    218.0000  #f4f3f4  244   4    0.00000
1706    218.0000  #f3f4f3  244   5    0.00000
1707    218.0000  #f3f4f4  244   6    0.00000
1708    218.0000  #f4f4f3  244   7    0.00000
1709    218.0000  #f4f4f4  245   1    0.00000
1710    218.0000  #f4f4f5  245   2    0.00000
1711    218.0000  #f5f4f4  245   3    0.00000
1712    218.0000  #f5f4f5  245   4    0.00000
1713    218.0000  #f4f5f4  245   5    0.00000
1714    218.0000  #f4f5f5  245   6    0.00000
1715    218.0000  #f5f5f4  245   7    0.00000
1716    218.0000  #f5f5f5  246   1    0.00000
1717    219.0000  #f5f5f6  246   2    0.00458
1718    219.0000  #f6f5f5  246   3    0.00000
1719    219.0000  #f6f5f6  246   4    0.00000
1720    219.0000  #f5f6f5  246   5    0.00000
1721    219.0000  #f5f6f6  246   6    0.00000
1722    219.0000  #f6f6f5  246   7    0.00000
1723    219.0000  #f6f6f6  247   1    0.00000
1724    219.0000  #f6f6f7  247   2    0.00000
1725    219.0000  #f7f6f6  247   3    0.00000
1726    219.0000  #f7f6f7  247   4    0.00000
1727    219.0000  #f6f7f6  247   5    0.00000
1728    219.0000  #f6f7f7  247   6    0.00000
1729    219.0000  #f7f7f6  247   7    0.00000
1730    219.0000  #f7f7f7  248   1    0.00000
1731    219.0000  #f7f7f8  248   2    0.00000
1732    220.0000  #f8f7f7  248   3    0.00456
1733    220.0000  #f8f7f8  248   4    0.00000
1734    220.0000  #f7f8f7  248   5    0.00000
1735    220.0000  #f7f8f8  248   6    0.00000
1736    220.0000  #f8f8f7  248   7    0.00000
1737    220.0000  #f8f8f8  249   1    0.00000
1738    220.0000  #f8f8f9  249   2    0.00000
1739    220.0000  #f9f8f8  249   3    0.00000
1740    220.0000  #f9f8f9  249   4    0.00000
1741    220.0000  #f8f9f8  249   5    0.00000
1742    220.0000  #f8f9f9  249   6    0.00000
1743    220.0000  #f9f9f8  249   7    0.00000
1744    220.0000  #f9f9f9  250   1    0.00000
1745    220.0000  #f9f9fa  250   2    0.00000
1746    220.0000  #faf9f9  250   3    0.00000
1747    220.0000  #faf9fa  250   4    0.00000
1748    221.0000  #f9faf9  250   5    0.00454
1749    221.0000  #f9fafa  250   6    0.00000
1750    221.0000  #fafaf9  250   7    0.00000
1751    221.0000  #fafafa  251   1    0.00000
1752    221.0000  #fafafb  251   2    0.00000
1753    221.0000  #fbfafa  251   3    0.00000
1754    221.0000  #fbfafb  251   4    0.00000
1755    221.0000  #fafbfa  251   5    0.00000
1756    221.0000  #fafbfb  251   6    0.00000
1757    221.0000  #fbfbfa  251   7    0.00000
1758    221.0000  #fbfbfb  252   1    0.00000
1759    221.0000  #fbfbfc  252   2    0.00000
1760    221.0000  #fcfbfb  252   3    0.00000
1761    221.0000  #fcfbfc  252   4    0.00000
1762    221.0000  #fbfcfb  252   5    0.00000
1763    221.0000  #fbfcfc  252   6    0.00000
1764    221.0000  #fcfcfb  252   7    0.00000
1765    221.0000  #fcfcfc  253   1    0.00000
1766    221.0000  #fcfcfd  253   2    0.00000
1767    221.0000  #fdfcfc  253   3    0.00000
1768    221.0000  #fdfcfd  253   4    0.00000
1769    221.0000  #fcfdfc  253   5    0.00000
1770    221.0000  #fcfdfd  253   6    0.00000
1771    221.0000  #fdfdfc  253   7    0.00000
1772    221.0000  #fdfdfd  254   1    0.00000
1773    221.0000  #fdfdfe  254   2    0.00000
1774    221.0000  #fefdfd  254   3    0.00000
1775    221.0000  #fefdfe  254   4    0.00000
1776    221.0000  #fdfefd  254   5    0.00000
1777    221.0000  #fdfefe  254   6    0.00000
1778    221.0000  #fefefd  254   7    0.00000
1779    221.0000  #fefefe  255   1    0.00000
1780    221.0000  #fefeff  255   2    0.00000
1781    221.0000  #fffefe  255   3    0.00000
1782    221.0000  #fffeff  255   4    0.00000
1783    221.0000  #fefffe  255   5    0.00000
1784    221.0000  #feffff  255   6    0.00000
1785    221.0000  #fffffe  255   7    0.00000
1786    221.0000  #ffffff  256   1    0.00000
