#  lumResponse vers. 1.6 - 01/04/07 15:14:41
#  Display ID: DELL_3007WFP_FK28569SG40K
#  iLdelay=1  avgN=1  ILlimit_plus=0.20 ILlimit_minus=-0.05  R=22.3% G=69.0% B=8.7%
#  93.9  #ff0000
#  291.0  #00ff00
#  36.7  #0000ff
   1    1.141  #000000    1 1  0.0000
   2    1.215  #010101    2 1  0.0628
   3    1.266  #020202    3 1  0.0411
   4    1.359  #030303    4 1  0.0709
   5    1.429  #040404    5 1  0.0502
   6    1.509  #050505    6 1  0.0545
   7    1.583  #060606    7 1  0.0479
   8    1.671  #070707    8 1  0.0541
   9    1.772  #080808    9 1  0.0587
  10    1.840  #090909   10 1  0.0377
  11    1.930  #0a0a0a   11 1  0.0477
  12    2.010  #0b0b0b   12 1  0.0406
  13    2.120  #0c0c0c   13 1  0.0533
  14    2.250  #0d0d0d   14 1  0.0595
  15    2.310  #0e0e0e   15 1  0.0263
  16    2.420  #0f0f0f   16 1  0.0465
  17    2.520  #101010   17 1  0.0405
  18    2.630  #111111   18 1  0.0427
  19    2.730  #121212   19 1  0.0373
  20    2.860  #131313   20 1  0.0465
  21    2.950  #141414   21 1  0.0310
  22    3.100  #151515   22 1  0.0496
  23    3.190  #161616   23 1  0.0286
  24    3.340  #171717   24 1  0.0459
  25    3.440  #181818   25 1  0.0295
  26    3.610  #191919   26 1  0.0482
  27    3.690  #1a1a1a   27 1  0.0219
  28    3.880  #1b1b1b   28 1  0.0502
  29    4.070  #1c1c1c   29 1  0.0478
  30    4.170  #1d1d1d   30 1  0.0243
  31    4.350  #1e1e1e   31 1  0.0423
  32    4.460  #1f1f1f   32 1  0.0250
  33    4.640  #202020   33 1  0.0396
  34    4.800  #212121   34 1  0.0339
  35    4.950  #222222   35 1  0.0308
  36    5.110  #232323   36 1  0.0318
  37    5.290  #242424   37 1  0.0346
  38    5.460  #252525   38 1  0.0316
  39    5.630  #262626   39 1  0.0307
  40    5.800  #272727   40 1  0.0297
  41    6.020  #282828   41 1  0.0372
  42    6.180  #292929   42 1  0.0262
  43    6.360  #2a2a2a   43 1  0.0287
  44    6.560  #2b2b2b   44 1  0.0310
  45    6.810  #2c2c2c   45 1  0.0374
  46    6.970  #2d2d2d   46 1  0.0232
  47    7.230  #2e2e2e   47 1  0.0366
  48    7.390  #2f2f2f   48 1  0.0219
  49    7.670  #303030   49 1  0.0372
  50    7.840  #313131   50 1  0.0219
  51    8.070  #323232   51 1  0.0289
  52    8.310  #333333   52 1  0.0293
  53    8.550  #343434   53 1  0.0285
  54    8.800  #353535   54 1  0.0288
  55    9.050  #363636   55 1  0.0280
  56    9.300  #373737   56 1  0.0272
  57    9.560  #383838   57 1  0.0276
  58    9.820  #393939   58 1  0.0268
  59   10.080  #3a3a3a   59 1  0.0261
  60   10.360  #3b3b3b   60 1  0.0274
  61   10.630  #3c3c3c   61 1  0.0257
  62   10.920  #3d3d3d   62 1  0.0269
  63   11.210  #3e3e3e   63 1  0.0262
  64   11.510  #3f3f3f   64 1  0.0264
  65   11.800  #404040   65 1  0.0249
  66   12.100  #414141   66 1  0.0251
  67   12.400  #424242   67 1  0.0245
  68   12.710  #434343   68 1  0.0247
  69   13.100  #444444   69 1  0.0302
  70   13.340  #454545   70 1  0.0182
  71   13.750  #464646   71 1  0.0303
  72   14.000  #474747   72 1  0.0180
  73   14.440  #484848   73 1  0.0309
  74   14.700  #494949   74 1  0.0178
  75   15.130  #4a4a4a   75 1  0.0288
  76   15.400  #4b4b4b   76 1  0.0177
  77   15.860  #4c4c4c   77 1  0.0294
  78   16.130  #4d4d4d   78 1  0.0169
  79   16.650  #4e4e4e   79 1  0.0317
  80   16.890  #4f4f4f   80 1  0.0143
  81   17.450  #505050   81 1  0.0326
  82   17.690  #515151   82 1  0.0137
  83   18.200  #525252   83 1  0.0284
  84   18.800  #535353   84 1  0.0324
  85   19.200  #545454   85 1  0.0211
  86   19.500  #555555   86 1  0.0155
  87   19.900  #565656   87 1  0.0203
  88   20.400  #575757   88 1  0.0248
  89   21.100  #585858   89 1  0.0337
  90   21.300  #595959   90 1  0.0094
  91   21.800  #5a5a5a   91 1  0.0232
  92   22.200  #5b5b5b   92 1  0.0182
  93   22.900  #5c5c5c   93 1  0.0310
  94   23.400  #5d5d5d   94 1  0.0216
  95   23.900  #5e5e5e   95 1  0.0211
  96   24.400  #5f5f5f   96 1  0.0207
  97   24.800  #606060   97 1  0.0163
  98   25.400  #616161   98 1  0.0239
  99   26.000  #626262   99 1  0.0233
 100   26.500  #636363  100 1  0.0190
 101   27.100  #646464  101 1  0.0224
 102   27.800  #656565  102 1  0.0255
 103   28.300  #666666  103 1  0.0178
 104   29.000  #676767  104 1  0.0244
 105   29.400  #686868  105 1  0.0137
 106   30.100  #696969  106 1  0.0235
 107   30.900  #6a6a6a  107 1  0.0262
 108   31.400  #6b6b6b  108 1  0.0161
 109   32.200  #6c6c6c  109 1  0.0252
 110   32.900  #6d6d6d  110 1  0.0215
 111   33.500  #6e6e6e  111 1  0.0181
 112   34.200  #6f6f6f  112 1  0.0207
 113   35.100  #707070  113 1  0.0260
 114   35.600  #717171  114 1  0.0141
 115   36.400  #727272  115 1  0.0222
 116   37.300  #737373  116 1  0.0244
 117   37.800  #747474  117 1  0.0133
 118   38.600  #757575  118 1  0.0209
 119   39.500  #767676  119 1  0.0230
 120   40.200  #777777  120 1  0.0176
 121   41.000  #787878  121 1  0.0197
 122   41.900  #797979  122 1  0.0217
 123   42.500  #7a7a7a  123 1  0.0142
 124   43.600  #7b7b7b  124 1  0.0256
 125   44.400  #7c7c7c  125 1  0.0182
 126   45.300  #7d7d7d  126 1  0.0201
 127   46.100  #7e7e7e  127 1  0.0175
 128   47.000  #7f7f7f  128 1  0.0193
 129   48.000  #808080  129 1  0.0211
 130   49.000  #818181  130 1  0.0206
 131   49.700  #828282  131 1  0.0142
 132   50.800  #838383  132 1  0.0219
 133   51.700  #848484  133 1  0.0176
 134   52.800  #858585  134 1  0.0211
 135   53.500  #868686  135 1  0.0132
 136   54.800  #878787  136 1  0.0240
 137   55.800  #888888  137 1  0.0181
 138   56.900  #898989  138 1  0.0195
 139   58.000  #8a8a8a  139 1  0.0191
 140   59.300  #8b8b8b  140 1  0.0222
 141   60.000  #8c8c8c  141 1  0.0117
 142   61.000  #8d8d8d  142 1  0.0165
 143   62.000  #8e8e8e  143 1  0.0163
 144   63.500  #8f8f8f  144 1  0.0239
 145   64.500  #909090  145 1  0.0156
 146   65.700  #919191  146 1  0.0184
 147   66.900  #929292  147 1  0.0181
 148   68.300  #939393  148 1  0.0207
 149   69.600  #949494  149 1  0.0189
 150   70.500  #959595  150 1  0.0128
 151   71.800  #969696  151 1  0.0183
 152   73.200  #979797  152 1  0.0193
 153   74.500  #989898  153 1  0.0176
 154   75.900  #999999  154 1  0.0186
 155   77.300  #9a9a9a  155 1  0.0183
 156   79.100  #9b9b9b  156 1  0.0230
 157   80.500  #9c9c9c  157 1  0.0175
 158   81.900  #9d9d9d  158 1  0.0172
 159   83.300  #9e9e9e  159 1  0.0169
 160   84.700  #9f9f9f  160 1  0.0167
 161   86.300  #a0a0a0  161 1  0.0187
 162   87.900  #a1a1a1  162 1  0.0184
 163   89.500  #a2a2a2  163 1  0.0180
 164   91.100  #a3a3a3  164 1  0.0177
 165   92.700  #a4a4a4  165 1  0.0174
 166   94.400  #a5a5a5  166 1  0.0182
 167   96.200  #a6a6a6  167 1  0.0189
 168   97.700  #a7a7a7  168 1  0.0155
 169   99.600  #a8a8a8  169 1  0.0193
 170  101.300  #a9a9a9  170 1  0.0169
 171  103.200  #aaaaaa  171 1  0.0186
 172  105.200  #ababab  172 1  0.0192
 173  107.100  #acacac  173 1  0.0179
 174  108.400  #adadad  174 1  0.0121
 175  110.400  #aeaeae  175 1  0.0183
 176  112.400  #afafaf  176 1  0.0180
 177  114.500  #b0b0b0  177 1  0.0185
 178  116.600  #b1b1b1  178 1  0.0182
 179  118.600  #b2b2b2  179 1  0.0170
 180  120.600  #b3b3b3  180 1  0.0167
 181  122.900  #b4b4b4  181 1  0.0189
 182  125.100  #b5b5b5  182 1  0.0177
 183  127.100  #b6b6b6  183 1  0.0159
 184  129.400  #b7b7b7  184 1  0.0179
 185  131.000  #b8b8b8  185 1  0.0123
 186  133.300  #b9b9b9  186 1  0.0174
 187  135.400  #bababa  187 1  0.0156
 188  137.900  #bbbbbb  188 1  0.0183
 189  140.200  #bcbcbc  189 1  0.0165
 190  142.500  #bdbdbd  190 1  0.0163
 191  144.900  #bebebe  191 1  0.0167
 192  148.200  #bfbfbf  192 1  0.0225
 193  150.500  #c0c0c0  193 1  0.0154
 194  153.000  #c1c1c1  194 1  0.0165
 195  155.400  #c2c2c2  195 1  0.0156
 196  158.100  #c3c3c3  196 1  0.0172
 197  160.800  #c4c4c4  197 1  0.0169
 198  163.500  #c5c5c5  198 1  0.0167
 199  166.300  #c6c6c6  199 1  0.0170
 200  169.100  #c7c7c7  200 1  0.0167
 201  171.900  #c8c8c8  201 1  0.0164
 202  175.300  #c9c9c9  202 1  0.0196
 203  177.900  #cacaca  203 1  0.0147
 204  181.000  #cbcbcb  204 1  0.0173
 205  184.000  #cccccc  205 1  0.0164
 206  188.000  #cdcdcd  206 1  0.0215
 207  190.000  #cecece  207 1  0.0106
 208  193.000  #cfcfcf  208 1  0.0157
 209  196.000  #d0d0d0  209 1  0.0154
 210  200.000  #d1d1d1  210 1  0.0202
 211  203.000  #d2d2d2  211 1  0.0149
 212  206.000  #d3d3d3  212 1  0.0147
 213  209.000  #d4d4d4  213 1  0.0145
 214  213.000  #d5d5d5  214 1  0.0190
 215  216.000  #d6d6d6  215 1  0.0140
 216  221.000  #d7d7d7  216 1  0.0229
 217  223.000  #d8d8d8  217 1  0.0090
 218  227.000  #d9d9d9  218 1  0.0178
 219  232.000  #dadada  219 1  0.0218
 220  235.000  #dbdbdb  220 1  0.0128
 221  239.000  #dcdcdc  221 1  0.0169
 222  243.000  #dddddd  222 1  0.0166
 223  247.000  #dedede  223 1  0.0163
 224  251.000  #dfdfdf  224 1  0.0161
 225  255.000  #e0e0e0  225 1  0.0158
 226  259.000  #e1e1e1  226 1  0.0156
 227  264.000  #e2e2e2  227 1  0.0191
 228  268.000  #e3e3e3  228 1  0.0150
 229  273.000  #e4e4e4  229 1  0.0185
 230  278.000  #e5e5e5  230 1  0.0181
 231  282.000  #e6e6e6  231 1  0.0143
 232  285.000  #e7e7e7  232 1  0.0106
 233  290.000  #e8e8e8  233 1  0.0174
 234  294.000  #e9e9e9  234 1  0.0137
 235  300.000  #eaeaea  235 1  0.0202
 236  304.000  #ebebeb  236 1  0.0132
 237  310.000  #ececec  237 1  0.0195
 238  315.000  #ededed  238 1  0.0160
 239  320.000  #eeeeee  239 1  0.0157
 240  325.000  #efefef  240 1  0.0155
 241  330.000  #f0f0f0  241 1  0.0153
 242  336.000  #f1f1f1  242 1  0.0180
 243  342.000  #f2f2f2  243 1  0.0177
 244  347.000  #f3f3f3  244 1  0.0145
 245  353.000  #f4f4f4  245 1  0.0171
 246  358.000  #f5f5f5  246 1  0.0141
 247  364.000  #f6f6f6  247 1  0.0166
 248  369.000  #f7f7f7  248 1  0.0136
 249  374.000  #f8f8f8  249 1  0.0135
 250  380.000  #f9f9f9  250 1  0.0159
 251  387.000  #fafafa  251 1  0.0183
 252  394.000  #fbfbfb  252 1  0.0179
 253  401.000  #fcfcfc  253 1  0.0176
 254  406.000  #fdfdfd  254 1  0.0124
 255  412.000  #fefefe  255 1  0.0147
 256  420.000  #ffffff  256 1  0.0192
