# LutGenerate 2.4 - 01/01/09 16:24:04 - #  Display ID: PX191_426F0221K0184
# Ambient = 0.10   Max. Luminance = 263.500   Luminance Ratio = 350.00
#  lumResponse vers. 1.8 - 01/01/09 15:32:06
#  iLdelay=1  avgN=1  ILlimit_plus=0.20 ILlimit_minus=-0.05  R=24.6% G=65.8% B=9.5%
 DV    R    G    B     target Lum+Lamb   uLR Lum+Lamb
  1:  023  024  023           0.753      0.757
  2:  025  025  026           0.798      0.800
  3:  027  026  027           0.845      0.843
  4:  027  028  028           0.893      0.897
  5:  029  029  028           0.943      0.944
  6:  030  030  029           0.994      0.992
  7:  031  031  030           1.048      1.043
  8:  031  032  032           1.103      1.102
  9:  033  033  032           1.159      1.152
 10:  034  034  034           1.218      1.215
 11:  034  035  035           1.278      1.278
 12:  036  036  036           1.340      1.343
 13:  037  037  037           1.404      1.399
 14:  038  038  037           1.470      1.468
 15:  038  039  039           1.538      1.544
 16:  039  040  039           1.607      1.604
 17:  040  041  041           1.679      1.693
 18:  042  041  042           1.753      1.753
 19:  042  042  043           1.828      1.825
 20:  043  043  042           1.906      1.906
 21:  043  044  043           1.986      1.989
 22:  045  044  045           2.068      2.065
 23:  045  045  045           2.152      2.150
 24:  045  046  046           2.238      2.239
 25:  047  046  047           2.327      2.308
 26:  048  047  047           2.417      2.417
 27:  048  048  047           2.510      2.516
 28:  049  048  049           2.606      2.579
 29:  050  049  049           2.703      2.704
 30:  050  050  049           2.803      2.811
 31:  050  051  050           2.906      2.912
 32:  052  051  051           3.011      3.016
 33:  052  052  052           3.118      3.129
 34:  052  053  052           3.228      3.259
 35:  054  053  053           3.341      3.339
 36:  054  054  053           3.456      3.445
 37:  054  055  054           3.573      3.580
 38:  056  055  055           3.694      3.695
 39:  056  056  055           3.817      3.818
 40:  057  056  057           3.942      3.914
 41:  057  057  058           4.071      4.069
 42:  057  058  058           4.202      4.205
 43:  059  058  059           4.337      4.316
 44:  059  059  059           4.474      4.464
 45:  059  060  059           4.614      4.607
 46:  061  060  061           4.757      4.751
 47:  061  061  061           4.903      4.898
 48:  061  062  061           5.052      5.051
 49:  063  062  063           5.204      5.197
 50:  063  063  063           5.360      5.351
 51:  063  064  064           5.518      5.532
 52:  065  064  065           5.680      5.689
 53:  065  065  064           5.845      5.854
 54:  066  065  066           6.014      5.993
 55:  066  066  066           6.186      6.194
 56:  066  067  066           6.361      6.410
 57:  067  067  068           6.540      6.546
 58:  067  068  067           6.722      6.733
 59:  069  068  068           6.908      6.908
 60:  068  069  069           7.097      7.100
 61:  070  069  070           7.291      7.295
 62:  070  070  069           7.488      7.480
 63:  071  070  071           7.688      7.642
 64:  071  071  071           7.893      7.900
 65:  071  072  071           8.101      8.144
 66:  072  072  073           8.314      8.313
 67:  072  073  072           8.530      8.521
 68:  074  073  073           8.751      8.734
 69:  074  074  073           8.975      8.990
 70:  075  074  075           9.204      9.169
 71:  075  075  075           9.437      9.426
 72:  075  076  075           9.674      9.705
 73:  077  076  076           9.916      9.930
 74:  076  077  077          10.162     10.163
 75:  078  077  078          10.413     10.393
 76:  078  078  078          10.668     10.671
 77:  078  079  078          10.928     10.962
 78:  080  079  079          11.192     11.209
 79:  079  080  080          11.461     11.453
 80:  081  080  081          11.735     11.714
 81:  081  081  081          12.014     12.009
 82:  081  082  081          12.298     12.317
 83:  083  082  082          12.586     12.571
 84:  083  083  082          12.880     12.886
 85:  084  083  084          13.179     13.104
 86:  084  084  085          13.483     13.480
 87:  084  085  085          13.793     13.814
 88:  086  085  086          14.108     14.092
 89:  086  086  086          14.428     14.428
 90:  086  087  086          14.754     14.755
 91:  088  087  088          15.086     15.096
 92:  088  088  088          15.423     15.442
 93:  088  089  088          15.766     15.797
 94:  090  089  090          16.114     16.136
 95:  090  090  090          16.469     16.481
 96:  090  091  090          16.830     16.855
 97:  092  091  092          17.196     17.222
 98:  092  092  092          17.569     17.589
 99:  092  093  092          17.948     17.985
100:  094  093  094          18.334     18.365
101:  094  094  094          18.726     18.736
102:  094  095  094          19.124     19.148
103:  096  095  096          19.530     19.567
104:  096  096  096          19.941     19.949
105:  096  097  096          20.360     20.354
106:  098  097  098          20.786     20.738
107:  098  098  099          21.218     21.218
108:  098  099  099          21.658     21.624
109:  099  100  099          22.105     22.173
110:  101  100  101          22.559     22.589
111:  101  101  101          23.020     22.992
112:  101  102  102          23.489     23.508
113:  103  102  103          23.966     23.869
114:  104  103  103          24.450     24.431
115:  104  104  104          24.942     24.926
116:  104  105  105          25.442     25.452
117:  105  106  105          25.950     26.046
118:  107  106  107          26.467     26.491
119:  107  107  108          26.991     27.028
120:  107  108  108          27.524     27.496
121:  108  109  108          28.065     28.112
122:  110  109  110          28.615     28.577
123:  111  110  110          29.174     29.213
124:  111  111  111          29.742     29.771
125:  111  112  112          30.318     30.341
126:  112  113  112          30.904     30.964
127:  114  113  114          31.499     31.449
128:  115  114  114          32.103     32.090
129:  115  115  116          32.717     32.761
130:  116  116  115          33.340     33.352
131:  116  117  116          33.973     33.982
132:  118  117  118          34.616     34.488
133:  119  118  119          35.269     35.285
134:  119  119  120          35.933     35.928
135:  120  120  119          36.606     36.636
136:  120  121  120          37.290     37.255
137:  121  122  121          37.985     38.072
138:  123  122  123          38.690     38.629
139:  124  123  123          39.406     39.381
140:  124  124  125          40.134     40.154
141:  125  125  124          40.872     40.836
142:  125  126  126          41.622     41.594
143:  126  127  126          42.383     42.415
144:  128  127  128          43.156     43.017
145:  128  129  128          43.941     44.028
146:  129  130  129          44.738     44.868
147:  131  130  131          45.547     45.480
148:  132  131  131          46.368     46.326
149:  132  132  133          47.202     47.171
150:  133  133  133          48.049     48.018
151:  134  134  133          48.908     48.882
152:  134  135  135          49.781     49.779
153:  135  136  135          50.666     50.668
154:  136  137  136          51.566     51.681
155:  138  137  138          52.478     52.345
156:  139  138  139          53.405     53.407
157:  139  139  140          54.345     54.329
158:  140  140  141          55.300     55.343
159:  141  141  141          56.269     56.278
160:  142  142  141          57.252     57.213
161:  143  143  142          58.250     58.260
162:  144  144  143          59.264     59.322
163:  144  145  145          60.292     60.282
164:  145  146  146          61.336     61.384
165:  146  147  146          62.395     62.355
166:  147  148  147          63.470     63.563
167:  148  149  148          64.562     64.700
168:  149  150  149          65.669     65.830
169:  150  151  150          66.793     66.970
170:  151  152  151          67.934     68.127
171:  152  153  152          69.091     69.295
172:  153  154  153          70.266     70.474
173:  155  154  155          71.458     71.257
174:  156  155  156          72.668     72.473
175:  156  157  156          73.896     74.086
176:  157  158  157          75.142     75.328
177:  158  159  158          76.406     76.556
178:  159  160  159          77.689     77.820
179:  160  161  160          78.991     79.138
180:  161  162  161          80.312     80.515
181:  163  162  163          81.653     81.459
182:  164  163  164          83.013     82.840
183:  165  164  165          84.393     84.224
184:  166  165  166          85.793     85.595
185:  167  166  167          87.214     87.007
186:  168  167  168          88.656     88.421
187:  169  168  169          90.119     90.014
188:  170  169  170          91.603     91.432
189:  171  170  171          93.109     92.875
190:  171  172  171          94.637     94.830
191:  172  173  172          96.188     96.335
192:  173  174  173          97.761     97.854
193:  174  175  174          99.357     99.469
194:  175  176  175         100.976    101.020
195:  176  177  176         102.618    102.570
196:  177  178  178         104.285    104.300
197:  178  179  179         105.976    105.920
198:  180  180  179         107.691    107.800
199:  181  181  180         109.431    109.400
200:  182  182  182         111.197    111.190
201:  183  183  183         112.988    112.990
202:  184  184  185         114.805    114.840
203:  185  185  186         116.649    116.580
204:  187  186  187         118.519    118.580
205:  188  187  188         120.416    120.280
206:  188  189  188         122.340    122.550
207:  189  190  189         124.292    124.460
208:  190  191  190         126.273    126.400
209:  191  192  191         128.282    128.230
210:  193  193  192         130.320    130.410
211:  194  194  195         132.387    132.340
212:  196  195  196         134.485    134.410
213:  196  197  197         136.612    136.670
214:  198  198  198         138.770    138.760
215:  200  199  200         140.959    141.010
216:  200  201  200         143.179    143.210
217:  202  202  201         145.432    145.470
218:  204  203  203         147.716    147.790
219:  204  205  204         150.034    150.230
220:  205  206  206         152.385    152.290
221:  207  207  208         154.769    154.730
222:  209  208  209         157.188    157.050
223:  209  210  210         159.641    159.620
224:  211  211  212         162.129    162.070
225:  213  212  213         164.653    164.430
226:  213  214  213         167.213    167.110
227:  214  215  215         169.810    169.660
228:  217  216  216         172.443    172.520
229:  217  218  217         175.115    175.380
230:  219  219  218         177.824    177.870
231:  221  220  220         180.572    180.600
232:  221  222  221         183.360    183.440
233:  223  223  223         186.187    186.240
234:  225  224  224         189.054    188.940
235:  226  226  225         191.962    191.930
236:  227  228  227         194.912    195.090
237:  229  229  230         197.903    197.760
238:  230  231  231         200.938    200.890
239:  233  232  233         204.015    204.050
240:  234  234  233         207.136    207.130
241:  236  235  235         210.302    210.430
242:  236  237  236         213.512    213.440
243:  239  238  238         216.768    216.930
244:  239  240  239         220.071    219.980
245:  241  241  241         223.420    223.340
246:  243  242  243         226.817    226.530
247:  244  244  243         230.262    230.310
248:  246  245  245         233.755    233.720
249:  246  247  246         237.299    237.440
250:  248  248  247         240.892    240.930
251:  249  249  250         244.537    244.360
252:  251  250  251         248.233    248.170
253:  252  251  252         251.981    251.750
254:  252  253  252         255.783    255.770
255:  254  254  253         259.638    259.890
256:  255  255  255         263.500    263.600
