# LutGenerate 2.4 - 12/08/08 13:56:28 - #  Display ID: SHARP_LC65D64U_NA
# Ambient = 0.25   Max. Luminance = 415.390   Luminance Ratio = 350.00
#  lumResponse vers. 1.8 - 12/08/08 13:53:35
#  iLdelay=1  avgN=1  ILlimit_plus=0.20 ILlimit_minus=-0.05  R=18.6% G=68.0% B=13.4%
 DV    R    G    B     target Lum+Lamb   uLR Lum+Lamb
  1:  035  036  035           1.187      1.184
  2:  037  036  037           1.251      1.242
  3:  037  037  037           1.318      1.317
  4:  037  038  038           1.387      1.386
  5:  039  039  038           1.458      1.451
  6:  039  040  039           1.531      1.558
  7:  041  040  040           1.607      1.608
  8:  041  041  040           1.685      1.678
  9:  042  041  042           1.766      1.748
 10:  043  042  042           1.848      1.850
 11:  043  043  043           1.934      1.942
 12:  044  043  044           2.021      2.030
 13:  044  044  045           2.112      2.120
 14:  045  044  045           2.205      2.223
 15:  045  045  045           2.300      2.292
 16:  046  046  045           2.398      2.409
 17:  047  046  046           2.499      2.497
 18:  046  047  047           2.602      2.601
 19:  048  047  048           2.709      2.681
 20:  048  048  048           2.818      2.814
 21:  049  048  049           2.930      2.922
 22:  049  049  049           3.044      3.054
 23:  050  049  050           3.162      3.167
 24:  049  050  049           3.283      3.263
 25:  050  050  051           3.407      3.423
 26:  051  051  051           3.534      3.534
 27:  052  051  052           3.664      3.652
 28:  052  052  051           3.797      3.806
 29:  053  052  052           3.933      3.953
 30:  053  053  052           4.073      4.082
 31:  053  053  054           4.216      4.228
 32:  053  054  053           4.363      4.345
 33:  053  054  054           4.513      4.513
 34:  055  054  055           4.666      4.697
 35:  054  055  054           4.823      4.796
 36:  055  055  055           4.983      4.948
 37:  056  055  056           5.148      5.196
 38:  055  056  056           5.316      5.323
 39:  057  056  056           5.487      5.510
 40:  057  056  057           5.663      5.551
 41:  056  057  056           5.842      5.825
 42:  057  057  057           6.025      5.987
 43:  058  057  058           6.213      6.231
 44:  057  058  058           6.404      6.416
 45:  059  058  059           6.600      6.628
 46:  058  059  058           6.800      6.812
 47:  059  059  060           7.004      7.016
 48:  059  060  059           7.212      7.258
 49:  060  060  060           7.425      7.476
 50:  061  060  060           7.642      7.634
 51:  060  061  060           7.864      7.907
 52:  061  061  060           8.090      8.087
 53:  062  061  061           8.321      8.428
 54:  062  061  062           8.557      8.575
 55:  061  062  061           8.797      8.738
 56:  062  062  062           9.043      9.041
 57:  062  062  063           9.293      9.325
 58:  062  063  062           9.549      9.538
 59:  062  063  063           9.809      9.929
 60:  063  063  064          10.075     10.101
 61:  063  064  063          10.346     10.410
 62:  063  064  064          10.622     10.539
 63:  064  064  064          10.904     10.724
 64:  065  064  064          11.192     11.123
 65:  064  065  064          11.485     11.471
 66:  064  065  065          11.783     11.915
 67:  065  065  066          12.088     12.079
 68:  066  065  066          12.398     12.405
 69:  065  066  065          12.714     12.693
 70:  066  066  066          13.037     12.933
 71:  067  066  067          13.365     13.354
 72:  066  067  067          13.700     13.674
 73:  067  067  066          14.041     13.929
 74:  067  067  068          14.388     14.228
 75:  068  067  068          14.742     14.681
 76:  067  068  068          15.103     15.124
 77:  068  068  068          15.470     15.371
 78:  069  068  069          15.844     15.940
 79:  068  069  068          16.225     16.371
 80:  069  069  068          16.613     16.615
 81:  070  069  069          17.009     16.895
 82:  069  070  069          17.411     17.382
 83:  069  070  070          17.821     17.996
 84:  070  070  071          18.238     18.262
 85:  071  070  070          18.663     18.598
 86:  070  071  070          19.096     19.005
 87:  071  071  072          19.536     19.549
 88:  071  072  071          19.985     19.946
 89:  072  072  071          20.441     20.494
 90:  072  072  072          20.906     20.883
 91:  073  072  073          21.379     21.338
 92:  073  073  072          21.860     21.871
 93:  074  073  074          22.350     22.264
 94:  073  074  073          22.849     22.798
 95:  075  074  074          23.356     23.361
 96:  074  075  074          23.873     23.878
 97:  075  075  074          24.398     24.443
 98:  074  075  075          24.933     24.911
 99:  076  075  075          25.477     25.514
100:  075  076  075          26.031     25.990
101:  076  076  076          26.594     26.600
102:  076  077  076          27.167     27.133
103:  077  077  076          27.750     27.754
104:  077  077  077          28.343     28.188
105:  077  078  077          28.947     29.056
106:  078  078  079          29.561     29.614
107:  079  078  079          30.185     29.937
108:  078  079  078          30.821     30.546
109:  079  079  079          31.467     31.302
110:  079  080  079          32.124     32.088
111:  079  080  080          32.792     32.805
112:  081  080  080          33.472     33.471
113:  080  081  080          34.163     34.081
114:  081  081  081          34.866     34.631
115:  082  081  082          35.582     35.439
116:  081  082  082          36.309     36.259
117:  082  082  083          37.048     36.923
118:  082  083  083          37.800     37.707
119:  083  083  084          38.565     38.517
120:  083  084  084          39.342     39.282
121:  084  084  085          40.133     39.909
122:  084  085  084          40.937     41.147
123:  085  085  086          41.754     41.832
124:  086  085  086          42.585     42.459
125:  086  086  085          43.429     43.520
126:  086  087  086          44.288     44.322
127:  087  087  086          45.161     45.093
128:  087  087  088          46.049     46.163
129:  087  088  088          46.951     47.144
130:  089  088  088          47.869     47.884
131:  089  088  089          48.801     49.382
132:  089  089  088          49.749     49.685
133:  089  089  090          50.712     50.695
134:  089  090  089          51.692     51.523
135:  091  090  090          52.687     52.772
136:  091  091  090          53.699     53.829
137:  091  091  092          54.727     54.853
138:  091  092  091          55.773     55.838
139:  092  092  093          56.835     56.874
140:  092  093  092          57.915     58.298
141:  093  093  094          59.012     59.025
142:  093  094  093          60.127     60.061
143:  093  094  094          61.261     61.119
144:  094  095  094          62.413     62.538
145:  096  095  095          63.583     63.776
146:  095  096  095          64.773     64.638
147:  096  096  097          65.982     66.071
148:  096  097  096          67.210     67.166
149:  098  097  097          68.458     68.456
150:  098  098  097          69.727     69.860
151:  099  098  098          71.016     71.033
152:  099  099  098          72.325     72.317
153:  099  100  099          73.656     73.503
154:  101  100  100          75.008     74.717
155:  101  101  100          76.382     76.210
156:  101  101  101          77.778     77.783
157:  102  102  101          79.197     79.174
158:  103  102  103          80.638     80.679
159:  103  103  103          82.102     82.107
160:  103  104  103          83.590     83.504
161:  104  105  104          85.101     84.855
162:  105  105  106          86.637     86.787
163:  106  105  106          88.197     87.971
164:  107  106  107          89.782     89.846
165:  108  107  107          91.392     91.036
166:  107  108  108          93.028     92.893
167:  108  109  108          94.690     94.545
168:  110  109  109          96.378     96.341
169:  110  110  110          98.093     98.029
170:  110  111  111          99.835     99.969
171:  111  112  111         101.605    101.470
172:  113  112  113         103.403    103.360
173:  114  113  113         105.229    105.370
174:  114  114  114         107.084    106.930
175:  115  115  114         108.969    108.760
176:  115  116  116         110.883    110.940
177:  117  117  116         112.828    112.780
178:  118  117  117         114.803    114.500
179:  119  118  118         116.809    116.750
180:  119  119  120         118.847    118.820
181:  121  120  121         120.917    120.970
182:  122  121  121         123.020    123.330
183:  121  122  122         125.155    125.280
184:  123  123  123         127.324    127.100
185:  124  124  124         129.527    129.670
186:  124  125  125         131.765    131.830
187:  125  126  125         134.038    134.020
188:  126  127  127         136.346    136.560
189:  127  128  127         138.691    138.460
190:  129  129  128         141.072    141.270
191:  130  130  130         143.491    143.690
192:  131  131  130         145.947    145.900
193:  131  132  132         148.442    148.370
194:  134  133  133         150.975    151.030
195:  135  134  135         153.549    153.520
196:  135  136  135         156.162    156.150
197:  136  137  137         158.816    158.760
198:  139  138  138         161.511    161.580
199:  140  139  140         164.249    164.110
200:  140  141  141         167.029    167.080
201:  141  142  142         169.852    169.880
202:  143  143  144         172.719    172.720
203:  146  145  145         175.631    175.520
204:  147  146  147         178.588    178.740
205:  147  148  148         181.591    181.670
206:  149  150  149         184.641    184.580
207:  150  151  151         187.737    187.650
208:  153  153  152         190.882    190.990
209:  155  154  154         194.076    194.190
210:  155  156  155         197.319    197.150
211:  157  158  157         200.612    200.780
212:  159  159  160         203.957    204.270
213:  161  161  160         207.353    207.160
214:  163  162  163         210.802    210.760
215:  164  164  164         214.304    214.260
216:  167  166  166         217.860    217.860
217:  169  168  168         221.471    221.600
218:  170  170  169         225.138    225.080
219:  172  172  171         228.861    228.820
220:  174  174  174         232.642    232.590
221:  176  176  175         236.482    236.390
222:  179  178  178         240.380    240.360
223:  180  180  180         244.339    244.580
224:  181  182  182         248.359    248.510
225:  183  183  184         252.440    252.380
226:  186  185  186         256.585    256.690
227:  187  187  188         260.793    260.750
228:  190  189  189         265.066    265.050
229:  191  192  191         269.405    269.550
230:  193  194  193         273.811    273.850
231:  195  196  195         278.285    278.050
232:  198  198  197         282.827    282.900
233:  200  200  200         287.439    287.300
234:  202  202  202         292.122    292.410
235:  205  204  204         296.877    296.800
236:  206  207  206         301.705    301.840
237:  208  209  208         306.608    306.620
238:  212  211  211         311.585    311.780
239:  213  213  214         316.639    316.760
240:  215  215  216         321.771    321.750
241:  219  218  218         326.981    326.870
242:  220  220  220         332.271    332.090
243:  223  222  222         337.642    337.320
244:  225  225  224         343.096    342.920
245:  228  227  228         348.633    348.760
246:  230  230  229         354.256    354.130
247:  233  232  232         359.964    359.830
248:  234  235  235         365.760    365.830
249:  237  238  237         371.644    371.730
250:  239  240  239         377.619    377.620
251:  243  242  243         383.685    383.790
252:  246  245  245         389.844    390.040
253:  247  248  247         396.098    396.230
254:  250  250  250         402.447    402.720
255:  253  252  252         408.893    408.770
256:  255  255  255         415.390    415.640
