# LutGenerate 2.5 - 01/27/2014 15:50:01 - #  Display ID: GENERIC EA234WMi 35101890TW
# Ambient = 0.10   Max. Luminance = 224.3325   Luminance Ratio = 307
#  lumResponse - average luminance response
#  4 files
 DV    R    G    B     target Lum+Lamb   uLR Lum+Lamb
  1:  000  000  000           0.731      0.730
  2:  002  001  001           0.773      0.775
  3:  003  002  003           0.817      0.819
  4:  004  003  004           0.863      0.859
  5:  004  005  004           0.910      0.910
  6:  006  006  005           0.958      0.958
  7:  007  007  006           1.008      1.008
  8:  008  008  007           1.059      1.060
  9:  009  009  009           1.112      1.112
 10:  010  010  010           1.167      1.166
 11:  011  011  011           1.223      1.221
 12:  012  012  012           1.281      1.283
 13:  013  013  012           1.341      1.342
 14:  015  014  015           1.402      1.389
 15:  016  015  016           1.465      1.453
 16:  017  016  017           1.530      1.524
 17:  018  017  018           1.597      1.586
 18:  019  018  019           1.665      1.662
 19:  020  019  019           1.736      1.736
 20:  020  020  021           1.808      1.811
 21:  021  021  020           1.882      1.880
 22:  021  022  022           1.958      1.957
 23:  023  023  023           2.036      2.032
 24:  024  024  023           2.116      2.116
 25:  024  025  024           2.198      2.197
 26:  025  026  025           2.282      2.296
 27:  027  026  027           2.368      2.346
 28:  028  027  028           2.456      2.448
 29:  029  028  029           2.546      2.551
 30:  029  029  030           2.638      2.642
 31:  029  030  030           2.733      2.730
 32:  030  031  030           2.829      2.840
 33:  031  032  031           2.928      2.954
 34:  033  033  032           3.029      3.028
 35:  034  034  033           3.133      3.129
 36:  034  035  034           3.238      3.235
 37:  035  036  035           3.347      3.371
 38:  037  036  037           3.457      3.441
 39:  038  037  037           3.570      3.569
 40:  038  038  038           3.685      3.686
 41:  038  039  039           3.803      3.805
 42:  039  040  039           3.924      3.938
 43:  041  040  041           4.047      4.018
 44:  042  041  042           4.172      4.164
 45:  043  042  043           4.300      4.291
 46:  044  043  043           4.431      4.436
 47:  044  044  043           4.565      4.561
 48:  044  045  044           4.701      4.700
 49:  045  046  045           4.840      4.876
 50:  047  046  047           4.982      4.971
 51:  047  047  048           5.127      5.122
 52:  048  048  047           5.274      5.270
 53:  048  049  048           5.425      5.425
 54:  049  050  049           5.578      5.595
 55:  051  051  051           5.735      5.739
 56:  052  052  053           5.894      5.885
 57:  053  053  053           6.057      6.059
 58:  054  054  054           6.222      6.225
 59:  054  055  055           6.391      6.388
 60:  055  056  056           6.563      6.561
 61:  057  057  056           6.739      6.743
 62:  057  058  058           6.918      6.914
 63:  058  059  059           7.100      7.099
 64:  060  060  061           7.285      7.280
 65:  062  061  061           7.474      7.469
 66:  063  062  062           7.666      7.660
 67:  064  063  063           7.862      7.866
 68:  065  064  064           8.062      8.064
 69:  065  065  066           8.265      8.260
 70:  066  066  066           8.472      8.463
 71:  067  067  068           8.682      8.684
 72:  068  068  068           8.896      8.903
 73:  070  069  070           9.115      9.081
 74:  071  070  071           9.337      9.289
 75:  072  071  072           9.563      9.521
 76:  073  072  073           9.793      9.766
 77:  074  073  074          10.026     10.027
 78:  075  074  074          10.265     10.274
 79:  075  075  076          10.507     10.517
 80:  075  076  076          10.753     10.743
 81:  076  077  076          11.004     11.030
 82:  077  078  078          11.259     11.249
 83:  078  079  079          11.518     11.508
 84:  079  080  079          11.782     11.778
 85:  080  081  080          12.051     12.063
 86:  081  082  081          12.324     12.340
 87:  082  083  082          12.601     12.623
 88:  083  084  083          12.883     12.906
 89:  084  085  084          13.170     13.184
 90:  085  086  085          13.462     13.484
 91:  088  087  087          13.759     13.763
 92:  089  088  089          14.060     14.058
 93:  090  089  090          14.367     14.367
 94:  091  090  091          14.679     14.678
 95:  092  091  091          14.995     14.988
 96:  093  092  092          15.317     15.312
 97:  093  093  094          15.645     15.630
 98:  095  094  095          15.977     15.986
 99:  096  095  096          16.316     16.286
100:  097  096  097          16.659     16.622
101:  097  098  097          17.008     17.062
102:  098  099  098          17.363     17.437
103:  099  100  099          17.724     17.803
104:  100  101  100          18.090     18.160
105:  102  101  102          18.462     18.377
106:  102  103  102          18.841     18.937
107:  104  103  104          19.225     19.137
108:  105  104  105          19.615     19.557
109:  105  106  105          20.012     20.028
110:  107  107  107          20.415     20.390
111:  108  108  108          20.824     20.813
112:  109  109  109          21.239     21.251
113:  110  110  109          21.662     21.657
114:  110  111  111          22.090     22.118
115:  111  112  112          22.526     22.512
116:  112  113  113          22.968     22.950
117:  113  114  114          23.418     23.420
118:  115  115  116          23.874     23.882
119:  117  116  116          24.337     24.329
120:  118  117  117          24.808     24.805
121:  118  118  119          25.286     25.266
122:  119  119  120          25.771     25.768
123:  120  120  121          26.263     26.291
124:  121  121  121          26.764     26.743
125:  122  122  122          27.272     27.266
126:  123  123  123          27.787     27.805
127:  125  124  125          28.311     28.243
128:  125  126  125          28.842     28.978
129:  127  126  127          29.382     29.285
130:  128  127  128          29.930     29.816
131:  129  128  129          30.486     30.391
132:  130  129  130          31.050     31.006
133:  131  130  131          31.624     31.543
134:  132  131  132          32.205     32.159
135:  133  132  133          32.796     32.734
136:  133  134  133          33.395     33.487
137:  134  135  134          34.004     34.093
138:  135  136  135          34.621     34.687
139:  136  137  136          35.248     35.319
140:  137  138  137          35.884     35.960
141:  138  139  138          36.530     36.598
142:  139  140  139          37.185     37.304
143:  141  140  141          37.850     37.682
144:  141  142  141          38.525     38.593
145:  142  143  143          39.210     39.204
146:  143  144  143          39.905     39.884
147:  144  145  144          40.610     40.641
148:  145  146  145          41.326     41.411
149:  147  146  147          42.052     41.854
150:  148  147  148          42.789     42.676
151:  149  148  149          43.537     43.463
152:  150  149  150          44.296     44.204
153:  150  151  150          45.065     45.188
154:  152  152  151          45.847     45.848
155:  153  153  153          46.639     46.636
156:  154  154  155          47.443     47.441
157:  156  155  156          48.259     48.248
158:  157  156  157          49.087     48.963
159:  157  158  157          49.927     49.929
160:  159  159  158          50.779     50.810
161:  160  160  160          51.644     51.642
162:  161  162  161          52.521     52.587
163:  162  163  162          53.410     53.436
164:  163  164  163          54.313     54.371
165:  164  165  164          55.228     55.316
166:  165  166  165          56.157     56.375
167:  167  166  167          57.099     56.923
168:  168  167  168          58.055     57.939
169:  169  168  169          59.025     58.926
170:  170  169  170          60.008     59.988
171:  170  171  170          61.006     61.146
172:  171  172  171          62.018     62.192
173:  173  172  173          63.044     62.813
174:  174  173  174          64.085     63.944
175:  175  174  175          65.141     65.104
176:  176  175  176          66.212     66.241
177:  176  176  177          67.299     67.247
178:  177  177  177          68.401     68.394
179:  178  178  177          69.518     69.560
180:  179  179  180          70.652     70.688
181:  181  180  181          71.801     71.801
182:  182  181  181          72.967     72.946
183:  182  182  183          74.150     74.187
184:  183  183  183          75.349     75.343
185:  184  184  184          76.565     76.578
186:  185  185  184          77.799     77.825
187:  185  186  186          79.050     79.049
188:  186  187  186          80.318     80.304
189:  187  188  188          81.605     81.614
190:  189  189  189          82.909     82.913
191:  190  190  189          84.232     84.232
192:  190  191  191          85.574     85.533
193:  191  192  192          86.935     86.959
194:  192  193  192          88.314     88.296
195:  193  194  193          89.713     89.817
196:  194  195  194          91.132     91.315
197:  195  196  195          92.571     92.843
198:  196  197  196          94.030     94.093
199:  198  198  199          95.509     95.560
200:  199  199  199          97.009     97.071
201:  200  200  199          98.530     98.604
202:  200  201  201         100.072    100.041
203:  201  202  202         101.636    101.578
204:  202  203  202         103.222    103.170
205:  203  204  203         104.829    104.795
206:  204  205  204         106.460    106.444
207:  205  206  205         108.113    108.071
208:  207  207  207         109.789    109.720
209:  208  208  209         111.488    111.546
210:  209  209  209         113.211    113.244
211:  210  210  210         114.958    114.899
212:  211  211  211         116.729    116.775
213:  212  212  212         118.524    118.542
214:  213  213  213         120.345    120.381
215:  214  214  214         122.191    122.239
216:  216  215  216         124.063    123.958
217:  216  217  216         125.960    126.157
218:  217  218  217         127.884    128.050
219:  218  219  218         129.834    129.918
220:  219  220  219         131.811    131.893
221:  220  221  220         133.816    133.890
222:  221  222  221         135.848    136.004
223:  222  223  222         137.909    138.109
224:  223  224  223         139.997    140.203
225:  224  225  224         142.115    142.189
226:  226  226  226         144.262    144.238
227:  227  227  227         146.438    146.481
228:  228  228  227         148.645    148.539
229:  229  229  228         150.881    150.885
230:  230  230  229         153.149    153.223
231:  230  231  231         155.448    155.341
232:  231  232  232         157.778    157.682
233:  232  233  233         160.140    160.148
234:  234  234  233         162.535    162.551
235:  236  235  235         164.963    164.861
236:  237  236  236         167.424    167.493
237:  237  237  238         169.919    169.932
238:  238  238  238         172.448    172.514
239:  238  239  239         175.011    174.957
240:  239  240  239         177.610    177.819
241:  241  240  241         180.245    179.581
242:  242  241  241         182.915    182.943
243:  241  242  242         185.622    185.589
244:  243  242  243         188.366    187.485
245:  244  243  244         191.148    191.164
246:  245  244  245         193.967    194.029
247:  245  245  246         196.825    196.900
248:  246  246  247         199.722    199.787
249:  248  247  248         202.659    202.436
250:  249  249  249         205.636    205.745
251:  251  250  251         208.653    208.452
252:  252  253  252         211.712    211.651
253:  253  254  253         214.812    215.003
254:  255  254  255         217.954    217.173
255:  254  255  254         221.140    222.948
256:  255  255  254         224.333    224.424
