#  lumResponse vers. 1.8 - 08/10/11 15:49:27
#  Display ID: EA231WMi_9Z103070NA
#  iLdelay=1  avgN=1  ILlimit_plus=0.20 ILlimit_minus=-0.05  R=21.7% G=69.7% B=8.6%
#  50.974  #ff0000
#  163.88  #00ff00
#  20.329  #0000ff
   1    0.212  #000000    1 1  0.0000
   2    0.219  #000001    1 2  0.0299
   3    0.228  #010000    1 3  0.0415
   4    0.227  #010001    1 4  -0.0031
   5    0.250  #000100    1 5  0.0967
   6    0.248  #000101    1 6  -0.0100
   7    0.258  #010100    1 7  0.0420
   8    0.260  #010101    2 1  0.0078
   9    0.270  #010102    2 2  0.0362
  10    0.275  #020101    2 3  0.0190
  11    0.282  #020102    2 4  0.0246
  12    0.294  #010201    2 5  0.0414
  13    0.290  #010202    2 6  -0.0126
  14    0.293  #020201    2 7  0.0081
  15    0.297  #020202    3 1  0.0154
  16    0.301  #020203    3 2  0.0138
  17    0.310  #030202    3 3  0.0288
  18    0.315  #030203    3 4  0.0150
  19    0.323  #020302    3 5  0.0263
  20    0.332  #020303    3 6  0.0260
  21    0.334  #030302    3 7  0.0062
  22    0.340  #030303    4 1  0.0179
  23    0.334  #030304    4 2  -0.0172
  24    0.345  #040303    4 3  0.0339
  25    0.347  #040304    4 4  0.0059
  26    0.358  #030403    4 5  0.0305
  27    0.367  #030404    4 6  0.0233
  28    0.368  #040403    4 7  0.0039
  29    0.373  #040404    5 1  0.0118
  30    0.368  #040405    5 2  -0.0135
  31    0.380  #050404    5 3  0.0325
  32    0.383  #050405    5 4  0.0083
  33    0.400  #040504    5 5  0.0435
  34    0.406  #040505    5 6  0.0147
  35    0.405  #050504    5 7  -0.0029
  36    0.410  #050505    6 1  0.0142
  37    0.414  #050506    6 2  0.0083
  38    0.418  #060505    6 3  0.0111
  39    0.425  #060506    6 4  0.0153
  40    0.446  #050605    6 5  0.0490
  41    0.445  #050606    6 6  -0.0036
  42    0.452  #060605    6 7  0.0174
  43    0.456  #060606    7 1  0.0073
  44    0.459  #060607    7 2  0.0063
  45    0.473  #070606    7 3  0.0298
  46    0.462  #070607    7 4  -0.0215
  47    0.487  #060706    7 5  0.0513
  48    0.498  #060707    7 6  0.0231
  49    0.501  #070706    7 7  0.0062
  50    0.512  #070707    8 1  0.0208
  51    0.507  #070708    8 2  -0.0098
  52    0.509  #080707    8 3  0.0036
  53    0.517  #080708    8 4  0.0157
  54    0.535  #070807    8 5  0.0353
  55    0.545  #070808    8 6  0.0173
  56    0.551  #080807    8 7  0.0111
  57    0.555  #080808    9 1  0.0070
  58    0.555  #080809    9 2  -0.0001
  59    0.581  #090808    9 3  0.0464
  60    0.573  #090809    9 4  -0.0132
  61    0.584  #080908    9 5  0.0190
  62    0.591  #080909    9 6  0.0107
  63    0.617  #090908    9 7  0.0441
  64    0.604  #090909   10 1  -0.0222
  65    0.609  #09090a   10 2  0.0091
  66    0.620  #0a0909   10 3  0.0175
  67    0.620  #0a090a   10 4  0.0007
  68    0.649  #090a09   10 5  0.0455
  69    0.657  #090a0a   10 6  0.0116
  70    0.670  #0a0a09   10 7  0.0202
  71    0.674  #0a0a0a   11 1  0.0052
  72    0.672  #0a0a0b   11 2  -0.0024
  73    0.691  #0b0a0a   11 3  0.0273
  74    0.695  #0b0a0b   11 4  0.0063
  75    0.714  #0a0b0a   11 5  0.0271
  76    0.723  #0a0b0b   11 6  0.0130
  77    0.731  #0b0b0a   11 7  0.0108
  78    0.741  #0b0b0b   12 1  0.0126
  79    0.747  #0b0b0c   12 2  0.0090
  80    0.751  #0c0b0b   12 3  0.0050
  81    0.761  #0c0b0c   12 4  0.0127
  82    0.786  #0b0c0b   12 5  0.0325
  83    0.796  #0b0c0c   12 6  0.0129
  84    0.800  #0c0c0b   12 7  0.0047
  85    0.807  #0c0c0c   13 1  0.0095
  86    0.816  #0c0c0d   13 2  0.0108
  87    0.823  #0d0c0c   13 3  0.0083
  88    0.829  #0d0c0d   13 4  0.0073
  89    0.861  #0c0d0c   13 5  0.0375
  90    0.862  #0c0d0d   13 6  0.0018
  91    0.869  #0d0d0c   13 7  0.0077
  92    0.878  #0d0d0d   14 1  0.0104
  93    0.895  #0d0d0e   14 2  0.0188
  94    0.898  #0e0d0d   14 3  0.0038
  95    0.914  #0e0d0e   14 4  0.0171
  96    0.948  #0d0e0d   14 5  0.0372
  97    0.949  #0d0e0e   14 6  0.0010
  98    0.969  #0e0e0d   14 7  0.0208
  99    0.972  #0e0e0e   15 1  0.0032
 100    0.978  #0e0e0f   15 2  0.0056
 101    0.981  #0f0e0e   15 3  0.0036
 102    1.003  #0f0e0f   15 4  0.0216
 103    1.037  #0e0f0e   15 5  0.0337
 104    1.042  #0e0f0f   15 6  0.0051
 105    1.057  #0f0f0e   15 7  0.0143
 106    1.071  #0f0f0f   16 1  0.0128
 107    1.067  #0f0f10   16 2  -0.0038
 108    1.083  #100f0f   16 3  0.0154
 109    1.083  #100f10   16 4  -0.0001
 110    1.117  #0f100f   16 5  0.0307
 111    1.125  #0f1010   16 6  0.0074
 112    1.147  #10100f   16 7  0.0192
 113    1.145  #101010   17 1  -0.0018
 114    1.152  #101011   17 2  0.0060
 115    1.173  #111010   17 3  0.0178
 116    1.176  #111011   17 4  0.0031
 117    1.213  #101110   17 5  0.0305
 118    1.213  #101111   17 6  0.0003
 119    1.231  #111110   17 7  0.0146
 120    1.233  #111111   18 1  0.0014
 121    1.247  #111112   18 2  0.0115
 122    1.258  #121111   18 3  0.0084
 123    1.270  #121112   18 4  0.0101
 124    1.314  #111211   18 5  0.0340
 125    1.317  #111212   18 6  0.0017
 126    1.341  #121211   18 7  0.0184
 127    1.351  #121212   19 1  0.0073
 128    1.357  #121213   19 2  0.0043
 129    1.368  #131212   19 3  0.0081
 130    1.381  #131213   19 4  0.0100
 131    1.426  #121312   19 5  0.0316
 132    1.435  #121313   19 6  0.0065
 133    1.447  #131312   19 7  0.0085
 134    1.462  #131313   20 1  0.0104
 135    1.471  #131314   20 2  0.0057
 136    1.490  #141313   20 3  0.0128
 137    1.504  #141314   20 4  0.0096
 138    1.537  #131413   20 5  0.0215
 139    1.555  #131414   20 6  0.0120
 140    1.567  #141413   20 7  0.0075
 141    1.574  #141414   21 1  0.0047
 142    1.585  #141415   21 2  0.0070
 143    1.597  #151414   21 3  0.0073
 144    1.613  #151415   21 4  0.0102
 145    1.656  #141514   21 5  0.0261
 146    1.666  #141515   21 6  0.0063
 147    1.698  #151514   21 7  0.0187
 148    1.699  #151515   22 1  0.0008
 149    1.711  #151516   22 2  0.0069
 150    1.729  #161515   22 3  0.0107
 151    1.752  #161516   22 4  0.0128
 152    1.802  #151615   22 5  0.0286
 153    1.813  #151616   22 6  0.0058
 154    1.839  #161615   22 7  0.0143
 155    1.849  #161616   23 1  0.0054
 156    1.859  #161617   23 2  0.0053
 157    1.879  #171616   23 3  0.0107
 158    1.893  #171617   23 4  0.0076
 159    1.951  #161716   23 5  0.0302
 160    1.959  #161717   23 6  0.0040
 161    1.975  #171716   23 7  0.0083
 162    1.997  #171717   24 1  0.0107
 163    2.006  #171718   24 2  0.0048
 164    2.019  #181717   24 3  0.0063
 165    2.036  #181718   24 4  0.0083
 166    2.089  #171817   24 5  0.0260
 167    2.100  #171818   24 6  0.0050
 168    2.120  #181817   24 7  0.0098
 169    2.130  #181818   25 1  0.0046
 170    2.147  #181819   25 2  0.0079
 171    2.154  #191818   25 3  0.0032
 172    2.172  #191819   25 4  0.0085
 173    2.221  #181918   25 5  0.0221
 174    2.226  #181919   25 6  0.0023
 175    2.240  #191918   25 7  0.0063
 176    2.263  #191919   26 1  0.0102
 177    2.268  #19191a   26 2  0.0023
 178    2.297  #1a1919   26 3  0.0126
 179    2.310  #1a191a   26 4  0.0056
 180    2.372  #191a19   26 5  0.0264
 181    2.382  #191a1a   26 6  0.0045
 182    2.411  #1a1a19   26 7  0.0120
 183    2.423  #1a1a1a   27 1  0.0048
 184    2.434  #1a1a1b   27 2  0.0045
 185    2.452  #1b1a1a   27 3  0.0074
 186    2.491  #1b1a1b   27 4  0.0159
 187    2.539  #1a1b1a   27 5  0.0192
 188    2.557  #1a1b1b   27 6  0.0068
 189    2.582  #1b1b1a   27 7  0.0099
 190    2.596  #1b1b1b   28 1  0.0053
 191    2.611  #1b1b1c   28 2  0.0059
 192    2.633  #1c1b1b   28 3  0.0082
 193    2.645  #1c1b1c   28 4  0.0048
 194    2.712  #1b1c1b   28 5  0.0250
 195    2.717  #1b1c1c   28 6  0.0018
 196    2.743  #1c1c1b   28 7  0.0094
 197    2.756  #1c1c1c   29 1  0.0047
 198    2.772  #1c1c1d   29 2  0.0061
 199    2.797  #1d1c1c   29 3  0.0087
 200    2.809  #1d1c1d   29 4  0.0046
 201    2.874  #1c1d1c   29 5  0.0226
 202    2.889  #1c1d1d   29 6  0.0052
 203    2.912  #1d1d1c   29 7  0.0082
 204    2.928  #1d1d1d   30 1  0.0053
 205    2.946  #1d1d1e   30 2  0.0060
 206    2.973  #1e1d1d   30 3  0.0092
 207    2.984  #1e1d1e   30 4  0.0039
 208    3.060  #1d1e1d   30 5  0.0249
 209    3.081  #1d1e1e   30 6  0.0071
 210    3.107  #1e1e1d   30 7  0.0082
 211    3.124  #1e1e1e   31 1  0.0056
 212    3.137  #1e1e1f   31 2  0.0042
 213    3.158  #1f1e1e   31 3  0.0065
 214    3.180  #1f1e1f   31 4  0.0072
 215    3.252  #1e1f1e   31 5  0.0223
 216    3.274  #1e1f1f   31 6  0.0066
 217    3.307  #1f1f1e   31 7  0.0102
 218    3.316  #1f1f1f   32 1  0.0027
 219    3.333  #1f1f20   32 2  0.0050
 220    3.379  #201f1f   32 3  0.0138
 221    3.387  #201f20   32 4  0.0022
 222    3.464  #1f201f   32 5  0.0226
 223    3.482  #1f2020   32 6  0.0051
 224    3.500  #20201f   32 7  0.0053
 225    3.517  #202020   33 1  0.0049
 226    3.542  #202021   33 2  0.0070
 227    3.560  #212020   33 3  0.0051
 228    3.570  #212021   33 4  0.0027
 229    3.670  #202120   33 5  0.0276
 230    3.667  #202121   33 6  -0.0007
 231    3.689  #212120   33 7  0.0059
 232    3.713  #212121   34 1  0.0065
 233    3.728  #212122   34 2  0.0042
 234    3.757  #222121   34 3  0.0077
 235    3.782  #222122   34 4  0.0066
 236    3.874  #212221   34 5  0.0241
 237    3.885  #212222   34 6  0.0027
 238    3.927  #222221   34 7  0.0108
 239    3.939  #222222   35 1  0.0032
 240    3.956  #222223   35 2  0.0042
 241    3.995  #232222   35 3  0.0099
 242    4.013  #232223   35 4  0.0044
 243    4.102  #222322   35 5  0.0219
 244    4.125  #222323   35 6  0.0058
 245    4.148  #232322   35 7  0.0055
 246    4.172  #232323   36 1  0.0058
 247    4.186  #232324   36 2  0.0033
 248    4.218  #242323   36 3  0.0077
 249    4.249  #242324   36 4  0.0073
 250    4.327  #232423   36 5  0.0182
 251    4.341  #232424   36 6  0.0033
 252    4.370  #242423   36 7  0.0065
 253    4.402  #242424   37 1  0.0074
 254    4.404  #242425   37 2  0.0005
 255    4.436  #252424   37 3  0.0073
 256    4.460  #252425   37 4  0.0052
 257    4.548  #242524   37 5  0.0197
 258    4.568  #242525   37 6  0.0043
 259    4.596  #252524   37 7  0.0061
 260    4.614  #252525   38 1  0.0039
 261    4.636  #252526   38 2  0.0048
 262    4.671  #262525   38 3  0.0076
 263    4.694  #262526   38 4  0.0048
 264    4.780  #252625   38 5  0.0182
 265    4.810  #252626   38 6  0.0062
 266    4.839  #262625   38 7  0.0061
 267    4.862  #262626   39 1  0.0047
 268    4.898  #262627   39 2  0.0075
 269    4.914  #272626   39 3  0.0032
 270    4.944  #272627   39 4  0.0062
 271    5.048  #262726   39 5  0.0206
 272    5.068  #262727   39 6  0.0040
 273    5.092  #272726   39 7  0.0048
 274    5.123  #272727   40 1  0.0060
 275    5.137  #272728   40 2  0.0027
 276    5.185  #282727   40 3  0.0093
 277    5.194  #282728   40 4  0.0017
 278    5.295  #272827   40 5  0.0193
 279    5.319  #272828   40 6  0.0044
 280    5.347  #282827   40 7  0.0053
 281    5.364  #282828   41 1  0.0032
 282    5.387  #282829   41 2  0.0043
 283    5.418  #292828   41 3  0.0057
 284    5.433  #292829   41 4  0.0027
 285    5.524  #282928   41 5  0.0167
 286    5.540  #282929   41 6  0.0028
 287    5.575  #292928   41 7  0.0063
 288    5.596  #292929   42 1  0.0038
 289    5.620  #29292a   42 2  0.0043
 290    5.653  #2a2929   42 3  0.0060
 291    5.678  #2a292a   42 4  0.0043
 292    5.789  #292a29   42 5  0.0194
 293    5.810  #292a2a   42 6  0.0037
 294    5.842  #2a2a29   42 7  0.0055
 295    5.875  #2a2a2a   43 1  0.0055
 296    5.898  #2a2a2b   43 2  0.0040
 297    5.938  #2b2a2a   43 3  0.0066
 298    5.957  #2b2a2b   43 4  0.0032
 299    6.082  #2a2b2a   43 5  0.0208
 300    6.113  #2a2b2b   43 6  0.0051
 301    6.137  #2b2b2a   43 7  0.0039
 302    6.165  #2b2b2b   44 1  0.0045
 303    6.191  #2b2b2c   44 2  0.0041
 304    6.228  #2c2b2b   44 3  0.0060
 305    6.247  #2c2b2c   44 4  0.0030
 306    6.361  #2b2c2b   44 5  0.0181
 307    6.384  #2b2c2c   44 6  0.0038
 308    6.418  #2c2c2b   44 7  0.0052
 309    6.458  #2c2c2c   45 1  0.0063
 310    6.465  #2c2c2d   45 2  0.0010
 311    6.510  #2d2c2c   45 3  0.0070
 312    6.521  #2d2c2d   45 4  0.0017
 313    6.628  #2c2d2c   45 5  0.0163
 314    6.646  #2c2d2d   45 6  0.0027
 315    6.687  #2d2d2c   45 7  0.0062
 316    6.716  #2d2d2d   46 1  0.0044
 317    6.743  #2d2d2e   46 2  0.0039
 318    6.777  #2e2d2d   46 3  0.0051
 319    6.805  #2e2d2e   46 4  0.0041
 320    6.936  #2d2e2d   46 5  0.0191
 321    6.936  #2d2e2e   46 6  -0.0000
 322    6.978  #2e2e2d   46 7  0.0060
 323    7.008  #2e2e2e   47 1  0.0044
 324    7.041  #2e2e2f   47 2  0.0046
 325    7.080  #2f2e2e   47 3  0.0055
 326    7.106  #2f2e2f   47 4  0.0037
 327    7.231  #2e2f2e   47 5  0.0175
 328    7.259  #2e2f2f   47 6  0.0039
 329    7.309  #2f2f2e   47 7  0.0069
 330    7.325  #2f2f2f   48 1  0.0022
 331    7.360  #2f2f30   48 2  0.0047
 332    7.395  #302f2f   48 3  0.0048
 333    7.445  #302f30   48 4  0.0068
 334    7.552  #2f302f   48 5  0.0143
 335    7.574  #2f3030   48 6  0.0029
 336    7.616  #30302f   48 7  0.0055
 337    7.657  #303030   49 1  0.0053
 338    7.668  #303031   49 2  0.0015
 339    7.704  #313030   49 3  0.0047
 340    7.729  #313031   49 4  0.0032
 341    7.837  #303130   49 5  0.0138
 342    7.854  #303131   49 6  0.0022
 343    7.890  #313130   49 7  0.0046
 344    7.908  #313131   50 1  0.0023
 345    7.928  #313132   50 2  0.0025
 346    7.983  #323131   50 3  0.0069
 347    8.007  #323132   50 4  0.0030
 348    8.147  #313231   50 5  0.0173
 349    8.163  #313232   50 6  0.0020
 350    8.203  #323231   50 7  0.0048
 351    8.224  #323232   51 1  0.0026
 352    8.254  #323233   51 2  0.0037
 353    8.299  #333232   51 3  0.0054
 354    8.334  #333233   51 4  0.0041
 355    8.469  #323332   51 5  0.0161
 356    8.500  #323333   51 6  0.0037
 357    8.549  #333332   51 7  0.0058
 358    8.578  #333333   52 1  0.0033
 359    8.603  #333334   52 2  0.0030
 360    8.644  #343333   52 3  0.0047
 361    8.690  #343334   52 4  0.0054
 362    8.807  #333433   52 5  0.0134
 363    8.835  #333434   52 6  0.0031
 364    8.873  #343433   52 7  0.0043
 365    8.903  #343434   53 1  0.0034
 366    8.923  #343435   53 2  0.0022
 367    8.970  #353434   53 3  0.0053
 368    8.997  #353435   53 4  0.0030
 369    9.119  #343534   53 5  0.0135
 370    9.160  #343535   53 6  0.0045
 371    9.198  #353534   53 7  0.0041
 372    9.221  #353535   54 1  0.0025
 373    9.256  #353536   54 2  0.0038
 374    9.316  #363535   54 3  0.0065
 375    9.333  #363536   54 4  0.0018
 376    9.474  #353635   54 5  0.0149
 377    9.499  #353636   54 6  0.0027
 378    9.550  #363635   54 7  0.0053
 379    9.586  #363636   55 1  0.0038
 380    9.615  #363637   55 2  0.0031
 381    9.674  #373636   55 3  0.0061
 382    9.704  #373637   55 4  0.0031
 383    9.851  #363736   55 5  0.0151
 384    9.887  #363737   55 6  0.0036
 385    9.927  #373736   55 7  0.0040
 386    9.972  #373737   56 1  0.0045
 387   10.003  #373738   56 2  0.0031
 388   10.045  #383737   56 3  0.0042
 389   10.071  #383738   56 4  0.0026
 390   10.216  #373837   56 5  0.0143
 391   10.236  #373838   56 6  0.0020
 392   10.287  #383837   56 7  0.0050
 393   10.316  #383838   57 1  0.0028
 394   10.362  #383839   57 2  0.0044
 395   10.382  #393838   57 3  0.0019
 396   10.407  #393839   57 4  0.0024
 397   10.535  #383938   57 5  0.0122
 398   10.547  #383939   57 6  0.0011
 399   10.590  #393938   57 7  0.0041
 400   10.611  #393939   58 1  0.0020
 401   10.644  #39393a   58 2  0.0031
 402   10.694  #3a3939   58 3  0.0047
 403   10.725  #3a393a   58 4  0.0029
 404   10.870  #393a39   58 5  0.0134
 405   10.898  #393a3a   58 6  0.0026
 406   10.946  #3a3a39   58 7  0.0044
 407   10.976  #3a3a3a   59 1  0.0027
 408   11.011  #3a3a3b   59 2  0.0032
 409   11.068  #3b3a3a   59 3  0.0052
 410   11.110  #3b3a3b   59 4  0.0038
 411   11.261  #3a3b3a   59 5  0.0135
 412   11.304  #3a3b3b   59 6  0.0038
 413   11.360  #3b3b3a   59 7  0.0049
 414   11.388  #3b3b3b   60 1  0.0025
 415   11.430  #3b3b3c   60 2  0.0037
 416   11.478  #3c3b3b   60 3  0.0042
 417   11.506  #3c3b3c   60 4  0.0024
 418   11.676  #3b3c3b   60 5  0.0147
 419   11.694  #3b3c3c   60 6  0.0015
 420   11.745  #3c3c3b   60 7  0.0044
 421   11.777  #3c3c3c   61 1  0.0027
 422   11.819  #3c3c3d   61 2  0.0036
 423   11.861  #3d3c3c   61 3  0.0035
 424   11.897  #3d3c3d   61 4  0.0030
 425   12.036  #3c3d3c   61 5  0.0116
 426   12.069  #3c3d3d   61 6  0.0027
 427   12.125  #3d3d3c   61 7  0.0046
 428   12.150  #3d3d3d   62 1  0.0021
 429   12.183  #3d3d3e   62 2  0.0027
 430   12.240  #3e3d3d   62 3  0.0047
 431   12.267  #3e3d3e   62 4  0.0022
 432   12.426  #3d3e3d   62 5  0.0129
 433   12.448  #3d3e3e   62 6  0.0018
 434   12.502  #3e3e3d   62 7  0.0043
 435   12.545  #3e3e3e   63 1  0.0034
 436   12.578  #3e3e3f   63 2  0.0026
 437   12.641  #3f3e3e   63 3  0.0050
 438   12.672  #3f3e3f   63 4  0.0024
 439   12.848  #3e3f3e   63 5  0.0138
 440   12.879  #3e3f3f   63 6  0.0024
 441   12.955  #3f3f3e   63 7  0.0059
 442   12.972  #3f3f3f   64 1  0.0013
 443   13.029  #3f3f40   64 2  0.0044
 444   13.063  #403f3f   64 3  0.0026
 445   13.093  #403f40   64 4  0.0023
 446   13.255  #3f403f   64 5  0.0123
 447   13.296  #3f4040   64 6  0.0031
 448   13.355  #40403f   64 7  0.0044
 449   13.378  #404040   65 1  0.0017
 450   13.410  #404041   65 2  0.0024
 451   13.471  #414040   65 3  0.0045
 452   13.520  #414041   65 4  0.0036
 453   13.665  #404140   65 5  0.0107
 454   13.690  #404141   65 6  0.0018
 455   13.748  #414140   65 7  0.0042
 456   13.782  #414141   66 1  0.0025
 457   13.815  #414142   66 2  0.0024
 458   13.868  #424141   66 3  0.0038
 459   13.890  #424142   66 4  0.0016
 460   14.051  #414241   66 5  0.0115
 461   14.093  #414242   66 6  0.0030
 462   14.145  #424241   66 7  0.0037
 463   14.173  #424242   67 1  0.0020
 464   14.225  #424243   67 2  0.0037
 465   14.273  #434242   67 3  0.0034
 466   14.320  #434243   67 4  0.0033
 467   14.489  #424342   67 5  0.0117
 468   14.533  #424343   67 6  0.0030
 469   14.580  #434342   67 7  0.0032
 470   14.627  #434343   68 1  0.0032
 471   14.659  #434344   68 2  0.0022
 472   14.716  #444343   68 3  0.0039
 473   14.753  #444344   68 4  0.0025
 474   14.909  #434443   68 5  0.0105
 475   14.945  #434444   68 6  0.0024
 476   15.002  #444443   68 7  0.0038
 477   15.032  #444444   69 1  0.0020
 478   15.068  #444445   69 2  0.0024
 479   15.124  #454444   69 3  0.0037
 480   15.154  #454445   69 4  0.0020
 481   15.316  #444544   69 5  0.0106
 482   15.368  #444545   69 6  0.0034
 483   15.413  #454544   69 7  0.0029
 484   15.441  #454545   70 1  0.0018
 485   15.475  #454546   70 2  0.0022
 486   15.539  #464545   70 3  0.0041
 487   15.574  #464546   70 4  0.0022
 488   15.731  #454645   70 5  0.0100
 489   15.773  #454646   70 6  0.0027
 490   15.830  #464645   70 7  0.0036
 491   15.859  #464646   71 1  0.0018
 492   15.899  #464647   71 2  0.0025
 493   15.965  #474646   71 3  0.0041
 494   16.006  #474647   71 4  0.0026
 495   16.198  #464746   71 5  0.0119
 496   16.229  #464747   71 6  0.0019
 497   16.289  #474746   71 7  0.0037
 498   16.338  #474747   72 1  0.0030
 499   16.364  #474748   72 2  0.0016
 500   16.435  #484747   72 3  0.0043
 501   16.457  #484748   72 4  0.0013
 502   16.627  #474847   72 5  0.0103
 503   16.672  #474848   72 6  0.0027
 504   16.727  #484847   72 7  0.0033
 505   16.764  #484848   73 1  0.0022
 506   16.812  #484849   73 2  0.0029
 507   16.859  #494848   73 3  0.0028
 508   16.899  #494849   73 4  0.0024
 509   17.067  #484948   73 5  0.0099
 510   17.101  #484949   73 6  0.0020
 511   17.155  #494948   73 7  0.0032
 512   17.194  #494949   74 1  0.0023
 513   17.243  #49494a   74 2  0.0028
 514   17.298  #4a4949   74 3  0.0032
 515   17.348  #4a494a   74 4  0.0029
 516   17.515  #494a49   74 5  0.0096
 517   17.564  #494a4a   74 6  0.0028
 518   17.610  #4a4a49   74 7  0.0026
 519   17.661  #4a4a4a   75 1  0.0029
 520   17.690  #4a4a4b   75 2  0.0016
 521   17.763  #4b4a4a   75 3  0.0041
 522   17.798  #4b4a4b   75 4  0.0020
 523   18.002  #4a4b4a   75 5  0.0114
 524   18.051  #4a4b4b   75 6  0.0027
 525   18.107  #4b4b4a   75 7  0.0031
 526   18.162  #4b4b4b   76 1  0.0030
 527   18.193  #4b4b4c   76 2  0.0017
 528   18.242  #4c4b4b   76 3  0.0027
 529   18.289  #4c4b4c   76 4  0.0026
 530   18.475  #4b4c4b   76 5  0.0101
 531   18.518  #4b4c4c   76 6  0.0023
 532   18.559  #4c4c4b   76 7  0.0022
 533   18.612  #4c4c4c   77 1  0.0029
 534   18.646  #4c4c4d   77 2  0.0018
 535   18.706  #4d4c4c   77 3  0.0032
 536   18.757  #4d4c4d   77 4  0.0027
 537   18.922  #4c4d4c   77 5  0.0088
 538   18.962  #4c4d4d   77 6  0.0021
 539   19.027  #4d4d4c   77 7  0.0034
 540   19.062  #4d4d4d   78 1  0.0018
 541   19.114  #4d4d4e   78 2  0.0027
 542   19.176  #4e4d4d   78 3  0.0032
 543   19.227  #4e4d4e   78 4  0.0027
 544   19.414  #4d4e4d   78 5  0.0097
 545   19.455  #4d4e4e   78 6  0.0021
 546   19.521  #4e4e4d   78 7  0.0034
 547   19.564  #4e4e4e   79 1  0.0022
 548   19.613  #4e4e4f   79 2  0.0025
 549   19.690  #4f4e4e   79 3  0.0039
 550   19.720  #4f4e4f   79 4  0.0015
 551   19.925  #4e4f4e   79 5  0.0103
 552   19.964  #4e4f4f   79 6  0.0020
 553   20.045  #4f4f4e   79 7  0.0040
 554   20.075  #4f4f4f   80 1  0.0015
 555   20.131  #4f4f50   80 2  0.0028
 556   20.185  #504f4f   80 3  0.0027
 557   20.225  #504f50   80 4  0.0020
 558   20.410  #4f504f   80 5  0.0091
 559   20.452  #4f5050   80 6  0.0021
 560   20.515  #50504f   80 7  0.0031
 561   20.566  #505050   81 1  0.0025
 562   20.595  #505051   81 2  0.0014
 563   20.651  #515050   81 3  0.0027
 564   20.700  #515051   81 4  0.0024
 565   20.896  #505150   81 5  0.0094
 566   20.925  #505151   81 6  0.0014
 567   20.983  #515150   81 7  0.0028
 568   21.021  #515151   82 1  0.0018
 569   21.074  #515152   82 2  0.0025
 570   21.148  #525151   82 3  0.0035
 571   21.195  #525152   82 4  0.0022
 572   21.385  #515251   82 5  0.0089
 573   21.426  #515252   82 6  0.0019
 574   21.493  #525251   82 7  0.0031
 575   21.527  #525252   83 1  0.0016
 576   21.575  #525253   83 2  0.0022
 577   21.660  #535252   83 3  0.0039
 578   21.692  #535253   83 4  0.0015
 579   21.912  #525352   83 5  0.0101
 580   21.959  #525353   83 6  0.0021
 581   22.022  #535352   83 7  0.0029
 582   22.070  #535353   84 1  0.0022
 583   22.111  #535354   84 2  0.0019
 584   22.175  #545353   84 3  0.0029
 585   22.217  #545354   84 4  0.0019
 586   22.422  #535453   84 5  0.0092
 587   22.465  #535454   84 6  0.0019
 588   22.524  #545453   84 7  0.0026
 589   22.559  #545454   85 1  0.0016
 590   22.604  #545455   85 2  0.0020
 591   22.666  #555454   85 3  0.0027
 592   22.721  #555455   85 4  0.0024
 593   22.906  #545554   85 5  0.0081
 594   22.960  #545555   85 6  0.0024
 595   23.015  #555554   85 7  0.0024
 596   23.067  #555555   86 1  0.0023
 597   23.120  #555556   86 2  0.0023
 598   23.178  #565555   86 3  0.0025
 599   23.227  #565556   86 4  0.0021
 600   23.437  #555655   86 5  0.0090
 601   23.475  #555656   86 6  0.0016
 602   23.549  #565655   86 7  0.0031
 603   23.587  #565656   87 1  0.0016
 604   23.634  #565657   87 2  0.0020
 605   23.715  #575656   87 3  0.0034
 606   23.753  #575657   87 4  0.0016
 607   23.971  #565756   87 5  0.0091
 608   24.035  #565757   87 6  0.0027
 609   24.101  #575756   87 7  0.0027
 610   24.150  #575757   88 1  0.0020
 611   24.189  #575758   88 2  0.0016
 612   24.266  #585757   88 3  0.0032
 613   24.331  #585758   88 4  0.0027
 614   24.509  #575857   88 5  0.0073
 615   24.546  #575858   88 6  0.0015
 616   24.621  #585857   88 7  0.0031
 617   24.656  #585858   89 1  0.0014
 618   24.707  #585859   89 2  0.0021
 619   24.780  #595858   89 3  0.0030
 620   24.824  #595859   89 4  0.0018
 621   25.022  #585958   89 5  0.0079
 622   25.062  #585959   89 6  0.0016
 623   25.137  #595958   89 7  0.0030
 624   25.185  #595959   90 1  0.0019
 625   25.240  #59595a   90 2  0.0022
 626   25.316  #5a5959   90 3  0.0030
 627   25.346  #5a595a   90 4  0.0012
 628   25.557  #595a59   90 5  0.0083
 629   25.602  #595a5a   90 6  0.0018
 630   25.687  #5a5a59   90 7  0.0033
 631   25.724  #5a5a5a   91 1  0.0014
 632   25.757  #5a5a5b   91 2  0.0013
 633   25.845  #5b5a5a   91 3  0.0034
 634   25.911  #5b5a5b   91 4  0.0026
 635   26.121  #5a5b5a   91 5  0.0081
 636   26.172  #5a5b5b   91 6  0.0020
 637   26.249  #5b5b5a   91 7  0.0029
 638   26.302  #5b5b5b   92 1  0.0020
 639   26.345  #5b5b5c   92 2  0.0016
 640   26.414  #5c5b5b   92 3  0.0026
 641   26.461  #5c5b5c   92 4  0.0018
 642   26.665  #5b5c5b   92 5  0.0077
 643   26.717  #5b5c5c   92 6  0.0019
 644   26.791  #5c5c5b   92 7  0.0028
 645   26.848  #5c5c5c   93 1  0.0021
 646   26.893  #5c5c5d   93 2  0.0017
 647   26.967  #5d5c5c   93 3  0.0027
 648   27.018  #5d5c5d   93 4  0.0019
 649   27.217  #5c5d5c   93 5  0.0073
 650   27.271  #5c5d5d   93 6  0.0020
 651   27.359  #5d5d5c   93 7  0.0032
 652   27.390  #5d5d5d   94 1  0.0011
 653   27.443  #5d5d5e   94 2  0.0019
 654   27.503  #5e5d5d   94 3  0.0022
 655   27.553  #5e5d5e   94 4  0.0018
 656   27.754  #5d5e5d   94 5  0.0073
 657   27.815  #5d5e5e   94 6  0.0022
 658   27.882  #5e5e5d   94 7  0.0024
 659   27.944  #5e5e5e   95 1  0.0022
 660   27.976  #5e5e5f   95 2  0.0011
 661   28.064  #5f5e5e   95 3  0.0031
 662   28.112  #5f5e5f   95 4  0.0017
 663   28.338  #5e5f5e   95 5  0.0080
 664   28.395  #5e5f5f   95 6  0.0020
 665   28.477  #5f5f5e   95 7  0.0029
 666   28.525  #5f5f5f   96 1  0.0017
 667   28.580  #5f5f60   96 2  0.0019
 668   28.652  #605f5f   96 3  0.0025
 669   28.703  #605f60   96 4  0.0018
 670   28.927  #5f605f   96 5  0.0078
 671   28.975  #5f6060   96 6  0.0017
 672   29.049  #60605f   96 7  0.0026
 673   29.101  #606060   97 1  0.0018
 674   29.145  #606061   97 2  0.0015
 675   29.222  #616060   97 3  0.0026
 676   29.286  #616061   97 4  0.0022
 677   29.477  #606160   97 5  0.0065
 678   29.530  #606161   97 6  0.0018
 679   29.598  #616160   97 7  0.0023
 680   29.658  #616161   98 1  0.0020
 681   29.680  #616162   98 2  0.0007
 682   29.769  #626161   98 3  0.0030
 683   29.815  #626162   98 4  0.0015
 684   30.034  #616261   98 5  0.0073
 685   30.080  #616262   98 6  0.0015
 686   30.156  #626261   98 7  0.0025
 687   30.221  #626262   99 1  0.0022
 688   30.257  #626263   99 2  0.0012
 689   30.339  #636262   99 3  0.0027
 690   30.398  #636263   99 4  0.0019
 691   30.636  #626362   99 5  0.0078
 692   30.691  #626363   99 6  0.0018
 693   30.760  #636362   99 7  0.0022
 694   30.821  #636363  100 1  0.0020
 695   30.889  #636364  100 2  0.0022
 696   30.952  #646363  100 3  0.0020
 697   31.002  #646364  100 4  0.0016
 698   31.226  #636463  100 5  0.0072
 699   31.258  #636464  100 6  0.0010
 700   31.333  #646463  100 7  0.0024
 701   31.396  #646464  101 1  0.0020
 702   31.433  #646465  101 2  0.0012
 703   31.523  #656464  101 3  0.0029
 704   31.562  #656465  101 4  0.0012
 705   31.774  #646564  101 5  0.0067
 706   31.829  #646565  101 6  0.0017
 707   31.913  #656564  101 7  0.0026
 708   31.952  #656565  102 1  0.0012
 709   32.009  #656566  102 2  0.0018
 710   32.100  #666565  102 3  0.0028
 711   32.123  #666566  102 4  0.0007
 712   32.346  #656665  102 5  0.0069
 713   32.396  #656666  102 6  0.0015
 714   32.487  #666665  102 7  0.0028
 715   32.532  #666666  103 1  0.0014
 716   32.577  #666667  103 2  0.0014
 717   32.674  #676666  103 3  0.0030
 718   32.723  #676667  103 4  0.0015
 719   32.965  #666766  103 5  0.0074
 720   33.030  #666767  103 6  0.0020
 721   33.099  #676766  103 7  0.0021
 722   33.156  #676767  104 1  0.0017
 723   33.212  #676768  104 2  0.0017
 724   33.289  #686767  104 3  0.0023
 725   33.342  #686768  104 4  0.0016
 726   33.561  #676867  104 5  0.0065
 727   33.616  #676868  104 6  0.0016
 728   33.687  #686867  104 7  0.0021
 729   33.738  #686868  105 1  0.0015
 730   33.800  #686869  105 2  0.0018
 731   33.871  #696868  105 3  0.0021
 732   33.924  #696869  105 4  0.0016
 733   34.167  #686968  105 5  0.0071
 734   34.200  #686969  105 6  0.0010
 735   34.271  #696968  105 7  0.0021
 736   34.322  #696969  106 1  0.0015
 737   34.385  #69696a  106 2  0.0018
 738   34.459  #6a6969  106 3  0.0021
 739   34.503  #6a696a  106 4  0.0013
 740   34.724  #696a69  106 5  0.0064
 741   34.784  #696a6a  106 6  0.0017
 742   34.862  #6a6a69  106 7  0.0022
 743   34.923  #6a6a6a  107 1  0.0017
 744   34.971  #6a6a6b  107 2  0.0014
 745   35.060  #6b6a6a  107 3  0.0025
 746   35.133  #6b6a6b  107 4  0.0021
 747   35.414  #6a6b6a  107 5  0.0080
 748   35.500  #6a6b6b  107 6  0.0024
 749   35.610  #6b6b6a  107 7  0.0031
 750   35.665  #6b6b6b  108 1  0.0015
 751   35.718  #6b6b6c  108 2  0.0015
 752   35.813  #6c6b6b  108 3  0.0027
 753   35.865  #6c6b6c  108 4  0.0015
 754   36.112  #6b6c6b  108 5  0.0069
 755   36.163  #6b6c6c  108 6  0.0014
 756   36.247  #6c6c6b  108 7  0.0023
 757   36.292  #6c6c6c  109 1  0.0012
 758   36.347  #6c6c6d  109 2  0.0015
 759   36.426  #6d6c6c  109 3  0.0022
 760   36.481  #6d6c6d  109 4  0.0015
 761   36.711  #6c6d6c  109 5  0.0063
 762   36.765  #6c6d6d  109 6  0.0015
 763   36.827  #6d6d6c  109 7  0.0017
 764   36.892  #6d6d6d  110 1  0.0018
 765   36.943  #6d6d6e  110 2  0.0014
 766   37.021  #6e6d6d  110 3  0.0021
 767   37.072  #6e6d6e  110 4  0.0014
 768   37.310  #6d6e6d  110 5  0.0064
 769   37.352  #6d6e6e  110 6  0.0011
 770   37.437  #6e6e6d  110 7  0.0023
 771   37.502  #6e6e6e  111 1  0.0017
 772   37.556  #6e6e6f  111 2  0.0014
 773   37.636  #6f6e6e  111 3  0.0021
 774   37.698  #6f6e6f  111 4  0.0016
 775   37.962  #6e6f6e  111 5  0.0070
 776   38.010  #6e6f6f  111 6  0.0013
 777   38.106  #6f6f6e  111 7  0.0025
 778   38.153  #6f6f6f  112 1  0.0012
 779   38.206  #6f6f70  112 2  0.0014
 780   38.282  #706f6f  112 3  0.0020
 781   38.345  #706f70  112 4  0.0016
 782   38.589  #6f706f  112 5  0.0063
 783   38.645  #6f7070  112 6  0.0015
 784   38.717  #70706f  112 7  0.0019
 785   38.770  #707070  113 1  0.0014
 786   38.829  #707071  113 2  0.0015
 787   38.898  #717070  113 3  0.0018
 788   38.970  #717071  113 4  0.0018
 789   39.179  #707170  113 5  0.0053
 790   39.242  #707171  113 6  0.0016
 791   39.321  #717170  113 7  0.0020
 792   39.364  #717171  114 1  0.0011
 793   39.418  #717172  114 2  0.0014
 794   39.502  #727171  114 3  0.0021
 795   39.579  #727172  114 4  0.0019
 796   39.796  #717271  114 5  0.0055
 797   39.840  #717272  114 6  0.0011
 798   39.936  #727271  114 7  0.0024
 799   40.003  #727272  115 1  0.0017
 800   40.042  #727273  115 2  0.0010
 801   40.130  #737272  115 3  0.0022
 802   40.187  #737273  115 4  0.0014
 803   40.461  #727372  115 5  0.0068
 804   40.511  #727373  115 6  0.0012
 805   40.603  #737372  115 7  0.0023
 806   40.659  #737373  116 1  0.0014
 807   40.726  #737374  116 2  0.0016
 808   40.808  #747373  116 3  0.0020
 809   40.859  #747374  116 4  0.0012
 810   41.092  #737473  116 5  0.0057
 811   41.149  #737474  116 6  0.0014
 812   41.240  #747473  116 7  0.0022
 813   41.286  #747474  117 1  0.0011
 814   41.344  #747475  117 2  0.0014
 815   41.415  #757474  117 3  0.0017
 816   41.472  #757475  117 4  0.0014
 817   41.747  #747574  117 5  0.0066
 818   41.777  #747575  117 6  0.0007
 819   41.857  #757574  117 7  0.0019
 820   41.902  #757575  118 1  0.0011
 821   41.959  #757576  118 2  0.0014
 822   42.032  #767575  118 3  0.0017
 823   42.103  #767576  118 4  0.0017
 824   42.344  #757675  118 5  0.0057
 825   42.403  #757676  118 6  0.0014
 826   42.470  #767675  118 7  0.0016
 827   42.528  #767676  119 1  0.0014
 828   42.587  #767677  119 2  0.0014
 829   42.691  #777676  119 3  0.0024
 830   42.744  #777677  119 4  0.0012
 831   43.011  #767776  119 5  0.0062
 832   43.073  #767777  119 6  0.0014
 833   43.154  #777776  119 7  0.0019
 834   43.230  #777777  120 1  0.0018
 835   43.275  #777778  120 2  0.0010
 836   43.362  #787777  120 3  0.0020
 837   43.417  #787778  120 4  0.0013
 838   43.659  #777877  120 5  0.0056
 839   43.728  #777878  120 6  0.0016
 840   43.806  #787877  120 7  0.0018
 841   43.851  #787878  121 1  0.0010
 842   43.910  #787879  121 2  0.0013
 843   43.992  #797878  121 3  0.0019
 844   44.046  #797879  121 4  0.0012
 845   44.305  #787978  121 5  0.0059
 846   44.367  #787979  121 6  0.0014
 847   44.463  #797978  121 7  0.0022
 848   44.552  #797979  122 1  0.0020
 849   44.583  #79797a  122 2  0.0007
 850   44.695  #7a7979  122 3  0.0025
 851   44.750  #7a797a  122 4  0.0012
 852   45.025  #797a79  122 5  0.0061
 853   45.073  #797a7a  122 6  0.0011
 854   45.162  #7a7a79  122 7  0.0020
 855   45.233  #7a7a7a  123 1  0.0016
 856   45.283  #7a7a7b  123 2  0.0011
 857   45.393  #7b7a7a  123 3  0.0024
 858   45.444  #7b7a7b  123 4  0.0011
 859   45.723  #7a7b7a  123 5  0.0061
 860   45.758  #7a7b7b  123 6  0.0008
 861   45.861  #7b7b7a  123 7  0.0022
 862   45.909  #7b7b7b  124 1  0.0010
 863   45.972  #7b7b7c  124 2  0.0014
 864   46.059  #7c7b7b  124 3  0.0019
 865   46.141  #7c7b7c  124 4  0.0018
 866   46.389  #7b7c7b  124 5  0.0054
 867   46.410  #7b7c7c  124 6  0.0005
 868   46.509  #7c7c7b  124 7  0.0021
 869   46.565  #7c7c7c  125 1  0.0012
 870   46.621  #7c7c7d  125 2  0.0012
 871   46.680  #7d7c7c  125 3  0.0013
 872   46.756  #7d7c7d  125 4  0.0016
 873   46.994  #7c7d7c  125 5  0.0051
 874   47.059  #7c7d7d  125 6  0.0014
 875   47.130  #7d7d7c  125 7  0.0015
 876   47.195  #7d7d7d  126 1  0.0014
 877   47.237  #7d7d7e  126 2  0.0009
 878   47.333  #7e7d7d  126 3  0.0020
 879   47.400  #7e7d7e  126 4  0.0014
 880   47.646  #7d7e7d  126 5  0.0052
 881   47.705  #7d7e7e  126 6  0.0012
 882   47.777  #7e7e7d  126 7  0.0015
 883   47.834  #7e7e7e  127 1  0.0012
 884   47.901  #7e7e7f  127 2  0.0014
 885   48.005  #7f7e7e  127 3  0.0022
 886   48.052  #7f7e7f  127 4  0.0010
 887   48.321  #7e7f7e  127 5  0.0056
 888   48.386  #7e7f7f  127 6  0.0013
 889   48.503  #7f7f7e  127 7  0.0024
 890   48.541  #7f7f7f  128 1  0.0008
 891   48.624  #7f7f80  128 2  0.0017
 892   48.692  #807f7f  128 3  0.0014
 893   48.750  #807f80  128 4  0.0012
 894   49.013  #7f807f  128 5  0.0054
 895   49.048  #7f8080  128 6  0.0007
 896   49.146  #80807f  128 7  0.0020
 897   49.200  #808080  129 1  0.0011
 898   49.255  #808081  129 2  0.0011
 899   49.343  #818080  129 3  0.0018
 900   49.412  #818081  129 4  0.0014
 901   49.692  #808180  129 5  0.0057
 902   49.767  #808181  129 6  0.0015
 903   49.848  #818180  129 7  0.0016
 904   49.914  #818181  130 1  0.0013
 905   49.996  #818182  130 2  0.0016
 906   50.095  #828181  130 3  0.0020
 907   50.163  #828182  130 4  0.0014
 908   50.489  #818281  130 5  0.0065
 909   50.584  #818282  130 6  0.0019
 910   50.684  #828281  130 7  0.0020
 911   50.757  #828282  131 1  0.0014
 912   50.860  #828283  131 2  0.0020
 913   50.974  #838282  131 3  0.0022
 914   51.050  #838283  131 4  0.0015
 915   51.400  #828382  131 5  0.0068
 916   51.481  #828383  131 6  0.0016
 917   51.596  #838382  131 7  0.0022
 918   51.677  #838383  132 1  0.0016
 919   51.757  #838384  132 2  0.0015
 920   51.873  #848383  132 3  0.0022
 921   51.945  #848384  132 4  0.0014
 922   52.294  #838483  132 5  0.0067
 923   52.370  #838484  132 6  0.0015
 924   52.463  #848483  132 7  0.0018
 925   52.568  #848484  133 1  0.0020
 926   52.625  #848485  133 2  0.0011
 927   52.735  #858484  133 3  0.0021
 928   52.807  #858485  133 4  0.0014
 929   53.160  #848584  133 5  0.0067
 930   53.236  #848585  133 6  0.0014
 931   53.371  #858584  133 7  0.0025
 932   53.451  #858585  134 1  0.0015
 933   53.528  #858586  134 2  0.0014
 934   53.683  #868585  134 3  0.0029
 935   53.779  #868586  134 4  0.0018
 936   54.110  #858685  134 5  0.0061
 937   54.190  #858686  134 6  0.0015
 938   54.300  #868685  134 7  0.0020
 939   54.377  #868686  135 1  0.0014
 940   54.467  #868687  135 2  0.0017
 941   54.569  #878686  135 3  0.0019
 942   54.651  #878687  135 4  0.0015
 943   55.027  #868786  135 5  0.0069
 944   55.113  #868787  135 6  0.0016
 945   55.230  #878786  135 7  0.0021
 946   55.326  #878787  136 1  0.0017
 947   55.390  #878788  136 2  0.0012
 948   55.516  #888787  136 3  0.0023
 949   55.583  #888788  136 4  0.0012
 950   55.915  #878887  136 5  0.0060
 951   55.992  #878888  136 6  0.0014
 952   56.113  #888887  136 7  0.0022
 953   56.197  #888888  137 1  0.0015
 954   56.279  #888889  137 2  0.0015
 955   56.372  #898888  137 3  0.0017
 956   56.433  #898889  137 4  0.0011
 957   56.736  #888988  137 5  0.0054
 958   56.787  #888989  137 6  0.0009
 959   56.902  #898988  137 7  0.0020
 960   56.960  #898989  138 1  0.0010
 961   57.037  #89898a  138 2  0.0014
 962   57.140  #8a8989  138 3  0.0018
 963   57.220  #8a898a  138 4  0.0014
 964   57.581  #898a89  138 5  0.0063
 965   57.657  #898a8a  138 6  0.0013
 966   57.749  #8a8a89  138 7  0.0016
 967   57.818  #8a8a8a  139 1  0.0012
 968   57.910  #8a8a8b  139 2  0.0016
 969   58.038  #8b8a8a  139 3  0.0022
 970   58.122  #8b8a8b  139 4  0.0014
 971   58.484  #8a8b8a  139 5  0.0062
 972   58.571  #8a8b8b  139 6  0.0015
 973   58.696  #8b8b8a  139 7  0.0021
 974   58.772  #8b8b8b  140 1  0.0013
 975   58.881  #8b8b8c  140 2  0.0019
 976   58.985  #8c8b8b  140 3  0.0018
 977   59.072  #8c8b8c  140 4  0.0015
 978   59.391  #8b8c8b  140 5  0.0054
 979   59.490  #8b8c8c  140 6  0.0017
 980   59.607  #8c8c8b  140 7  0.0020
 981   59.691  #8c8c8c  141 1  0.0014
 982   59.761  #8c8c8d  141 2  0.0012
 983   59.878  #8d8c8c  141 3  0.0020
 984   59.948  #8d8c8d  141 4  0.0012
 985   60.294  #8c8d8c  141 5  0.0058
 986   60.391  #8c8d8d  141 6  0.0016
 987   60.490  #8d8d8c  141 7  0.0016
 988   60.573  #8d8d8d  142 1  0.0014
 989   60.639  #8d8d8e  142 2  0.0011
 990   60.750  #8e8d8d  142 3  0.0018
 991   60.844  #8e8d8e  142 4  0.0015
 992   61.183  #8d8e8d  142 5  0.0056
 993   61.256  #8d8e8e  142 6  0.0012
 994   61.385  #8e8e8d  142 7  0.0021
 995   61.464  #8e8e8e  143 1  0.0013
 996   61.551  #8e8e8f  143 2  0.0014
 997   61.672  #8f8e8e  143 3  0.0020
 998   61.753  #8f8e8f  143 4  0.0013
 999   62.142  #8e8f8e  143 5  0.0063
1000   62.232  #8e8f8f  143 6  0.0014
1001   62.376  #8f8f8e  143 7  0.0023
1002   62.478  #8f8f8f  144 1  0.0016
1003   62.582  #8f8f90  144 2  0.0017
1004   62.700  #908f8f  144 3  0.0019
1005   62.818  #908f90  144 4  0.0019
1006   63.184  #8f908f  144 5  0.0058
1007   63.262  #8f9090  144 6  0.0012
1008   63.373  #90908f  144 7  0.0018
1009   63.468  #909090  145 1  0.0015
1010   63.522  #909091  145 2  0.0009
1011   63.615  #919090  145 3  0.0015
1012   63.696  #919091  145 4  0.0013
1013   64.021  #909190  145 5  0.0051
1014   64.094  #909191  145 6  0.0011
1015   64.177  #919190  145 7  0.0013
1016   64.243  #919191  146 1  0.0010
1017   64.315  #919192  146 2  0.0011
1018   64.430  #929191  146 3  0.0018
1019   64.525  #929192  146 4  0.0015
1020   64.874  #919291  146 5  0.0054
1021   64.947  #919292  146 6  0.0011
1022   65.086  #929291  146 7  0.0021
1023   65.144  #929292  147 1  0.0009
1024   65.218  #929293  147 2  0.0011
1025   65.356  #939292  147 3  0.0021
1026   65.437  #939293  147 4  0.0012
1027   65.828  #929392  147 5  0.0060
1028   65.904  #929393  147 6  0.0012
1029   66.041  #939392  147 7  0.0021
1030   66.097  #939393  148 1  0.0008
1031   66.226  #939394  148 2  0.0019
1032   66.327  #949393  148 3  0.0015
1033   66.406  #949394  148 4  0.0012
1034   66.767  #939493  148 5  0.0054
1035   66.879  #939494  148 6  0.0017
1036   66.994  #949493  148 7  0.0017
1037   67.080  #949494  149 1  0.0013
1038   67.138  #949495  149 2  0.0009
1039   67.262  #959494  149 3  0.0018
1040   67.342  #959495  149 4  0.0012
1041   67.711  #949594  149 5  0.0055
1042   67.787  #949595  149 6  0.0011
1043   67.905  #959594  149 7  0.0017
1044   67.973  #959595  150 1  0.0010
1045   68.072  #959596  150 2  0.0015
1046   68.176  #969595  150 3  0.0015
1047   68.253  #969596  150 4  0.0011
1048   68.605  #959695  150 5  0.0051
1049   68.702  #959696  150 6  0.0014
1050   68.808  #969695  150 7  0.0015
1051   68.896  #969696  151 1  0.0013
1052   68.989  #969697  151 2  0.0013
1053   69.117  #979696  151 3  0.0019
1054   69.194  #979697  151 4  0.0011
1055   69.576  #969796  151 5  0.0055
1056   69.671  #969797  151 6  0.0014
1057   69.791  #979796  151 7  0.0017
1058   69.885  #979797  152 1  0.0013
1059   69.961  #979798  152 2  0.0011
1060   70.105  #989797  152 3  0.0021
1061   70.177  #989798  152 4  0.0010
1062   70.551  #979897  152 5  0.0053
1063   70.610  #979898  152 6  0.0008
1064   70.759  #989897  152 7  0.0021
1065   70.840  #989898  153 1  0.0011
1066   70.909  #989899  153 2  0.0010
1067   71.024  #999898  153 3  0.0016
1068   71.105  #999899  153 4  0.0011
1069   71.397  #989998  153 5  0.0041
1070   71.479  #989999  153 6  0.0011
1071   71.585  #999998  153 7  0.0015
1072   71.666  #999999  154 1  0.0011
1073   71.750  #99999a  154 2  0.0012
1074   71.869  #9a9999  154 3  0.0017
1075   71.959  #9a999a  154 4  0.0013
1076   72.330  #999a99  154 5  0.0051
1077   72.397  #999a9a  154 6  0.0009
1078   72.538  #9a9a99  154 7  0.0019
1079   72.588  #9a9a9a  155 1  0.0007
1080   72.688  #9a9a9b  155 2  0.0014
1081   72.827  #9b9a9a  155 3  0.0019
1082   72.905  #9b9a9b  155 4  0.0011
1083   73.292  #9a9b9a  155 5  0.0053
1084   73.403  #9a9b9b  155 6  0.0015
1085   73.508  #9b9b9a  155 7  0.0014
1086   73.602  #9b9b9b  156 1  0.0013
1087   73.688  #9b9b9c  156 2  0.0012
1088   73.825  #9c9b9b  156 3  0.0019
1089   73.899  #9c9b9c  156 4  0.0010
1090   74.299  #9b9c9b  156 5  0.0054
1091   74.367  #9b9c9c  156 6  0.0009
1092   74.519  #9c9c9b  156 7  0.0020
1093   74.614  #9c9c9c  157 1  0.0013
1094   74.682  #9c9c9d  157 2  0.0009
1095   74.790  #9d9c9c  157 3  0.0014
1096   74.866  #9d9c9d  157 4  0.0010
1097   75.232  #9c9d9c  157 5  0.0049
1098   75.321  #9c9d9d  157 6  0.0012
1099   75.457  #9d9d9c  157 7  0.0018
1100   75.550  #9d9d9d  158 1  0.0012
1101   75.626  #9d9d9e  158 2  0.0010
1102   75.728  #9e9d9d  158 3  0.0013
1103   75.816  #9e9d9e  158 4  0.0012
1104   76.187  #9d9e9d  158 5  0.0049
1105   76.288  #9d9e9e  158 6  0.0013
1106   76.403  #9e9e9d  158 7  0.0015
1107   76.482  #9e9e9e  159 1  0.0010
1108   76.573  #9e9e9f  159 2  0.0012
1109   76.718  #9f9e9e  159 3  0.0019
1110   76.807  #9f9e9f  159 4  0.0012
1111   77.190  #9e9f9e  159 5  0.0050
1112   77.264  #9e9f9f  159 6  0.0010
1113   77.410  #9f9f9e  159 7  0.0019
1114   77.489  #9f9f9f  160 1  0.0010
1115   77.592  #9f9fa0  160 2  0.0013
1116   77.712  #a09f9f  160 3  0.0015
1117   77.807  #a09fa0  160 4  0.0012
1118   78.182  #9fa09f  160 5  0.0048
1119   78.286  #9fa0a0  160 6  0.0013
1120   78.398  #a0a09f  160 7  0.0014
1121   78.485  #a0a0a0  161 1  0.0011
1122   78.564  #a0a0a1  161 2  0.0010
1123   78.684  #a1a0a0  161 3  0.0015
1124   78.774  #a1a0a1  161 4  0.0011
1125   79.107  #a0a1a0  161 5  0.0042
1126   79.148  #a0a1a1  161 6  0.0005
1127   79.258  #a1a1a0  161 7  0.0014
1128   79.341  #a1a1a1  162 1  0.0010
1129   79.421  #a1a1a2  162 2  0.0010
1130   79.563  #a2a1a1  162 3  0.0018
1131   79.643  #a2a1a2  162 4  0.0010
1132   80.029  #a1a2a1  162 5  0.0048
1133   80.110  #a1a2a2  162 6  0.0010
1134   80.274  #a2a2a1  162 7  0.0020
1135   80.333  #a2a2a2  163 1  0.0007
1136   80.444  #a2a2a3  163 2  0.0014
1137   80.604  #a3a2a2  163 3  0.0020
1138   80.699  #a3a2a3  163 4  0.0012
1139   81.145  #a2a3a2  163 5  0.0055
1140   81.235  #a2a3a3  163 6  0.0011
1141   81.385  #a3a3a2  163 7  0.0018
1142   81.475  #a3a3a3  164 1  0.0011
1143   81.552  #a3a3a4  164 2  0.0009
1144   81.703  #a4a3a3  164 3  0.0018
1145   81.763  #a4a3a4  164 4  0.0007
1146   82.185  #a3a4a3  164 5  0.0051
1147   82.280  #a3a4a4  164 6  0.0012
1148   82.408  #a4a4a3  164 7  0.0016
1149   82.512  #a4a4a4  165 1  0.0013
1150   82.595  #a4a4a5  165 2  0.0010
1151   82.708  #a5a4a4  165 3  0.0014
1152   82.794  #a5a4a5  165 4  0.0010
1153   83.184  #a4a5a4  165 5  0.0047
1154   83.243  #a4a5a5  165 6  0.0007
1155   83.406  #a5a5a4  165 7  0.0020
1156   83.469  #a5a5a5  166 1  0.0008
1157   83.566  #a5a5a6  166 2  0.0012
1158   83.707  #a6a5a5  166 3  0.0017
1159   83.795  #a6a5a6  166 4  0.0011
1160   84.177  #a5a6a5  166 5  0.0045
1161   84.257  #a5a6a6  166 6  0.0009
1162   84.388  #a6a6a5  166 7  0.0016
1163   84.479  #a6a6a6  167 1  0.0011
1164   84.572  #a6a6a7  167 2  0.0011
1165   84.725  #a7a6a6  167 3  0.0018
1166   84.804  #a7a6a7  167 4  0.0009
1167   85.223  #a6a7a6  167 5  0.0049
1168   85.300  #a6a7a7  167 6  0.0009
1169   85.428  #a7a7a6  167 7  0.0015
1170   85.524  #a7a7a7  168 1  0.0011
1171   85.613  #a7a7a8  168 2  0.0010
1172   85.749  #a8a7a7  168 3  0.0016
1173   85.840  #a8a7a8  168 4  0.0011
1174   86.265  #a7a8a7  168 5  0.0049
1175   86.351  #a7a8a8  168 6  0.0010
1176   86.514  #a8a8a7  168 7  0.0019
1177   86.606  #a8a8a8  169 1  0.0011
1178   86.648  #a8a8a9  169 2  0.0005
1179   86.783  #a9a8a8  169 3  0.0016
1180   86.872  #a9a8a9  169 4  0.0010
1181   87.217  #a8a9a8  169 5  0.0040
1182   87.277  #a8a9a9  169 6  0.0007
1183   87.392  #a9a9a8  169 7  0.0013
1184   87.470  #a9a9a9  170 1  0.0009
1185   87.565  #a9a9aa  170 2  0.0011
1186   87.715  #aaa9a9  170 3  0.0017
1187   87.789  #aaa9aa  170 4  0.0008
1188   88.168  #a9aaa9  170 5  0.0043
1189   88.285  #a9aaaa  170 6  0.0013
1190   88.410  #aaaaa9  170 7  0.0014
1191   88.506  #aaaaaa  171 1  0.0011
1192   88.596  #aaaaab  171 2  0.0010
1193   88.733  #abaaaa  171 3  0.0015
1194   88.823  #abaaab  171 4  0.0010
1195   89.339  #aaabaa  171 5  0.0058
1196   89.467  #aaabab  171 6  0.0014
1197   89.626  #ababaa  171 7  0.0018
1198   89.730  #ababab  172 1  0.0012
1199   89.832  #ababac  172 2  0.0011
1200   90.000  #acabab  172 3  0.0019
1201   90.116  #acabac  172 4  0.0013
1202   90.535  #abacab  172 5  0.0046
1203   90.634  #abacac  172 6  0.0011
1204   90.771  #acacab  172 7  0.0015
1205   90.861  #acacac  173 1  0.0010
1206   90.994  #acacad  173 2  0.0015
1207   91.112  #adacac  173 3  0.0013
1208   91.167  #adacad  173 4  0.0006
1209   91.592  #acadac  173 5  0.0047
1210   91.702  #acadad  173 6  0.0012
1211   91.806  #adadac  173 7  0.0011
1212   91.922  #adadad  174 1  0.0013
1213   92.023  #adadae  174 2  0.0011
1214   92.149  #aeadad  174 3  0.0014
1215   92.252  #aeadae  174 4  0.0011
1216   92.656  #adaead  174 5  0.0044
1217   92.777  #adaeae  174 6  0.0013
1218   92.878  #aeaead  174 7  0.0011
1219   92.974  #aeaeae  175 1  0.0010
1220   93.065  #aeaeaf  175 2  0.0010
1221   93.237  #afaeae  175 3  0.0018
1222   93.309  #afaeaf  175 4  0.0008
1223   93.753  #aeafae  175 5  0.0047
1224   93.858  #aeafaf  175 6  0.0011
1225   93.977  #afafae  175 7  0.0013
1226   94.085  #afafaf  176 1  0.0011
1227   94.186  #afafb0  176 2  0.0011
1228   94.367  #b0afaf  176 3  0.0019
1229   94.446  #b0afb0  176 4  0.0008
1230   94.888  #afb0af  176 5  0.0047
1231   94.992  #afb0b0  176 6  0.0011
1232   95.149  #b0b0af  176 7  0.0017
1233   95.244  #b0b0b0  177 1  0.0010
1234   95.315  #b0b0b1  177 2  0.0007
1235   95.458  #b1b0b0  177 3  0.0015
1236   95.521  #b1b0b1  177 4  0.0007
1237   95.909  #b0b1b0  177 5  0.0041
1238   95.984  #b0b1b1  177 6  0.0008
1239   96.099  #b1b1b0  177 7  0.0012
1240   96.184  #b1b1b1  178 1  0.0009
1241   96.287  #b1b1b2  178 2  0.0011
1242   96.427  #b2b1b1  178 3  0.0015
1243   96.532  #b2b1b2  178 4  0.0011
1244   96.957  #b1b2b1  178 5  0.0044
1245   97.014  #b1b2b2  178 6  0.0006
1246   97.187  #b2b2b1  178 7  0.0018
1247   97.281  #b2b2b2  179 1  0.0010
1248   97.368  #b2b2b3  179 2  0.0009
1249   97.514  #b3b2b2  179 3  0.0015
1250   97.624  #b3b2b3  179 4  0.0011
1251   98.072  #b2b3b2  179 5  0.0046
1252   98.207  #b2b3b3  179 6  0.0014
1253   98.334  #b3b3b2  179 7  0.0013
1254   98.453  #b3b3b3  180 1  0.0012
1255   98.582  #b3b3b4  180 2  0.0013
1256   98.746  #b4b3b3  180 3  0.0017
1257   98.875  #b4b3b4  180 4  0.0013
1258   99.358  #b3b4b3  180 5  0.0049
1259   99.469  #b3b4b4  180 6  0.0011
1260   99.617  #b4b4b3  180 7  0.0015
1261   99.720  #b4b4b4  181 1  0.0010
1262   99.830  #b4b4b5  181 2  0.0011
1263   99.976  #b5b4b4  181 3  0.0015
1264  100.090  #b5b4b5  181 4  0.0011
1265  100.490  #b4b5b4  181 5  0.0040
1266  100.580  #b4b5b5  181 6  0.0009
1267  100.760  #b5b5b4  181 7  0.0018
1268  100.830  #b5b5b5  182 1  0.0007
1269  100.940  #b5b5b6  182 2  0.0011
1270  101.080  #b6b5b5  182 3  0.0014
1271  101.190  #b6b5b6  182 4  0.0011
1272  101.610  #b5b6b5  182 5  0.0041
1273  101.750  #b5b6b6  182 6  0.0014
1274  101.890  #b6b6b5  182 7  0.0014
1275  101.990  #b6b6b6  183 1  0.0010
1276  102.080  #b6b6b7  183 2  0.0009
1277  102.250  #b7b6b6  183 3  0.0017
1278  102.350  #b7b6b7  183 4  0.0010
1279  102.790  #b6b7b6  183 5  0.0043
1280  102.920  #b6b7b7  183 6  0.0013
1281  103.060  #b7b7b6  183 7  0.0014
1282  103.170  #b7b7b7  184 1  0.0011
1283  103.280  #b7b7b8  184 2  0.0011
1284  103.460  #b8b7b7  184 3  0.0017
1285  103.570  #b8b7b8  184 4  0.0011
1286  104.040  #b7b8b7  184 5  0.0045
1287  104.150  #b7b8b8  184 6  0.0011
1288  104.310  #b8b8b7  184 7  0.0015
1289  104.430  #b8b8b8  185 1  0.0011
1290  104.500  #b8b8b9  185 2  0.0007
1291  104.630  #b9b8b8  185 3  0.0012
1292  104.720  #b9b8b9  185 4  0.0009
1293  105.140  #b8b9b8  185 5  0.0040
1294  105.210  #b8b9b9  185 6  0.0007
1295  105.350  #b9b9b8  185 7  0.0013
1296  105.420  #b9b9b9  186 1  0.0007
1297  105.510  #b9b9ba  186 2  0.0009
1298  105.680  #bab9b9  186 3  0.0016
1299  105.790  #bab9ba  186 4  0.0010
1300  106.260  #b9bab9  186 5  0.0044
1301  106.350  #b9baba  186 6  0.0008
1302  106.510  #babab9  186 7  0.0015
1303  106.620  #bababa  187 1  0.0010
1304  106.740  #bababb  187 2  0.0011
1305  106.900  #bbbaba  187 3  0.0015
1306  107.010  #bbbabb  187 4  0.0010
1307  107.560  #babbba  187 5  0.0051
1308  107.670  #babbbb  187 6  0.0010
1309  107.850  #bbbbba  187 7  0.0017
1310  107.970  #bbbbbb  188 1  0.0011
1311  108.090  #bbbbbc  188 2  0.0011
1312  108.260  #bcbbbb  188 3  0.0016
1313  108.370  #bcbbbc  188 4  0.0010
1314  108.910  #bbbcbb  188 5  0.0050
1315  109.030  #bbbcbc  188 6  0.0011
1316  109.190  #bcbcbb  188 7  0.0015
1317  109.290  #bcbcbc  189 1  0.0009
1318  109.410  #bcbcbd  189 2  0.0011
1319  109.570  #bdbcbc  189 3  0.0015
1320  109.660  #bdbcbd  189 4  0.0008
1321  110.160  #bcbdbc  189 5  0.0045
1322  110.240  #bcbdbd  189 6  0.0007
1323  110.420  #bdbdbc  189 7  0.0016
1324  110.510  #bdbdbd  190 1  0.0008
1325  110.620  #bdbdbe  190 2  0.0010
1326  110.770  #bebdbd  190 3  0.0014
1327  110.870  #bebdbe  190 4  0.0009
1328  111.390  #bdbebd  190 5  0.0047
1329  111.480  #bdbebe  190 6  0.0008
1330  111.660  #bebebd  190 7  0.0016
1331  111.760  #bebebe  191 1  0.0009
1332  111.870  #bebebf  191 2  0.0010
1333  112.040  #bfbebe  191 3  0.0015
1334  112.170  #bfbebf  191 4  0.0012
1335  112.650  #bebfbe  191 5  0.0043
1336  112.740  #bebfbf  191 6  0.0008
1337  112.920  #bfbfbe  191 7  0.0016
1338  113.040  #bfbfbf  192 1  0.0011
1339  113.160  #bfbfc0  192 2  0.0011
1340  113.350  #c0bfbf  192 3  0.0017
1341  113.440  #c0bfc0  192 4  0.0008
1342  114.010  #bfc0bf  192 5  0.0050
1343  114.120  #bfc0c0  192 6  0.0010
1344  114.310  #c0c0bf  192 7  0.0017
1345  114.420  #c0c0c0  193 1  0.0010
1346  114.530  #c0c0c1  193 2  0.0010
1347  114.700  #c1c0c0  193 3  0.0015
1348  114.800  #c1c0c1  193 4  0.0009
1349  115.320  #c0c1c0  193 5  0.0045
1350  115.420  #c0c1c1  193 6  0.0009
1351  115.570  #c1c1c0  193 7  0.0013
1352  115.680  #c1c1c1  194 1  0.0010
1353  115.820  #c1c1c2  194 2  0.0012
1354  115.990  #c2c1c1  194 3  0.0015
1355  116.090  #c2c1c2  194 4  0.0009
1356  116.680  #c1c2c1  194 5  0.0051
1357  116.800  #c1c2c2  194 6  0.0010
1358  116.980  #c2c2c1  194 7  0.0015
1359  117.100  #c2c2c2  195 1  0.0010
1360  117.210  #c2c2c3  195 2  0.0009
1361  117.400  #c3c2c2  195 3  0.0016
1362  117.480  #c3c2c3  195 4  0.0007
1363  118.030  #c2c3c2  195 5  0.0047
1364  118.150  #c2c3c3  195 6  0.0010
1365  118.320  #c3c3c2  195 7  0.0014
1366  118.420  #c3c3c3  196 1  0.0008
1367  118.570  #c3c3c4  196 2  0.0013
1368  118.740  #c4c3c3  196 3  0.0014
1369  118.880  #c4c3c4  196 4  0.0012
1370  119.450  #c3c4c3  196 5  0.0048
1371  119.600  #c3c4c4  196 6  0.0013
1372  119.750  #c4c4c3  196 7  0.0013
1373  119.900  #c4c4c4  197 1  0.0013
1374  120.010  #c4c4c5  197 2  0.0009
1375  120.170  #c5c4c4  197 3  0.0013
1376  120.250  #c5c4c5  197 4  0.0007
1377  120.800  #c4c5c4  197 5  0.0046
1378  120.910  #c4c5c5  197 6  0.0009
1379  121.070  #c5c5c4  197 7  0.0013
1380  121.200  #c5c5c5  198 1  0.0011
1381  121.330  #c5c5c6  198 2  0.0011
1382  121.500  #c6c5c5  198 3  0.0014
1383  121.620  #c6c5c6  198 4  0.0010
1384  122.170  #c5c6c5  198 5  0.0045
1385  122.290  #c5c6c6  198 6  0.0010
1386  122.460  #c6c6c5  198 7  0.0014
1387  122.570  #c6c6c6  199 1  0.0009
1388  122.700  #c6c6c7  199 2  0.0011
1389  122.870  #c7c6c6  199 3  0.0014
1390  122.990  #c7c6c7  199 4  0.0010
1391  123.560  #c6c7c6  199 5  0.0046
1392  123.690  #c6c7c7  199 6  0.0011
1393  123.860  #c7c7c6  199 7  0.0014
1394  124.000  #c7c7c7  200 1  0.0011
1395  124.130  #c7c7c8  200 2  0.0010
1396  124.340  #c8c7c7  200 3  0.0017
1397  124.450  #c8c7c8  200 4  0.0009
1398  125.070  #c7c8c7  200 5  0.0050
1399  125.230  #c7c8c8  200 6  0.0013
1400  125.460  #c8c8c7  200 7  0.0018
1401  125.610  #c8c8c8  201 1  0.0012
1402  125.730  #c8c8c9  201 2  0.0010
1403  125.940  #c9c8c8  201 3  0.0017
1404  126.070  #c9c8c9  201 4  0.0010
1405  126.610  #c8c9c8  201 5  0.0043
1406  126.730  #c8c9c9  201 6  0.0009
1407  126.920  #c9c9c8  201 7  0.0015
1408  127.020  #c9c9c9  202 1  0.0008
1409  127.180  #c9c9ca  202 2  0.0013
1410  127.350  #cac9c9  202 3  0.0013
1411  127.490  #cac9ca  202 4  0.0011
1412  128.050  #c9cac9  202 5  0.0044
1413  128.180  #c9caca  202 6  0.0010
1414  128.350  #cacac9  202 7  0.0013
1415  128.460  #cacaca  203 1  0.0009
1416  128.610  #cacacb  203 2  0.0012
1417  128.790  #cbcaca  203 3  0.0014
1418  128.930  #cbcacb  203 4  0.0011
1419  129.500  #cacbca  203 5  0.0044
1420  129.630  #cacbcb  203 6  0.0010
1421  129.830  #cbcbca  203 7  0.0015
1422  129.960  #cbcbcb  204 1  0.0010
1423  130.100  #cbcbcc  204 2  0.0011
1424  130.310  #cccbcb  204 3  0.0016
1425  130.480  #cccbcc  204 4  0.0013
1426  131.100  #cbcccb  204 5  0.0047
1427  131.240  #cbcccc  204 6  0.0011
1428  131.430  #cccccb  204 7  0.0014
1429  131.580  #cccccc  205 1  0.0011
1430  131.710  #cccccd  205 2  0.0010
1431  131.880  #cdcccc  205 3  0.0013
1432  132.010  #cdcccd  205 4  0.0010
1433  132.590  #cccdcc  205 5  0.0044
1434  132.700  #cccdcd  205 6  0.0008
1435  132.900  #cdcdcc  205 7  0.0015
1436  133.030  #cdcdcd  206 1  0.0010
1437  133.160  #cdcdce  206 2  0.0010
1438  133.330  #cecdcd  206 3  0.0013
1439  133.480  #cecdce  206 4  0.0011
1440  134.100  #cdcecd  206 5  0.0046
1441  134.260  #cdcece  206 6  0.0012
1442  134.470  #cececd  206 7  0.0016
1443  134.600  #cecece  207 1  0.0010
1444  134.740  #cececf  207 2  0.0010
1445  134.980  #cfcece  207 3  0.0018
1446  135.120  #cfcecf  207 4  0.0010
1447  135.720  #cecfce  207 5  0.0044
1448  135.870  #cecfcf  207 6  0.0011
1449  136.060  #cfcfce  207 7  0.0014
1450  136.200  #cfcfcf  208 1  0.0010
1451  136.360  #cfcfd0  208 2  0.0012
1452  136.550  #d0cfcf  208 3  0.0014
1453  136.710  #d0cfd0  208 4  0.0012
1454  137.370  #cfd0cf  208 5  0.0048
1455  137.530  #cfd0d0  208 6  0.0012
1456  137.740  #d0d0cf  208 7  0.0015
1457  137.900  #d0d0d0  209 1  0.0012
1458  138.020  #d0d0d1  209 2  0.0009
1459  138.210  #d1d0d0  209 3  0.0014
1460  138.360  #d1d0d1  209 4  0.0011
1461  138.950  #d0d1d0  209 5  0.0043
1462  139.060  #d0d1d1  209 6  0.0008
1463  139.260  #d1d1d0  209 7  0.0014
1464  139.380  #d1d1d1  210 1  0.0009
1465  139.540  #d1d1d2  210 2  0.0011
1466  139.730  #d2d1d1  210 3  0.0014
1467  139.880  #d2d1d2  210 4  0.0011
1468  140.510  #d1d2d1  210 5  0.0045
1469  140.650  #d1d2d2  210 6  0.0010
1470  140.850  #d2d2d1  210 7  0.0014
1471  140.990  #d2d2d2  211 1  0.0010
1472  141.130  #d2d2d3  211 2  0.0010
1473  141.330  #d3d2d2  211 3  0.0014
1474  141.470  #d3d2d3  211 4  0.0010
1475  142.000  #d2d3d2  211 5  0.0037
1476  142.140  #d2d3d3  211 6  0.0010
1477  142.330  #d3d3d2  211 7  0.0013
1478  142.450  #d3d3d3  212 1  0.0008
1479  142.620  #d3d3d4  212 2  0.0012
1480  142.840  #d4d3d3  212 3  0.0015
1481  143.010  #d4d3d4  212 4  0.0012
1482  143.720  #d3d4d3  212 5  0.0050
1483  143.870  #d3d4d4  212 6  0.0010
1484  144.100  #d4d4d3  212 7  0.0016
1485  144.250  #d4d4d4  213 1  0.0010
1486  144.380  #d4d4d5  213 2  0.0009
1487  144.620  #d5d4d4  213 3  0.0017
1488  144.740  #d5d4d5  213 4  0.0008
1489  145.320  #d4d5d4  213 5  0.0040
1490  145.450  #d4d5d5  213 6  0.0009
1491  145.670  #d5d5d4  213 7  0.0015
1492  145.810  #d5d5d5  214 1  0.0010
1493  145.950  #d5d5d6  214 2  0.0010
1494  146.150  #d6d5d5  214 3  0.0014
1495  146.290  #d6d5d6  214 4  0.0010
1496  146.980  #d5d6d5  214 5  0.0047
1497  147.140  #d5d6d6  214 6  0.0011
1498  147.320  #d6d6d5  214 7  0.0012
1499  147.450  #d6d6d6  215 1  0.0009
1500  147.600  #d6d6d7  215 2  0.0010
1501  147.810  #d7d6d6  215 3  0.0014
1502  147.970  #d7d6d7  215 4  0.0011
1503  148.690  #d6d7d6  215 5  0.0049
1504  148.820  #d6d7d7  215 6  0.0009
1505  149.040  #d7d7d6  215 7  0.0015
1506  149.200  #d7d7d7  216 1  0.0011
1507  149.370  #d7d7d8  216 2  0.0011
1508  149.590  #d8d7d7  216 3  0.0015
1509  149.750  #d8d7d8  216 4  0.0011
1510  150.440  #d7d8d7  216 5  0.0046
1511  150.600  #d7d8d8  216 6  0.0011
1512  150.820  #d8d8d7  216 7  0.0015
1513  151.020  #d8d8d8  217 1  0.0013
1514  151.150  #d8d8d9  217 2  0.0009
1515  151.340  #d9d8d8  217 3  0.0013
1516  151.490  #d9d8d9  217 4  0.0010
1517  152.190  #d8d9d8  217 5  0.0046
1518  152.310  #d8d9d9  217 6  0.0008
1519  152.510  #d9d9d8  217 7  0.0013
1520  152.650  #d9d9d9  218 1  0.0009
1521  152.810  #d9d9da  218 2  0.0010
1522  152.980  #dad9d9  218 3  0.0011
1523  153.130  #dad9da  218 4  0.0010
1524  153.870  #d9dad9  218 5  0.0048
1525  154.010  #d9dada  218 6  0.0009
1526  154.220  #dadad9  218 7  0.0014
1527  154.380  #dadada  219 1  0.0010
1528  154.540  #dadadb  219 2  0.0010
1529  154.760  #dbdada  219 3  0.0014
1530  154.900  #dbdadb  219 4  0.0009
1531  155.570  #dadbda  219 5  0.0043
1532  155.760  #dadbdb  219 6  0.0012
1533  155.980  #dbdbda  219 7  0.0014
1534  156.130  #dbdbdb  220 1  0.0010
1535  156.300  #dbdbdc  220 2  0.0011
1536  156.490  #dcdbdb  220 3  0.0012
1537  156.670  #dcdbdc  220 4  0.0011
1538  157.480  #dbdcdb  220 5  0.0052
1539  157.650  #dbdcdc  220 6  0.0011
1540  157.840  #dcdcdb  220 7  0.0012
1541  157.970  #dcdcdc  221 1  0.0008
1542  158.140  #dcdcdd  221 2  0.0011
1543  158.350  #dddcdc  221 3  0.0013
1544  158.540  #dddcdd  221 4  0.0012
1545  159.220  #dcdddc  221 5  0.0043
1546  159.360  #dcdddd  221 6  0.0009
1547  159.580  #dddddc  221 7  0.0014
1548  159.730  #dddddd  222 1  0.0009
1549  159.880  #ddddde  222 2  0.0009
1550  160.080  #dedddd  222 3  0.0013
1551  160.380  #deddde  222 4  0.0019
1552  161.050  #dddedd  222 5  0.0042
1553  161.200  #dddede  222 6  0.0009
1554  161.420  #dededd  222 7  0.0014
1555  161.560  #dedede  223 1  0.0009
1556  161.720  #dededf  223 2  0.0010
1557  161.880  #dfdede  223 3  0.0010
1558  162.060  #dfdedf  223 4  0.0011
1559  162.800  #dedfde  223 5  0.0046
1560  162.980  #dedfdf  223 6  0.0011
1561  163.160  #dfdfde  223 7  0.0011
1562  163.300  #dfdfdf  224 1  0.0009
1563  163.470  #dfdfe0  224 2  0.0010
1564  163.720  #e0dfdf  224 3  0.0015
1565  163.900  #e0dfe0  224 4  0.0011
1566  164.740  #dfe0df  224 5  0.0051
1567  165.000  #dfe0e0  224 6  0.0016
1568  165.350  #e0e0df  224 7  0.0021
1569  165.630  #e0e0e0  225 1  0.0017
1570  165.870  #e0e0e1  225 2  0.0014
1571  166.200  #e1e0e0  225 3  0.0020
1572  166.340  #e1e0e1  225 4  0.0008
1573  167.070  #e0e1e0  225 5  0.0044
1574  167.210  #e0e1e1  225 6  0.0008
1575  167.420  #e1e1e0  225 7  0.0013
1576  167.610  #e1e1e1  226 1  0.0011
1577  167.760  #e1e1e2  226 2  0.0009
1578  167.960  #e2e1e1  226 3  0.0012
1579  168.110  #e2e1e2  226 4  0.0009
1580  168.720  #e1e2e1  226 5  0.0036
1581  168.870  #e1e2e2  226 6  0.0009
1582  169.080  #e2e2e1  226 7  0.0012
1583  169.240  #e2e2e2  227 1  0.0009
1584  169.390  #e2e2e3  227 2  0.0009
1585  169.600  #e3e2e2  227 3  0.0012
1586  169.770  #e3e2e3  227 4  0.0010
1587  170.440  #e2e3e2  227 5  0.0039
1588  170.580  #e2e3e3  227 6  0.0008
1589  170.820  #e3e3e2  227 7  0.0014
1590  170.940  #e3e3e3  228 1  0.0007
1591  171.120  #e3e3e4  228 2  0.0011
1592  171.320  #e4e3e3  228 3  0.0012
1593  171.470  #e4e3e4  228 4  0.0009
1594  172.220  #e3e4e3  228 5  0.0044
1595  172.380  #e3e4e4  228 6  0.0009
1596  172.620  #e4e4e3  228 7  0.0014
1597  172.800  #e4e4e4  229 1  0.0010
1598  172.940  #e4e4e5  229 2  0.0008
1599  173.110  #e5e4e4  229 3  0.0010
1600  173.280  #e5e4e5  229 4  0.0010
1601  173.900  #e4e5e4  229 5  0.0036
1602  174.040  #e4e5e5  229 6  0.0008
1603  174.210  #e5e5e4  229 7  0.0010
1604  174.380  #e5e5e5  230 1  0.0010
1605  174.520  #e5e5e6  230 2  0.0008
1606  174.740  #e6e5e5  230 3  0.0013
1607  174.880  #e6e5e6  230 4  0.0008
1608  175.550  #e5e6e5  230 5  0.0038
1609  175.700  #e5e6e6  230 6  0.0009
1610  175.890  #e6e6e5  230 7  0.0011
1611  176.020  #e6e6e6  231 1  0.0007
1612  176.150  #e6e6e7  231 2  0.0007
1613  176.360  #e7e6e6  231 3  0.0012
1614  176.520  #e7e6e7  231 4  0.0009
1615  177.250  #e6e7e6  231 5  0.0041
1616  177.390  #e6e7e7  231 6  0.0008
1617  177.610  #e7e7e6  231 7  0.0012
1618  177.760  #e7e7e7  232 1  0.0008
1619  177.930  #e7e7e8  232 2  0.0010
1620  178.160  #e8e7e7  232 3  0.0013
1621  178.310  #e8e7e8  232 4  0.0008
1622  179.040  #e7e8e7  232 5  0.0041
1623  179.200  #e7e8e8  232 6  0.0009
1624  179.420  #e8e8e7  232 7  0.0012
1625  179.590  #e8e8e8  233 1  0.0009
1626  179.720  #e8e8e9  233 2  0.0007
1627  179.940  #e9e8e8  233 3  0.0012
1628  180.070  #e9e8e9  233 4  0.0007
1629  180.720  #e8e9e8  233 5  0.0036
1630  180.880  #e8e9e9  233 6  0.0009
1631  181.070  #e9e9e8  233 7  0.0010
1632  181.210  #e9e9e9  234 1  0.0008
1633  181.360  #e9e9ea  234 2  0.0008
1634  181.540  #eae9e9  234 3  0.0010
1635  181.670  #eae9ea  234 4  0.0007
1636  182.340  #e9eae9  234 5  0.0037
1637  182.470  #e9eaea  234 6  0.0007
1638  182.680  #eaeae9  234 7  0.0012
1639  182.820  #eaeaea  235 1  0.0008
1640  182.960  #eaeaeb  235 2  0.0008
1641  183.200  #ebeaea  235 3  0.0013
1642  183.390  #ebeaeb  235 4  0.0010
1643  184.050  #eaebea  235 5  0.0036
1644  184.180  #eaebeb  235 6  0.0007
1645  184.400  #ebebea  235 7  0.0012
1646  184.540  #ebebeb  236 1  0.0008
1647  184.720  #ebebec  236 2  0.0010
1648  184.950  #ecebeb  236 3  0.0012
1649  185.100  #ecebec  236 4  0.0008
1650  185.860  #ebeceb  236 5  0.0041
1651  186.030  #ebecec  236 6  0.0009
1652  186.240  #ececeb  236 7  0.0011
1653  186.410  #ececec  237 1  0.0009
1654  186.510  #ececed  237 2  0.0005
1655  186.710  #edecec  237 3  0.0011
1656  186.810  #edeced  237 4  0.0005
1657  187.470  #ecedec  237 5  0.0035
1658  187.600  #eceded  237 6  0.0007
1659  187.830  #ededec  237 7  0.0012
1660  187.930  #ededed  238 1  0.0005
1661  188.070  #ededee  238 2  0.0007
1662  188.280  #eeeded  238 3  0.0011
1663  188.430  #eeedee  238 4  0.0008
1664  189.080  #edeeed  238 5  0.0034
1665  189.210  #edeeee  238 6  0.0007
1666  189.410  #eeeeed  238 7  0.0011
1667  189.500  #eeeeee  239 1  0.0005
1668  189.690  #eeeeef  239 2  0.0010
1669  189.880  #efeeee  239 3  0.0010
1670  190.060  #efeeef  239 4  0.0009
1671  190.760  #eeefee  239 5  0.0037
1672  190.900  #eeefef  239 6  0.0007
1673  191.130  #efefee  239 7  0.0012
1674  191.270  #efefef  240 1  0.0007
1675  191.400  #efeff0  240 2  0.0007
1676  191.630  #f0efef  240 3  0.0012
1677  191.770  #f0eff0  240 4  0.0007
1678  192.500  #eff0ef  240 5  0.0038
1679  192.650  #eff0f0  240 6  0.0008
1680  192.860  #f0f0ef  240 7  0.0011
1681  192.990  #f0f0f0  241 1  0.0007
1682  193.130  #f0f0f1  241 2  0.0007
1683  193.330  #f1f0f0  241 3  0.0010
1684  193.470  #f1f0f1  241 4  0.0007
1685  194.100  #f0f1f0  241 5  0.0033
1686  194.230  #f0f1f1  241 6  0.0007
1687  194.390  #f1f1f0  241 7  0.0008
1688  194.510  #f1f1f1  242 1  0.0006
1689  194.650  #f1f1f2  242 2  0.0007
1690  194.820  #f2f1f1  242 3  0.0009
1691  194.940  #f2f1f2  242 4  0.0006
1692  195.640  #f1f2f1  242 5  0.0036
1693  195.730  #f1f2f2  242 6  0.0005
1694  195.910  #f2f2f1  242 7  0.0009
1695  196.040  #f2f2f2  243 1  0.0007
1696  196.190  #f2f2f3  243 2  0.0008
1697  196.420  #f3f2f2  243 3  0.0012
1698  196.570  #f3f2f3  243 4  0.0008
1699  197.210  #f2f3f2  243 5  0.0033
1700  197.340  #f2f3f3  243 6  0.0007
1701  197.540  #f3f3f2  243 7  0.0010
1702  197.670  #f3f3f3  244 1  0.0007
1703  197.850  #f3f3f4  244 2  0.0009
1704  198.040  #f4f3f3  244 3  0.0010
1705  198.180  #f4f3f4  244 4  0.0007
1706  198.910  #f3f4f3  244 5  0.0037
1707  199.040  #f3f4f4  244 6  0.0007
1708  199.280  #f4f4f3  244 7  0.0012
1709  199.430  #f4f4f4  245 1  0.0008
1710  199.510  #f4f4f5  245 2  0.0004
1711  199.690  #f5f4f4  245 3  0.0009
1712  199.790  #f5f4f5  245 4  0.0005
1713  200.400  #f4f5f4  245 5  0.0030
1714  200.550  #f4f5f5  245 6  0.0007
1715  200.730  #f5f5f4  245 7  0.0009
1716  200.820  #f5f5f5  246 1  0.0004
1717  200.990  #f5f5f6  246 2  0.0008
1718  201.170  #f6f5f5  246 3  0.0009
1719  201.300  #f6f5f6  246 4  0.0006
1720  202.000  #f5f6f5  246 5  0.0035
1721  202.140  #f5f6f6  246 6  0.0007
1722  202.320  #f6f6f5  246 7  0.0009
1723  202.450  #f6f6f6  247 1  0.0006
1724  202.590  #f6f6f7  247 2  0.0007
1725  202.790  #f7f6f6  247 3  0.0010
1726  202.960  #f7f6f7  247 4  0.0008
1727  203.650  #f6f7f6  247 5  0.0034
1728  203.830  #f6f7f7  247 6  0.0009
1729  204.070  #f7f7f6  247 7  0.0012
1730  204.210  #f7f7f7  248 1  0.0007
1731  204.400  #f7f7f8  248 2  0.0009
1732  204.600  #f8f7f7  248 3  0.0010
1733  204.750  #f8f7f8  248 4  0.0007
1734  205.480  #f7f8f7  248 5  0.0036
1735  205.660  #f7f8f8  248 6  0.0009
1736  205.890  #f8f8f7  248 7  0.0011
1737  206.020  #f8f8f8  249 1  0.0006
1738  206.140  #f8f8f9  249 2  0.0006
1739  206.330  #f9f8f8  249 3  0.0009
1740  206.430  #f9f8f9  249 4  0.0005
1741  207.120  #f8f9f8  249 5  0.0033
1742  207.290  #f8f9f9  249 6  0.0008
1743  207.570  #f9f9f8  249 7  0.0013
1744  207.760  #f9f9f9  250 1  0.0009
1745  207.970  #f9f9fa  250 2  0.0010
1746  208.240  #faf9f9  250 3  0.0013
1747  208.440  #faf9fa  250 4  0.0010
1748  209.200  #f9faf9  250 5  0.0036
1749  209.380  #f9fafa  250 6  0.0009
1750  209.610  #fafaf9  250 7  0.0011
1751  209.750  #fafafa  251 1  0.0007
1752  209.910  #fafafb  251 2  0.0008
1753  210.140  #fbfafa  251 3  0.0011
1754  210.280  #fbfafb  251 4  0.0007
1755  211.140  #fafbfa  251 5  0.0041
1756  211.300  #fafbfb  251 6  0.0008
1757  211.530  #fbfbfa  251 7  0.0011
1758  211.680  #fbfbfb  252 1  0.0007
1759  211.830  #fbfbfc  252 2  0.0007
1760  212.080  #fcfbfb  252 3  0.0012
1761  212.250  #fcfbfc  252 4  0.0008
1762  213.050  #fbfcfb  252 5  0.0038
1763  213.180  #fbfcfc  252 6  0.0006
1764  213.470  #fcfcfb  252 7  0.0014
1765  213.620  #fcfcfc  253 1  0.0007
1766  213.790  #fcfcfd  253 2  0.0008
1767  214.050  #fdfcfc  253 3  0.0012
1768  214.190  #fdfcfd  253 4  0.0007
1769  215.150  #fcfdfc  253 5  0.0045
1770  215.290  #fcfdfd  253 6  0.0007
1771  215.550  #fdfdfc  253 7  0.0012
1772  215.660  #fdfdfd  254 1  0.0005
1773  215.850  #fdfdfe  254 2  0.0009
1774  216.120  #fefdfd  254 3  0.0013
1775  216.350  #fefdfe  254 4  0.0011
1776  217.270  #fdfefd  254 5  0.0042
1777  217.460  #fdfefe  254 6  0.0009
1778  217.730  #fefefd  254 7  0.0012
1779  217.860  #fefefe  255 1  0.0006
1780  218.040  #fefeff  255 2  0.0008
1781  218.340  #fffefe  255 3  0.0014
1782  218.490  #fffeff  255 4  0.0007
1783  219.530  #fefffe  255 5  0.0047
1784  219.740  #feffff  255 6  0.0010
1785  220.070  #fffffe  255 7  0.0015
1786  220.250  #ffffff  256 1  0.0008
