#  lumResponse - average luminance response
#  Display ID: GENERIC
#  2 files
#    63.7500 #ff0000
#   146.7000 #00ff00
#    20.1500 #0000ff
   1      0.2440  #000000    1   1 
   2      0.2440  #000001    1   2    0.00000
   3      0.2440  #010000    1   3    0.00000
   4      0.2440  #010001    1   4    0.00000
   5      0.2440  #000100    1   5    0.00000
   6      0.2440  #000101    1   6    0.00000
   7      0.2440  #010100    1   7    0.00000
   8      0.2440  #010101    2   1    0.00000
   9      0.2455  #010102    2   2    0.00613
  10      0.2470  #020101    2   3    0.00609
  11      0.2485  #020102    2   4    0.00605
  12      0.2510  #010201    2   5    0.01001
  13      0.2525  #010202    2   6    0.00596
  14      0.2540  #020201    2   7    0.00592
  15      0.2550  #020202    3   1    0.00393
  16      0.2560  #020203    3   2    0.00391
  17      0.2565  #030202    3   3    0.00195
  18      0.2570  #030203    3   4    0.00195
  19      0.2580  #020302    3   5    0.00388
  20      0.2590  #020303    3   6    0.00387
  21      0.2600  #030302    3   7    0.00385
  22      0.2600  #030303    4   1    0.00000
  23      0.2610  #030304    4   2    0.00384
  24      0.2620  #040303    4   3    0.00382
  25      0.2620  #040304    4   4    0.00000
  26      0.2640  #030403    4   5    0.00760
  27      0.2645  #030404    4   6    0.00189
  28      0.2655  #040403    4   7    0.00377
  29      0.2660  #040404    5   1    0.00188
  30      0.2665  #040405    5   2    0.00188
  31      0.2685  #050404    5   3    0.00748
  32      0.2685  #050405    5   4    0.00000
  33      0.2705  #040504    5   5    0.00742
  34      0.2710  #040505    5   6    0.00185
  35      0.2730  #050504    5   7    0.00735
  36      0.2735  #050505    6   1    0.00183
  37      0.2745  #050506    6   2    0.00365
  38      0.2755  #060505    6   3    0.00364
  39      0.2765  #060506    6   4    0.00362
  40      0.2785  #050605    6   5    0.00721
  41      0.2795  #050606    6   6    0.00358
  42      0.2810  #060605    6   7    0.00535
  43      0.2815  #060606    7   1    0.00178
  44      0.2825  #060607    7   2    0.00355
  45      0.2845  #070606    7   3    0.00705
  46      0.2855  #070607    7   4    0.00351
  47      0.2875  #060706    7   5    0.00698
  48      0.2885  #060707    7   6    0.00347
  49      0.2905  #070706    7   7    0.00691
  50      0.2915  #070707    8   1    0.00344
  51      0.2915  #070708    8   2    0.00000
  52      0.2945  #080707    8   3    0.01024
  53      0.2945  #080708    8   4    0.00000
  54      0.2990  #070807    8   5    0.01516
  55      0.2985  #070808    8   6   -0.00167
  56      0.3020  #080807    8   7    0.01166
  57      0.3020  #080808    9   1    0.00000
  58      0.3030  #080809    9   2    0.00331
  59      0.3055  #090808    9   3    0.00822
  60      0.3065  #090809    9   4    0.00327
  61      0.3105  #080908    9   5    0.01297
  62      0.3120  #080909    9   6    0.00482
  63      0.3145  #090908    9   7    0.00798
  64      0.3155  #090909   10   1    0.00317
  65      0.3170  #09090a   10   2    0.00474
  66      0.3200  #0a0909   10   3    0.00942
  67      0.3220  #0a090a   10   4    0.00623
  68      0.3265  #090a09   10   5    0.01388
  69      0.3280  #090a0a   10   6    0.00458
  70      0.3310  #0a0a09   10   7    0.00910
  71      0.3325  #0a0a0a   11   1    0.00452
  72      0.3325  #0a0a0b   11   2    0.00000
  73      0.3390  #0b0a0a   11   3    0.01936
  74      0.3390  #0b0a0b   11   4    0.00000
  75      0.3450  #0a0b0a   11   5    0.01754
  76      0.3450  #0a0b0b   11   6    0.00000
  77      0.3515  #0b0b0a   11   7    0.01866
  78      0.3520  #0b0b0b   12   1    0.00142
  79      0.3535  #0b0b0c   12   2    0.00425
  80      0.3580  #0c0b0b   12   3    0.01265
  81      0.3600  #0c0b0c   12   4    0.00557
  82      0.3665  #0b0c0b   12   5    0.01789
  83      0.3685  #0b0c0c   12   6    0.00544
  84      0.3730  #0c0c0b   12   7    0.01214
  85      0.3745  #0c0c0c   13   1    0.00401
  86      0.3765  #0c0c0d   13   2    0.00533
  87      0.3820  #0d0c0c   13   3    0.01450
  88      0.3840  #0d0c0d   13   4    0.00522
  89      0.3915  #0c0d0c   13   5    0.01934
  90      0.3940  #0c0d0d   13   6    0.00637
  91      0.3990  #0d0d0c   13   7    0.01261
  92      0.4010  #0d0d0d   14   1    0.00500
  93      0.4010  #0d0d0e   14   2    0.00000
  94      0.4095  #0e0d0d   14   3    0.02097
  95      0.4095  #0e0d0e   14   4    0.00000
  96      0.4210  #0d0e0d   14   5    0.02769
  97      0.4210  #0d0e0e   14   6    0.00000
  98      0.4290  #0e0e0d   14   7    0.01882
  99      0.4290  #0e0e0e   15   1    0.00000
 100      0.4305  #0e0e0f   15   2    0.00349
 101      0.4385  #0f0e0e   15   3    0.01841
 102      0.4405  #0f0e0f   15   4    0.00455
 103      0.4515  #0e0f0e   15   5    0.02466
 104      0.4535  #0e0f0f   15   6    0.00442
 105      0.4615  #0f0f0e   15   7    0.01749
 106      0.4630  #0f0f0f   16   1    0.00324
 107      0.4660  #0f0f10   16   2    0.00646
 108      0.4740  #100f0f   16   3    0.01702
 109      0.4770  #100f10   16   4    0.00631
 110      0.4890  #0f100f   16   5    0.02484
 111      0.4915  #0f1010   16   6    0.00510
 112      0.4995  #10100f   16   7    0.01615
 113      0.5025  #101010   17   1    0.00599
 114      0.5055  #101011   17   2    0.00595
 115      0.5150  #111010   17   3    0.01862
 116      0.5180  #111011   17   4    0.00581
 117      0.5320  #101110   17   5    0.02667
 118      0.5350  #101111   17   6    0.00562
 119      0.5445  #111110   17   7    0.01760
 120      0.5475  #111111   18   1    0.00549
 121      0.5510  #111112   18   2    0.00637
 122      0.5660  #121111   18   3    0.02686
 123      0.5705  #121112   18   4    0.00792
 124      0.5815  #111211   18   5    0.01910
 125      0.5855  #111212   18   6    0.00686
 126      0.6010  #121211   18   7    0.02613
 127      0.6045  #121212   19   1    0.00581
 128      0.6085  #121213   19   2    0.00660
 129      0.6215  #131212   19   3    0.02114
 130      0.6260  #131213   19   4    0.00721
 131      0.6445  #121312   19   5    0.02912
 132      0.6485  #121313   19   6    0.00619
 133      0.6620  #131312   19   7    0.02060
 134      0.6660  #131313   20   1    0.00602
 135      0.6705  #131314   20   2    0.00673
 136      0.6860  #141313   20   3    0.02285
 137      0.6910  #141314   20   4    0.00726
 138      0.7105  #131413   20   5    0.02783
 139      0.7155  #131414   20   6    0.00701
 140      0.7310  #141413   20   7    0.02143
 141      0.7360  #141414   21   1    0.00682
 142      0.7405  #141415   21   2    0.00610
 143      0.7595  #151414   21   3    0.02533
 144      0.7640  #151415   21   4    0.00591
 145      0.7895  #141514   21   5    0.03283
 146      0.7935  #141515   21   6    0.00505
 147      0.8135  #151514   21   7    0.02489
 148      0.8175  #151515   22   1    0.00490
 149      0.8230  #151516   22   2    0.00671
 150      0.8440  #161515   22   3    0.02519
 151      0.8500  #161516   22   4    0.00708
 152      0.8780  #151615   22   5    0.03241
 153      0.8840  #151616   22   6    0.00681
 154      0.9050  #161615   22   7    0.02348
 155      0.9105  #161616   23   1    0.00606
 156      0.9185  #161617   23   2    0.00875
 157      0.9425  #171616   23   3    0.02579
 158      0.9495  #171617   23   4    0.00740
 159      0.9805  #161716   23   5    0.03212
 160      0.9880  #161717   23   6    0.00762
 161      1.0120  #171716   23   7    0.02400
 162      1.0195  #171717   24   1    0.00738
 163      1.0275  #171718   24   2    0.00782
 164      1.0555  #181717   24   3    0.02688
 165      1.0640  #181718   24   4    0.00802
 166      1.1010  #171817   24   5    0.03418
 167      1.1095  #171818   24   6    0.00769
 168      1.1370  #181817   24   7    0.02448
 169      1.1455  #181818   25   1    0.00745
 170      1.1545  #181819   25   2    0.00783
 171      1.1955  #191818   25   3    0.03489
 172      1.2060  #191819   25   4    0.00874
 173      1.2385  #181918   25   5    0.02659
 174      1.2485  #181919   25   6    0.00804
 175      1.2895  #191918   25   7    0.03231
 176      1.2995  #191919   26   1    0.00772
 177      1.3100  #19191a   26   2    0.00805
 178      1.3460  #1a1919   26   3    0.02711
 179      1.3565  #1a191a   26   4    0.00777
 180      1.4020  #191a19   26   5    0.03299
 181      1.4135  #191a1a   26   6    0.00817
 182      1.4490  #1a1a19   26   7    0.02480
 183      1.4605  #1a1a1a   27   1    0.00791
 184      1.4730  #1a1a1b   27   2    0.00852
 185      1.5130  #1b1a1a   27   3    0.02679
 186      1.5255  #1b1a1b   27   4    0.00823
 187      1.5770  #1a1b1a   27   5    0.03320
 188      1.5880  #1a1b1b   27   6    0.00695
 189      1.6250  #1b1b1a   27   7    0.02303
 190      1.6350  #1b1b1b   28   1    0.00613
 191      1.6500  #1b1b1c   28   2    0.00913
 192      1.6950  #1c1b1b   28   3    0.02691
 193      1.7050  #1c1b1c   28   4    0.00588
 194      1.7700  #1b1c1b   28   5    0.03741
 195      1.7800  #1b1c1c   28   6    0.00563
 196      1.8250  #1c1c1b   28   7    0.02497
 197      1.8400  #1c1c1c   29   1    0.00819
 198      1.8500  #1c1c1d   29   2    0.00542
 199      1.9000  #1d1c1c   29   3    0.02667
 200      1.9100  #1d1c1d   29   4    0.00525
 201      1.9750  #1c1d1c   29   5    0.03346
 202      1.9950  #1c1d1d   29   6    0.01008
 203      2.0350  #1d1d1c   29   7    0.01985
 204      2.0550  #1d1d1d   30   1    0.00978
 205      2.0650  #1d1d1e   30   2    0.00485
 206      2.1150  #1e1d1d   30   3    0.02392
 207      2.1350  #1e1d1e   30   4    0.00941
 208      2.2000  #1d1e1d   30   5    0.02999
 209      2.2200  #1d1e1e   30   6    0.00905
 210      2.2600  #1e1e1d   30   7    0.01786
 211      2.2800  #1e1e1e   31   1    0.00881
 212      2.3000  #1e1e1f   31   2    0.00873
 213      2.3600  #1f1e1e   31   3    0.02575
 214      2.3800  #1f1e1f   31   4    0.00844
 215      2.4450  #1e1f1e   31   5    0.02694
 216      2.4650  #1e1f1f   31   6    0.00815
 217      2.5250  #1f1f1e   31   7    0.02405
 218      2.5450  #1f1f1f   32   1    0.00789
 219      2.5650  #1f1f20   32   2    0.00783
 220      2.6050  #201f1f   32   3    0.01547
 221      2.6250  #201f20   32   4    0.00765
 222      2.7100  #1f201f   32   5    0.03187
 223      2.7350  #1f2020   32   6    0.00918
 224      2.7750  #20201f   32   7    0.01452
 225      2.7950  #202020   33   1    0.00718
 226      2.7950  #202021   33   2    0.00000
 227      2.8550  #212020   33   3    0.02124
 228      2.8550  #212021   33   4    0.00000
 229      2.9450  #202120   33   5    0.03103
 230      2.9450  #202121   33   6    0.00000
 231      3.0050  #212120   33   7    0.02017
 232      3.0100  #212121   34   1    0.00166
 233      3.0300  #212122   34   2    0.00662
 234      3.0700  #222121   34   3    0.01311
 235      3.0900  #222122   34   4    0.00649
 236      3.1700  #212221   34   5    0.02556
 237      3.1950  #212222   34   6    0.00786
 238      3.2350  #222221   34   7    0.01244
 239      3.2550  #222222   35   1    0.00616
 240      3.2800  #222223   35   2    0.00765
 241      3.3250  #232222   35   3    0.01363
 242      3.3450  #232223   35   4    0.00600
 243      3.4150  #222322   35   5    0.02071
 244      3.4400  #222323   35   6    0.00729
 245      3.4800  #232322   35   7    0.01156
 246      3.5050  #232323   36   1    0.00716
 247      3.5250  #232324   36   2    0.00569
 248      3.5750  #242323   36   3    0.01408
 249      3.5950  #242324   36   4    0.00558
 250      3.6700  #232423   36   5    0.02065
 251      3.6900  #232424   36   6    0.00543
 252      3.7400  #242423   36   7    0.01346
 253      3.7600  #242424   37   1    0.00533
 254      3.7900  #242425   37   2    0.00795
 255      3.8300  #252424   37   3    0.01050
 256      3.8550  #252425   37   4    0.00651
 257      3.9250  #242524   37   5    0.01799
 258      3.9550  #242525   37   6    0.00761
 259      3.9950  #252524   37   7    0.01006
 260      4.0250  #252525   38   1    0.00748
 261      4.0500  #252526   38   2    0.00619
 262      4.1100  #262525   38   3    0.01471
 263      4.1400  #262526   38   4    0.00727
 264      4.1950  #252625   38   5    0.01320
 265      4.2250  #252626   38   6    0.00713
 266      4.2850  #262625   38   7    0.01410
 267      4.3150  #262626   39   1    0.00698
 268      4.3350  #262627   39   2    0.00462
 269      4.3850  #272626   39   3    0.01147
 270      4.4100  #272627   39   4    0.00569
 271      4.4900  #262726   39   5    0.01798
 272      4.5200  #262727   39   6    0.00666
 273      4.5600  #272726   39   7    0.00881
 274      4.5900  #272727   40   1    0.00656
 275      4.5900  #272728   40   2    0.00000
 276      4.6650  #282727   40   3    0.01621
 277      4.6650  #282728   40   4    0.00000
 278      4.7800  #272827   40   5    0.02435
 279      4.7800  #272828   40   6    0.00000
 280      4.8500  #282827   40   7    0.01454
 281      4.8500  #282828   41   1    0.00000
 282      4.8800  #282829   41   2    0.00617
 283      4.9300  #292828   41   3    0.01019
 284      4.9550  #292829   41   4    0.00506
 285      5.0350  #282928   41   5    0.01602
 286      5.0650  #282929   41   6    0.00594
 287      5.1150  #292928   41   7    0.00982
 288      5.1400  #292929   42   1    0.00488
 289      5.1700  #29292a   42   2    0.00582
 290      5.2300  #2a2929   42   3    0.01154
 291      5.2500  #2a292a   42   4    0.00382
 292      5.3350  #292a29   42   5    0.01606
 293      5.3650  #292a2a   42   6    0.00561
 294      5.4150  #2a2a29   42   7    0.00928
 295      5.4450  #2a2a2a   43   1    0.00552
 296      5.4650  #2a2a2b   43   2    0.00367
 297      5.5300  #2b2a2a   43   3    0.01182
 298      5.5500  #2b2a2b   43   4    0.00361
 299      5.6500  #2a2b2a   43   5    0.01786
 300      5.6650  #2a2b2b   43   6    0.00265
 301      5.7350  #2b2b2a   43   7    0.01228
 302      5.7550  #2b2b2b   44   1    0.00348
 303      5.7850  #2b2b2c   44   2    0.00520
 304      5.8450  #2c2b2b   44   3    0.01032
 305      5.8700  #2c2b2c   44   4    0.00427
 306      5.9700  #2b2c2b   44   5    0.01689
 307      5.9950  #2b2c2c   44   6    0.00418
 308      6.0550  #2c2c2b   44   7    0.00996
 309      6.0850  #2c2c2c   45   1    0.00494
 310      6.1150  #2c2c2d   45   2    0.00492
 311      6.1950  #2d2c2c   45   3    0.01300
 312      6.2250  #2d2c2d   45   4    0.00483
 313      6.3000  #2c2d2c   45   5    0.01198
 314      6.3300  #2c2d2d   45   6    0.00475
 315      6.4150  #2d2d2c   45   7    0.01334
 316      6.4450  #2d2d2d   46   1    0.00467
 317      6.4750  #2d2d2e   46   2    0.00464
 318      6.5350  #2e2d2d   46   3    0.00922
 319      6.5600  #2e2d2e   46   4    0.00382
 320      6.6700  #2d2e2d   46   5    0.01663
 321      6.6950  #2d2e2e   46   6    0.00374
 322      6.7650  #2e2e2d   46   7    0.01040
 323      6.7900  #2e2e2e   47   1    0.00369
 324      6.8200  #2e2e2f   47   2    0.00441
 325      6.8800  #2f2e2e   47   3    0.00876
 326      6.9150  #2f2e2f   47   4    0.00507
 327      7.0100  #2e2f2e   47   5    0.01364
 328      7.0400  #2e2f2f   47   6    0.00427
 329      7.1100  #2f2f2e   47   7    0.00989
 330      7.1350  #2f2f2f   48   1    0.00351
 331      7.1700  #2f2f30   48   2    0.00489
 332      7.2300  #302f2f   48   3    0.00833
 333      7.2600  #302f30   48   4    0.00414
 334      7.3700  #2f302f   48   5    0.01504
 335      7.4000  #2f3030   48   6    0.00406
 336      7.4700  #30302f   48   7    0.00941
 337      7.5000  #303030   49   1    0.00401
 338      7.5300  #303031   49   2    0.00399
 339      7.5950  #313030   49   3    0.00860
 340      7.6250  #313031   49   4    0.00394
 341      7.7400  #303130   49   5    0.01497
 342      7.7700  #303131   49   6    0.00387
 343      7.8300  #313130   49   7    0.00769
 344      7.8650  #313131   50   1    0.00446
 345      7.8900  #313132   50   2    0.00317
 346      7.9650  #323131   50   3    0.00946
 347      7.9950  #323132   50   4    0.00376
 348      8.1100  #313231   50   5    0.01428
 349      8.1300  #313232   50   6    0.00246
 350      8.2100  #323231   50   7    0.00979
 351      8.2350  #323232   51   1    0.00304
 352      8.2350  #323233   51   2    0.00000
 353      8.3650  #333232   51   3    0.01566
 354      8.3650  #333233   51   4    0.00000
 355      8.4800  #323332   51   5    0.01365
 356      8.4750  #323333   51   6   -0.00059
 357      8.6050  #333332   51   7    0.01522
 358      8.6050  #333333   52   1    0.00000
 359      8.6400  #333334   52   2    0.00406
 360      8.7100  #343333   52   3    0.00807
 361      8.7450  #343334   52   4    0.00401
 362      8.8700  #333433   52   5    0.01419
 363      8.9000  #333434   52   6    0.00338
 364      8.9650  #343433   52   7    0.00728
 365      9.0000  #343434   53   1    0.00390
 366      9.0350  #343435   53   2    0.00388
 367      9.1050  #353434   53   3    0.00772
 368      9.1400  #353435   53   4    0.00384
 369      9.2550  #343534   53   5    0.01250
 370      9.2900  #343535   53   6    0.00377
 371      9.3600  #353534   53   7    0.00751
 372      9.3900  #353535   54   1    0.00320
 373      9.4300  #353536   54   2    0.00425
 374      9.5000  #363535   54   3    0.00740
 375      9.5350  #363536   54   4    0.00368
 376      9.6500  #353635   54   5    0.01199
 377      9.6800  #353636   54   6    0.00310
 378      9.7550  #363635   54   7    0.00772
 379      9.7900  #363636   55   1    0.00358
 380      9.8250  #363637   55   2    0.00357
 381      9.9000  #373636   55   3    0.00760
 382      9.9300  #373637   55   4    0.00303
 383     10.0550  #363736   55   5    0.01251
 384     10.0900  #363737   55   6    0.00347
 385     10.1600  #373736   55   7    0.00691
 386     10.1950  #373737   56   1    0.00344
 387     10.2350  #373738   56   2    0.00392
 388     10.3150  #383737   56   3    0.00779
 389     10.3500  #383738   56   4    0.00339
 390     10.4650  #373837   56   5    0.01105
 391     10.5000  #373838   56   6    0.00334
 392     10.5800  #383837   56   7    0.00759
 393     10.6200  #383838   57   1    0.00377
 394     10.6550  #383839   57   2    0.00329
 395     10.7250  #393838   57   3    0.00655
 396     10.7650  #393839   57   4    0.00372
 397     10.8850  #383938   57   5    0.01109
 398     10.9250  #383939   57   6    0.00367
 399     10.9950  #393938   57   7    0.00639
 400     11.0400  #393939   58   1    0.00408
 401     11.0400  #39393a   58   2    0.00000
 402     11.1800  #3a3939   58   3    0.01260
 403     11.1850  #3a393a   58   4    0.00045
 404     11.3300  #393a39   58   5    0.01288
 405     11.3300  #393a3a   58   6    0.00000
 406     11.4750  #3a3a39   58   7    0.01272
 407     11.4750  #3a3a3a   59   1    0.00000
 408     11.5050  #3a3a3b   59   2    0.00261
 409     11.5950  #3b3a3a   59   3    0.00779
 410     11.6250  #3b3a3b   59   4    0.00258
 411     11.7500  #3a3b3a   59   5    0.01070
 412     11.7800  #3a3b3b   59   6    0.00255
 413     11.8700  #3b3b3a   59   7    0.00761
 414     11.9000  #3b3b3b   60   1    0.00252
 415     11.9400  #3b3b3c   60   2    0.00336
 416     12.0150  #3c3b3b   60   3    0.00626
 417     12.0550  #3c3b3c   60   4    0.00332
 418     12.1900  #3b3c3b   60   5    0.01114
 419     12.2250  #3b3c3c   60   6    0.00287
 420     12.3000  #3c3c3b   60   7    0.00612
 421     12.3450  #3c3c3c   61   1    0.00365
 422     12.3850  #3c3c3d   61   2    0.00323
 423     12.4650  #3d3c3c   61   3    0.00644
 424     12.5000  #3d3c3d   61   4    0.00280
 425     12.6350  #3c3d3c   61   5    0.01074
 426     12.6800  #3c3d3d   61   6    0.00356
 427     12.7550  #3d3d3c   61   7    0.00590
 428     12.7950  #3d3d3d   62   1    0.00313
 429     12.8400  #3d3d3e   62   2    0.00351
 430     12.9200  #3e3d3d   62   3    0.00621
 431     12.9650  #3e3d3e   62   4    0.00348
 432     13.0900  #3d3e3d   62   5    0.00960
 433     13.1300  #3d3e3e   62   6    0.00305
 434     13.2150  #3e3e3d   62   7    0.00645
 435     13.2550  #3e3e3e   63   1    0.00302
 436     13.2950  #3e3e3f   63   2    0.00301
 437     13.3800  #3f3e3e   63   3    0.00637
 438     13.4200  #3f3e3f   63   4    0.00299
 439     13.5450  #3e3f3e   63   5    0.00927
 440     13.5800  #3e3f3f   63   6    0.00258
 441     13.6700  #3f3f3e   63   7    0.00661
 442     13.7100  #3f3f3f   64   1    0.00292
 443     13.7500  #3f3f40   64   2    0.00291
 444     13.8400  #403f3f   64   3    0.00652
 445     13.8850  #403f40   64   4    0.00325
 446     14.0200  #3f403f   64   5    0.00968
 447     14.0550  #3f4040   64   6    0.00249
 448     14.1450  #40403f   64   7    0.00638
 449     14.1950  #404040   65   1    0.00353
 450     14.2250  #404041   65   2    0.00211
 451     14.3550  #414040   65   3    0.00910
 452     14.3850  #414041   65   4    0.00209
 453     14.5000  #404140   65   5    0.00796
 454     14.5400  #404141   65   6    0.00275
 455     14.6750  #414140   65   7    0.00924
 456     14.7050  #414141   66   1    0.00204
 457     14.7450  #414142   66   2    0.00272
 458     14.8300  #424141   66   3    0.00575
 459     14.8800  #424142   66   4    0.00337
 460     15.0250  #414241   66   5    0.00970
 461     15.0700  #414242   66   6    0.00299
 462     15.1550  #424241   66   7    0.00562
 463     15.2000  #424242   67   1    0.00296
 464     15.2450  #424243   67   2    0.00296
 465     15.3400  #434242   67   3    0.00621
 466     15.3500  #434243   67   4    0.00065
 467     15.5150  #424342   67   5    0.01069
 468     15.5400  #424343   67   6    0.00161
 469     15.6350  #434342   67   7    0.00609
 470     15.7100  #434343   68   1    0.00479
 471     15.7300  #434344   68   2    0.00127
 472     15.8250  #444343   68   3    0.00602
 473     15.8950  #444344   68   4    0.00441
 474     16.0150  #434443   68   5    0.00752
 475     16.0900  #434444   68   6    0.00467
 476     16.1850  #444443   68   7    0.00589
 477     16.2100  #444444   69   1    0.00154
 478     16.2100  #444445   69   2    0.00000
 479     16.3000  #454444   69   3    0.00554
 480     16.3000  #454445   69   4    0.00000
 481     16.5000  #444544   69   5    0.01220
 482     16.5000  #444545   69   6    0.00000
 483     16.6500  #454544   69   7    0.00905
 484     16.6500  #454545   70   1    0.00000
 485     16.7000  #454546   70   2    0.00300
 486     16.8000  #464545   70   3    0.00597
 487     16.8500  #464546   70   4    0.00297
 488     17.0500  #454645   70   5    0.01180
 489     17.0500  #454646   70   6    0.00000
 490     17.1500  #464645   70   7    0.00585
 491     17.2000  #464646   71   1    0.00291
 492     17.2500  #464647   71   2    0.00290
 493     17.3500  #474646   71   3    0.00578
 494     17.4500  #474647   71   4    0.00575
 495     17.5500  #464746   71   5    0.00571
 496     17.6000  #464747   71   6    0.00284
 497     17.7000  #474746   71   7    0.00567
 498     17.7500  #474747   72   1    0.00282
 499     17.8000  #474748   72   2    0.00281
 500     17.9000  #484747   72   3    0.00560
 501     18.0000  #484748   72   4    0.00557
 502     18.1000  #474847   72   5    0.00554
 503     18.2000  #474848   72   6    0.00551
 504     18.3000  #484847   72   7    0.00548
 505     18.3000  #484848   73   1    0.00000
 506     18.3500  #484849   73   2    0.00273
 507     18.4500  #494848   73   3    0.00543
 508     18.5000  #494849   73   4    0.00271
 509     18.6500  #484948   73   5    0.00808
 510     18.7000  #484949   73   6    0.00268
 511     18.8000  #494948   73   7    0.00533
 512     18.8500  #494949   74   1    0.00266
 513     18.9000  #49494a   74   2    0.00265
 514     19.0000  #4a4949   74   3    0.00528
 515     19.0500  #4a494a   74   4    0.00263
 516     19.2500  #494a49   74   5    0.01044
 517     19.2500  #494a4a   74   6    0.00000
 518     19.3500  #4a4a49   74   7    0.00518
 519     19.3500  #4a4a4a   75   1    0.00000
 520     19.4500  #4a4a4b   75   2    0.00515
 521     19.5500  #4b4a4a   75   3    0.00513
 522     19.5500  #4b4a4b   75   4    0.00000
 523     19.7500  #4a4b4a   75   5    0.01018
 524     19.7500  #4a4b4b   75   6    0.00000
 525     19.8500  #4b4b4a   75   7    0.00505
 526     19.9500  #4b4b4b   76   1    0.00503
 527     19.9500  #4b4b4c   76   2    0.00000
 528     20.0500  #4c4b4b   76   3    0.00500
 529     20.1500  #4c4b4c   76   4    0.00498
 530     20.3000  #4b4c4b   76   5    0.00742
 531     20.3500  #4b4c4c   76   6    0.00246
 532     20.4500  #4c4c4b   76   7    0.00490
 533     20.5000  #4c4c4c   77   1    0.00244
 534     20.5500  #4c4c4d   77   2    0.00244
 535     20.6500  #4d4c4c   77   3    0.00485
 536     20.7000  #4d4c4d   77   4    0.00242
 537     20.8000  #4c4d4c   77   5    0.00482
 538     20.9000  #4c4d4d   77   6    0.00480
 539     21.0000  #4d4d4c   77   7    0.00477
 540     21.0500  #4d4d4d   78   1    0.00238
 541     21.1000  #4d4d4e   78   2    0.00237
 542     21.2000  #4e4d4d   78   3    0.00473
 543     21.3000  #4e4d4e   78   4    0.00471
 544     21.4000  #4d4e4d   78   5    0.00468
 545     21.4500  #4d4e4e   78   6    0.00233
 546     21.6000  #4e4e4d   78   7    0.00697
 547     21.6500  #4e4e4e   79   1    0.00231
 548     21.6500  #4e4e4f   79   2    0.00000
 549     21.8000  #4f4e4e   79   3    0.00690
 550     21.8500  #4f4e4f   79   4    0.00229
 551     22.0000  #4e4f4e   79   5    0.00684
 552     22.0500  #4e4f4f   79   6    0.00227
 553     22.1500  #4f4f4e   79   7    0.00452
 554     22.2500  #4f4f4f   80   1    0.00450
 555     22.2500  #4f4f50   80   2    0.00000
 556     22.3500  #504f4f   80   3    0.00448
 557     22.4000  #504f50   80   4    0.00223
 558     22.6000  #4f504f   80   5    0.00889
 559     22.6500  #4f5050   80   6    0.00221
 560     22.7500  #50504f   80   7    0.00441
 561     22.8000  #505050   81   1    0.00220
 562     22.8000  #505051   81   2    0.00000
 563     22.9000  #515050   81   3    0.00438
 564     23.0000  #515051   81   4    0.00436
 565     23.1500  #505150   81   5    0.00650
 566     23.1500  #505151   81   6    0.00000
 567     23.2500  #515150   81   7    0.00431
 568     23.2500  #515151   82   1    0.00000
 569     23.3500  #515152   82   2    0.00429
 570     23.4500  #525151   82   3    0.00427
 571     23.5000  #525152   82   4    0.00213
 572     23.7000  #515251   82   5    0.00847
 573     23.7500  #515252   82   6    0.00211
 574     23.8500  #525251   82   7    0.00420
 575     23.9000  #525252   83   1    0.00209
 576     23.9500  #525253   83   2    0.00209
 577     24.0500  #535252   83   3    0.00417
 578     24.1000  #535253   83   4    0.00208
 579     24.3000  #525352   83   5    0.00826
 580     24.3000  #525353   83   6    0.00000
 581     24.4000  #535352   83   7    0.00411
 582     24.5000  #535353   84   1    0.00409
 583     24.5000  #535354   84   2    0.00000
 584     24.6000  #545353   84   3    0.00407
 585     24.5500  #545354   84   4   -0.00203
 586     24.8000  #535453   84   5    0.01013
 587     24.8000  #535454   84   6    0.00000
 588     24.9000  #545453   84   7    0.00402
 589     24.9000  #545454   85   1    0.00000
 590     24.9500  #545455   85   2    0.00201
 591     25.1000  #555454   85   3    0.00599
 592     25.1500  #555455   85   4    0.00199
 593     25.3000  #545554   85   5    0.00595
 594     25.3500  #545555   85   6    0.00197
 595     25.5500  #555554   85   7    0.00786
 596     25.5500  #555555   86   1    0.00000
 597     25.6500  #555556   86   2    0.00391
 598     25.8500  #565555   86   3    0.00777
 599     25.9500  #565556   86   4    0.00386
 600     25.9500  #555655   86   5    0.00000
 601     26.0000  #555656   86   6    0.00192
 602     26.3000  #565655   86   7    0.01147
 603     26.3000  #565656   87   1    0.00000
 604     26.4000  #565657   87   2    0.00380
 605     26.5000  #575656   87   3    0.00378
 606     26.5000  #575657   87   4    0.00000
 607     26.7000  #565756   87   5    0.00752
 608     26.7500  #565757   87   6    0.00187
 609     26.9000  #575756   87   7    0.00559
 610     26.9000  #575757   88   1    0.00000
 611     27.0000  #575758   88   2    0.00371
 612     27.1000  #585757   88   3    0.00370
 613     27.1500  #585758   88   4    0.00184
 614     27.3000  #575857   88   5    0.00551
 615     27.4000  #575858   88   6    0.00366
 616     27.5000  #585857   88   7    0.00364
 617     27.5500  #585858   89   1    0.00182
 618     27.6000  #585859   89   2    0.00181
 619     27.7000  #595858   89   3    0.00362
 620     27.7500  #595859   89   4    0.00180
 621     27.9500  #585958   89   5    0.00718
 622     27.9500  #585959   89   6    0.00000
 623     28.1000  #595958   89   7    0.00535
 624     28.1500  #595959   90   1    0.00178
 625     28.2000  #59595a   90   2    0.00177
 626     28.3500  #5a5959   90   3    0.00531
 627     28.4500  #5a595a   90   4    0.00352
 628     28.5500  #595a59   90   5    0.00351
 629     28.6000  #595a5a   90   6    0.00175
 630     28.8000  #5a5a59   90   7    0.00697
 631     28.8000  #5a5a5a   91   1    0.00000
 632     28.9000  #5a5a5b   91   2    0.00347
 633     29.0000  #5b5a5a   91   3    0.00345
 634     29.1000  #5b5a5b   91   4    0.00344
 635     29.2000  #5a5b5a   91   5    0.00343
 636     29.3000  #5a5b5b   91   6    0.00342
 637     29.4000  #5b5b5a   91   7    0.00341
 638     29.4500  #5b5b5b   92   1    0.00170
 639     29.5500  #5b5b5c   92   2    0.00339
 640     29.6500  #5c5b5b   92   3    0.00338
 641     29.7000  #5c5b5c   92   4    0.00168
 642     29.8500  #5b5c5b   92   5    0.00504
 643     29.9000  #5b5c5c   92   6    0.00167
 644     30.0500  #5c5c5b   92   7    0.00500
 645     30.0500  #5c5c5c   93   1    0.00000
 646     30.1500  #5c5c5d   93   2    0.00332
 647     30.2500  #5d5c5c   93   3    0.00331
 648     30.3500  #5d5c5d   93   4    0.00330
 649     30.4500  #5c5d5c   93   5    0.00329
 650     30.5500  #5c5d5d   93   6    0.00328
 651     30.7000  #5d5d5c   93   7    0.00490
 652     30.7500  #5d5d5d   94   1    0.00163
 653     30.7500  #5d5d5e   94   2    0.00000
 654     31.1000  #5e5d5d   94   3    0.01132
 655     31.1500  #5e5d5e   94   4    0.00161
 656     31.1500  #5d5e5d   94   5    0.00000
 657     31.2000  #5d5e5e   94   6    0.00160
 658     31.5000  #5e5e5d   94   7    0.00957
 659     31.5500  #5e5e5e   95   1    0.00159
 660     31.6000  #5e5e5f   95   2    0.00158
 661     31.7000  #5f5e5e   95   3    0.00316
 662     31.8000  #5f5e5f   95   4    0.00315
 663     31.9500  #5e5f5e   95   5    0.00471
 664     32.0500  #5e5f5f   95   6    0.00312
 665     32.1500  #5f5f5e   95   7    0.00312
 666     32.2000  #5f5f5f   96   1    0.00155
 667     32.2500  #5f5f60   96   2    0.00155
 668     32.4500  #605f5f   96   3    0.00618
 669     32.5000  #605f60   96   4    0.00154
 670     32.6500  #5f605f   96   5    0.00460
 671     32.6500  #5f6060   96   6    0.00000
 672     32.8500  #60605f   96   7    0.00611
 673     32.9000  #606060   97   1    0.00152
 674     32.9500  #606061   97   2    0.00152
 675     33.1000  #616060   97   3    0.00454
 676     33.1500  #616061   97   4    0.00151
 677     33.3500  #606160   97   5    0.00602
 678     33.4000  #606161   97   6    0.00150
 679     33.5000  #616160   97   7    0.00299
 680     33.6000  #616161   98   1    0.00298
 681     33.6500  #616162   98   2    0.00149
 682     33.8000  #626161   98   3    0.00445
 683     33.8000  #626162   98   4    0.00000
 684     34.0500  #616261   98   5    0.00737
 685     34.1000  #616262   98   6    0.00147
 686     34.2000  #626261   98   7    0.00293
 687     34.2500  #626262   99   1    0.00146
 688     34.2500  #626263   99   2    0.00000
 689     34.4500  #636262   99   3    0.00582
 690     34.4500  #636263   99   4    0.00000
 691     34.7500  #626362   99   5    0.00867
 692     34.7500  #626363   99   6    0.00000
 693     34.8500  #636362   99   7    0.00287
 694     34.8500  #636363  100   1    0.00000
 695     34.9500  #636364  100   2    0.00287
 696     35.0500  #646363  100   3    0.00286
 697     35.1500  #646364  100   4    0.00285
 698     35.3000  #636463  100   5    0.00426
 699     35.4000  #636464  100   6    0.00283
 700     35.5000  #646463  100   7    0.00282
 701     35.6000  #646464  101   1    0.00281
 702     35.6500  #646465  101   2    0.00140
 703     35.8000  #656464  101   3    0.00420
 704     35.8000  #656465  101   4    0.00000
 705     36.0000  #646564  101   5    0.00557
 706     36.1000  #646565  101   6    0.00277
 707     36.2000  #656564  101   7    0.00277
 708     36.3000  #656565  102   1    0.00276
 709     36.3000  #656566  102   2    0.00000
 710     36.5000  #666565  102   3    0.00549
 711     36.5000  #666566  102   4    0.00000
 712     36.7500  #656665  102   5    0.00683
 713     36.7500  #656666  102   6    0.00000
 714     36.9000  #666665  102   7    0.00407
 715     36.9500  #666666  103   1    0.00135
 716     37.0500  #666667  103   2    0.00270
 717     37.2000  #676666  103   3    0.00404
 718     37.2500  #676667  103   4    0.00134
 719     37.4000  #666766  103   5    0.00402
 720     37.5000  #666767  103   6    0.00267
 721     37.6500  #676766  103   7    0.00399
 722     37.7000  #676767  104   1    0.00133
 723     37.7500  #676768  104   2    0.00133
 724     37.9000  #686767  104   3    0.00397
 725     37.9500  #686768  104   4    0.00132
 726     38.1500  #676867  104   5    0.00526
 727     38.2000  #676868  104   6    0.00131
 728     38.3500  #686867  104   7    0.00392
 729     38.4000  #686868  105   1    0.00130
 730     38.5000  #686869  105   2    0.00260
 731     38.6000  #696868  105   3    0.00259
 732     38.6500  #696869  105   4    0.00129
 733     38.9000  #686968  105   5    0.00645
 734     38.9500  #686969  105   6    0.00128
 735     39.0500  #696968  105   7    0.00256
 736     39.1000  #696969  106   1    0.00128
 737     39.1500  #69696a  106   2    0.00128
 738     39.3000  #6a6969  106   3    0.00382
 739     39.3500  #6a696a  106   4    0.00127
 740     39.5500  #696a69  106   5    0.00507
 741     39.6500  #696a6a  106   6    0.00253
 742     39.7500  #6a6a69  106   7    0.00252
 743     39.8500  #6a6a6a  107   1    0.00251
 744     39.9000  #6a6a6b  107   2    0.00125
 745     40.0000  #6b6a6a  107   3    0.00250
 746     40.1000  #6b6a6b  107   4    0.00250
 747     40.3000  #6a6b6a  107   5    0.00498
 748     40.3000  #6a6b6b  107   6    0.00000
 749     40.5000  #6b6b6a  107   7    0.00495
 750     40.5500  #6b6b6b  108   1    0.00123
 751     40.6000  #6b6b6c  108   2    0.00123
 752     40.7000  #6c6b6b  108   3    0.00246
 753     40.8000  #6c6b6c  108   4    0.00245
 754     41.0000  #6b6c6b  108   5    0.00489
 755     41.0500  #6b6c6c  108   6    0.00122
 756     41.2000  #6c6c6b  108   7    0.00365
 757     41.2500  #6c6c6c  109   1    0.00121
 758     41.3500  #6c6c6d  109   2    0.00242
 759     41.5000  #6d6c6c  109   3    0.00362
 760     41.5500  #6d6c6d  109   4    0.00120
 761     41.7000  #6c6d6c  109   5    0.00360
 762     41.8000  #6c6d6d  109   6    0.00240
 763     41.9500  #6d6d6c  109   7    0.00358
 764     42.0000  #6d6d6d  110   1    0.00119
 765     42.1000  #6d6d6e  110   2    0.00238
 766     42.2000  #6e6d6d  110   3    0.00237
 767     42.3000  #6e6d6e  110   4    0.00237
 768     42.5000  #6d6e6d  110   5    0.00472
 769     42.6000  #6d6e6e  110   6    0.00235
 770     42.7000  #6e6e6d  110   7    0.00234
 771     42.8000  #6e6e6e  111   1    0.00234
 772     42.8000  #6e6e6f  111   2    0.00000
 773     43.0000  #6f6e6e  111   3    0.00466
 774     43.0500  #6f6e6f  111   4    0.00116
 775     43.2500  #6e6f6e  111   5    0.00463
 776     43.3000  #6e6f6f  111   6    0.00116
 777     43.4500  #6f6f6e  111   7    0.00346
 778     43.5500  #6f6f6f  112   1    0.00230
 779     43.5500  #6f6f70  112   2    0.00000
 780     43.7500  #706f6f  112   3    0.00458
 781     43.8000  #706f70  112   4    0.00114
 782     44.0000  #6f706f  112   5    0.00456
 783     44.0500  #6f7070  112   6    0.00114
 784     44.2000  #70706f  112   7    0.00340
 785     44.3000  #707070  113   1    0.00226
 786     44.3000  #707071  113   2    0.00000
 787     44.5000  #717070  113   3    0.00450
 788     44.6000  #717071  113   4    0.00224
 789     44.7000  #707170  113   5    0.00224
 790     44.8000  #707171  113   6    0.00223
 791     44.9500  #717170  113   7    0.00334
 792     45.0000  #717171  114   1    0.00111
 793     45.0000  #717172  114   2    0.00000
 794     45.2500  #727171  114   3    0.00554
 795     45.2000  #727172  114   4   -0.00111
 796     45.5500  #717271  114   5    0.00771
 797     45.5000  #717272  114   6   -0.00110
 798     45.7500  #727271  114   7    0.00548
 799     45.7500  #727272  115   1    0.00000
 800     45.7500  #727273  115   2    0.00000
 801     45.9500  #737272  115   3    0.00436
 802     46.0000  #737273  115   4    0.00109
 803     46.2000  #727372  115   5    0.00434
 804     46.3000  #727373  115   6    0.00216
 805     46.4000  #737372  115   7    0.00216
 806     46.5000  #737373  116   1    0.00215
 807     46.5500  #737374  116   2    0.00107
 808     46.8000  #747373  116   3    0.00536
 809     46.8000  #747374  116   4    0.00000
 810     47.0000  #737473  116   5    0.00426
 811     47.0500  #737474  116   6    0.00106
 812     47.3000  #747473  116   7    0.00530
 813     47.3500  #747474  117   1    0.00106
 814     47.4000  #747475  117   2    0.00106
 815     47.5500  #757474  117   3    0.00316
 816     47.6500  #757475  117   4    0.00210
 817     47.8500  #747574  117   5    0.00419
 818     47.9500  #747575  117   6    0.00209
 819     48.0500  #757574  117   7    0.00208
 820     48.1500  #757575  118   1    0.00208
 821     48.2000  #757576  118   2    0.00104
 822     48.3500  #767575  118   3    0.00311
 823     48.4000  #767576  118   4    0.00103
 824     48.6500  #757675  118   5    0.00515
 825     48.7500  #757676  118   6    0.00205
 826     48.9000  #767675  118   7    0.00307
 827     48.9500  #767676  119   1    0.00102
 828     48.9500  #767677  119   2    0.00000
 829     49.1000  #777676  119   3    0.00306
 830     49.1500  #777677  119   4    0.00102
 831     49.4500  #767776  119   5    0.00609
 832     49.5500  #767777  119   6    0.00202
 833     49.7500  #777776  119   7    0.00403
 834     49.8000  #777777  120   1    0.00100
 835     49.8500  #777778  120   2    0.00100
 836     50.0000  #787777  120   3    0.00300
 837     50.1000  #787778  120   4    0.00200
 838     50.3000  #777877  120   5    0.00398
 839     50.4000  #777878  120   6    0.00199
 840     50.5000  #787877  120   7    0.00198
 841     50.6000  #787878  121   1    0.00198
 842     50.7000  #787879  121   2    0.00197
 843     50.8000  #797878  121   3    0.00197
 844     50.9000  #797879  121   4    0.00197
 845     51.1000  #787978  121   5    0.00392
 846     51.2000  #787979  121   6    0.00196
 847     51.3500  #797978  121   7    0.00293
 848     51.4500  #797979  122   1    0.00195
 849     51.5000  #79797a  122   2    0.00097
 850     51.6500  #7a7979  122   3    0.00291
 851     51.7000  #7a797a  122   4    0.00097
 852     51.9500  #797a79  122   5    0.00482
 853     52.0000  #797a7a  122   6    0.00096
 854     52.1000  #7a7a79  122   7    0.00192
 855     52.1500  #7a7a7a  123   1    0.00096
 856     52.2500  #7a7a7b  123   2    0.00192
 857     52.3500  #7b7a7a  123   3    0.00191
 858     52.6000  #7b7a7b  123   4    0.00476
 859     52.8000  #7a7b7a  123   5    0.00380
 860     52.8500  #7a7b7b  123   6    0.00095
 861     53.1000  #7b7b7a  123   7    0.00472
 862     53.1000  #7b7b7b  124   1    0.00000
 863     53.2000  #7b7b7c  124   2    0.00188
 864     53.3000  #7c7b7b  124   3    0.00188
 865     53.4000  #7c7b7c  124   4    0.00187
 866     53.7000  #7b7c7b  124   5    0.00560
 867     53.7500  #7b7c7c  124   6    0.00093
 868     53.9000  #7c7c7b  124   7    0.00279
 869     54.0000  #7c7c7c  125   1    0.00185
 870     54.0500  #7c7c7d  125   2    0.00093
 871     54.2500  #7d7c7c  125   3    0.00369
 872     54.3000  #7d7c7d  125   4    0.00092
 873     54.5500  #7c7d7c  125   5    0.00459
 874     54.5500  #7c7d7d  125   6    0.00000
 875     54.7500  #7d7d7c  125   7    0.00366
 876     54.8000  #7d7d7d  126   1    0.00091
 877     54.9000  #7d7d7e  126   2    0.00182
 878     55.1000  #7e7d7d  126   3    0.00364
 879     55.1500  #7e7d7e  126   4    0.00091
 880     55.4000  #7d7e7d  126   5    0.00452
 881     55.4000  #7d7e7e  126   6    0.00000
 882     55.6000  #7e7e7d  126   7    0.00360
 883     55.6500  #7e7e7e  127   1    0.00090
 884     55.7500  #7e7e7f  127   2    0.00180
 885     55.9500  #7f7e7e  127   3    0.00358
 886     56.0000  #7f7e7f  127   4    0.00089
 887     56.2500  #7e7f7e  127   5    0.00445
 888     56.3000  #7e7f7f  127   6    0.00089
 889     56.5000  #7f7f7e  127   7    0.00355
 890     56.5500  #7f7f7f  128   1    0.00088
 891     56.6500  #7f7f80  128   2    0.00177
 892     56.8000  #807f7f  128   3    0.00264
 893     56.9000  #807f80  128   4    0.00176
 894     57.1000  #7f807f  128   5    0.00351
 895     57.2000  #7f8080  128   6    0.00175
 896     57.3500  #80807f  128   7    0.00262
 897     57.4000  #808080  129   1    0.00087
 898     57.5000  #808081  129   2    0.00174
 899     57.7000  #818080  129   3    0.00347
 900     57.8000  #818081  129   4    0.00173
 901     57.9500  #808180  129   5    0.00259
 902     58.0500  #808181  129   6    0.00172
 903     58.2500  #818180  129   7    0.00344
 904     58.3500  #818181  130   1    0.00172
 905     58.4000  #818182  130   2    0.00086
 906     58.5500  #828181  130   3    0.00257
 907     58.6500  #828182  130   4    0.00171
 908     58.9000  #818281  130   5    0.00425
 909     59.0000  #818282  130   6    0.00170
 910     59.1500  #828281  130   7    0.00254
 911     59.2000  #828282  131   1    0.00084
 912     59.3000  #828283  131   2    0.00169
 913     59.5000  #838282  131   3    0.00337
 914     59.5500  #838283  131   4    0.00084
 915     59.8000  #828382  131   5    0.00419
 916     59.8500  #828383  131   6    0.00084
 917     60.0500  #838382  131   7    0.00334
 918     60.1500  #838383  132   1    0.00166
 919     60.2000  #838384  132   2    0.00083
 920     60.4000  #848383  132   3    0.00332
 921     60.4500  #848384  132   4    0.00083
 922     60.7000  #838483  132   5    0.00413
 923     60.8000  #838484  132   6    0.00165
 924     61.0000  #848483  132   7    0.00328
 925     61.0000  #848484  133   1    0.00000
 926     61.1000  #848485  133   2    0.00164
 927     61.3000  #858484  133   3    0.00327
 928     61.4000  #858485  133   4    0.00163
 929     61.6500  #848584  133   5    0.00406
 930     61.7000  #848585  133   6    0.00081
 931     61.9000  #858584  133   7    0.00324
 932     61.9500  #858585  134   1    0.00081
 933     62.0500  #858586  134   2    0.00161
 934     62.2500  #868585  134   3    0.00322
 935     62.2500  #868586  134   4    0.00000
 936     62.5500  #858685  134   5    0.00481
 937     62.6500  #858686  134   6    0.00160
 938     62.8000  #868685  134   7    0.00239
 939     62.9000  #868686  135   1    0.00159
 940     63.0000  #868687  135   2    0.00159
 941     63.2000  #878686  135   3    0.00317
 942     63.3000  #878687  135   4    0.00158
 943     63.5000  #868786  135   5    0.00315
 944     63.6000  #868787  135   6    0.00157
 945     63.7500  #878786  135   7    0.00236
 946     63.8500  #878787  136   1    0.00157
 947     63.9000  #878788  136   2    0.00078
 948     64.1500  #888787  136   3    0.00390
 949     64.2500  #888788  136   4    0.00156
 950     64.5000  #878887  136   5    0.00388
 951     64.5500  #878888  136   6    0.00077
 952     64.8000  #888887  136   7    0.00387
 953     64.8500  #888888  137   1    0.00077
 954     64.9000  #888889  137   2    0.00077
 955     65.1000  #898888  137   3    0.00308
 956     65.2000  #898889  137   4    0.00153
 957     65.4500  #888988  137   5    0.00383
 958     65.5000  #888989  137   6    0.00076
 959     65.7000  #898988  137   7    0.00305
 960     65.8000  #898989  138   1    0.00152
 961     65.9000  #89898a  138   2    0.00152
 962     66.0500  #8a8989  138   3    0.00227
 963     66.1500  #8a898a  138   4    0.00151
 964     66.4500  #898a89  138   5    0.00452
 965     66.5000  #898a8a  138   6    0.00075
 966     66.7000  #8a8a89  138   7    0.00300
 967     66.8000  #8a8a8a  139   1    0.00150
 968     66.8500  #8a8a8b  139   2    0.00075
 969     67.1000  #8b8a8a  139   3    0.00373
 970     67.1000  #8b8a8b  139   4    0.00000
 971     67.4000  #8a8b8a  139   5    0.00446
 972     67.5000  #8a8b8b  139   6    0.00148
 973     67.7000  #8b8b8a  139   7    0.00296
 974     67.7500  #8b8b8b  140   1    0.00074
 975     67.8500  #8b8b8c  140   2    0.00147
 976     68.0000  #8c8b8b  140   3    0.00221
 977     68.1500  #8c8b8c  140   4    0.00220
 978     68.3500  #8b8c8b  140   5    0.00293
 979     68.4500  #8b8c8c  140   6    0.00146
 980     68.6500  #8c8c8b  140   7    0.00292
 981     68.7500  #8c8c8c  141   1    0.00146
 982     68.8000  #8c8c8d  141   2    0.00073
 983     69.0000  #8d8c8c  141   3    0.00290
 984     69.1000  #8d8c8d  141   4    0.00145
 985     69.3500  #8c8d8c  141   5    0.00361
 986     69.4500  #8c8d8d  141   6    0.00144
 987     69.6500  #8d8d8c  141   7    0.00288
 988     69.7500  #8d8d8d  142   1    0.00143
 989     69.8500  #8d8d8e  142   2    0.00143
 990     70.0000  #8e8d8d  142   3    0.00215
 991     70.1500  #8e8d8e  142   4    0.00214
 992     70.4000  #8d8e8d  142   5    0.00356
 993     70.4500  #8d8e8e  142   6    0.00071
 994     70.7000  #8e8e8d  142   7    0.00354
 995     70.7500  #8e8e8e  143   1    0.00071
 996     70.8000  #8e8e8f  143   2    0.00071
 997     71.1000  #8f8e8e  143   3    0.00423
 998     71.1500  #8f8e8f  143   4    0.00070
 999     71.3500  #8e8f8e  143   5    0.00281
1000     71.4000  #8e8f8f  143   6    0.00070
1001     71.7000  #8f8f8e  143   7    0.00419
1002     71.7500  #8f8f8f  144   1    0.00070
1003     71.9500  #8f8f90  144   2    0.00278
1004     72.0500  #908f8f  144   3    0.00139
1005     72.2500  #908f90  144   4    0.00277
1006     72.4000  #8f908f  144   5    0.00207
1007     72.6000  #8f9090  144   6    0.00276
1008     72.7000  #90908f  144   7    0.00138
1009     72.8500  #909090  145   1    0.00206
1010     72.9000  #909091  145   2    0.00069
1011     73.1000  #919090  145   3    0.00274
1012     73.2000  #919091  145   4    0.00137
1013     73.5000  #909190  145   5    0.00409
1014     73.5500  #909191  145   6    0.00068
1015     73.7500  #919190  145   7    0.00272
1016     73.8500  #919191  146   1    0.00136
1017     73.9500  #919192  146   2    0.00135
1018     74.1500  #929191  146   3    0.00270
1019     74.2500  #929192  146   4    0.00135
1020     74.5000  #919291  146   5    0.00336
1021     74.6000  #919292  146   6    0.00134
1022     74.8000  #929291  146   7    0.00268
1023     74.9000  #929292  147   1    0.00134
1024     74.9500  #929293  147   2    0.00067
1025     75.2000  #939292  147   3    0.00333
1026     75.3000  #939293  147   4    0.00133
1027     75.5500  #929392  147   5    0.00331
1028     75.6500  #929393  147   6    0.00132
1029     75.8500  #939392  147   7    0.00264
1030     75.9500  #939393  148   1    0.00132
1031     76.0000  #939394  148   2    0.00066
1032     76.2000  #949393  148   3    0.00263
1033     76.2500  #949394  148   4    0.00066
1034     76.6000  #939493  148   5    0.00458
1035     76.7000  #939494  148   6    0.00130
1036     76.9000  #949493  148   7    0.00260
1037     76.9500  #949494  149   1    0.00065
1038     77.0500  #949495  149   2    0.00130
1039     77.3000  #959494  149   3    0.00324
1040     77.4500  #959495  149   4    0.00194
1041     77.6000  #949594  149   5    0.00193
1042     77.7000  #949595  149   6    0.00129
1043     78.0000  #959594  149   7    0.00385
1044     78.0500  #959595  150   1    0.00064
1045     78.1500  #959596  150   2    0.00128
1046     78.4000  #969595  150   3    0.00319
1047     78.4500  #969596  150   4    0.00064
1048     78.7500  #959695  150   5    0.00382
1049     78.8000  #959696  150   6    0.00063
1050     79.0500  #969695  150   7    0.00317
1051     79.1500  #969696  151   1    0.00126
1052     79.2500  #969697  151   2    0.00126
1053     79.4500  #979696  151   3    0.00252
1054     79.5500  #979697  151   4    0.00126
1055     79.8500  #969796  151   5    0.00376
1056     79.9500  #969797  151   6    0.00125
1057     80.1000  #979796  151   7    0.00187
1058     80.2000  #979797  152   1    0.00125
1059     80.3000  #979798  152   2    0.00125
1060     80.5000  #989797  152   3    0.00249
1061     80.6000  #989798  152   4    0.00124
1062     80.9000  #979897  152   5    0.00372
1063     81.0000  #979898  152   6    0.00124
1064     81.2000  #989897  152   7    0.00247
1065     81.3000  #989898  153   1    0.00123
1066     81.3500  #989899  153   2    0.00061
1067     81.6000  #999898  153   3    0.00307
1068     81.7000  #999899  153   4    0.00122
1069     81.9500  #989998  153   5    0.00306
1070     82.0500  #989999  153   6    0.00122
1071     82.3000  #999998  153   7    0.00304
1072     82.4000  #999999  154   1    0.00121
1073     82.4000  #99999a  154   2    0.00000
1074     82.7000  #9a9999  154   3    0.00363
1075     82.7500  #9a999a  154   4    0.00060
1076     83.1000  #999a99  154   5    0.00422
1077     83.1500  #999a9a  154   6    0.00060
1078     83.3500  #9a9a99  154   7    0.00240
1079     83.5000  #9a9a9a  155   1    0.00180
1080     83.5500  #9a9a9b  155   2    0.00060
1081     83.8000  #9b9a9a  155   3    0.00299
1082     83.9000  #9b9a9b  155   4    0.00119
1083     84.2000  #9a9b9a  155   5    0.00357
1084     84.2000  #9a9b9b  155   6    0.00000
1085     84.5000  #9b9b9a  155   7    0.00356
1086     84.5500  #9b9b9b  156   1    0.00059
1087     84.6500  #9b9b9c  156   2    0.00118
1088     84.9500  #9c9b9b  156   3    0.00354
1089     85.0500  #9c9b9c  156   4    0.00118
1090     85.2500  #9b9c9b  156   5    0.00235
1091     85.3500  #9b9c9c  156   6    0.00117
1092     85.6000  #9c9c9b  156   7    0.00292
1093     85.7000  #9c9c9c  157   1    0.00117
1094     85.8000  #9c9c9d  157   2    0.00117
1095     86.0500  #9d9c9c  157   3    0.00291
1096     86.1500  #9d9c9d  157   4    0.00116
1097     86.4500  #9c9d9c  157   5    0.00348
1098     86.5500  #9c9d9d  157   6    0.00116
1099     86.7500  #9d9d9c  157   7    0.00231
1100     86.8500  #9d9d9d  158   1    0.00115
1101     86.9500  #9d9d9e  158   2    0.00115
1102     87.1500  #9e9d9d  158   3    0.00230
1103     87.2500  #9e9d9e  158   4    0.00115
1104     87.5500  #9d9e9d  158   5    0.00343
1105     87.6500  #9d9e9e  158   6    0.00114
1106     87.9000  #9e9e9d  158   7    0.00285
1107     88.0000  #9e9e9e  159   1    0.00114
1108     88.1000  #9e9e9f  159   2    0.00114
1109     88.3000  #9f9e9e  159   3    0.00227
1110     88.4000  #9f9e9f  159   4    0.00113
1111     88.7500  #9e9f9e  159   5    0.00395
1112     88.8000  #9e9f9f  159   6    0.00056
1113     89.0000  #9f9f9e  159   7    0.00225
1114     89.1000  #9f9f9f  160   1    0.00112
1115     89.2000  #9f9fa0  160   2    0.00112
1116     89.4000  #a09f9f  160   3    0.00224
1117     89.5000  #a09fa0  160   4    0.00112
1118     89.8500  #9fa09f  160   5    0.00390
1119     89.9500  #9fa0a0  160   6    0.00111
1120     90.1500  #a0a09f  160   7    0.00222
1121     90.2500  #a0a0a0  161   1    0.00111
1122     90.3500  #a0a0a1  161   2    0.00111
1123     90.6000  #a1a0a0  161   3    0.00276
1124     90.6500  #a1a0a1  161   4    0.00055
1125     90.9500  #a0a1a0  161   5    0.00330
1126     91.0500  #a0a1a1  161   6    0.00110
1127     91.2500  #a1a1a0  161   7    0.00219
1128     91.4000  #a1a1a1  162   1    0.00164
1129     91.4500  #a1a1a2  162   2    0.00055
1130     91.7000  #a2a1a1  162   3    0.00273
1131     91.8000  #a2a1a2  162   4    0.00109
1132     92.1000  #a1a2a1  162   5    0.00326
1133     92.2000  #a1a2a2  162   6    0.00109
1134     92.4000  #a2a2a1  162   7    0.00217
1135     92.5000  #a2a2a2  163   1    0.00108
1136     92.6000  #a2a2a3  163   2    0.00108
1137     92.8000  #a3a2a2  163   3    0.00216
1138     92.9000  #a3a2a3  163   4    0.00108
1139     93.2500  #a2a3a2  163   5    0.00376
1140     93.3500  #a2a3a3  163   6    0.00107
1141     93.5500  #a3a3a2  163   7    0.00214
1142     93.6500  #a3a3a3  164   1    0.00107
1143     93.7500  #a3a3a4  164   2    0.00107
1144     94.0000  #a4a3a3  164   3    0.00266
1145     94.0500  #a4a3a4  164   4    0.00053
1146     94.4000  #a3a4a3  164   5    0.00371
1147     94.5000  #a3a4a4  164   6    0.00106
1148     94.7000  #a4a4a3  164   7    0.00211
1149     94.8500  #a4a4a4  165   1    0.00158
1150     94.9000  #a4a4a5  165   2    0.00053
1151     95.1000  #a5a4a4  165   3    0.00211
1152     95.2500  #a5a4a5  165   4    0.00158
1153     95.5000  #a4a5a4  165   5    0.00262
1154     95.6000  #a4a5a5  165   6    0.00105
1155     95.8500  #a5a5a4  165   7    0.00261
1156     95.9000  #a5a5a5  166   1    0.00052
1157     96.0500  #a5a5a6  166   2    0.00156
1158     96.3000  #a6a5a5  166   3    0.00260
1159     96.4000  #a6a5a6  166   4    0.00104
1160     96.7500  #a5a6a5  166   5    0.00362
1161     96.8000  #a5a6a6  166   6    0.00052
1162     97.1000  #a6a6a5  166   7    0.00309
1163     97.1500  #a6a6a6  167   1    0.00051
1164     97.2500  #a6a6a7  167   2    0.00103
1165     97.5000  #a7a6a6  167   3    0.00257
1166     97.6000  #a7a6a7  167   4    0.00103
1167     97.8500  #a6a7a6  167   5    0.00256
1168     98.0000  #a6a7a7  167   6    0.00153
1169     98.2500  #a7a7a6  167   7    0.00255
1170     98.3500  #a7a7a7  168   1    0.00102
1171     98.3500  #a7a7a8  168   2    0.00000
1172     98.6500  #a8a7a7  168   3    0.00305
1173     98.8000  #a8a7a8  168   4    0.00152
1174     99.1000  #a7a8a7  168   5    0.00303
1175     99.1500  #a7a8a8  168   6    0.00050
1176     99.4500  #a8a8a7  168   7    0.00302
1177     99.5000  #a8a8a8  169   1    0.00050
1178     99.6000  #a8a8a9  169   2    0.00100
1179     99.8500  #a9a8a8  169   3    0.00251
1180     99.9000  #a9a8a9  169   4    0.00050
1181    100.2500  #a8a9a8  169   5    0.00350
1182    100.3000  #a8a9a9  169   6    0.00050
1183    100.6000  #a9a9a8  169   7    0.00299
1184    100.6500  #a9a9a9  170   1    0.00050
1185    100.8000  #a9a9aa  170   2    0.00149
1186    101.0500  #aaa9a9  170   3    0.00248
1187    101.1000  #aaa9aa  170   4    0.00049
1188    101.4500  #a9aaa9  170   5    0.00346
1189    101.5500  #a9aaaa  170   6    0.00099
1190    101.8000  #aaaaa9  170   7    0.00246
1191    101.9000  #aaaaaa  171   1    0.00098
1192    102.0000  #aaaaab  171   2    0.00098
1193    102.2000  #abaaaa  171   3    0.00196
1194    102.3000  #abaaab  171   4    0.00098
1195    102.6000  #aaabaa  171   5    0.00293
1196    102.7500  #aaabab  171   6    0.00146
1197    102.9500  #ababaa  171   7    0.00194
1198    103.0500  #ababab  172   1    0.00097
1199    103.1500  #ababac  172   2    0.00097
1200    103.4000  #acabab  172   3    0.00242
1201    103.5000  #acabac  172   4    0.00097
1202    103.8000  #abacab  172   5    0.00289
1203    103.9000  #abacac  172   6    0.00096
1204    104.1500  #acacab  172   7    0.00240
1205    104.4500  #acacac  173   1    0.00288
1206    104.5500  #acacad  173   2    0.00096
1207    105.1500  #adacac  173   3    0.00572
1208    105.3000  #adacad  173   4    0.00143
1209    105.2500  #acadac  173   5   -0.00047
1210    105.3000  #acadad  173   6    0.00047
1211    105.9000  #adadac  173   7    0.00568
1212    106.0000  #adadad  174   1    0.00094
1213    106.2000  #adadae  174   2    0.00189
1214    106.3500  #aeadad  174   3    0.00141
1215    106.5500  #aeadae  174   4    0.00188
1216    106.8500  #adaead  174   5    0.00281
1217    107.0500  #adaeae  174   6    0.00187
1218    107.2000  #aeaead  174   7    0.00140
1219    107.4000  #aeaeae  175   1    0.00186
1220    107.5000  #aeaeaf  175   2    0.00093
1221    107.8000  #afaeae  175   3    0.00279
1222    107.9000  #afaeaf  175   4    0.00093
1223    108.1500  #aeafae  175   5    0.00231
1224    108.3000  #aeafaf  175   6    0.00139
1225    108.5500  #afafae  175   7    0.00231
1226    108.6500  #afafaf  176   1    0.00092
1227    108.7500  #afafb0  176   2    0.00092
1228    109.0000  #b0afaf  176   3    0.00230
1229    109.1000  #b0afb0  176   4    0.00092
1230    109.4500  #afb0af  176   5    0.00320
1231    109.5500  #afb0b0  176   6    0.00091
1232    109.8000  #b0b0af  176   7    0.00228
1233    109.9500  #b0b0b0  177   1    0.00137
1234    110.0000  #b0b0b1  177   2    0.00045
1235    110.2500  #b1b0b0  177   3    0.00227
1236    110.3500  #b1b0b1  177   4    0.00091
1237    110.7000  #b0b1b0  177   5    0.00317
1238    110.8000  #b0b1b1  177   6    0.00090
1239    111.0500  #b1b1b0  177   7    0.00225
1240    111.2000  #b1b1b1  178   1    0.00135
1241    111.3000  #b1b1b2  178   2    0.00090
1242    111.5500  #b2b1b1  178   3    0.00224
1243    111.6500  #b2b1b2  178   4    0.00090
1244    112.0000  #b1b2b1  178   5    0.00313
1245    112.1000  #b1b2b2  178   6    0.00089
1246    112.3500  #b2b2b1  178   7    0.00223
1247    112.4500  #b2b2b2  179   1    0.00089
1248    112.5500  #b2b2b3  179   2    0.00089
1249    112.8000  #b3b2b2  179   3    0.00222
1250    112.9000  #b3b2b3  179   4    0.00089
1251    113.4000  #b2b3b2  179   5    0.00442
1252    113.5000  #b2b3b3  179   6    0.00088
1253    113.7500  #b3b3b2  179   7    0.00220
1254    113.8500  #b3b3b3  180   1    0.00088
1255    113.9500  #b3b3b4  180   2    0.00088
1256    114.2500  #b4b3b3  180   3    0.00263
1257    114.3500  #b4b3b4  180   4    0.00087
1258    114.7000  #b3b4b3  180   5    0.00306
1259    114.8000  #b3b4b4  180   6    0.00087
1260    115.0500  #b4b4b3  180   7    0.00218
1261    115.2000  #b4b4b4  181   1    0.00130
1262    115.3500  #b4b4b5  181   2    0.00130
1263    115.6000  #b5b4b4  181   3    0.00216
1264    115.7000  #b5b4b5  181   4    0.00086
1265    116.0000  #b4b5b4  181   5    0.00259
1266    116.1000  #b4b5b5  181   6    0.00086
1267    116.4000  #b5b5b4  181   7    0.00258
1268    116.5000  #b5b5b5  182   1    0.00086
1269    116.6000  #b5b5b6  182   2    0.00086
1270    116.9000  #b6b5b5  182   3    0.00257
1271    117.0000  #b6b5b6  182   4    0.00086
1272    117.3500  #b5b6b5  182   5    0.00299
1273    117.4500  #b5b6b6  182   6    0.00085
1274    117.7000  #b6b6b5  182   7    0.00213
1275    117.8000  #b6b6b6  183   1    0.00085
1276    117.9000  #b6b6b7  183   2    0.00085
1277    118.2000  #b7b6b6  183   3    0.00254
1278    118.3000  #b7b6b7  183   4    0.00085
1279    118.6500  #b6b7b6  183   5    0.00295
1280    118.7500  #b6b7b7  183   6    0.00084
1281    119.0500  #b7b7b6  183   7    0.00252
1282    119.1000  #b7b7b7  184   1    0.00042
1283    119.3000  #b7b7b8  184   2    0.00168
1284    119.5000  #b8b7b7  184   3    0.00168
1285    119.6000  #b8b7b8  184   4    0.00084
1286    119.9500  #b7b8b7  184   5    0.00292
1287    120.1500  #b7b8b8  184   6    0.00167
1288    120.3500  #b8b8b7  184   7    0.00166
1289    120.4500  #b8b8b8  185   1    0.00083
1290    120.5500  #b8b8b9  185   2    0.00083
1291    120.8000  #b9b8b8  185   3    0.00207
1292    120.9000  #b9b8b9  185   4    0.00083
1293    121.2500  #b8b9b8  185   5    0.00289
1294    121.3500  #b8b9b9  185   6    0.00082
1295    121.6000  #b9b9b8  185   7    0.00206
1296    121.7000  #b9b9b9  186   1    0.00082
1297    121.8500  #b9b9ba  186   2    0.00123
1298    122.0500  #bab9b9  186   3    0.00164
1299    122.1500  #bab9ba  186   4    0.00082
1300    122.6000  #b9bab9  186   5    0.00368
1301    122.7000  #b9baba  186   6    0.00082
1302    122.9000  #babab9  186   7    0.00163
1303    123.0500  #bababa  187   1    0.00122
1304    123.1000  #bababb  187   2    0.00041
1305    123.4000  #bbbaba  187   3    0.00243
1306    123.5500  #bbbabb  187   4    0.00121
1307    123.8500  #babbba  187   5    0.00243
1308    124.0000  #babbbb  187   6    0.00121
1309    124.2500  #bbbbba  187   7    0.00201
1310    124.3500  #bbbbbb  188   1    0.00080
1311    124.4500  #bbbbbc  188   2    0.00080
1312    124.7500  #bcbbbb  188   3    0.00241
1313    124.8500  #bcbbbc  188   4    0.00080
1314    125.2500  #bbbcbb  188   5    0.00320
1315    125.3000  #bbbcbc  188   6    0.00040
1316    125.6000  #bcbcbb  188   7    0.00239
1317    125.7000  #bcbcbc  189   1    0.00080
1318    125.8000  #bcbcbd  189   2    0.00080
1319    126.0500  #bdbcbc  189   3    0.00199
1320    126.2000  #bdbcbd  189   4    0.00119
1321    126.5500  #bcbdbc  189   5    0.00277
1322    126.6500  #bcbdbd  189   6    0.00079
1323    126.9000  #bdbdbc  189   7    0.00197
1324    127.1000  #bdbdbd  190   1    0.00157
1325    127.2000  #bdbdbe  190   2    0.00079
1326    127.4500  #bebdbd  190   3    0.00196
1327    127.5500  #bebdbe  190   4    0.00078
1328    127.9500  #bdbebd  190   5    0.00313
1329    128.1000  #bdbebe  190   6    0.00117
1330    128.3500  #bebebd  190   7    0.00195
1331    128.4500  #bebebe  191   1    0.00078
1332    128.6000  #bebebf  191   2    0.00117
1333    128.8000  #bfbebe  191   3    0.00155
1334    128.9500  #bfbebf  191   4    0.00116
1335    129.3000  #bebfbe  191   5    0.00271
1336    129.4500  #bebfbf  191   6    0.00116
1337    129.7500  #bfbfbe  191   7    0.00231
1338    129.8000  #bfbfbf  192   1    0.00039
1339    129.9000  #bfbfc0  192   2    0.00077
1340    130.2000  #c0bfbf  192   3    0.00231
1341    130.3000  #c0bfc0  192   4    0.00077
1342    130.7500  #bfc0bf  192   5    0.00345
1343    130.8500  #bfc0c0  192   6    0.00076
1344    131.1000  #c0c0bf  192   7    0.00191
1345    131.2500  #c0c0c0  193   1    0.00114
1346    131.3500  #c0c0c1  193   2    0.00076
1347    131.6000  #c1c0c0  193   3    0.00190
1348    131.7500  #c1c0c1  193   4    0.00114
1349    132.0000  #c0c1c0  193   5    0.00190
1350    132.1500  #c0c1c1  193   6    0.00114
1351    132.4000  #c1c1c0  193   7    0.00189
1352    132.5500  #c1c1c1  194   1    0.00113
1353    132.6500  #c1c1c2  194   2    0.00075
1354    132.9500  #c2c1c1  194   3    0.00226
1355    133.0500  #c2c1c2  194   4    0.00075
1356    133.3500  #c1c2c1  194   5    0.00225
1357    133.4500  #c1c2c2  194   6    0.00075
1358    133.7500  #c2c2c1  194   7    0.00225
1359    133.8500  #c2c2c2  195   1    0.00075
1360    133.9500  #c2c2c3  195   2    0.00075
1361    134.1500  #c3c2c2  195   3    0.00149
1362    134.2500  #c3c2c3  195   4    0.00075
1363    134.6500  #c2c3c2  195   5    0.00298
1364    134.7000  #c2c3c3  195   6    0.00037
1365    134.9500  #c3c3c2  195   7    0.00185
1366    135.0500  #c3c3c3  196   1    0.00074
1367    135.1500  #c3c3c4  196   2    0.00074
1368    135.4000  #c4c3c3  196   3    0.00185
1369    135.5000  #c4c3c4  196   4    0.00074
1370    135.8500  #c3c4c3  196   5    0.00258
1371    136.0000  #c3c4c4  196   6    0.00110
1372    136.2500  #c4c4c3  196   7    0.00184
1373    136.3500  #c4c4c4  197   1    0.00073
1374    136.5000  #c4c4c5  197   2    0.00110
1375    136.7000  #c5c4c4  197   3    0.00146
1376    136.9000  #c5c4c5  197   4    0.00146
1377    137.1500  #c4c5c4  197   5    0.00182
1378    137.2500  #c4c5c5  197   6    0.00073
1379    137.5500  #c5c5c4  197   7    0.00218
1380    137.7000  #c5c5c5  198   1    0.00109
1381    137.8000  #c5c5c6  198   2    0.00073
1382    138.0500  #c6c5c5  198   3    0.00181
1383    138.1500  #c6c5c6  198   4    0.00072
1384    138.5000  #c5c6c5  198   5    0.00253
1385    138.6000  #c5c6c6  198   6    0.00072
1386    138.8500  #c6c6c5  198   7    0.00180
1387    138.9500  #c6c6c6  199   1    0.00072
1388    139.1000  #c6c6c7  199   2    0.00108
1389    139.3500  #c7c6c6  199   3    0.00180
1390    139.4500  #c7c6c7  199   4    0.00072
1391    139.8000  #c6c7c6  199   5    0.00251
1392    139.9000  #c6c7c7  199   6    0.00072
1393    140.2000  #c7c7c6  199   7    0.00214
1394    140.3000  #c7c7c7  200   1    0.00071
1395    140.4000  #c7c7c8  200   2    0.00071
1396    140.7000  #c8c7c7  200   3    0.00213
1397    140.8000  #c8c7c8  200   4    0.00071
1398    141.1500  #c7c8c7  200   5    0.00248
1399    141.2500  #c7c8c8  200   6    0.00071
1400    141.5000  #c8c8c7  200   7    0.00177
1401    141.6000  #c8c8c8  201   1    0.00071
1402    141.7000  #c8c8c9  201   2    0.00071
1403    142.0500  #c9c8c8  201   3    0.00247
1404    142.1500  #c9c8c9  201   4    0.00070
1405    142.4500  #c8c9c8  201   5    0.00211
1406    142.5500  #c8c9c9  201   6    0.00070
1407    142.8500  #c9c9c8  201   7    0.00210
1408    143.0000  #c9c9c9  202   1    0.00105
1409    143.0500  #c9c9ca  202   2    0.00035
1410    143.3500  #cac9c9  202   3    0.00209
1411    143.4500  #cac9ca  202   4    0.00070
1412    143.8000  #c9cac9  202   5    0.00244
1413    143.9000  #c9caca  202   6    0.00070
1414    144.2500  #cacac9  202   7    0.00243
1415    144.3500  #cacaca  203   1    0.00069
1416    144.6000  #cacacb  203   2    0.00173
1417    144.7000  #cbcaca  203   3    0.00069
1418    144.9500  #cbcacb  203   4    0.00173
1419    145.1500  #cacbca  203   5    0.00138
1420    145.4000  #cacbcb  203   6    0.00172
1421    145.5500  #cbcbca  203   7    0.00103
1422    145.8000  #cbcbcb  204   1    0.00172
1423    145.9000  #cbcbcc  204   2    0.00069
1424    145.7500  #cccbcb  204   3   -0.00103
1425    145.9000  #cccbcc  204   4    0.00103
1426    146.6500  #cbcccb  204   5    0.00513
1427    146.7500  #cbcccc  204   6    0.00068
1428    146.6000  #cccccb  204   7   -0.00102
1429    146.7500  #cccccc  205   1    0.00102
1430    146.8500  #cccccd  205   2    0.00068
1431    147.1000  #cdcccc  205   3    0.00170
1432    147.3000  #cdcccd  205   4    0.00136
1433    147.6000  #cccdcc  205   5    0.00203
1434    147.7000  #cccdcd  205   6    0.00068
1435    147.9500  #cdcdcc  205   7    0.00169
1436    148.1000  #cdcdcd  206   1    0.00101
1437    148.2500  #cdcdce  206   2    0.00101
1438    148.5000  #cecdcd  206   3    0.00168
1439    148.7000  #cecdce  206   4    0.00135
1440    148.9500  #cdcecd  206   5    0.00168
1441    149.1000  #cdcece  206   6    0.00101
1442    149.3500  #cececd  206   7    0.00168
1443    149.5000  #cecece  207   1    0.00100
1444    149.6000  #cececf  207   2    0.00067
1445    149.7500  #cfcece  207   3    0.00100
1446    149.9000  #cfcecf  207   4    0.00100
1447    150.3000  #cecfce  207   5    0.00266
1448    150.4000  #cecfcf  207   6    0.00067
1449    150.3500  #cfcfce  207   7   -0.00033
1450    150.4000  #cfcfcf  208   1    0.00033
1451    150.4500  #cfcfd0  208   2    0.00033
1452    150.6000  #d0cfcf  208   3    0.00100
1453    151.1500  #d0cfd0  208   4    0.00365
1454    151.3000  #cfd0cf  208   5    0.00099
1455    151.3500  #cfd0d0  208   6    0.00033
1456    151.5000  #d0d0cf  208   7    0.00099
1457    151.5500  #d0d0d0  209   1    0.00033
1458    152.0500  #d0d0d1  209   2    0.00329
1459    152.2500  #d1d0d0  209   3    0.00131
1460    152.3000  #d1d0d1  209   4    0.00033
1461    152.4000  #d0d1d0  209   5    0.00066
1462    152.9500  #d0d1d1  209   6    0.00360
1463    153.1000  #d1d1d0  209   7    0.00098
1464    153.1500  #d1d1d1  210   1    0.00033
1465    153.2000  #d1d1d2  210   2    0.00033
1466    153.3500  #d2d1d1  210   3    0.00098
1467    153.4000  #d2d1d2  210   4    0.00033
1468    154.0500  #d1d2d1  210   5    0.00423
1469    154.0500  #d1d2d2  210   6    0.00000
1470    154.2000  #d2d2d1  210   7    0.00097
1471    154.2500  #d2d2d2  211   1    0.00032
1472    154.3500  #d2d2d3  211   2    0.00065
1473    155.0000  #d3d2d2  211   3    0.00420
1474    155.0500  #d3d2d3  211   4    0.00032
1475    155.1500  #d2d3d2  211   5    0.00064
1476    155.2000  #d2d3d3  211   6    0.00032
1477    155.9000  #d3d3d2  211   7    0.00450
1478    155.9500  #d3d3d3  212   1    0.00032
1479    156.0000  #d3d3d4  212   2    0.00032
1480    156.1000  #d4d3d3  212   3    0.00064
1481    156.2000  #d4d3d4  212   4    0.00064
1482    156.8000  #d3d4d3  212   5    0.00383
1483    156.8500  #d3d4d4  212   6    0.00032
1484    157.0000  #d4d4d3  212   7    0.00096
1485    157.0500  #d4d4d4  213   1    0.00032
1486    157.1000  #d4d4d5  213   2    0.00032
1487    157.7000  #d5d4d4  213   3    0.00381
1488    157.8000  #d5d4d5  213   4    0.00063
1489    157.9500  #d4d5d4  213   5    0.00095
1490    158.0000  #d4d5d5  213   6    0.00032
1491    158.6000  #d5d5d4  213   7    0.00379
1492    158.6500  #d5d5d5  214   1    0.00032
1493    158.7000  #d5d5d6  214   2    0.00032
1494    158.8500  #d6d5d5  214   3    0.00094
1495    158.9000  #d6d5d6  214   4    0.00031
1496    159.0500  #d5d6d5  214   5    0.00094
1497    159.6000  #d5d6d6  214   6    0.00345
1498    159.7500  #d6d6d5  214   7    0.00094
1499    159.8000  #d6d6d6  215   1    0.00031
1500    159.8500  #d6d6d7  215   2    0.00031
1501    160.5000  #d7d6d6  215   3    0.00406
1502    160.5500  #d7d6d7  215   4    0.00031
1503    160.7000  #d6d7d6  215   5    0.00093
1504    160.7500  #d6d7d7  215   6    0.00031
1505    160.9000  #d7d7d6  215   7    0.00093
1506    161.4500  #d7d7d7  216   1    0.00341
1507    161.5000  #d7d7d8  216   2    0.00031
1508    161.6500  #d8d7d7  216   3    0.00093
1509    162.2000  #d8d7d8  216   4    0.00340
1510    162.3500  #d7d8d7  216   5    0.00092
1511    162.4000  #d7d8d8  216   6    0.00031
1512    162.5500  #d8d8d7  216   7    0.00092
1513    163.1000  #d8d8d8  217   1    0.00338
1514    163.2000  #d8d8d9  217   2    0.00061
1515    163.3000  #d9d8d8  217   3    0.00061
1516    163.3500  #d9d8d9  217   4    0.00031
1517    164.0500  #d8d9d8  217   5    0.00428
1518    164.1000  #d8d9d9  217   6    0.00030
1519    164.2000  #d9d9d8  217   7    0.00061
1520    164.3000  #d9d9d9  218   1    0.00061
1521    164.3500  #d9d9da  218   2    0.00030
1522    164.4500  #dad9d9  218   3    0.00061
1523    164.9500  #dad9da  218   4    0.00304
1524    165.2000  #d9dad9  218   5    0.00151
1525    165.2500  #d9dada  218   6    0.00030
1526    165.3500  #dadad9  218   7    0.00060
1527    165.4000  #dadada  219   1    0.00030
1528    165.9500  #dadadb  219   2    0.00332
1529    166.1000  #dbdada  219   3    0.00090
1530    166.1500  #dbdadb  219   4    0.00030
1531    166.3000  #dadbda  219   5    0.00090
1532    166.8500  #dadbdb  219   6    0.00330
1533    167.0000  #dbdbda  219   7    0.00090
1534    167.0500  #dbdbdb  220   1    0.00030
1535    167.1000  #dbdbdc  220   2    0.00030
1536    167.0000  #dcdbdb  220   3   -0.00060
1537    167.5000  #dcdbdc  220   4    0.00299
1538    167.5000  #dbdcdb  220   5    0.00000
1539    168.0000  #dbdcdc  220   6    0.00298
1540    168.0000  #dcdcdb  220   7    0.00000
1541    168.0000  #dcdcdc  221   1    0.00000
1542    168.5000  #dcdcdd  221   2    0.00297
1543    168.5000  #dddcdc  221   3    0.00000
1544    168.5000  #dddcdd  221   4    0.00000
1545    169.0000  #dcdddc  221   5    0.00296
1546    169.5000  #dcdddd  221   6    0.00295
1547    169.5000  #dddddc  221   7    0.00000
1548    169.5000  #dddddd  222   1    0.00000
1549    169.5000  #ddddde  222   2    0.00000
1550    170.0000  #dedddd  222   3    0.00295
1551    170.0000  #deddde  222   4    0.00000
1552    170.5000  #dddedd  222   5    0.00294
1553    170.5000  #dddede  222   6    0.00000
1554    170.5000  #dededd  222   7    0.00000
1555    170.5000  #dedede  223   1    0.00000
1556    171.0000  #dededf  223   2    0.00293
1557    171.5000  #dfdede  223   3    0.00292
1558    171.5000  #dfdedf  223   4    0.00000
1559    171.5000  #dedfde  223   5    0.00000
1560    172.5000  #dedfdf  223   6    0.00581
1561    172.5000  #dfdfde  223   7    0.00000
1562    172.5000  #dfdfdf  224   1    0.00000
1563    172.5000  #dfdfe0  224   2    0.00000
1564    173.0000  #e0dfdf  224   3    0.00289
1565    173.0000  #e0dfe0  224   4    0.00000
1566    173.5000  #dfe0df  224   5    0.00289
1567    173.5000  #dfe0e0  224   6    0.00000
1568    173.5000  #e0e0df  224   7    0.00000
1569    173.5000  #e0e0e0  225   1    0.00000
1570    174.0000  #e0e0e1  225   2    0.00288
1571    174.5000  #e1e0e0  225   3    0.00287
1572    174.5000  #e1e0e1  225   4    0.00000
1573    174.5000  #e0e1e0  225   5    0.00000
1574    175.0000  #e0e1e1  225   6    0.00286
1575    175.0000  #e1e1e0  225   7    0.00000
1576    175.5000  #e1e1e1  226   1    0.00285
1577    175.5000  #e1e1e2  226   2    0.00000
1578    175.5000  #e2e1e1  226   3    0.00000
1579    176.0000  #e2e1e2  226   4    0.00284
1580    176.0000  #e1e2e1  226   5    0.00000
1581    176.5000  #e1e2e2  226   6    0.00284
1582    176.5000  #e2e2e1  226   7    0.00000
1583    177.0000  #e2e2e2  227   1    0.00283
1584    177.0000  #e2e2e3  227   2    0.00000
1585    177.5000  #e3e2e2  227   3    0.00282
1586    177.5000  #e3e2e3  227   4    0.00000
1587    177.5000  #e2e3e2  227   5    0.00000
1588    177.5000  #e2e3e3  227   6    0.00000
1589    178.5000  #e3e3e2  227   7    0.00562
1590    178.5000  #e3e3e3  228   1    0.00000
1591    178.5000  #e3e3e4  228   2    0.00000
1592    178.5000  #e4e3e3  228   3    0.00000
1593    179.0000  #e4e3e4  228   4    0.00280
1594    179.5000  #e3e4e3  228   5    0.00279
1595    179.5000  #e3e4e4  228   6    0.00000
1596    179.5000  #e4e4e3  228   7    0.00000
1597    180.0000  #e4e4e4  229   1    0.00278
1598    180.0000  #e4e4e5  229   2    0.00000
1599    180.0000  #e5e4e4  229   3    0.00000
1600    180.0000  #e5e4e5  229   4    0.00000
1601    180.5000  #e4e5e4  229   5    0.00277
1602    180.5000  #e4e5e5  229   6    0.00000
1603    181.0000  #e5e5e4  229   7    0.00277
1604    181.0000  #e5e5e5  230   1    0.00000
1605    181.5000  #e5e5e6  230   2    0.00276
1606    182.0000  #e6e5e5  230   3    0.00275
1607    182.0000  #e6e5e6  230   4    0.00000
1608    182.0000  #e5e6e5  230   5    0.00000
1609    182.0000  #e5e6e6  230   6    0.00000
1610    183.0000  #e6e6e5  230   7    0.00548
1611    183.0000  #e6e6e6  231   1    0.00000
1612    183.0000  #e6e6e7  231   2    0.00000
1613    183.0000  #e7e6e6  231   3    0.00000
1614    183.0000  #e7e6e7  231   4    0.00000
1615    184.0000  #e6e7e6  231   5    0.00545
1616    184.0000  #e6e7e7  231   6    0.00000
1617    184.0000  #e7e7e6  231   7    0.00000
1618    184.0000  #e7e7e7  232   1    0.00000
1619    184.0000  #e7e7e8  232   2    0.00000
1620    185.0000  #e8e7e7  232   3    0.00542
1621    185.0000  #e8e7e8  232   4    0.00000
1622    185.0000  #e7e8e7  232   5    0.00000
1623    185.0000  #e7e8e8  232   6    0.00000
1624    186.0000  #e8e8e7  232   7    0.00539
1625    186.0000  #e8e8e8  233   1    0.00000
1626    186.0000  #e8e8e9  233   2    0.00000
1627    186.0000  #e9e8e8  233   3    0.00000
1628    186.0000  #e9e8e9  233   4    0.00000
1629    187.0000  #e8e9e8  233   5    0.00536
1630    187.0000  #e8e9e9  233   6    0.00000
1631    187.0000  #e9e9e8  233   7    0.00000
1632    187.0000  #e9e9e9  234   1    0.00000
1633    187.5000  #e9e9ea  234   2    0.00267
1634    187.5000  #eae9e9  234   3    0.00000
1635    188.0000  #eae9ea  234   4    0.00266
1636    188.0000  #e9eae9  234   5    0.00000
1637    188.5000  #e9eaea  234   6    0.00266
1638    188.5000  #eaeae9  234   7    0.00000
1639    189.0000  #eaeaea  235   1    0.00265
1640    189.0000  #eaeaeb  235   2    0.00000
1641    189.0000  #ebeaea  235   3    0.00000
1642    189.0000  #ebeaeb  235   4    0.00000
1643    190.0000  #eaebea  235   5    0.00528
1644    190.0000  #eaebeb  235   6    0.00000
1645    190.0000  #ebebea  235   7    0.00000
1646    190.0000  #ebebeb  236   1    0.00000
1647    190.5000  #ebebec  236   2    0.00263
1648    190.5000  #ecebeb  236   3    0.00000
1649    190.5000  #ecebec  236   4    0.00000
1650    191.0000  #ebeceb  236   5    0.00262
1651    191.5000  #ebecec  236   6    0.00261
1652    191.5000  #ececeb  236   7    0.00000
1653    191.5000  #ececec  237   1    0.00000
1654    191.5000  #ececed  237   2    0.00000
1655    192.5000  #edecec  237   3    0.00521
1656    192.5000  #edeced  237   4    0.00000
1657    192.5000  #ecedec  237   5    0.00000
1658    192.5000  #eceded  237   6    0.00000
1659    193.0000  #ededec  237   7    0.00259
1660    193.5000  #ededed  238   1    0.00259
1661    193.5000  #ededee  238   2    0.00000
1662    193.5000  #eeeded  238   3    0.00000
1663    193.5000  #eeedee  238   4    0.00000
1664    194.0000  #edeeed  238   5    0.00258
1665    194.5000  #edeeee  238   6    0.00257
1666    194.5000  #eeeeed  238   7    0.00000
1667    195.0000  #eeeeee  239   1    0.00257
1668    195.0000  #eeeeef  239   2    0.00000
1669    195.5000  #efeeee  239   3    0.00256
1670    195.5000  #efeeef  239   4    0.00000
1671    195.5000  #eeefee  239   5    0.00000
1672    196.0000  #eeefef  239   6    0.00255
1673    196.5000  #efefee  239   7    0.00255
1674    196.5000  #efefef  240   1    0.00000
1675    196.5000  #efeff0  240   2    0.00000
1676    197.0000  #f0efef  240   3    0.00254
1677    197.0000  #f0eff0  240   4    0.00000
1678    197.5000  #eff0ef  240   5    0.00253
1679    197.5000  #eff0f0  240   6    0.00000
1680    198.0000  #f0f0ef  240   7    0.00253
1681    198.0000  #f0f0f0  241   1    0.00000
1682    198.0000  #f0f0f1  241   2    0.00000
1683    198.0000  #f1f0f0  241   3    0.00000
1684    198.5000  #f1f0f1  241   4    0.00252
1685    199.0000  #f0f1f0  241   5    0.00252
1686    199.0000  #f0f1f1  241   6    0.00000
1687    199.0000  #f1f1f0  241   7    0.00000
1688    199.5000  #f1f1f1  242   1    0.00251
1689    200.0000  #f1f1f2  242   2    0.00250
1690    200.0000  #f2f1f1  242   3    0.00000
1691    200.5000  #f2f1f2  242   4    0.00250
1692    201.0000  #f1f2f1  242   5    0.00249
1693    201.0000  #f1f2f2  242   6    0.00000
1694    201.0000  #f2f2f1  242   7    0.00000
1695    201.5000  #f2f2f2  243   1    0.00248
1696    202.0000  #f2f2f3  243   2    0.00248
1697    202.0000  #f3f2f2  243   3    0.00000
1698    202.0000  #f3f2f3  243   4    0.00000
1699    202.5000  #f2f3f2  243   5    0.00247
1700    203.0000  #f2f3f3  243   6    0.00247
1701    203.0000  #f3f3f2  243   7    0.00000
1702    203.0000  #f3f3f3  244   1    0.00000
1703    203.5000  #f3f3f4  244   2    0.00246
1704    203.5000  #f4f3f3  244   3    0.00000
1705    204.0000  #f4f3f4  244   4    0.00245
1706    204.5000  #f3f4f3  244   5    0.00245
1707    204.5000  #f3f4f4  244   6    0.00000
1708    204.5000  #f4f4f3  244   7    0.00000
1709    205.0000  #f4f4f4  245   1    0.00244
1710    205.5000  #f4f4f5  245   2    0.00244
1711    205.5000  #f5f4f4  245   3    0.00000
1712    205.5000  #f5f4f5  245   4    0.00000
1713    206.5000  #f4f5f4  245   5    0.00485
1714    206.5000  #f4f5f5  245   6    0.00000
1715    206.5000  #f5f5f4  245   7    0.00000
1716    207.5000  #f5f5f5  246   1    0.00483
1717    207.5000  #f5f5f6  246   2    0.00000
1718    207.5000  #f6f5f5  246   3    0.00000
1719    207.5000  #f6f5f6  246   4    0.00000
1720    208.5000  #f5f6f5  246   5    0.00481
1721    208.5000  #f5f6f6  246   6    0.00000
1722    208.5000  #f6f6f5  246   7    0.00000
1723    208.5000  #f6f6f6  247   1    0.00000
1724    209.0000  #f6f6f7  247   2    0.00240
1725    209.5000  #f7f6f6  247   3    0.00239
1726    209.5000  #f7f6f7  247   4    0.00000
1727    210.5000  #f6f7f6  247   5    0.00476
1728    210.5000  #f6f7f7  247   6    0.00000
1729    210.5000  #f7f7f6  247   7    0.00000
1730    210.5000  #f7f7f7  248   1    0.00000
1731    211.0000  #f7f7f8  248   2    0.00237
1732    211.5000  #f8f7f7  248   3    0.00237
1733    211.5000  #f8f7f8  248   4    0.00000
1734    212.0000  #f7f8f7  248   5    0.00236
1735    212.0000  #f7f8f8  248   6    0.00000
1736    212.5000  #f8f8f7  248   7    0.00236
1737    213.0000  #f8f8f8  249   1    0.00235
1738    213.0000  #f8f8f9  249   2    0.00000
1739    213.0000  #f9f8f8  249   3    0.00000
1740    213.0000  #f9f8f9  249   4    0.00000
1741    214.0000  #f8f9f8  249   5    0.00468
1742    214.5000  #f8f9f9  249   6    0.00233
1743    214.0000  #f9f9f8  249   7   -0.00233
1744    214.5000  #f9f9f9  250   1    0.00233
1745    215.0000  #f9f9fa  250   2    0.00233
1746    215.0000  #faf9f9  250   3    0.00000
1747    215.0000  #faf9fa  250   4    0.00000
1748    216.0000  #f9faf9  250   5    0.00464
1749    216.0000  #f9fafa  250   6    0.00000
1750    217.0000  #fafaf9  250   7    0.00462
1751    217.0000  #fafafa  251   1    0.00000
1752    217.0000  #fafafb  251   2    0.00000
1753    217.0000  #fbfafa  251   3    0.00000
1754    217.5000  #fbfafb  251   4    0.00230
1755    218.0000  #fafbfa  251   5    0.00230
1756    218.0000  #fafbfb  251   6    0.00000
1757    218.5000  #fbfbfa  251   7    0.00229
1758    219.0000  #fbfbfb  252   1    0.00229
1759    219.0000  #fbfbfc  252   2    0.00000
1760    219.5000  #fcfbfb  252   3    0.00228
1761    220.0000  #fcfbfc  252   4    0.00228
1762    220.5000  #fbfcfb  252   5    0.00227
1763    221.0000  #fbfcfc  252   6    0.00227
1764    221.5000  #fcfcfb  252   7    0.00226
1765    221.5000  #fcfcfc  253   1    0.00000
1766    222.0000  #fcfcfd  253   2    0.00225
1767    222.0000  #fdfcfc  253   3    0.00000
1768    222.5000  #fdfcfd  253   4    0.00225
1769    223.0000  #fcfdfc  253   5    0.00224
1770    223.5000  #fcfdfd  253   6    0.00224
1771    223.5000  #fdfdfc  253   7    0.00000
1772    224.0000  #fdfdfd  254   1    0.00223
1773    224.5000  #fdfdfe  254   2    0.00223
1774    225.0000  #fefdfd  254   3    0.00222
1775    225.0000  #fefdfe  254   4    0.00000
1776    225.5000  #fdfefd  254   5    0.00222
1777    226.0000  #fdfefe  254   6    0.00221
1778    226.0000  #fefefd  254   7    0.00000
1779    226.5000  #fefefe  255   1    0.00221
1780    227.0000  #fefeff  255   2    0.00221
1781    227.0000  #fffefe  255   3    0.00000
1782    227.5000  #fffeff  255   4    0.00220
1783    228.0000  #fefffe  255   5    0.00220
1784    228.5000  #feffff  255   6    0.00219
1785    229.0000  #fffffe  255   7    0.00219
1786    229.0000  #ffffff  256   1    0.00000
