#  lumResponse - average luminance response
#  Display ID: GENERIC
#  2 files
#    46.9010 #ff0000
#   138.9080 #00ff00
#    18.2220 #0000ff
   1      0.2555  #000000    1   1 
   2      0.2555  #000001    1   2    0.00000
   3      0.2585  #010000    1   3    0.01167
   4      0.2595  #010001    1   4    0.00386
   5      0.2625  #000100    1   5    0.01149
   6      0.2560  #000101    1   6   -0.02507
   7      0.2560  #010100    1   7    0.00000
   8      0.2615  #010101    2   1    0.02126
   9      0.2540  #010102    2   2   -0.02910
  10      0.2690  #020101    2   3    0.05736
  11      0.2635  #020102    2   4   -0.02066
  12      0.2555  #010201    2   5   -0.03083
  13      0.2555  #010202    2   6    0.00000
  14      0.2605  #020201    2   7    0.01938
  15      0.2610  #020202    3   1    0.00192
  16      0.2600  #020203    3   2   -0.00384
  17      0.2650  #030202    3   3    0.01905
  18      0.2585  #030203    3   4   -0.02483
  19      0.2520  #020302    3   5   -0.02547
  20      0.2545  #020303    3   6    0.00987
  21      0.2555  #030302    3   7    0.00392
  22      0.2650  #030303    4   1    0.03650
  23      0.2570  #030304    4   2   -0.03065
  24      0.2555  #040303    4   3   -0.00585
  25      0.2575  #040304    4   4    0.00780
  26      0.2555  #030403    4   5   -0.00780
  27      0.2625  #030404    4   6    0.02703
  28      0.2570  #040403    4   7   -0.02117
  29      0.2580  #040404    5   1    0.00388
  30      0.2535  #040405    5   2   -0.01760
  31      0.2630  #050404    5   3    0.03679
  32      0.2590  #050405    5   4   -0.01533
  33      0.2645  #040504    5   5    0.02101
  34      0.2625  #040505    5   6   -0.00759
  35      0.2645  #050504    5   7    0.00759
  36      0.2560  #050505    6   1   -0.03266
  37      0.2650  #050506    6   2    0.03455
  38      0.2610  #060505    6   3   -0.01521
  39      0.2620  #060506    6   4    0.00382
  40      0.2610  #050605    6   5   -0.00382
  41      0.2605  #050606    6   6   -0.00192
  42      0.2640  #060605    6   7    0.01335
  43      0.2585  #060606    7   1   -0.02105
  44      0.2595  #060607    7   2    0.00386
  45      0.2630  #070606    7   3    0.01340
  46      0.2635  #070607    7   4    0.00190
  47      0.2675  #060706    7   5    0.01507
  48      0.2675  #060707    7   6    0.00000
  49      0.2700  #070706    7   7    0.00930
  50      0.2630  #070707    8   1   -0.02627
  51      0.2665  #070708    8   2    0.01322
  52      0.2645  #080707    8   3   -0.00753
  53      0.2625  #080708    8   4   -0.00759
  54      0.2670  #070807    8   5    0.01700
  55      0.2650  #070808    8   6   -0.00752
  56      0.2725  #080807    8   7    0.02791
  57      0.2670  #080808    9   1   -0.02039
  58      0.2670  #080809    9   2    0.00000
  59      0.2675  #090808    9   3    0.00187
  60      0.2600  #090809    9   4   -0.02844
  61      0.2660  #080908    9   5    0.02281
  62      0.2745  #080909    9   6    0.03145
  63      0.2800  #090908    9   7    0.01984
  64      0.2735  #090909   10   1   -0.02349
  65      0.2765  #09090a   10   2    0.01091
  66      0.2770  #0a0909   10   3    0.00181
  67      0.2810  #0a090a   10   4    0.01434
  68      0.2760  #090a09   10   5   -0.01795
  69      0.2715  #090a0a   10   6   -0.01644
  70      0.2780  #0a0a09   10   7    0.02366
  71      0.2775  #0a0a0a   11   1   -0.00180
  72      0.2905  #0a0a0b   11   2    0.04577
  73      0.2820  #0b0a0a   11   3   -0.02969
  74      0.2845  #0b0a0b   11   4    0.00883
  75      0.2910  #0a0b0a   11   5    0.02259
  76      0.2865  #0a0b0b   11   6   -0.01558
  77      0.2865  #0b0b0a   11   7    0.00000
  78      0.2885  #0b0b0b   12   1    0.00696
  79      0.2945  #0b0b0c   12   2    0.02058
  80      0.2950  #0c0b0b   12   3    0.00170
  81      0.2950  #0c0b0c   12   4    0.00000
  82      0.2970  #0b0c0b   12   5    0.00676
  83      0.2975  #0b0c0c   12   6    0.00168
  84      0.3005  #0c0c0b   12   7    0.01003
  85      0.3075  #0c0c0c   13   1    0.02303
  86      0.2935  #0c0c0d   13   2   -0.04659
  87      0.3085  #0d0c0c   13   3    0.04983
  88      0.3045  #0d0c0d   13   4   -0.01305
  89      0.3100  #0c0d0c   13   5    0.01790
  90      0.3110  #0c0d0d   13   6    0.00322
  91      0.3100  #0d0d0c   13   7   -0.00322
  92      0.3185  #0d0d0d   14   1    0.02705
  93      0.3090  #0d0d0e   14   2   -0.03028
  94      0.3215  #0e0d0d   14   3    0.03965
  95      0.3210  #0e0d0e   14   4   -0.00156
  96      0.3285  #0d0e0d   14   5    0.02309
  97      0.3275  #0d0e0e   14   6   -0.00305
  98      0.3240  #0e0e0d   14   7   -0.01074
  99      0.3315  #0e0e0e   15   1    0.02288
 100      0.3305  #0e0e0f   15   2   -0.00302
 101      0.3310  #0f0e0e   15   3    0.00151
 102      0.3385  #0f0e0f   15   4    0.02240
 103      0.3505  #0e0f0e   15   5    0.03483
 104      0.3480  #0e0f0f   15   6   -0.00716
 105      0.3540  #0f0f0e   15   7    0.01709
 106      0.3560  #0f0f0f   16   1    0.00563
 107      0.3570  #0f0f10   16   2    0.00281
 108      0.3650  #100f0f   16   3    0.02216
 109      0.3695  #100f10   16   4    0.01225
 110      0.3850  #0f100f   16   5    0.04109
 111      0.3740  #0f1010   16   6   -0.02899
 112      0.3830  #10100f   16   7    0.02378
 113      0.3885  #101010   17   1    0.01426
 114      0.3865  #101011   17   2   -0.00516
 115      0.3790  #111010   17   3   -0.01960
 116      0.3950  #111011   17   4    0.04134
 117      0.4010  #101110   17   5    0.01508
 118      0.4065  #101111   17   6    0.01362
 119      0.4140  #111110   17   7    0.01828
 120      0.4240  #111111   18   1    0.02387
 121      0.4155  #111112   18   2   -0.02025
 122      0.4210  #121111   18   3    0.01315
 123      0.4305  #121112   18   4    0.02231
 124      0.4480  #111211   18   5    0.03984
 125      0.4465  #111212   18   6   -0.00335
 126      0.4595  #121211   18   7    0.02870
 127      0.4535  #121212   19   1   -0.01314
 128      0.4585  #121213   19   2    0.01096
 129      0.4570  #131212   19   3   -0.00328
 130      0.4635  #131213   19   4    0.01412
 131      0.4560  #121312   19   5   -0.01631
 132      0.4490  #121313   19   6   -0.01547
 133      0.4625  #131312   19   7    0.02962
 134      0.4610  #131313   20   1   -0.00325
 135      0.4730  #131314   20   2    0.02570
 136      0.4785  #141313   20   3    0.01156
 137      0.4825  #141314   20   4    0.00832
 138      0.4930  #131413   20   5    0.02153
 139      0.4980  #131414   20   6    0.01009
 140      0.5005  #141413   20   7    0.00501
 141      0.5090  #141414   21   1    0.01684
 142      0.5230  #141415   21   2    0.02713
 143      0.5260  #151414   21   3    0.00572
 144      0.5390  #151415   21   4    0.02441
 145      0.5485  #141514   21   5    0.01747
 146      0.5530  #141515   21   6    0.00817
 147      0.5610  #151514   21   7    0.01436
 148      0.5675  #151515   22   1    0.01152
 149      0.5640  #151516   22   2   -0.00619
 150      0.5685  #161515   22   3    0.00795
 151      0.5765  #161516   22   4    0.01397
 152      0.6030  #151615   22   5    0.04493
 153      0.6060  #151616   22   6    0.00496
 154      0.6075  #161615   22   7    0.00247
 155      0.6145  #161616   23   1    0.01146
 156      0.6180  #161617   23   2    0.00568
 157      0.6295  #171616   23   3    0.01844
 158      0.6330  #171617   23   4    0.00554
 159      0.6600  #161716   23   5    0.04176
 160      0.6540  #161717   23   6   -0.00913
 161      0.6635  #171716   23   7    0.01442
 162      0.6675  #171717   24   1    0.00601
 163      0.6805  #171718   24   2    0.01929
 164      0.6895  #181717   24   3    0.01314
 165      0.6895  #181718   24   4    0.00000
 166      0.7150  #171817   24   5    0.03631
 167      0.7155  #171818   24   6    0.00070
 168      0.7285  #181817   24   7    0.01801
 169      0.7430  #181818   25   1    0.01971
 170      0.7385  #181819   25   2   -0.00607
 171      0.7480  #191818   25   3    0.01278
 172      0.7540  #191819   25   4    0.00799
 173      0.7575  #181918   25   5    0.00463
 174      0.7670  #181919   25   6    0.01246
 175      0.7755  #191918   25   7    0.01102
 176      0.7740  #191919   26   1   -0.00194
 177      0.7850  #19191a   26   2    0.01411
 178      0.7990  #1a1919   26   3    0.01768
 179      0.7985  #1a191a   26   4   -0.00063
 180      0.8325  #191a19   26   5    0.04169
 181      0.8400  #191a1a   26   6    0.00897
 182      0.8605  #1a1a19   26   7    0.02411
 183      0.8615  #1a1a1a   27   1    0.00116
 184      0.8605  #1a1a1b   27   2   -0.00116
 185      0.8750  #1b1a1a   27   3    0.01671
 186      0.8820  #1b1a1b   27   4    0.00797
 187      0.9200  #1a1b1a   27   5    0.04218
 188      0.9290  #1a1b1b   27   6    0.00973
 189      0.9375  #1b1b1a   27   7    0.00911
 190      0.9465  #1b1b1b   28   1    0.00955
 191      0.9565  #1b1b1c   28   2    0.01051
 192      0.9560  #1c1b1b   28   3   -0.00052
 193      0.9620  #1c1b1c   28   4    0.00626
 194      0.9750  #1b1c1b   28   5    0.01342
 195      0.9895  #1b1c1c   28   6    0.01476
 196      0.9920  #1c1c1b   28   7    0.00252
 197      0.9980  #1c1c1c   29   1    0.00603
 198      1.0070  #1c1c1d   29   2    0.00898
 199      1.0280  #1d1c1c   29   3    0.02064
 200      1.0375  #1d1c1d   29   4    0.00920
 201      1.0725  #1c1d1c   29   5    0.03318
 202      1.0735  #1c1d1d   29   6    0.00093
 203      1.0990  #1d1d1c   29   7    0.02348
 204      1.1200  #1d1d1d   30   1    0.01893
 205      1.1165  #1d1d1e   30   2   -0.00313
 206      1.1185  #1e1d1d   30   3    0.00179
 207      1.1305  #1e1d1e   30   4    0.01067
 208      1.1870  #1d1e1d   30   5    0.04876
 209      1.2020  #1d1e1e   30   6    0.01256
 210      1.2025  #1e1e1d   30   7    0.00042
 211      1.2135  #1e1e1e   31   1    0.00911
 212      1.2150  #1e1e1f   31   2    0.00124
 213      1.2360  #1f1e1e   31   3    0.01714
 214      1.2370  #1f1e1f   31   4    0.00081
 215      1.2550  #1e1f1e   31   5    0.01445
 216      1.2640  #1e1f1f   31   6    0.00715
 217      1.2865  #1f1f1e   31   7    0.01764
 218      1.2860  #1f1f1f   32   1   -0.00039
 219      1.2920  #1f1f20   32   2    0.00465
 220      1.3110  #201f1f   32   3    0.01460
 221      1.3230  #201f20   32   4    0.00911
 222      1.3700  #1f201f   32   5    0.03491
 223      1.3795  #1f2020   32   6    0.00691
 224      1.4110  #20201f   32   7    0.02258
 225      1.4165  #202020   33   1    0.00389
 226      1.4260  #202021   33   2    0.00668
 227      1.4400  #212020   33   3    0.00977
 228      1.4625  #212021   33   4    0.01550
 229      1.5075  #202120   33   5    0.03030
 230      1.5210  #202121   33   6    0.00892
 231      1.5450  #212120   33   7    0.01566
 232      1.5545  #212121   34   1    0.00613
 233      1.5690  #212122   34   2    0.00928
 234      1.6015  #222121   34   3    0.02050
 235      1.6015  #222122   34   4    0.00000
 236      1.6645  #212221   34   5    0.03858
 237      1.6775  #212222   34   6    0.00778
 238      1.6935  #222221   34   7    0.00949
 239      1.7135  #222222   35   1    0.01174
 240      1.7255  #222223   35   2    0.00698
 241      1.7605  #232222   35   3    0.02008
 242      1.7715  #232223   35   4    0.00623
 243      1.8340  #222322   35   5    0.03467
 244      1.8375  #222323   35   6    0.00191
 245      1.8625  #232322   35   7    0.01351
 246      1.8740  #232323   36   1    0.00616
 247      1.8965  #232324   36   2    0.01193
 248      1.9145  #242323   36   3    0.00945
 249      1.9280  #242324   36   4    0.00703
 250      1.9895  #232423   36   5    0.03140
 251      1.9975  #232424   36   6    0.00401
 252      2.0235  #242423   36   7    0.01293
 253      2.0430  #242424   37   1    0.00959
 254      2.0365  #242425   37   2   -0.00319
 255      2.0425  #252424   37   3    0.00294
 256      2.0345  #252425   37   4   -0.00392
 257      2.0335  #242524   37   5   -0.00049
 258      2.0390  #242525   37   6    0.00270
 259      2.0395  #252524   37   7    0.00025
 260      2.0335  #252525   38   1   -0.00295
 261      2.0505  #252526   38   2    0.00833
 262      2.0690  #262525   38   3    0.00898
 263      2.0830  #262526   38   4    0.00674
 264      2.1460  #252625   38   5    0.02979
 265      2.1615  #252626   38   6    0.00720
 266      2.1885  #262625   38   7    0.01241
 267      2.1980  #262626   39   1    0.00433
 268      2.2090  #262627   39   2    0.00499
 269      2.2255  #272626   39   3    0.00744
 270      2.2385  #272627   39   4    0.00582
 271      2.2875  #262726   39   5    0.02165
 272      2.3115  #262727   39   6    0.01044
 273      2.3245  #272726   39   7    0.00561
 274      2.3350  #272727   40   1    0.00451
 275      2.3580  #272728   40   2    0.00980
 276      2.3720  #282727   40   3    0.00592
 277      2.3865  #282728   40   4    0.00609
 278      2.4515  #272827   40   5    0.02687
 279      2.4635  #272828   40   6    0.00488
 280      2.4795  #282827   40   7    0.00647
 281      2.5035  #282828   41   1    0.00963
 282      2.5090  #282829   41   2    0.00219
 283      2.5310  #292828   41   3    0.00873
 284      2.5450  #292829   41   4    0.00552
 285      2.6000  #282928   41   5    0.02138
 286      2.6105  #282929   41   6    0.00403
 287      2.6305  #292928   41   7    0.00763
 288      2.6550  #292929   42   1    0.00927
 289      2.6650  #29292a   42   2    0.00376
 290      2.6865  #2a2929   42   3    0.00804
 291      2.6975  #2a292a   42   4    0.00409
 292      2.7595  #292a29   42   5    0.02272
 293      2.7765  #292a2a   42   6    0.00614
 294      2.7875  #2a2a29   42   7    0.00395
 295      2.8085  #2a2a2a   43   1    0.00751
 296      2.8205  #2a2a2b   43   2    0.00426
 297      2.8500  #2b2a2a   43   3    0.01040
 298      2.8575  #2b2a2b   43   4    0.00263
 299      2.8640  #2a2b2a   43   5    0.00227
 300      2.8635  #2a2b2b   43   6   -0.00017
 301      2.9060  #2b2b2a   43   7    0.01473
 302      2.9035  #2b2b2b   44   1   -0.00086
 303      2.9180  #2b2b2c   44   2    0.00498
 304      2.9180  #2c2b2b   44   3    0.00000
 305      2.9355  #2c2b2c   44   4    0.00598
 306      3.0135  #2b2c2b   44   5    0.02622
 307      3.0320  #2b2c2c   44   6    0.00612
 308      3.0305  #2c2c2b   44   7   -0.00049
 309      3.0500  #2c2c2c   45   1    0.00641
 310      3.0710  #2c2c2d   45   2    0.00686
 311      3.0910  #2d2c2c   45   3    0.00649
 312      3.1045  #2d2c2d   45   4    0.00436
 313      3.1690  #2c2d2c   45   5    0.02056
 314      3.1830  #2c2d2d   45   6    0.00441
 315      3.2105  #2d2d2c   45   7    0.00860
 316      3.2270  #2d2d2d   46   1    0.00513
 317      3.2450  #2d2d2e   46   2    0.00556
 318      3.2420  #2e2d2d   46   3   -0.00092
 319      3.2620  #2e2d2e   46   4    0.00615
 320      3.2830  #2d2e2d   46   5    0.00642
 321      3.2990  #2d2e2e   46   6    0.00486
 322      3.3065  #2e2e2d   46   7    0.00227
 323      3.3125  #2e2e2e   47   1    0.00181
 324      3.3340  #2e2e2f   47   2    0.00647
 325      3.3595  #2f2e2e   47   3    0.00762
 326      3.3800  #2f2e2f   47   4    0.00608
 327      3.4445  #2e2f2e   47   5    0.01890
 328      3.4655  #2e2f2f   47   6    0.00608
 329      3.5020  #2f2f2e   47   7    0.01048
 330      3.5110  #2f2f2f   48   1    0.00257
 331      3.5320  #2f2f30   48   2    0.00596
 332      3.5510  #302f2f   48   3    0.00536
 333      3.5770  #302f30   48   4    0.00730
 334      3.6530  #2f302f   48   5    0.02102
 335      3.6560  #2f3030   48   6    0.00082
 336      3.6825  #30302f   48   7    0.00722
 337      3.7140  #303030   49   1    0.00852
 338      3.7065  #303031   49   2   -0.00202
 339      3.7570  #313030   49   3    0.01353
 340      3.7560  #313031   49   4   -0.00027
 341      3.7790  #303130   49   5    0.00610
 342      3.7860  #303131   49   6    0.00185
 343      3.8225  #313130   49   7    0.00959
 344      3.8345  #313131   50   1    0.00313
 345      3.8420  #313132   50   2    0.00195
 346      3.8685  #323131   50   3    0.00687
 347      3.8955  #323132   50   4    0.00696
 348      3.9685  #313231   50   5    0.01857
 349      3.9855  #313232   50   6    0.00427
 350      4.0170  #323231   50   7    0.00787
 351      4.0405  #323232   51   1    0.00583
 352      4.0535  #323233   51   2    0.00321
 353      4.0620  #333232   51   3    0.00209
 354      4.0715  #333233   51   4    0.00234
 355      4.1745  #323332   51   5    0.02498
 356      4.1930  #323333   51   6    0.00442
 357      4.2050  #333332   51   7    0.00286
 358      4.2270  #333333   52   1    0.00522
 359      4.2355  #333334   52   2    0.00201
 360      4.2630  #343333   52   3    0.00647
 361      4.2860  #343334   52   4    0.00538
 362      4.3640  #333433   52   5    0.01803
 363      4.3945  #333434   52   6    0.00696
 364      4.4160  #343433   52   7    0.00488
 365      4.4395  #343434   53   1    0.00531
 366      4.4520  #343435   53   2    0.00281
 367      4.4895  #353434   53   3    0.00839
 368      4.5015  #353435   53   4    0.00267
 369      4.5975  #343534   53   5    0.02110
 370      4.6115  #343535   53   6    0.00304
 371      4.6435  #353534   53   7    0.00692
 372      4.6690  #353535   54   1    0.00548
 373      4.6850  #353536   54   2    0.00342
 374      4.7145  #363535   54   3    0.00628
 375      4.7430  #363536   54   4    0.00603
 376      4.8295  #353635   54   5    0.01807
 377      4.8460  #353636   54   6    0.00341
 378      4.8845  #363635   54   7    0.00791
 379      4.8920  #363636   55   1    0.00153
 380      4.9090  #363637   55   2    0.00347
 381      4.9280  #373636   55   3    0.00386
 382      4.9210  #373637   55   4   -0.00142
 383      4.9000  #363736   55   5   -0.00428
 384      4.9010  #363737   55   6    0.00020
 385      4.9285  #373736   55   7    0.00560
 386      4.9220  #373737   56   1   -0.00132
 387      4.9465  #373738   56   2    0.00497
 388      4.9755  #383737   56   3    0.00585
 389      4.9930  #383738   56   4    0.00351
 390      5.0875  #373837   56   5    0.01875
 391      5.1085  #373838   56   6    0.00412
 392      5.1435  #383837   56   7    0.00683
 393      5.1715  #383838   57   1    0.00543
 394      5.1885  #383839   57   2    0.00328
 395      5.2235  #393838   57   3    0.00672
 396      5.2530  #393839   57   4    0.00563
 397      5.3365  #383938   57   5    0.01577
 398      5.3575  #383939   57   6    0.00393
 399      5.3985  #393938   57   7    0.00762
 400      5.4260  #393939   58   1    0.00508
 401      5.4440  #39393a   58   2    0.00331
 402      5.4845  #3a3939   58   3    0.00741
 403      5.5040  #3a393a   58   4    0.00355
 404      5.6015  #393a39   58   5    0.01756
 405      5.6325  #393a3a   58   6    0.00552
 406      5.6725  #3a3a39   58   7    0.00708
 407      5.6900  #3a3a3a   59   1    0.00308
 408      5.7110  #3a3a3b   59   2    0.00368
 409      5.7240  #3b3a3a   59   3    0.00227
 410      5.7405  #3b3a3b   59   4    0.00288
 411      5.8765  #3a3b3a   59   5    0.02341
 412      5.8980  #3a3b3b   59   6    0.00365
 413      5.9075  #3b3b3a   59   7    0.00161
 414      5.9385  #3b3b3b   60   1    0.00523
 415      5.9490  #3b3b3c   60   2    0.00177
 416      5.9910  #3c3b3b   60   3    0.00704
 417      6.0190  #3c3b3c   60   4    0.00466
 418      6.1110  #3b3c3b   60   5    0.01517
 419      6.1420  #3b3c3c   60   6    0.00506
 420      6.1810  #3c3c3b   60   7    0.00633
 421      6.2005  #3c3c3c   61   1    0.00315
 422      6.1960  #3c3c3d   61   2   -0.00073
 423      6.2590  #3d3c3c   61   3    0.01012
 424      6.2675  #3d3c3d   61   4    0.00136
 425      6.2965  #3c3d3c   61   5    0.00462
 426      6.2910  #3c3d3d   61   6   -0.00087
 427      6.3585  #3d3d3c   61   7    0.01067
 428      6.3560  #3d3d3d   62   1   -0.00039
 429      6.3780  #3d3d3e   62   2    0.00346
 430      6.4170  #3e3d3d   62   3    0.00610
 431      6.4395  #3e3d3e   62   4    0.00350
 432      6.5455  #3d3e3d   62   5    0.01633
 433      6.5750  #3d3e3e   62   6    0.00450
 434      6.6030  #3e3e3d   62   7    0.00425
 435      6.6345  #3e3e3e   63   1    0.00476
 436      6.6635  #3e3e3f   63   2    0.00436
 437      6.7030  #3f3e3e   63   3    0.00591
 438      6.7295  #3f3e3f   63   4    0.00395
 439      6.8365  #3e3f3e   63   5    0.01577
 440      6.8640  #3e3f3f   63   6    0.00401
 441      6.8915  #3f3f3e   63   7    0.00400
 442      6.9235  #3f3f3f   64   1    0.00463
 443      6.9480  #3f3f40   64   2    0.00353
 444      6.9950  #403f3f   64   3    0.00674
 445      7.0185  #403f40   64   4    0.00335
 446      7.1210  #3f403f   64   5    0.01450
 447      7.1610  #3f4040   64   6    0.00560
 448      7.1925  #40403f   64   7    0.00439
 449      7.2205  #404040   65   1    0.00389
 450      7.2470  #404041   65   2    0.00366
 451      7.2535  #414040   65   3    0.00090
 452      7.2825  #414041   65   4    0.00399
 453      7.3270  #404140   65   5    0.00609
 454      7.3500  #404141   65   6    0.00313
 455      7.3540  #414140   65   7    0.00054
 456      7.3895  #414141   66   1    0.00482
 457      7.4145  #414142   66   2    0.00338
 458      7.4285  #424141   66   3    0.00189
 459      7.4590  #424142   66   4    0.00410
 460      7.6110  #414241   66   5    0.02017
 461      7.6440  #414242   66   6    0.00433
 462      7.6410  #424241   66   7   -0.00039
 463      7.6785  #424242   67   1    0.00490
 464      7.6785  #424243   67   2    0.00000
 465      7.7540  #434242   67   3    0.00978
 466      7.7435  #434243   67   4   -0.00136
 467      7.7945  #424342   67   5    0.00656
 468      7.7830  #424343   67   6   -0.00148
 469      7.8500  #434342   67   7    0.00857
 470      7.8515  #434343   68   1    0.00019
 471      7.8810  #434344   68   2    0.00375
 472      7.9290  #444343   68   3    0.00607
 473      7.9610  #444344   68   4    0.00403
 474      8.0705  #434443   68   5    0.01366
 475      8.1125  #434444   68   6    0.00519
 476      8.1515  #444443   68   7    0.00480
 477      8.1860  #444444   69   1    0.00422
 478      8.2115  #444445   69   2    0.00311
 479      8.2545  #454444   69   3    0.00522
 480      8.2820  #454445   69   4    0.00333
 481      8.3990  #444544   69   5    0.01403
 482      8.4320  #444545   69   6    0.00392
 483      8.4655  #454544   69   7    0.00397
 484      8.5080  #454545   70   1    0.00501
 485      8.5355  #454546   70   2    0.00323
 486      8.5795  #464545   70   3    0.00514
 487      8.6110  #464546   70   4    0.00366
 488      8.7435  #454645   70   5    0.01527
 489      8.7595  #454646   70   6    0.00183
 490      8.8230  #464645   70   7    0.00722
 491      8.8405  #464646   71   1    0.00198
 492      8.8765  #464647   71   2    0.00406
 493      8.9220  #474646   71   3    0.00511
 494      8.9475  #474647   71   4    0.00285
 495      9.0830  #464746   71   5    0.01503
 496      9.1150  #464747   71   6    0.00352
 497      9.1610  #474746   71   7    0.00503
 498      9.1935  #474747   72   1    0.00354
 499      9.2275  #474748   72   2    0.00369
 500      9.2845  #484747   72   3    0.00616
 501      9.3065  #484748   72   4    0.00237
 502      9.4555  #474847   72   5    0.01588
 503      9.4940  #474848   72   6    0.00406
 504      9.5520  #484847   72   7    0.00609
 505      9.5865  #484848   73   1    0.00361
 506      9.5835  #484849   73   2   -0.00031
 507      9.6405  #494848   73   3    0.00593
 508      9.6385  #494849   73   4   -0.00021
 509      9.7340  #484948   73   5    0.00986
 510      9.7335  #484949   73   6   -0.00005
 511      9.7815  #494948   73   7    0.00492
 512      9.7885  #494949   74   1    0.00072
 513      9.8125  #49494a   74   2    0.00245
 514      9.8215  #4a4949   74   3    0.00092
 515      9.8650  #4a494a   74   4    0.00442
 516      9.9015  #494a49   74   5    0.00369
 517      9.9365  #494a4a   74   6    0.00353
 518      9.9380  #4a4a49   74   7    0.00015
 519      9.9780  #4a4a4a   75   1    0.00402
 520     10.0115  #4a4a4b   75   2    0.00335
 521     10.0765  #4b4a4a   75   3    0.00647
 522     10.1085  #4b4a4b   75   4    0.00317
 523     10.2640  #4a4b4a   75   5    0.01527
 524     10.2870  #4a4b4b   75   6    0.00224
 525     10.3475  #4b4b4a   75   7    0.00586
 526     10.3840  #4b4b4b   76   1    0.00352
 527     10.4240  #4b4b4c   76   2    0.00384
 528     10.5005  #4c4b4b   76   3    0.00731
 529     10.5200  #4c4b4c   76   4    0.00186
 530     10.6705  #4b4c4b   76   5    0.01420
 531     10.7105  #4b4c4c   76   6    0.00374
 532     10.7690  #4c4c4b   76   7    0.00545
 533     10.8100  #4c4c4c   77   1    0.00380
 534     10.8650  #4c4c4d   77   2    0.00507
 535     10.9140  #4d4c4c   77   3    0.00450
 536     10.9590  #4d4c4d   77   4    0.00411
 537     11.1270  #4c4d4c   77   5    0.01521
 538     11.1750  #4c4d4d   77   6    0.00430
 539     11.2300  #4d4d4c   77   7    0.00491
 540     11.2645  #4d4d4d   78   1    0.00307
 541     11.3160  #4d4d4e   78   2    0.00456
 542     11.3760  #4e4d4d   78   3    0.00529
 543     11.4275  #4e4d4e   78   4    0.00452
 544     11.6085  #4d4e4d   78   5    0.01571
 545     11.6495  #4d4e4e   78   6    0.00353
 546     11.7080  #4e4e4d   78   7    0.00501
 547     11.7575  #4e4e4e   79   1    0.00422
 548     11.7555  #4e4e4f   79   2   -0.00017
 549     11.8685  #4f4e4e   79   3    0.00957
 550     11.8645  #4f4e4f   79   4   -0.00034
 551     11.9210  #4e4f4e   79   5    0.00475
 552     11.9220  #4e4f4f   79   6    0.00008
 553     12.0405  #4f4f4e   79   7    0.00989
 554     12.0355  #4f4f4f   80   1   -0.00042
 555     12.0800  #4f4f50   80   2    0.00369
 556     12.0995  #504f4f   80   3    0.00161
 557     12.1405  #504f50   80   4    0.00338
 558     12.3685  #4f504f   80   5    0.01861
 559     12.4180  #4f5050   80   6    0.00399
 560     12.4230  #50504f   80   7    0.00040
 561     12.4785  #505050   81   1    0.00446
 562     12.5155  #505051   81   2    0.00296
 563     12.5815  #515050   81   3    0.00526
 564     12.6325  #515051   81   4    0.00405
 565     12.8155  #505150   81   5    0.01438
 566     12.8615  #505151   81   6    0.00358
 567     12.9320  #515150   81   7    0.00547
 568     12.9840  #515151   82   1    0.00401
 569     13.0255  #515152   82   2    0.00319
 570     13.1050  #525151   82   3    0.00608
 571     13.1640  #525152   82   4    0.00449
 572     13.3485  #515251   82   5    0.01392
 573     13.4150  #515252   82   6    0.00497
 574     13.4715  #525251   82   7    0.00420
 575     13.5165  #525252   83   1    0.00333
 576     13.5750  #525253   83   2    0.00432
 577     13.5760  #535252   83   3    0.00007
 578     13.6265  #535253   83   4    0.00371
 579     13.7085  #525352   83   5    0.00600
 580     13.7660  #525353   83   6    0.00419
 581     13.7665  #535352   83   7    0.00004
 582     13.8075  #535353   84   1    0.00297
 583     13.8605  #535354   84   2    0.00383
 584     13.9340  #545353   84   3    0.00529
 585     13.9830  #545354   84   4    0.00351
 586     14.1865  #535453   84   5    0.01445
 587     14.2330  #535454   84   6    0.00327
 588     14.3185  #545453   84   7    0.00599
 589     14.3630  #545454   85   1    0.00310
 590     14.3690  #545455   85   2    0.00042
 591     14.5010  #555454   85   3    0.00914
 592     14.4900  #555455   85   4   -0.00076
 593     14.5570  #545554   85   5    0.00461
 594     14.5600  #545555   85   6    0.00021
 595     14.6835  #555554   85   7    0.00845
 596     14.6930  #555555   86   1    0.00065
 597     14.7365  #555556   86   2    0.00296
 598     14.8165  #565555   86   3    0.00541
 599     14.8815  #565556   86   4    0.00438
 600     15.0860  #555655   86   5    0.01365
 601     15.1285  #555656   86   6    0.00281
 602     15.2185  #565655   86   7    0.00593
 603     15.2770  #565656   87   1    0.00384
 604     15.3195  #565657   87   2    0.00278
 605     15.3990  #575656   87   3    0.00518
 606     15.4650  #575657   87   4    0.00428
 607     15.6640  #565756   87   5    0.01279
 608     15.7285  #565757   87   6    0.00411
 609     15.8150  #575756   87   7    0.00548
 610     15.8680  #575757   88   1    0.00335
 611     15.9230  #575758   88   2    0.00346
 612     15.9345  #585757   88   3    0.00072
 613     15.9920  #585758   88   4    0.00360
 614     16.2770  #575857   88   5    0.01766
 615     16.3310  #575858   88   6    0.00331
 616     16.3525  #585857   88   7    0.00132
 617     16.3955  #585858   89   1    0.00263
 618     16.4610  #585859   89   2    0.00399
 619     16.5505  #595858   89   3    0.00542
 620     16.6005  #595859   89   4    0.00302
 621     16.8405  #585958   89   5    0.01435
 622     16.8965  #585959   89   6    0.00332
 623     16.9840  #595958   89   7    0.00517
 624     17.0475  #595959   90   1    0.00373
 625     17.1030  #59595a   90   2    0.00325
 626     17.1990  #5a5959   90   3    0.00560
 627     17.2450  #5a595a   90   4    0.00267
 628     17.4805  #595a59   90   5    0.01356
 629     17.5470  #595a5a   90   6    0.00380
 630     17.6330  #5a5a59   90   7    0.00489
 631     17.6820  #5a5a5a   91   1    0.00278
 632     17.6935  #5a5a5b   91   2    0.00065
 633     17.8380  #5b5a5a   91   3    0.00813
 634     17.8395  #5b5a5b   91   4    0.00008
 635     17.9265  #5a5b5a   91   5    0.00486
 636     17.9130  #5a5b5b   91   6   -0.00075
 637     18.0790  #5b5b5a   91   7    0.00922
 638     18.0785  #5b5b5b   92   1   -0.00003
 639     18.1435  #5b5b5c   92   2    0.00359
 640     18.1455  #5c5b5b   92   3    0.00011
 641     18.2135  #5c5b5c   92   4    0.00374
 642     18.2830  #5b5c5b   92   5    0.00381
 643     18.3540  #5b5c5c   92   6    0.00388
 644     18.3555  #5c5c5b   92   7    0.00008
 645     18.4180  #5c5c5c   93   1    0.00340
 646     18.4825  #5c5c5d   93   2    0.00350
 647     18.5720  #5d5c5c   93   3    0.00483
 648     18.6315  #5d5c5d   93   4    0.00320
 649     18.8890  #5c5d5c   93   5    0.01373
 650     18.9515  #5c5d5d   93   6    0.00330
 651     19.0485  #5d5d5c   93   7    0.00511
 652     19.1080  #5d5d5d   94   1    0.00312
 653     19.1840  #5d5d5e   94   2    0.00397
 654     19.2615  #5e5d5d   94   3    0.00403
 655     19.3245  #5e5d5e   94   4    0.00327
 656     19.5870  #5d5e5d   94   5    0.01349
 657     19.6555  #5d5e5e   94   6    0.00349
 658     19.7400  #5e5e5d   94   7    0.00429
 659     19.8005  #5e5e5e   95   1    0.00306
 660     19.8645  #5e5e5f   95   2    0.00323
 661     19.8800  #5f5e5e   95   3    0.00078
 662     19.9540  #5f5e5f   95   4    0.00372
 663     20.2970  #5e5f5e   95   5    0.01704
 664     20.3595  #5e5f5f   95   6    0.00307
 665     20.3675  #5f5f5e   95   7    0.00039
 666     20.4240  #5f5f5f   96   1    0.00277
 667     20.4895  #5f5f60   96   2    0.00320
 668     20.5940  #605f5f   96   3    0.00509
 669     20.6690  #605f60   96   4    0.00364
 670     20.9250  #5f605f   96   5    0.01231
 671     20.9880  #5f6060   96   6    0.00301
 672     21.0800  #60605f   96   7    0.00437
 673     21.1475  #606060   97   1    0.00320
 674     21.1520  #606061   97   2    0.00021
 675     21.3010  #616060   97   3    0.00702
 676     21.3095  #616061   97   4    0.00040
 677     21.3965  #606160   97   5    0.00407
 678     21.3755  #606161   97   6   -0.00098
 679     21.5510  #616160   97   7    0.00818
 680     21.5570  #616161   98   1    0.00028
 681     21.6220  #616162   98   2    0.00301
 682     21.7105  #626161   98   3    0.00408
 683     21.7815  #626162   98   4    0.00326
 684     22.0475  #616261   98   5    0.01214
 685     22.1130  #616262   98   6    0.00297
 686     22.2115  #626261   98   7    0.00444
 687     22.2645  #626262   99   1    0.00238
 688     22.3465  #626263   99   2    0.00368
 689     22.4295  #636262   99   3    0.00371
 690     22.4925  #636263   99   4    0.00280
 691     22.7840  #626362   99   5    0.01288
 692     22.8570  #626363   99   6    0.00320
 693     22.9460  #636362   99   7    0.00389
 694     23.0215  #636363  100   1    0.00328
 695     23.0890  #636364  100   2    0.00293
 696     23.1845  #646363  100   3    0.00413
 697     23.2600  #646364  100   4    0.00325
 698     23.5240  #636463  100   5    0.01129
 699     23.5895  #636464  100   6    0.00278
 700     23.6840  #646463  100   7    0.00400
 701     23.7755  #646464  101   1    0.00386
 702     23.8325  #646465  101   2    0.00239
 703     23.8440  #656464  101   3    0.00048
 704     23.9060  #656465  101   4    0.00260
 705     24.0195  #646564  101   5    0.00474
 706     24.0995  #646565  101   6    0.00333
 707     24.0880  #656564  101   7   -0.00048
 708     24.1575  #656565  102   1    0.00288
 709     24.2345  #656566  102   2    0.00318
 710     24.2515  #666565  102   3    0.00070
 711     24.3215  #666566  102   4    0.00288
 712     24.6795  #656665  102   5    0.01461
 713     24.7475  #656666  102   6    0.00275
 714     24.7670  #666665  102   7    0.00079
 715     24.8305  #666666  103   1    0.00256
 716     24.8330  #666667  103   2    0.00010
 717     25.0055  #676666  103   3    0.00692
 718     24.9985  #676667  103   4   -0.00028
 719     25.1015  #666766  103   5    0.00411
 720     25.0900  #666767  103   6   -0.00046
 721     25.2710  #676766  103   7    0.00719
 722     25.2800  #676767  104   1    0.00036
 723     25.3445  #676768  104   2    0.00255
 724     25.4490  #686767  104   3    0.00411
 725     25.5085  #686768  104   4    0.00234
 726     25.7945  #676867  104   5    0.01115
 727     25.8755  #676868  104   6    0.00314
 728     25.9450  #686867  104   7    0.00268
 729     26.0415  #686868  105   1    0.00371
 730     26.0935  #686869  105   2    0.00199
 731     26.2050  #696868  105   3    0.00426
 732     26.2705  #696869  105   4    0.00250
 733     26.5670  #686968  105   5    0.01122
 734     26.6410  #686969  105   6    0.00278
 735     26.7320  #696968  105   7    0.00341
 736     26.7995  #696969  106   1    0.00252
 737     26.8835  #69696a  106   2    0.00313
 738     26.9755  #6a6969  106   3    0.00342
 739     27.0575  #6a696a  106   4    0.00304
 740     27.3445  #696a69  106   5    0.01055
 741     27.4265  #696a6a  106   6    0.00299
 742     27.5160  #6a6a69  106   7    0.00326
 743     27.5945  #6a6a6a  107   1    0.00285
 744     27.6755  #6a6a6b  107   2    0.00293
 745     27.7830  #6b6a6a  107   3    0.00388
 746     27.8495  #6b6a6b  107   4    0.00239
 747     28.1225  #6a6b6a  107   5    0.00975
 748     28.1995  #6a6b6b  107   6    0.00273
 749     28.3015  #6b6b6a  107   7    0.00361
 750     28.3830  #6b6b6b  108   1    0.00288
 751     28.4710  #6b6b6c  108   2    0.00310
 752     28.5660  #6c6b6b  108   3    0.00333
 753     28.6395  #6c6b6c  108   4    0.00257
 754     28.9490  #6b6c6b  108   5    0.01075
 755     29.0200  #6b6c6c  108   6    0.00245
 756     29.1270  #6c6c6b  108   7    0.00368
 757     29.2080  #6c6c6c  109   1    0.00278
 758     29.2750  #6c6c6d  109   2    0.00229
 759     29.2995  #6d6c6c  109   3    0.00084
 760     29.3500  #6d6c6d  109   4    0.00172
 761     29.7425  #6c6d6c  109   5    0.01328
 762     29.8025  #6c6d6d  109   6    0.00202
 763     29.8275  #6d6d6c  109   7    0.00084
 764     29.9255  #6d6d6d  110   1    0.00328
 765     29.9255  #6d6d6e  110   2    0.00000
 766     30.0075  #6e6d6d  110   3    0.00274
 767     30.0170  #6e6d6e  110   4    0.00032
 768     29.9015  #6d6e6d  110   5   -0.00386
 769     29.9250  #6d6e6e  110   6    0.00079
 770     29.9940  #6e6e6d  110   7    0.00230
 771     30.0035  #6e6e6e  111   1    0.00032
 772     30.0675  #6e6e6f  111   2    0.00213
 773     30.1675  #6f6e6e  111   3    0.00332
 774     30.2595  #6f6e6f  111   4    0.00304
 775     30.5465  #6e6f6e  111   5    0.00944
 776     30.6295  #6e6f6f  111   6    0.00271
 777     30.7420  #6f6f6e  111   7    0.00367
 778     30.8050  #6f6f6f  112   1    0.00205
 779     30.8875  #6f6f70  112   2    0.00267
 780     30.9930  #706f6f  112   3    0.00341
 781     31.0790  #706f70  112   4    0.00277
 782     31.3730  #6f706f  112   5    0.00942
 783     31.4520  #6f7070  112   6    0.00251
 784     31.5565  #70706f  112   7    0.00332
 785     31.6340  #707070  113   1    0.00245
 786     31.7140  #707071  113   2    0.00253
 787     31.7975  #717070  113   3    0.00263
 788     31.8885  #717071  113   4    0.00286
 789     32.1910  #707170  113   5    0.00944
 790     32.2705  #707171  113   6    0.00247
 791     32.3680  #717170  113   7    0.00302
 792     32.4580  #717171  114   1    0.00278
 793     32.5420  #717172  114   2    0.00258
 794     32.6400  #727171  114   3    0.00301
 795     32.7215  #727172  114   4    0.00249
 796     33.0240  #717271  114   5    0.00920
 797     33.1080  #717272  114   6    0.00254
 798     33.2215  #727271  114   7    0.00342
 799     33.2950  #727272  115   1    0.00221
 800     33.3770  #727273  115   2    0.00246
 801     33.4825  #737272  115   3    0.00316
 802     33.5605  #737273  115   4    0.00233
 803     33.8690  #727372  115   5    0.00915
 804     33.9475  #727373  115   6    0.00232
 805     34.0460  #737372  115   7    0.00290
 806     34.1325  #737373  116   1    0.00254
 807     34.1275  #737374  116   2   -0.00015
 808     34.3280  #747373  116   3    0.00586
 809     34.3280  #747374  116   4    0.00000
 810     34.4355  #737473  116   5    0.00313
 811     34.4410  #737474  116   6    0.00016
 812     34.6345  #747473  116   7    0.00560
 813     34.6455  #747474  117   1    0.00032
 814     34.7135  #747475  117   2    0.00196
 815     34.7365  #757474  117   3    0.00066
 816     34.8120  #757475  117   4    0.00217
 817     35.2465  #747574  117   5    0.01240
 818     35.3435  #747575  117   6    0.00275
 819     35.3370  #757574  117   7   -0.00018
 820     35.4340  #757575  118   1    0.00274
 821     35.5305  #757576  118   2    0.00272
 822     35.6495  #767575  118   3    0.00334
 823     35.7505  #767576  118   4    0.00283
 824     36.0665  #757675  118   5    0.00880
 825     36.1560  #757676  118   6    0.00248
 826     36.2795  #767675  118   7    0.00341
 827     36.3600  #767676  119   1    0.00222
 828     36.4440  #767677  119   2    0.00231
 829     36.4575  #777676  119   3    0.00037
 830     36.5390  #777677  119   4    0.00223
 831     36.6605  #767776  119   5    0.00332
 832     36.7450  #767777  119   6    0.00230
 833     36.7515  #777776  119   7    0.00018
 834     36.8345  #777777  120   1    0.00226
 835     36.9240  #777778  120   2    0.00243
 836     37.0165  #787777  120   3    0.00250
 837     37.1130  #787778  120   4    0.00260
 838     37.4230  #777877  120   5    0.00832
 839     37.5145  #777878  120   6    0.00244
 840     37.6095  #787877  120   7    0.00253
 841     37.6985  #787878  121   1    0.00236
 842     37.7915  #787879  121   2    0.00246
 843     37.8910  #797878  121   3    0.00263
 844     37.9790  #797879  121   4    0.00232
 845     38.2970  #787978  121   5    0.00834
 846     38.3885  #787979  121   6    0.00239
 847     38.4960  #797978  121   7    0.00280
 848     38.5720  #797979  122   1    0.00197
 849     38.5650  #79797a  122   2   -0.00018
 850     38.7770  #7a7979  122   3    0.00548
 851     38.7610  #7a797a  122   4   -0.00041
 852     38.8795  #797a79  122   5    0.00305
 853     38.8660  #797a7a  122   6   -0.00035
 854     39.0655  #7a7a79  122   7    0.00512
 855     39.0455  #7a7a7a  123   1   -0.00051
 856     39.1540  #7a7a7b  123   2    0.00277
 857     39.2530  #7b7a7a  123   3    0.00253
 858     39.3490  #7b7a7b  123   4    0.00244
 859     39.6670  #7a7b7a  123   5    0.00805
 860     39.7600  #7a7b7b  123   6    0.00234
 861     39.8730  #7b7b7a  123   7    0.00284
 862     39.9465  #7b7b7b  124   1    0.00184
 863     40.0300  #7b7b7c  124   2    0.00209
 864     40.0510  #7c7b7b  124   3    0.00052
 865     40.1325  #7c7b7c  124   4    0.00203
 866     40.5505  #7b7c7b  124   5    0.01036
 867     40.6405  #7b7c7c  124   6    0.00222
 868     40.6445  #7c7c7b  124   7    0.00010
 869     40.7530  #7c7c7c  125   1    0.00267
 870     40.8350  #7c7c7d  125   2    0.00201
 871     40.9410  #7d7c7c  125   3    0.00259
 872     41.0135  #7d7c7d  125   4    0.00177
 873     41.3435  #7c7d7c  125   5    0.00801
 874     41.4390  #7c7d7d  125   6    0.00231
 875     41.5265  #7d7d7c  125   7    0.00211
 876     41.6260  #7d7d7d  126   1    0.00239
 877     41.7195  #7d7d7e  126   2    0.00224
 878     41.8270  #7e7d7d  126   3    0.00257
 879     41.9135  #7e7d7e  126   4    0.00207
 880     42.2485  #7d7e7d  126   5    0.00796
 881     42.3330  #7d7e7e  126   6    0.00200
 882     42.4500  #7e7e7d  126   7    0.00276
 883     42.5300  #7e7e7e  127   1    0.00188
 884     42.6185  #7e7e7f  127   2    0.00208
 885     42.7170  #7f7e7e  127   3    0.00231
 886     42.8165  #7f7e7f  127   4    0.00233
 887     43.1350  #7e7f7e  127   5    0.00741
 888     43.2190  #7e7f7f  127   6    0.00195
 889     43.3245  #7f7f7e  127   7    0.00244
 890     43.4245  #7f7f7f  128   1    0.00231
 891     43.4200  #7f7f80  128   2   -0.00010
 892     43.6145  #807f7f  128   3    0.00447
 893     43.6265  #807f80  128   4    0.00028
 894     43.7490  #7f807f  128   5    0.00280
 895     43.7610  #7f8080  128   6    0.00027
 896     43.9710  #80807f  128   7    0.00479
 897     43.9665  #808080  129   1   -0.00010
 898     44.0550  #808081  129   2    0.00201
 899     44.0660  #818080  129   3    0.00025
 900     44.1520  #818081  129   4    0.00195
 901     44.2690  #808180  129   5    0.00265
 902     44.3600  #808181  129   6    0.00205
 903     44.3565  #818180  129   7   -0.00008
 904     44.4420  #818181  130   1    0.00193
 905     44.5475  #818182  130   2    0.00237
 906     44.6635  #828181  130   3    0.00260
 907     44.7715  #828182  130   4    0.00242
 908     45.0955  #818281  130   5    0.00721
 909     45.1930  #818282  130   6    0.00216
 910     45.3025  #828281  130   7    0.00242
 911     45.4000  #828282  131   1    0.00215
 912     45.4830  #828283  131   2    0.00183
 913     45.5085  #838282  131   3    0.00056
 914     45.6000  #838283  131   4    0.00201
 915     46.0220  #828382  131   5    0.00921
 916     46.1175  #828383  131   6    0.00207
 917     46.1310  #838382  131   7    0.00029
 918     46.2105  #838383  132   1    0.00172
 919     46.3155  #838384  132   2    0.00227
 920     46.4175  #848383  132   3    0.00220
 921     46.5025  #848384  132   4    0.00183
 922     46.8365  #838483  132   5    0.00716
 923     46.9210  #838484  132   6    0.00180
 924     47.0290  #848483  132   7    0.00230
 925     47.1200  #848484  133   1    0.00193
 926     47.2075  #848485  133   2    0.00186
 927     47.3095  #858484  133   3    0.00216
 928     47.4135  #858485  133   4    0.00220
 929     47.7355  #848584  133   5    0.00677
 930     47.8130  #848585  133   6    0.00162
 931     47.9350  #858584  133   7    0.00255
 932     48.0330  #858585  134   1    0.00204
 933     48.0335  #858586  134   2    0.00001
 934     48.2150  #868585  134   3    0.00377
 935     48.2220  #868586  134   4    0.00015
 936     48.3185  #858685  134   5    0.00200
 937     48.3235  #858686  134   6    0.00010
 938     48.5115  #868685  134   7    0.00388
 939     48.5160  #868686  135   1    0.00009
 940     48.6085  #868687  135   2    0.00190
 941     48.7110  #878686  135   3    0.00211
 942     48.8065  #878687  135   4    0.00196
 943     49.1315  #868786  135   5    0.00664
 944     49.2155  #868787  135   6    0.00171
 945     49.3305  #878786  135   7    0.00233
 946     49.4185  #878787  136   1    0.00178
 947     49.4990  #878788  136   2    0.00163
 948     49.6200  #888787  136   3    0.00244
 949     49.7080  #888788  136   4    0.00177
 950     50.0340  #878887  136   5    0.00654
 951     50.1135  #878888  136   6    0.00159
 952     50.2345  #888887  136   7    0.00241
 953     50.3120  #888888  137   1    0.00154
 954     50.4170  #888889  137   2    0.00208
 955     50.5115  #898888  137   3    0.00187
 956     50.5955  #898889  137   4    0.00166
 957     50.9195  #888988  137   5    0.00638
 958     51.0185  #888989  137   6    0.00194
 959     51.1270  #898988  137   7    0.00212
 960     51.2025  #898989  138   1    0.00148
 961     51.3115  #89898a  138   2    0.00213
 962     51.2140  #8a8989  138   3   -0.00190
 963     51.3050  #8a898a  138   4    0.00178
 964     51.5240  #898a89  138   5    0.00426
 965     51.6220  #898a8a  138   6    0.00190
 966     51.5095  #8a8a89  138   7   -0.00218
 967     51.6080  #8a8a8a  139   1    0.00191
 968     51.6875  #8a8a8b  139   2    0.00154
 969     51.8110  #8b8a8a  139   3    0.00239
 970     51.8850  #8b8a8b  139   4    0.00143
 971     52.2180  #8a8b8a  139   5    0.00640
 972     52.3135  #8a8b8b  139   6    0.00183
 973     52.4250  #8b8b8a  139   7    0.00213
 974     52.5225  #8b8b8b  140   1    0.00186
 975     52.5205  #8b8b8c  140   2   -0.00004
 976     52.7390  #8c8b8b  140   3    0.00415
 977     52.7275  #8c8b8c  140   4   -0.00022
 978     52.8520  #8b8c8b  140   5    0.00236
 979     52.8485  #8b8c8c  140   6   -0.00007
 980     53.0545  #8c8c8b  140   7    0.00389
 981     53.0605  #8c8c8c  141   1    0.00011
 982     53.1585  #8c8c8d  141   2    0.00185
 983     53.2665  #8d8c8c  141   3    0.00203
 984     53.3595  #8d8c8d  141   4    0.00174
 985     53.7120  #8c8d8c  141   5    0.00658
 986     53.8100  #8c8d8d  141   6    0.00182
 987     53.9185  #8d8d8c  141   7    0.00201
 988     54.0195  #8d8d8d  142   1    0.00187
 989     54.1025  #8d8d8e  142   2    0.00154
 990     54.2235  #8e8d8d  142   3    0.00223
 991     54.3315  #8e8d8e  142   4    0.00199
 992     54.6660  #8d8e8d  142   5    0.00614
 993     54.7680  #8d8e8e  142   6    0.00186
 994     54.8920  #8e8e8d  142   7    0.00226
 995     54.9660  #8e8e8e  143   1    0.00135
 996     55.0535  #8e8e8f  143   2    0.00159
 997     55.1890  #8f8e8e  143   3    0.00246
 998     55.2835  #8f8e8f  143   4    0.00171
 999     55.6360  #8e8f8e  143   5    0.00636
1000     55.7100  #8e8f8f  143   6    0.00133
1001     55.8290  #8f8f8e  143   7    0.00213
1002     55.9245  #8f8f8f  144   1    0.00171
1003     56.0160  #8f8f90  144   2    0.00163
1004     56.1375  #908f8f  144   3    0.00217
1005     56.2305  #908f90  144   4    0.00166
1006     56.5790  #8f908f  144   5    0.00618
1007     56.6640  #8f9090  144   6    0.00150
1008     56.7990  #90908f  144   7    0.00238
1009     56.8975  #909090  145   1    0.00173
1010     56.9830  #909091  145   2    0.00150
1011     57.1225  #919090  145   3    0.00245
1012     57.2055  #919091  145   4    0.00145
1013     57.5725  #909190  145   5    0.00639
1014     57.6585  #909191  145   6    0.00149
1015     57.7960  #919190  145   7    0.00238
1016     57.8775  #919191  146   1    0.00141
1017     57.8840  #919192  146   2    0.00011
1018     58.0025  #929191  146   3    0.00205
1019     58.0110  #929192  146   4    0.00015
1020     58.2480  #919291  146   5    0.00408
1021     58.2320  #919292  146   6   -0.00027
1022     58.3790  #929291  146   7    0.00252
1023     58.3705  #929292  147   1   -0.00015
1024     58.4530  #929293  147   2    0.00141
1025     58.4670  #939292  147   3    0.00024
1026     58.5685  #939293  147   4    0.00173
1027     58.6820  #929392  147   5    0.00194
1028     58.7575  #929393  147   6    0.00129
1029     58.7680  #939392  147   7    0.00018
1030     58.8645  #939393  148   1    0.00164
1031     58.9620  #939394  148   2    0.00165
1032     59.0905  #949393  148   3    0.00218
1033     59.1950  #949394  148   4    0.00177
1034     59.5620  #939493  148   5    0.00618
1035     59.6580  #939494  148   6    0.00161
1036     59.7885  #949493  148   7    0.00219
1037     59.8700  #949494  149   1    0.00136
1038     59.9625  #949495  149   2    0.00154
1039     60.1095  #959494  149   3    0.00245
1040     60.2010  #959495  149   4    0.00152
1041     60.5650  #949594  149   5    0.00603
1042     60.6645  #949595  149   6    0.00164
1043     60.8065  #959594  149   7    0.00234
1044     60.9100  #959595  150   1    0.00170
1045     60.9970  #959596  150   2    0.00143
1046     61.1630  #969595  150   3    0.00272
1047     61.2480  #969596  150   4    0.00139
1048     61.6400  #959695  150   5    0.00638
1049     61.7300  #959696  150   6    0.00146
1050     61.8885  #969695  150   7    0.00256
1051     61.9895  #969696  151   1    0.00163
1052     62.0785  #969697  151   2    0.00143
1053     62.2460  #979696  151   3    0.00269
1054     62.3405  #979697  151   4    0.00152
1055     62.7200  #969796  151   5    0.00607
1056     62.8270  #969797  151   6    0.00170
1057     62.9700  #979796  151   7    0.00227
1058     63.0855  #979797  152   1    0.00183
1059     63.0865  #979798  152   2    0.00002
1060     63.3535  #989797  152   3    0.00422
1061     63.3440  #989798  152   4   -0.00015
1062     63.4520  #979897  152   5    0.00170
1063     63.4495  #979898  152   6   -0.00004
1064     63.7205  #989897  152   7    0.00426
1065     63.7185  #989898  153   1   -0.00003
1066     63.8280  #989899  153   2    0.00172
1067     63.8655  #999898  153   3    0.00059
1068     63.9370  #999899  153   4    0.00112
1069     64.4790  #989998  153   5    0.00844
1070     64.5865  #989999  153   6    0.00167
1071     64.6140  #999998  153   7    0.00043
1072     64.7215  #999999  154   1    0.00166
1073     64.8090  #99999a  154   2    0.00135
1074     64.9780  #9a9999  154   3    0.00260
1075     65.0810  #9a999a  154   4    0.00158
1076     65.4640  #999a99  154   5    0.00587
1077     65.5860  #999a9a  154   6    0.00186
1078     65.7520  #9a9a99  154   7    0.00253
1079     65.8520  #9a9a9a  155   1    0.00152
1080     65.9515  #9a9a9b  155   2    0.00151
1081     66.0975  #9b9a9a  155   3    0.00221
1082     66.2245  #9b9a9b  155   4    0.00192
1083     66.6240  #9a9b9a  155   5    0.00601
1084     66.7360  #9a9b9b  155   6    0.00168
1085     66.8870  #9b9b9a  155   7    0.00226
1086     66.9870  #9b9b9b  156   1    0.00149
1087     67.0970  #9b9b9c  156   2    0.00164
1088     67.1120  #9c9b9b  156   3    0.00022
1089     67.2290  #9c9b9c  156   4    0.00174
1090     67.3795  #9b9c9b  156   5    0.00224
1091     67.5020  #9b9c9c  156   6    0.00182
1092     67.5000  #9c9c9b  156   7   -0.00003
1093     67.6135  #9c9c9c  157   1    0.00168
1094     67.7305  #9c9c9d  157   2    0.00173
1095     67.8640  #9d9c9c  157   3    0.00197
1096     67.9865  #9d9c9d  157   4    0.00180
1097     68.4165  #9c9d9c  157   5    0.00630
1098     68.5200  #9c9d9d  157   6    0.00151
1099     68.6640  #9d9d9c  157   7    0.00210
1100     68.7775  #9d9d9d  158   1    0.00165
1101     68.7875  #9d9d9e  158   2    0.00015
1102     69.0440  #9e9d9d  158   3    0.00372
1103     69.0420  #9e9d9e  158   4   -0.00003
1104     69.1935  #9d9e9d  158   5    0.00219
1105     69.1860  #9d9e9e  158   6   -0.00011
1106     69.4460  #9e9e9d  158   7    0.00375
1107     69.4490  #9e9e9e  159   1    0.00004
1108     69.5540  #9e9e9f  159   2    0.00151
1109     69.7185  #9f9e9e  159   3    0.00236
1110     69.8395  #9f9e9f  159   4    0.00173
1111     70.2625  #9e9f9e  159   5    0.00604
1112     70.3810  #9e9f9f  159   6    0.00169
1113     70.5465  #9f9f9e  159   7    0.00235
1114     70.6495  #9f9f9f  160   1    0.00146
1115     70.7695  #9f9fa0  160   2    0.00170
1116     70.7960  #a09f9f  160   3    0.00037
1117     70.9085  #a09fa0  160   4    0.00159
1118     71.4735  #9fa09f  160   5    0.00794
1119     71.5805  #9fa0a0  160   6    0.00150
1120     71.6090  #a0a09f  160   7    0.00040
1121     71.7350  #a0a0a0  161   1    0.00176
1122     71.8320  #a0a0a1  161   2    0.00135
1123     71.9880  #a1a0a0  161   3    0.00217
1124     72.1065  #a1a0a1  161   4    0.00164
1125     72.5320  #a0a1a0  161   5    0.00588
1126     72.6535  #a0a1a1  161   6    0.00167
1127     72.8180  #a1a1a0  161   7    0.00226
1128     72.9380  #a1a1a1  162   1    0.00165
1129     73.0340  #a1a1a2  162   2    0.00132
1130     73.1985  #a2a1a1  162   3    0.00225
1131     73.3265  #a2a1a2  162   4    0.00175
1132     73.7705  #a1a2a1  162   5    0.00604
1133     73.8765  #a1a2a2  162   6    0.00144
1134     74.0370  #a2a2a1  162   7    0.00217
1135     74.1490  #a2a2a2  163   1    0.00151
1136     74.2550  #a2a2a3  163   2    0.00143
1137     74.4260  #a3a2a2  163   3    0.00230
1138     74.5545  #a3a2a3  163   4    0.00173
1139     74.9745  #a2a3a2  163   5    0.00562
1140     75.0920  #a2a3a3  163   6    0.00157
1141     75.2540  #a3a3a2  163   7    0.00216
1142     75.3750  #a3a3a3  164   1    0.00161
1143     75.3840  #a3a3a4  164   2    0.00012
1144     75.6550  #a4a3a3  164   3    0.00359
1145     75.6680  #a4a3a4  164   4    0.00017
1146     75.7955  #a3a4a3  164   5    0.00168
1147     75.8065  #a3a4a4  164   6    0.00015
1148     76.0825  #a4a4a3  164   7    0.00363
1149     76.0915  #a4a4a4  165   1    0.00012
1150     76.1845  #a4a4a5  165   2    0.00122
1151     76.2095  #a5a4a4  165   3    0.00033
1152     76.3320  #a5a4a5  165   4    0.00161
1153     76.4855  #a4a5a4  165   5    0.00201
1154     76.6080  #a4a5a5  165   6    0.00160
1155     76.6215  #a5a5a4  165   7    0.00018
1156     76.7390  #a5a5a5  166   1    0.00153
1157     76.8540  #a5a5a6  166   2    0.00150
1158     77.0115  #a6a5a5  166   3    0.00205
1159     77.1370  #a6a5a6  166   4    0.00163
1160     77.5635  #a5a6a5  166   5    0.00551
1161     77.7030  #a5a6a6  166   6    0.00180
1162     77.8725  #a6a6a5  166   7    0.00218
1163     77.9995  #a6a6a6  167   1    0.00163
1164     78.1155  #a6a6a7  167   2    0.00149
1165     78.2830  #a7a6a6  167   3    0.00214
1166     78.4185  #a7a6a7  167   4    0.00173
1167     78.8695  #a6a7a6  167   5    0.00573
1168     79.0005  #a6a7a7  167   6    0.00166
1169     79.1625  #a7a7a6  167   7    0.00205
1170     79.2965  #a7a7a7  168   1    0.00169
1171     79.4150  #a7a7a8  168   2    0.00149
1172     79.4520  #a8a7a7  168   3    0.00047
1173     79.5530  #a8a7a8  168   4    0.00127
1174     80.1675  #a7a8a7  168   5    0.00769
1175     80.3040  #a7a8a8  168   6    0.00170
1176     80.3070  #a8a8a7  168   7    0.00004
1177     80.4610  #a8a8a8  169   1    0.00192
1178     80.5725  #a8a8a9  169   2    0.00138
1179     80.7330  #a9a8a8  169   3    0.00199
1180     80.8600  #a9a8a9  169   4    0.00157
1181     81.3440  #a8a9a8  169   5    0.00597
1182     81.4700  #a8a9a9  169   6    0.00155
1183     81.6305  #a9a9a8  169   7    0.00197
1184     81.7615  #a9a9a9  170   1    0.00160
1185     81.7635  #a9a9aa  170   2    0.00002
1186     82.0650  #aaa9a9  170   3    0.00368
1187     82.0535  #aaa9aa  170   4   -0.00014
1188     82.2300  #a9aaa9  170   5    0.00215
1189     82.2190  #a9aaaa  170   6   -0.00013
1190     82.5160  #aaaaa9  170   7    0.00361
1191     82.4920  #aaaaaa  171   1   -0.00029
1192     82.6405  #aaaaab  171   2    0.00180
1193     82.8095  #abaaaa  171   3    0.00204
1194     82.9285  #abaaab  171   4    0.00144
1195     83.4295  #aaabaa  171   5    0.00602
1196     83.5545  #aaabab  171   6    0.00150
1197     83.7120  #ababaa  171   7    0.00188
1198     83.8485  #ababab  172   1    0.00163
1199     83.9855  #ababac  172   2    0.00163
1200     84.1330  #acabab  172   3    0.00175
1201     84.2580  #acabac  172   4    0.00148
1202     84.7385  #abacab  172   5    0.00569
1203     84.8655  #abacac  172   6    0.00150
1204     85.0285  #acacab  172   7    0.00192
1205     85.1455  #acacac  173   1    0.00138
1206     85.2885  #acacad  173   2    0.00168
1207     85.4690  #adacac  173   3    0.00211
1208     85.5740  #adacad  173   4    0.00123
1209     86.0655  #acadac  173   5    0.00573
1210     86.1870  #acadad  173   6    0.00141
1211     86.3635  #adadac  173   7    0.00205
1212     86.4935  #adadad  174   1    0.00150
1213     86.6335  #adadae  174   2    0.00162
1214     86.6595  #aeadad  174   3    0.00030
1215     86.8020  #aeadae  174   4    0.00164
1216     86.9175  #adaead  174   5    0.00133
1217     87.0585  #adaeae  174   6    0.00162
1218     87.0950  #aeaead  174   7    0.00042
1219     87.2085  #aeaeae  175   1    0.00130
1220     87.3655  #aeaeaf  175   2    0.00180
1221     87.3815  #afaeae  175   3    0.00018
1222     87.5160  #afaeaf  175   4    0.00154
1223     88.1720  #aeafae  175   5    0.00747
1224     88.3195  #aeafaf  175   6    0.00167
1225     88.3365  #afafae  175   7    0.00019
1226     88.4675  #afafaf  176   1    0.00148
1227     88.4685  #afafb0  176   2    0.00001
1228     88.7755  #b0afaf  176   3    0.00346
1229     88.7905  #b0afb0  176   4    0.00017
1230     88.9840  #afb0af  176   5    0.00218
1231     88.9750  #afb0b0  176   6   -0.00010
1232     89.2755  #b0b0af  176   7    0.00337
1233     89.2750  #b0b0b0  177   1   -0.00001
1234     89.4100  #b0b0b1  177   2    0.00151
1235     89.5795  #b1b0b0  177   3    0.00189
1236     89.7060  #b1b0b1  177   4    0.00141
1237     90.1840  #b0b1b0  177   5    0.00531
1238     90.3440  #b0b1b1  177   6    0.00177
1239     90.5145  #b1b1b0  177   7    0.00189
1240     90.6680  #b1b1b1  178   1    0.00169
1241     90.7950  #b1b1b2  178   2    0.00140
1242     90.9985  #b2b1b1  178   3    0.00224
1243     91.1330  #b2b1b2  178   4    0.00148
1244     91.6115  #b1b2b1  178   5    0.00524
1245     91.7680  #b1b2b2  178   6    0.00171
1246     91.9775  #b2b2b1  178   7    0.00228
1247     92.0890  #b2b2b2  179   1    0.00121
1248     92.2240  #b2b2b3  179   2    0.00146
1249     92.4285  #b3b2b2  179   3    0.00221
1250     92.5520  #b3b2b3  179   4    0.00134
1251     93.0385  #b2b3b2  179   5    0.00524
1252     93.1940  #b2b3b3  179   6    0.00167
1253     93.3745  #b3b3b2  179   7    0.00193
1254     93.4805  #b3b3b3  180   1    0.00113
1255     93.6470  #b3b3b4  180   2    0.00178
1256     93.8395  #b4b3b3  180   3    0.00205
1257     93.9495  #b4b3b4  180   4    0.00117
1258     94.4500  #b3b4b3  180   5    0.00531
1259     94.5915  #b3b4b4  180   6    0.00150
1260     94.7615  #b4b4b3  180   7    0.00180
1261     94.8940  #b4b4b4  181   1    0.00140
1262     95.0330  #b4b4b5  181   2    0.00146
1263     95.1995  #b5b4b4  181   3    0.00175
1264     95.3260  #b5b4b5  181   4    0.00133
1265     95.8675  #b4b5b4  181   5    0.00566
1266     96.0165  #b4b5b5  181   6    0.00155
1267     96.1900  #b5b5b4  181   7    0.00181
1268     96.3260  #b5b5b5  182   1    0.00141
1269     96.3060  #b5b5b6  182   2   -0.00021
1270     96.4995  #b6b5b5  182   3    0.00201
1271     96.4740  #b6b5b6  182   4   -0.00026
1272     96.8325  #b5b6b5  182   5    0.00371
1273     96.8355  #b5b6b6  182   6    0.00003
1274     96.9905  #b6b6b5  182   7    0.00160
1275     96.9730  #b6b6b6  183   1   -0.00018
1276     97.1325  #b6b6b7  183   2    0.00164
1277     97.1240  #b7b6b6  183   3   -0.00009
1278     97.2560  #b7b6b7  183   4    0.00136
1279     97.4400  #b6b7b6  183   5    0.00189
1280     97.5670  #b6b7b7  183   6    0.00130
1281     97.5900  #b7b7b6  183   7    0.00024
1282     97.7410  #b7b7b7  184   1    0.00155
1283     97.8660  #b7b7b8  184   2    0.00128
1284     98.0510  #b8b7b7  184   3    0.00189
1285     98.1850  #b8b7b8  184   4    0.00137
1286     98.6915  #b7b8b7  184   5    0.00515
1287     98.8455  #b7b8b8  184   6    0.00156
1288     99.0360  #b8b8b7  184   7    0.00193
1289     99.1505  #b8b8b8  185   1    0.00116
1290     99.3170  #b8b8b9  185   2    0.00168
1291     99.5040  #b9b8b8  185   3    0.00188
1292     99.6390  #b9b8b9  185   4    0.00136
1293    100.1455  #b8b9b8  185   5    0.00507
1294    100.2905  #b8b9b9  185   6    0.00145
1295    100.5020  #b9b9b8  185   7    0.00211
1296    100.6355  #b9b9b9  186   1    0.00133
1297    100.7595  #b9b9ba  186   2    0.00123
1298    100.9615  #bab9b9  186   3    0.00200
1299    101.1165  #bab9ba  186   4    0.00153
1300    101.6200  #b9bab9  186   5    0.00497
1301    101.7705  #b9baba  186   6    0.00148
1302    101.9470  #babab9  186   7    0.00173
1303    102.0975  #bababa  187   1    0.00148
1304    102.2305  #bababb  187   2    0.00130
1305    102.4160  #bbbaba  187   3    0.00181
1306    102.5645  #bbbabb  187   4    0.00145
1307    103.0680  #babbba  187   5    0.00490
1308    103.2020  #babbbb  187   6    0.00130
1309    103.3950  #bbbbba  187   7    0.00187
1310    103.5060  #bbbbbb  188   1    0.00107
1311    103.5425  #bbbbbc  188   2    0.00035
1312    103.8425  #bcbbbb  188   3    0.00289
1313    103.8395  #bcbbbc  188   4   -0.00003
1314    104.0195  #bbbcbb  188   5    0.00173
1315    104.0295  #bbbcbc  188   6    0.00010
1316    104.3445  #bcbcbb  188   7    0.00302
1317    104.3745  #bcbcbc  189   1    0.00029
1318    104.5030  #bcbcbd  189   2    0.00123
1319    104.5200  #bdbcbc  189   3    0.00016
1320    104.6750  #bdbcbd  189   4    0.00148
1321    105.3635  #bcbdbc  189   5    0.00656
1322    105.5365  #bcbdbd  189   6    0.00164
1323    105.5320  #bdbdbc  189   7   -0.00004
1324    105.6725  #bdbdbd  190   1    0.00133
1325    105.8160  #bdbdbe  190   2    0.00136
1326    106.0340  #bebdbd  190   3    0.00206
1327    106.1745  #bebdbe  190   4    0.00132
1328    106.6935  #bdbebd  190   5    0.00488
1329    106.8380  #bdbebe  190   6    0.00135
1330    107.0130  #bebebd  190   7    0.00164
1331    107.1610  #bebebe  191   1    0.00138
1332    107.3040  #bebebf  191   2    0.00133
1333    107.4945  #bfbebe  191   3    0.00177
1334    107.6530  #bfbebf  191   4    0.00147
1335    108.1640  #bebfbe  191   5    0.00474
1336    108.2735  #bebfbf  191   6    0.00101
1337    108.4845  #bfbfbe  191   7    0.00195
1338    108.6050  #bfbfbf  192   1    0.00111
1339    108.7505  #bfbfc0  192   2    0.00134
1340    108.9425  #c0bfbf  192   3    0.00176
1341    109.1005  #c0bfc0  192   4    0.00145
1342    109.6235  #bfc0bf  192   5    0.00478
1343    109.8205  #bfc0c0  192   6    0.00180
1344    109.9865  #c0c0bf  192   7    0.00151
1345    110.1240  #c0c0c0  193   1    0.00125
1346    110.2775  #c0c0c1  193   2    0.00139
1347    110.2850  #c1c0c0  193   3    0.00007
1348    110.4595  #c1c0c1  193   4    0.00158
1349    110.6530  #c0c1c0  193   5    0.00175
1350    110.8070  #c0c1c1  193   6    0.00139
1351    110.7975  #c1c1c0  193   7   -0.00009
1352    110.9685  #c1c1c1  194   1    0.00154
1353    110.9375  #c1c1c2  194   2   -0.00028
1354    111.2845  #c2c1c1  194   3    0.00312
1355    111.2865  #c2c1c2  194   4    0.00002
1356    111.4340  #c1c2c1  194   5    0.00132
1357    111.4180  #c1c2c2  194   6   -0.00014
1358    111.8000  #c2c2c1  194   7    0.00342
1359    111.7960  #c2c2c2  195   1   -0.00004
1360    111.9415  #c2c2c3  195   2    0.00130
1361    112.1060  #c3c2c2  195   3    0.00147
1362    112.2450  #c3c2c3  195   4    0.00124
1363    112.7720  #c2c3c2  195   5    0.00468
1364    112.9220  #c2c3c3  195   6    0.00133
1365    113.1125  #c3c3c2  195   7    0.00169
1366    113.2580  #c3c3c3  196   1    0.00129
1367    113.4040  #c3c3c4  196   2    0.00129
1368    113.5980  #c4c3c3  196   3    0.00171
1369    113.7735  #c4c3c4  196   4    0.00154
1370    114.2685  #c3c4c3  196   5    0.00434
1371    114.4510  #c3c4c4  196   6    0.00160
1372    114.5925  #c4c4c3  196   7    0.00124
1373    114.7530  #c4c4c4  197   1    0.00140
1374    114.9275  #c4c4c5  197   2    0.00152
1375    114.9400  #c5c4c4  197   3    0.00011
1376    115.0710  #c5c4c5  197   4    0.00114
1377    115.7950  #c4c5c4  197   5    0.00627
1378    115.9370  #c4c5c5  197   6    0.00123
1379    115.9555  #c5c5c4  197   7    0.00016
1380    116.1080  #c5c5c5  198   1    0.00131
1381    116.2490  #c5c5c6  198   2    0.00121
1382    116.4505  #c6c5c5  198   3    0.00173
1383    116.5880  #c6c5c6  198   4    0.00118
1384    117.0950  #c5c6c5  198   5    0.00434
1385    117.2405  #c5c6c6  198   6    0.00124
1386    117.4410  #c6c6c5  198   7    0.00171
1387    117.5750  #c6c6c6  199   1    0.00114
1388    117.7050  #c6c6c7  199   2    0.00111
1389    117.9230  #c7c6c6  199   3    0.00185
1390    118.0700  #c7c6c7  199   4    0.00125
1391    118.6030  #c6c7c6  199   5    0.00450
1392    118.7520  #c6c7c7  199   6    0.00126
1393    118.9475  #c7c7c6  199   7    0.00164
1394    119.1025  #c7c7c7  200   1    0.00130
1395    119.0975  #c7c7c8  200   2   -0.00004
1396    119.4495  #c8c7c7  200   3    0.00295
1397    119.4270  #c8c7c8  200   4   -0.00019
1398    119.5810  #c7c8c7  200   5    0.00129
1399    119.5675  #c7c8c8  200   6   -0.00011
1400    119.9105  #c8c8c7  200   7    0.00286
1401    119.9395  #c8c8c8  201   1    0.00024
1402    120.0595  #c8c8c9  201   2    0.00100
1403    120.2490  #c9c8c8  201   3    0.00158
1404    120.4125  #c9c8c9  201   4    0.00136
1405    120.9510  #c8c9c8  201   5    0.00446
1406    121.0930  #c8c9c9  201   6    0.00117
1407    121.2745  #c9c9c8  201   7    0.00150
1408    121.4250  #c9c9c9  202   1    0.00124
1409    121.5955  #c9c9ca  202   2    0.00140
1410    121.6160  #cac9c9  202   3    0.00017
1411    121.7820  #cac9ca  202   4    0.00136
1412    121.9280  #c9cac9  202   5    0.00120
1413    122.0860  #c9caca  202   6    0.00130
1414    122.1000  #cacac9  202   7    0.00011
1415    122.2450  #cacaca  203   1    0.00119
1416    122.4095  #cacacb  203   2    0.00134
1417    122.5790  #cbcaca  203   3    0.00138
1418    122.7745  #cbcacb  203   4    0.00159
1419    123.2810  #cacbca  203   5    0.00412
1420    123.4485  #cacbcb  203   6    0.00136
1421    123.6400  #cbcbca  203   7    0.00155
1422    123.7785  #cbcbcb  204   1    0.00112
1423    123.9185  #cbcbcc  204   2    0.00113
1424    123.9400  #cccbcb  204   3    0.00017
1425    124.1025  #cccbcc  204   4    0.00131
1426    124.8180  #cbcccb  204   5    0.00575
1427    124.9575  #cbcccc  204   6    0.00112
1428    124.9875  #cccccb  204   7    0.00024
1429    125.1310  #cccccc  205   1    0.00115
1430    125.2720  #cccccd  205   2    0.00113
1431    125.4565  #cdcccc  205   3    0.00147
1432    125.6080  #cdcccd  205   4    0.00121
1433    126.1260  #cccdcc  205   5    0.00412
1434    126.3050  #cccdcd  205   6    0.00142
1435    126.4715  #cdcdcc  205   7    0.00132
1436    126.6235  #cdcdcd  206   1    0.00120
1437    126.7620  #cdcdce  206   2    0.00109
1438    126.9770  #cecdcd  206   3    0.00169
1439    127.1250  #cecdce  206   4    0.00116
1440    127.6690  #cdcecd  206   5    0.00427
1441    127.7890  #cdcece  206   6    0.00094
1442    127.9855  #cececd  206   7    0.00154
1443    128.1330  #cecece  207   1    0.00115
1444    128.1150  #cececf  207   2   -0.00014
1445    128.4960  #cfcece  207   3    0.00297
1446    128.4620  #cfcecf  207   4   -0.00026
1447    128.6280  #cecfce  207   5    0.00129
1448    128.6240  #cecfcf  207   6   -0.00003
1449    128.9780  #cfcfce  207   7    0.00275
1450    128.9905  #cfcfcf  208   1    0.00010
1451    129.1290  #cfcfd0  208   2    0.00107
1452    129.3125  #d0cfcf  208   3    0.00142
1453    129.4675  #d0cfd0  208   4    0.00120
1454    130.0010  #cfd0cf  208   5    0.00411
1455    130.1780  #cfd0d0  208   6    0.00136
1456    130.3360  #d0d0cf  208   7    0.00121
1457    130.4915  #d0d0d0  209   1    0.00119
1458    130.6675  #d0d0d1  209   2    0.00135
1459    130.8345  #d1d0d0  209   3    0.00128
1460    130.9975  #d1d0d1  209   4    0.00125
1461    131.5380  #d0d1d0  209   5    0.00412
1462    131.6800  #d0d1d1  209   6    0.00108
1463    131.8885  #d1d1d0  209   7    0.00158
1464    132.0310  #d1d1d1  210   1    0.00108
1465    132.1780  #d1d1d2  210   2    0.00111
1466    132.3630  #d2d1d1  210   3    0.00140
1467    132.5200  #d2d1d2  210   4    0.00119
1468    133.0595  #d1d2d1  210   5    0.00406
1469    133.2085  #d1d2d2  210   6    0.00112
1470    133.3645  #d2d2d1  210   7    0.00117
1471    133.5270  #d2d2d2  211   1    0.00122
1472    133.6935  #d2d2d3  211   2    0.00125
1473    133.5285  #d3d2d2  211   3   -0.00123
1474    133.6670  #d3d2d3  211   4    0.00104
1475    134.0310  #d2d3d2  211   5    0.00272
1476    134.2020  #d2d3d3  211   6    0.00128
1477    134.0315  #d3d3d2  211   7   -0.00127
1478    134.1600  #d3d3d3  212   1    0.00096
1479    134.3265  #d3d3d4  212   2    0.00124
1480    134.5010  #d4d3d3  212   3    0.00130
1481    134.6435  #d4d3d4  212   4    0.00106
1482    135.1910  #d3d4d3  212   5    0.00406
1483    135.3115  #d3d4d4  212   6    0.00089
1484    135.5275  #d4d4d3  212   7    0.00160
1485    135.6685  #d4d4d4  213   1    0.00104
1486    135.6735  #d4d4d5  213   2    0.00004
1487    135.9805  #d5d4d4  213   3    0.00226
1488    136.0155  #d5d4d5  213   4    0.00026
1489    136.1675  #d4d5d4  213   5    0.00112
1490    136.1605  #d4d5d5  213   6   -0.00005
1491    136.5275  #d5d5d4  213   7    0.00269
1492    136.5195  #d5d5d5  214   1   -0.00006
1493    136.6335  #d5d5d6  214   2    0.00083
1494    136.8350  #d6d5d5  214   3    0.00147
1495    136.9930  #d6d5d6  214   4    0.00115
1496    137.5240  #d5d6d5  214   5    0.00387
1497    137.7070  #d5d6d6  214   6    0.00133
1498    137.8660  #d6d6d5  214   7    0.00115
1499    138.0140  #d6d6d6  215   1    0.00107
1500    138.1680  #d6d6d7  215   2    0.00112
1501    138.2390  #d7d6d6  215   3    0.00051
1502    138.3765  #d7d6d7  215   4    0.00099
1503    138.9635  #d6d7d6  215   5    0.00423
1504    139.0760  #d6d7d7  215   6    0.00081
1505    139.2700  #d7d7d6  215   7    0.00139
1506    139.4335  #d7d7d7  216   1    0.00117
1507    139.5445  #d7d7d8  216   2    0.00080
1508    139.7275  #d8d7d7  216   3    0.00131
1509    139.8965  #d8d7d8  216   4    0.00121
1510    140.4185  #d7d8d7  216   5    0.00372
1511    140.5660  #d7d8d8  216   6    0.00105
1512    140.7435  #d8d8d7  216   7    0.00126
1513    140.8980  #d8d8d8  217   1    0.00110
1514    141.0465  #d8d8d9  217   2    0.00105
1515    141.2155  #d9d8d8  217   3    0.00120
1516    141.3305  #d9d8d9  217   4    0.00081
1517    141.9105  #d8d9d8  217   5    0.00410
1518    142.0210  #d8d9d9  217   6    0.00078
1519    142.2095  #d9d9d8  217   7    0.00133
1520    142.3875  #d9d9d9  218   1    0.00125
1521    142.5385  #d9d9da  218   2    0.00106
1522    142.4995  #dad9d9  218   3   -0.00027
1523    142.6515  #dad9da  218   4    0.00107
1524    143.3760  #d9dad9  218   5    0.00507
1525    143.5250  #d9dada  218   6    0.00104
1526    143.5325  #dadad9  218   7    0.00005
1527    143.6920  #dadada  219   1    0.00111
1528    143.6580  #dadadb  219   2   -0.00024
1529    143.9155  #dbdada  219   3    0.00179
1530    143.9020  #dbdadb  219   4   -0.00009
1531    144.0995  #dadbda  219   5    0.00137
1532    144.0895  #dadbdb  219   6   -0.00007
1533    144.4430  #dbdbda  219   7    0.00245
1534    144.4395  #dbdbdb  220   1   -0.00002
1535    144.5690  #dbdbdc  220   2    0.00090
1536    144.5800  #dcdbdb  220   3    0.00008
1537    144.7400  #dcdbdc  220   4    0.00111
1538    144.9365  #dbdcdb  220   5    0.00136
1539    145.0800  #dbdcdc  220   6    0.00099
1540    145.0795  #dcdcdb  220   7   -0.00000
1541    145.2360  #dcdcdc  221   1    0.00108
1542    145.3850  #dcdcdd  221   2    0.00103
1543    145.5725  #dddcdc  221   3    0.00129
1544    145.7000  #dddcdd  221   4    0.00088
1545    146.3030  #dcdddc  221   5    0.00413
1546    146.4220  #dcdddd  221   6    0.00081
1547    146.6025  #dddddc  221   7    0.00123
1548    146.7630  #dddddd  222   1    0.00109
1549    146.8730  #ddddde  222   2    0.00075
1550    147.1150  #dedddd  222   3    0.00165
1551    147.2665  #deddde  222   4    0.00103
1552    147.8035  #dddedd  222   5    0.00364
1553    147.9365  #dddede  222   6    0.00090
1554    148.1400  #dededd  222   7    0.00137
1555    148.2915  #dedede  223   1    0.00102
1556    148.4445  #dededf  223   2    0.00103
1557    148.6010  #dfdede  223   3    0.00105
1558    148.7750  #dfdedf  223   4    0.00117
1559    149.3270  #dedfde  223   5    0.00370
1560    149.4690  #dedfdf  223   6    0.00095
1561    149.6655  #dfdfde  223   7    0.00131
1562    149.8070  #dfdfdf  224   1    0.00094
1563    149.9465  #dfdfe0  224   2    0.00093
1564    150.1520  #e0dfdf  224   3    0.00137
1565    150.2895  #e0dfe0  224   4    0.00092
1566    150.8915  #dfe0df  224   5    0.00400
1567    151.0430  #dfe0e0  224   6    0.00100
1568    151.1900  #e0e0df  224   7    0.00097
1569    151.3730  #e0e0e0  225   1    0.00121
1570    151.3775  #e0e0e1  225   2    0.00003
1571    151.7185  #e1e0e0  225   3    0.00225
1572    151.7100  #e1e0e1  225   4   -0.00006
1573    151.9255  #e0e1e0  225   5    0.00142
1574    151.9025  #e0e1e1  225   6   -0.00015
1575    152.2860  #e1e1e0  225   7    0.00252
1576    152.2515  #e1e1e1  226   1   -0.00023
1577    152.4165  #e1e1e2  226   2    0.00108
1578    152.4230  #e2e1e1  226   3    0.00004
1579    152.5820  #e2e1e2  226   4    0.00104
1580    153.3360  #e1e2e1  226   5    0.00493
1581    153.4715  #e1e2e2  226   6    0.00088
1582    153.4950  #e2e2e1  226   7    0.00015
1583    153.6450  #e2e2e2  227   1    0.00098
1584    153.7860  #e2e2e3  227   2    0.00092
1585    154.0100  #e3e2e2  227   3    0.00146
1586    154.1240  #e3e2e3  227   4    0.00074
1587    154.6880  #e2e3e2  227   5    0.00365
1588    154.8495  #e2e3e3  227   6    0.00104
1589    155.0650  #e3e3e2  227   7    0.00139
1590    155.2080  #e3e3e3  228   1    0.00092
1591    155.3685  #e3e3e4  228   2    0.00103
1592    155.5865  #e4e3e3  228   3    0.00140
1593    155.7355  #e4e3e4  228   4    0.00096
1594    156.2705  #e3e4e3  228   5    0.00343
1595    156.4505  #e3e4e4  228   6    0.00115
1596    156.6365  #e4e4e3  228   7    0.00119
1597    156.7635  #e4e4e4  229   1    0.00081
1598    156.9040  #e4e4e5  229   2    0.00090
1599    156.9245  #e5e4e4  229   3    0.00013
1600    157.0810  #e5e4e5  229   4    0.00100
1601    157.2675  #e4e5e4  229   5    0.00119
1602    157.4165  #e4e5e5  229   6    0.00095
1603    157.4140  #e5e5e4  229   7   -0.00002
1604    157.5730  #e5e5e5  230   1    0.00101
1605    157.7065  #e5e5e6  230   2    0.00085
1606    157.9040  #e6e5e5  230   3    0.00125
1607    158.1045  #e6e5e6  230   4    0.00127
1608    158.6055  #e5e6e5  230   5    0.00316
1609    158.7315  #e5e6e6  230   6    0.00079
1610    158.9295  #e6e6e5  230   7    0.00125
1611    159.1095  #e6e6e6  231   1    0.00113
1612    159.1070  #e6e6e7  231   2   -0.00002
1613    159.4540  #e7e6e6  231   3    0.00218
1614    159.4400  #e7e6e7  231   4   -0.00009
1615    159.6350  #e6e7e6  231   5    0.00122
1616    159.6425  #e6e7e7  231   6    0.00005
1617    160.0085  #e7e7e6  231   7    0.00229
1618    160.0070  #e7e7e7  232   1   -0.00001
1619    160.1635  #e7e7e8  232   2    0.00098
1620    160.4155  #e8e7e7  232   3    0.00157
1621    160.5515  #e8e7e8  232   4    0.00085
1622    161.1345  #e7e8e7  232   5    0.00362
1623    161.2960  #e7e8e8  232   6    0.00100
1624    161.5830  #e8e8e7  232   7    0.00178
1625    161.7095  #e8e8e8  233   1    0.00078
1626    161.8915  #e8e8e9  233   2    0.00112
1627    161.8695  #e9e8e8  233   3   -0.00014
1628    162.0505  #e9e8e9  233   4    0.00112
1629    162.8245  #e8e9e8  233   5    0.00476
1630    162.9750  #e8e9e9  233   6    0.00092
1631    163.0070  #e9e9e8  233   7    0.00020
1632    163.1685  #e9e9e9  234   1    0.00099
1633    163.3380  #e9e9ea  234   2    0.00104
1634    163.5010  #eae9e9  234   3    0.00100
1635    163.6710  #eae9ea  234   4    0.00104
1636    164.2430  #e9eae9  234   5    0.00349
1637    164.3960  #e9eaea  234   6    0.00093
1638    164.5735  #eaeae9  234   7    0.00108
1639    164.7470  #eaeaea  235   1    0.00105
1640    164.9080  #eaeaeb  235   2    0.00098
1641    165.0875  #ebeaea  235   3    0.00109
1642    165.2395  #ebeaeb  235   4    0.00092
1643    165.8245  #eaebea  235   5    0.00353
1644    165.9880  #eaebeb  235   6    0.00099
1645    166.1840  #ebebea  235   7    0.00118
1646    166.3115  #ebebeb  236   1    0.00077
1647    166.4655  #ebebec  236   2    0.00093
1648    166.6355  #ecebeb  236   3    0.00102
1649    166.8160  #ecebec  236   4    0.00108
1650    167.3555  #ebeceb  236   5    0.00323
1651    167.5390  #ebecec  236   6    0.00110
1652    167.7330  #ececeb  236   7    0.00116
1653    167.8885  #ececec  237   1    0.00093
1654    167.8425  #ececed  237   2   -0.00027
1655    168.2440  #edecec  237   3    0.00239
1656    168.2400  #edeced  237   4   -0.00002
1657    168.4170  #ecedec  237   5    0.00105
1658    168.4395  #eceded  237   6    0.00013
1659    168.7770  #ededec  237   7    0.00200
1660    168.7990  #ededed  238   1    0.00013
1661    168.9450  #ededee  238   2    0.00086
1662    168.9420  #eeeded  238   3   -0.00002
1663    169.1065  #eeedee  238   4    0.00097
1664    169.4235  #edeeed  238   5    0.00187
1665    169.5960  #edeeee  238   6    0.00102
1666    169.5800  #eeeeed  238   7   -0.00009
1667    169.7580  #eeeeee  239   1    0.00105
1668    169.9750  #eeeeef  239   2    0.00128
1669    170.1360  #efeeee  239   3    0.00095
1670    170.3325  #efeeef  239   4    0.00115
1671    170.9240  #eeefee  239   5    0.00347
1672    171.1390  #eeefef  239   6    0.00126
1673    171.3715  #efefee  239   7    0.00136
1674    171.4690  #efefef  240   1    0.00057
1675    171.6770  #efeff0  240   2    0.00121
1676    171.6895  #f0efef  240   3    0.00007
1677    171.8415  #f0eff0  240   4    0.00088
1678    172.6095  #eff0ef  240   5    0.00446
1679    172.7810  #eff0f0  240   6    0.00099
1680    172.7955  #f0f0ef  240   7    0.00008
1681    172.9150  #f0f0f0  241   1    0.00069
1682    173.0915  #f0f0f1  241   2    0.00102
1683    173.2770  #f1f0f0  241   3    0.00107
1684    173.4720  #f1f0f1  241   4    0.00112
1685    174.0345  #f0f1f0  241   5    0.00324
1686    174.1910  #f0f1f1  241   6    0.00090
1687    174.4035  #f1f1f0  241   7    0.00122
1688    174.5500  #f1f1f1  242   1    0.00084
1689    174.6955  #f1f1f2  242   2    0.00083
1690    174.9055  #f2f1f1  242   3    0.00120
1691    175.0770  #f2f1f2  242   4    0.00098
1692    175.6580  #f1f2f1  242   5    0.00331
1693    175.7915  #f1f2f2  242   6    0.00076
1694    176.0065  #f2f2f1  242   7    0.00122
1695    176.1795  #f2f2f2  243   1    0.00098
1696    176.1855  #f2f2f3  243   2    0.00003
1697    176.5415  #f3f2f2  243   3    0.00202
1698    176.5500  #f3f2f3  243   4    0.00005
1699    176.7280  #f2f3f2  243   5    0.00101
1700    176.7245  #f2f3f3  243   6   -0.00002
1701    177.0665  #f3f3f2  243   7    0.00193
1702    177.0410  #f3f3f3  244   1   -0.00014
1703    177.2620  #f3f3f4  244   2    0.00125
1704    177.4385  #f4f3f3  244   3    0.00100
1705    177.5930  #f4f3f4  244   4    0.00087
1706    178.1350  #f3f4f3  244   5    0.00305
1707    178.3240  #f3f4f4  244   6    0.00106
1708    178.5130  #f4f4f3  244   7    0.00106
1709    178.6880  #f4f4f4  245   1    0.00098
1710    178.8385  #f4f4f5  245   2    0.00084
1711    179.0545  #f5f4f4  245   3    0.00121
1712    179.1615  #f5f4f5  245   4    0.00060
1713    179.7825  #f4f5f4  245   5    0.00346
1714    179.9150  #f4f5f5  245   6    0.00074
1715    180.1150  #f5f5f4  245   7    0.00111
1716    180.2825  #f5f5f5  246   1    0.00093
1717    180.4315  #f5f5f6  246   2    0.00083
1718    180.6435  #f6f5f5  246   3    0.00117
1719    180.7695  #f6f5f6  246   4    0.00070
1720    181.3505  #f5f6f5  246   5    0.00321
1721    181.5200  #f5f6f6  246   6    0.00093
1722    181.7460  #f6f6f5  246   7    0.00124
1723    181.8455  #f6f6f6  247   1    0.00055
1724    182.0145  #f6f6f7  247   2    0.00093
1725    181.8935  #f7f6f6  247   3   -0.00067
1726    182.0110  #f7f6f7  247   4    0.00065
1727    182.3940  #f6f7f6  247   5    0.00210
1728    182.5165  #f6f7f7  247   6    0.00067
1729    182.3705  #f7f7f6  247   7   -0.00080
1730    182.5070  #f7f7f7  248   1    0.00075
1731    182.6740  #f7f7f8  248   2    0.00091
1732    182.8960  #f8f7f7  248   3    0.00121
1733    182.9910  #f8f7f8  248   4    0.00052
1734    183.6045  #f7f8f7  248   5    0.00335
1735    183.7605  #f7f8f8  248   6    0.00085
1736    184.0010  #f8f8f7  248   7    0.00131
1737    184.1315  #f8f8f8  249   1    0.00071
1738    184.1280  #f8f8f9  249   2   -0.00002
1739    184.4565  #f9f8f8  249   3    0.00178
1740    184.4425  #f9f8f9  249   4   -0.00008
1741    184.6920  #f8f9f8  249   5    0.00135
1742    184.6555  #f8f9f9  249   6   -0.00020
1743    185.0590  #f9f9f8  249   7    0.00218
1744    185.0080  #f9f9f9  250   1   -0.00028
1745    185.1645  #f9f9fa  250   2    0.00085
1746    185.3375  #faf9f9  250   3    0.00093
1747    185.5350  #faf9fa  250   4    0.00107
1748    186.1130  #f9faf9  250   5    0.00311
1749    186.2505  #f9fafa  250   6    0.00074
1750    186.4480  #fafaf9  250   7    0.00106
1751    186.5785  #fafafa  251   1    0.00070
1752    186.7255  #fafafb  251   2    0.00079
1753    186.9175  #fbfafa  251   3    0.00103
1754    187.0725  #fbfafb  251   4    0.00083
1755    187.6080  #fafbfa  251   5    0.00286
1756    187.7820  #fafbfb  251   6    0.00093
1757    187.9555  #fbfbfa  251   7    0.00092
1758    188.0870  #fbfbfb  252   1    0.00070
1759    188.3265  #fbfbfc  252   2    0.00127
1760    188.5120  #fcfbfb  252   3    0.00098
1761    188.5995  #fcfbfc  252   4    0.00046
1762    189.1770  #fbfcfb  252   5    0.00306
1763    189.3390  #fbfcfc  252   6    0.00086
1764    189.5185  #fcfcfb  252   7    0.00095
1765    189.7015  #fcfcfc  253   1    0.00097
1766    189.8635  #fcfcfd  253   2    0.00085
1767    190.0220  #fdfcfc  253   3    0.00083
1768    190.2085  #fdfcfd  253   4    0.00098
1769    190.7635  #fcfdfc  253   5    0.00291
1770    190.8650  #fcfdfd  253   6    0.00053
1771    191.1045  #fdfdfc  253   7    0.00125
1772    191.2525  #fdfdfd  254   1    0.00077
1773    191.3860  #fdfdfe  254   2    0.00070
1774    191.6035  #fefdfd  254   3    0.00114
1775    191.7530  #fefdfe  254   4    0.00078
1776    192.2525  #fdfefd  254   5    0.00260
1777    192.4145  #fdfefe  254   6    0.00084
1778    192.6060  #fefefd  254   7    0.00099
1779    192.7735  #fefefe  255   1    0.00087
1780    192.7570  #fefeff  255   2   -0.00009
1781    192.9205  #fffefe  255   3    0.00085
1782    192.9420  #fffeff  255   4    0.00011
1783    193.2820  #fefffe  255   5    0.00176
1784    193.2950  #feffff  255   6    0.00007
1785    193.4260  #fffffe  255   7    0.00068
1786    193.4125  #ffffff  256   1   -0.00007
