#  lumResponse vers. 1.6 - 01/10/07 07:20:16
#  Display ID: DELL_3007WFP_FK28569QG3Z3
#  iLdelay=1  avgN=1  ILlimit_plus=0.20 ILlimit_minus=-0.05  R=22.8% G=68.4% B=8.8%
#  78.4  #ff0000
#  235.0  #00ff00
#  30.3  #0000ff
   1    0.435  #000000    1 1  0.0000
   2    0.435  #000001    1 2  0.0000
   3    0.435  #010000    1 3  0.0000
   4    0.435  #010001    1 4  0.0000
   5    0.434  #000100    1 5  -0.0023
   6    0.435  #000101    1 6  0.0023
   7    0.435  #010100    1 7  0.0000
   8    0.435  #010101    2 1  0.0000
   9    0.435  #010102    2 2  0.0000
  10    0.435  #020101    2 3  0.0000
  11    0.435  #020102    2 4  0.0000
  12    0.436  #010201    2 5  0.0023
  13    0.435  #010202    2 6  -0.0023
  14    0.435  #020201    2 7  0.0000
  15    0.435  #020202    3 1  0.0000
  16    0.436  #020203    3 2  0.0023
  17    0.435  #030202    3 3  -0.0023
  18    0.436  #030203    3 4  0.0023
  19    0.436  #020302    3 5  0.0000
  20    0.436  #020303    3 6  0.0000
  21    0.437  #030302    3 7  0.0023
  22    0.436  #030303    4 1  -0.0023
  23    0.437  #030304    4 2  0.0023
  24    0.437  #040303    4 3  0.0000
  25    0.437  #040304    4 4  0.0000
  26    0.438  #030403    4 5  0.0023
  27    0.438  #030404    4 6  0.0000
  28    0.438  #040403    4 7  0.0000
  29    0.438  #040404    5 1  0.0000
  30    0.439  #040405    5 2  0.0023
  31    0.439  #050404    5 3  0.0000
  32    0.440  #050405    5 4  0.0023
  33    0.441  #040504    5 5  0.0023
  34    0.441  #040505    5 6  0.0000
  35    0.442  #050504    5 7  0.0023
  36    0.442  #050505    6 1  0.0000
  37    0.442  #050506    6 2  0.0000
  38    0.443  #060505    6 3  0.0023
  39    0.444  #060506    6 4  0.0023
  40    0.446  #050605    6 5  0.0045
  41    0.446  #050606    6 6  0.0000
  42    0.447  #060605    6 7  0.0022
  43    0.448  #060606    7 1  0.0022
  44    0.449  #060607    7 2  0.0022
  45    0.449  #070606    7 3  0.0000
  46    0.450  #070607    7 4  0.0022
  47    0.453  #060706    7 5  0.0066
  48    0.454  #060707    7 6  0.0022
  49    0.456  #070706    7 7  0.0044
  50    0.456  #070707    8 1  0.0000
  51    0.457  #070708    8 2  0.0022
  52    0.459  #080707    8 3  0.0044
  53    0.460  #080708    8 4  0.0022
  54    0.464  #070807    8 5  0.0087
  55    0.465  #070808    8 6  0.0022
  56    0.466  #080807    8 7  0.0021
  57    0.467  #080808    9 1  0.0021
  58    0.469  #080809    9 2  0.0043
  59    0.470  #090808    9 3  0.0021
  60    0.472  #090809    9 4  0.0042
  61    0.477  #080908    9 5  0.0105
  62    0.479  #080909    9 6  0.0042
  63    0.480  #090908    9 7  0.0021
  64    0.481  #090909   10 1  0.0021
  65    0.484  #09090a   10 2  0.0062
  66    0.486  #0a0909   10 3  0.0041
  67    0.488  #0a090a   10 4  0.0041
  68    0.494  #090a09   10 5  0.0122
  69    0.496  #090a0a   10 6  0.0040
  70    0.494  #0a0a09   10 7  -0.0040
  71    0.500  #0a0a0a   11 1  0.0121
  72    0.502  #0a0a0b   11 2  0.0040
  73    0.505  #0b0a0a   11 3  0.0060
  74    0.507  #0b0a0b   11 4  0.0040
  75    0.514  #0a0b0a   11 5  0.0137
  76    0.516  #0a0b0b   11 6  0.0039
  77    0.519  #0b0b0a   11 7  0.0058
  78    0.521  #0b0b0b   12 1  0.0038
  79    0.523  #0b0b0c   12 2  0.0038
  80    0.527  #0c0b0b   12 3  0.0076
  81    0.529  #0c0b0c   12 4  0.0038
  82    0.538  #0b0c0b   12 5  0.0169
  83    0.541  #0b0c0c   12 6  0.0056
  84    0.544  #0c0c0b   12 7  0.0055
  85    0.546  #0c0c0c   13 1  0.0037
  86    0.549  #0c0c0d   13 2  0.0055
  87    0.554  #0d0c0c   13 3  0.0091
  88    0.556  #0d0c0d   13 4  0.0036
  89    0.567  #0c0d0c   13 5  0.0196
  90    0.570  #0c0d0d   13 6  0.0053
  91    0.574  #0d0d0c   13 7  0.0070
  92    0.576  #0d0d0d   14 1  0.0035
  93    0.579  #0d0d0e   14 2  0.0052
  94    0.584  #0e0d0d   14 3  0.0086
  95    0.588  #0e0d0e   14 4  0.0068
  96    0.601  #0d0e0d   14 5  0.0219
  97    0.603  #0d0e0e   14 6  0.0033
  98    0.609  #0e0e0d   14 7  0.0099
  99    0.612  #0e0e0e   15 1  0.0049
 100    0.615  #0e0e0f   15 2  0.0049
 101    0.622  #0f0e0e   15 3  0.0113
 102    0.625  #0f0e0f   15 4  0.0048
 103    0.641  #0e0f0e   15 5  0.0253
 104    0.645  #0e0f0f   15 6  0.0062
 105    0.651  #0f0f0e   15 7  0.0093
 106    0.655  #0f0f0f   16 1  0.0061
 107    0.659  #0f0f10   16 2  0.0061
 108    0.666  #100f0f   16 3  0.0106
 109    0.670  #100f10   16 4  0.0060
 110    0.689  #0f100f   16 5  0.0280
 111    0.693  #0f1010   16 6  0.0058
 112    0.701  #10100f   16 7  0.0115
 113    0.705  #101010   17 1  0.0057
 114    0.710  #101011   17 2  0.0071
 115    0.718  #111010   17 3  0.0112
 116    0.723  #111011   17 4  0.0069
 117    0.743  #101110   17 5  0.0273
 118    0.748  #101111   17 6  0.0067
 119    0.756  #111110   17 7  0.0106
 120    0.761  #111111   18 1  0.0066
 121    0.766  #111112   18 2  0.0065
 122    0.774  #121111   18 3  0.0104
 123    0.779  #121112   18 4  0.0064
 124    0.801  #111211   18 5  0.0278
 125    0.806  #111212   18 6  0.0062
 126    0.814  #121211   18 7  0.0099
 127    0.819  #121212   19 1  0.0061
 128    0.824  #121213   19 2  0.0061
 129    0.833  #131212   19 3  0.0109
 130    0.838  #131213   19 4  0.0060
 131    0.861  #121312   19 5  0.0271
 132    0.866  #121313   19 6  0.0058
 133    0.875  #131312   19 7  0.0103
 134    0.880  #131313   20 1  0.0057
 135    0.886  #131314   20 2  0.0068
 136    0.895  #141313   20 3  0.0101
 137    0.901  #141314   20 4  0.0067
 138    0.924  #131413   20 5  0.0252
 139    0.930  #131414   20 6  0.0065
 140    0.939  #141413   20 7  0.0096
 141    0.945  #141414   21 1  0.0064
 142    0.951  #141415   21 2  0.0063
 143    0.961  #151414   21 3  0.0105
 144    0.967  #151415   21 4  0.0062
 145    0.993  #141514   21 5  0.0265
 146    0.999  #141515   21 6  0.0060
 147    1.010  #151514   21 7  0.0110
 148    1.016  #151515   22 1  0.0059
 149    1.023  #151516   22 2  0.0069
 150    1.035  #161515   22 3  0.0117
 151    1.042  #161516   22 4  0.0067
 152    1.071  #151615   22 5  0.0274
 153    1.078  #151616   22 6  0.0065
 154    1.091  #161615   22 7  0.0120
 155    1.096  #161616   23 1  0.0046
 156    1.104  #161617   23 2  0.0073
 157    1.117  #171616   23 3  0.0117
 158    1.125  #171617   23 4  0.0071
 159    1.159  #161716   23 5  0.0298
 160    1.167  #161717   23 6  0.0069
 161    1.180  #171716   23 7  0.0111
 162    1.187  #171717   24 1  0.0059
 163    1.196  #171718   24 2  0.0076
 164    1.211  #181717   24 3  0.0125
 165    1.220  #181718   24 4  0.0074
 166    1.259  #171817   24 5  0.0315
 167    1.265  #171818   24 6  0.0048
 168    1.282  #181817   24 7  0.0133
 169    1.291  #181818   25 1  0.0070
 170    1.300  #181819   25 2  0.0069
 171    1.317  #191818   25 3  0.0130
 172    1.326  #191819   25 4  0.0068
 173    1.369  #181918   25 5  0.0319
 174    1.379  #181919   25 6  0.0073
 175    1.396  #191918   25 7  0.0123
 176    1.405  #191919   26 1  0.0064
 177    1.416  #19191a   26 2  0.0078
 178    1.434  #1a1919   26 3  0.0126
 179    1.444  #1a191a   26 4  0.0069
 180    1.491  #191a19   26 5  0.0320
 181    1.501  #191a1a   26 6  0.0067
 182    1.518  #1a1a19   26 7  0.0113
 183    1.530  #1a1a1a   27 1  0.0079
 184    1.541  #1a1a1b   27 2  0.0072
 185    1.560  #1b1a1a   27 3  0.0123
 186    1.571  #1b1a1b   27 4  0.0070
 187    1.620  #1a1b1a   27 5  0.0307
 188    1.632  #1a1b1b   27 6  0.0074
 189    1.651  #1b1b1a   27 7  0.0116
 190    1.662  #1b1b1b   28 1  0.0066
 191    1.673  #1b1b1c   28 2  0.0066
 192    1.693  #1c1b1b   28 3  0.0119
 193    1.704  #1c1b1c   28 4  0.0065
 194    1.756  #1b1c1b   28 5  0.0301
 195    1.767  #1b1c1c   28 6  0.0062
 196    1.787  #1c1c1b   28 7  0.0113
 197    1.790  #1c1c1c   29 1  0.0017
 198    1.810  #1c1c1d   29 2  0.0111
 199    1.830  #1d1c1c   29 3  0.0110
 200    1.840  #1d1c1d   29 4  0.0054
 201    1.890  #1c1d1c   29 5  0.0268
 202    1.910  #1c1d1d   29 6  0.0105
 203    1.930  #1d1d1c   29 7  0.0104
 204    1.940  #1d1d1d   30 1  0.0052
 205    1.950  #1d1d1e   30 2  0.0051
 206    1.970  #1e1d1d   30 3  0.0102
 207    1.990  #1e1d1e   30 4  0.0101
 208    2.050  #1d1e1d   30 5  0.0297
 209    2.060  #1d1e1e   30 6  0.0049
 210    2.080  #1e1e1d   30 7  0.0097
 211    2.100  #1e1e1e   31 1  0.0096
 212    2.110  #1e1e1f   31 2  0.0048
 213    2.130  #1f1e1e   31 3  0.0094
 214    2.150  #1f1e1f   31 4  0.0093
 215    2.210  #1e1f1e   31 5  0.0275
 216    2.230  #1e1f1f   31 6  0.0090
 217    2.250  #1f1f1e   31 7  0.0089
 218    2.270  #1f1f1f   32 1  0.0088
 219    2.280  #1f1f20   32 2  0.0044
 220    2.310  #201f1f   32 3  0.0131
 221    2.330  #201f20   32 4  0.0086
 222    2.400  #1f201f   32 5  0.0296
 223    2.420  #1f2020   32 6  0.0083
 224    2.440  #20201f   32 7  0.0082
 225    2.460  #202020   33 1  0.0082
 226    2.480  #202021   33 2  0.0081
 227    2.510  #212020   33 3  0.0120
 228    2.520  #212021   33 4  0.0040
 229    2.600  #202120   33 5  0.0313
 230    2.610  #202121   33 6  0.0038
 231    2.640  #212120   33 7  0.0114
 232    2.660  #212121   34 1  0.0075
 233    2.680  #212122   34 2  0.0075
 234    2.710  #222121   34 3  0.0111
 235    2.720  #222122   34 4  0.0037
 236    2.800  #212221   34 5  0.0290
 237    2.820  #212222   34 6  0.0071
 238    2.850  #222221   34 7  0.0106
 239    2.870  #222222   35 1  0.0070
 240    2.880  #222223   35 2  0.0035
 241    2.910  #232222   35 3  0.0104
 242    2.930  #232223   35 4  0.0068
 243    3.010  #222322   35 5  0.0269
 244    3.030  #222323   35 6  0.0066
 245    3.060  #232322   35 7  0.0099
 246    3.080  #232323   36 1  0.0065
 247    3.100  #232324   36 2  0.0065
 248    3.130  #242323   36 3  0.0096
 249    3.150  #242324   36 4  0.0064
 250    3.230  #232423   36 5  0.0251
 251    3.250  #232424   36 6  0.0062
 252    3.280  #242423   36 7  0.0092
 253    3.300  #242424   37 1  0.0061
 254    3.320  #242425   37 2  0.0060
 255    3.360  #252424   37 3  0.0120
 256    3.380  #252425   37 4  0.0059
 257    3.460  #242524   37 5  0.0234
 258    3.480  #242525   37 6  0.0058
 259    3.520  #252524   37 7  0.0114
 260    3.540  #252525   38 1  0.0057
 261    3.560  #252526   38 2  0.0056
 262    3.590  #262525   38 3  0.0084
 263    3.610  #262526   38 4  0.0056
 264    3.700  #252625   38 5  0.0246
 265    3.720  #252626   38 6  0.0054
 266    3.760  #262625   38 7  0.0107
 267    3.780  #262626   39 1  0.0053
 268    3.800  #262627   39 2  0.0053
 269    3.830  #272626   39 3  0.0079
 270    3.860  #272627   39 4  0.0078
 271    3.950  #262726   39 5  0.0230
 272    3.970  #262727   39 6  0.0051
 273    4.010  #272726   39 7  0.0100
 274    4.030  #272727   40 1  0.0050
 275    4.050  #272728   40 2  0.0050
 276    4.090  #282727   40 3  0.0098
 277    4.110  #282728   40 4  0.0049
 278    4.210  #272827   40 5  0.0240
 279    4.230  #272828   40 6  0.0047
 280    4.270  #282827   40 7  0.0094
 281    4.290  #282828   41 1  0.0047
 282    4.320  #282829   41 2  0.0070
 283    4.360  #292828   41 3  0.0092
 284    4.380  #292829   41 4  0.0046
 285    4.490  #282928   41 5  0.0248
 286    4.510  #282929   41 6  0.0044
 287    4.550  #292928   41 7  0.0088
 288    4.580  #292929   42 1  0.0066
 289    4.600  #29292a   42 2  0.0044
 290    4.640  #2a2929   42 3  0.0087
 291    4.670  #2a292a   42 4  0.0064
 292    4.780  #292a29   42 5  0.0233
 293    4.810  #292a2a   42 6  0.0063
 294    4.850  #2a2a29   42 7  0.0083
 295    4.870  #2a2a2a   43 1  0.0041
 296    4.900  #2a2a2b   43 2  0.0061
 297    4.940  #2b2a2a   43 3  0.0081
 298    4.970  #2b2a2b   43 4  0.0061
 299    5.100  #2a2b2a   43 5  0.0258
 300    5.120  #2a2b2b   43 6  0.0039
 301    5.170  #2b2b2a   43 7  0.0097
 302    5.200  #2b2b2b   44 1  0.0058
 303    5.220  #2b2b2c   44 2  0.0038
 304    5.270  #2c2b2b   44 3  0.0095
 305    5.300  #2c2b2c   44 4  0.0057
 306    5.420  #2b2c2b   44 5  0.0224
 307    5.450  #2b2c2c   44 6  0.0055
 308    5.500  #2c2c2b   44 7  0.0091
 309    5.530  #2c2c2c   45 1  0.0054
 310    5.560  #2c2c2d   45 2  0.0054
 311    5.610  #2d2c2c   45 3  0.0090
 312    5.630  #2d2c2d   45 4  0.0036
 313    5.770  #2c2d2c   45 5  0.0246
 314    5.790  #2c2d2d   45 6  0.0035
 315    5.850  #2d2d2c   45 7  0.0103
 316    5.880  #2d2d2d   46 1  0.0051
 317    5.910  #2d2d2e   46 2  0.0051
 318    5.960  #2e2d2d   46 3  0.0084
 319    5.990  #2e2d2e   46 4  0.0050
 320    6.130  #2d2e2d   46 5  0.0231
 321    6.160  #2d2e2e   46 6  0.0049
 322    6.210  #2e2e2d   46 7  0.0081
 323    6.240  #2e2e2e   47 1  0.0048
 324    6.270  #2e2e2f   47 2  0.0048
 325    6.320  #2f2e2e   47 3  0.0079
 326    6.360  #2f2e2f   47 4  0.0063
 327    6.510  #2e2f2e   47 5  0.0233
 328    6.540  #2e2f2f   47 6  0.0046
 329    6.590  #2f2f2e   47 7  0.0076
 330    6.630  #2f2f2f   48 1  0.0061
 331    6.660  #2f2f30   48 2  0.0045
 332    6.710  #302f2f   48 3  0.0075
 333    6.750  #302f30   48 4  0.0059
 334    6.910  #2f302f   48 5  0.0234
 335    6.940  #2f3030   48 6  0.0043
 336    6.990  #30302f   48 7  0.0072
 337    7.030  #303030   49 1  0.0057
 338    7.060  #303031   49 2  0.0043
 339    7.120  #313030   49 3  0.0085
 340    7.150  #313031   49 4  0.0042
 341    7.320  #303130   49 5  0.0235
 342    7.350  #303131   49 6  0.0041
 343    7.410  #313130   49 7  0.0081
 344    7.440  #313131   50 1  0.0040
 345    7.480  #313132   50 2  0.0054
 346    7.540  #323131   50 3  0.0080
 347    7.570  #323132   50 4  0.0040
 348    7.740  #313231   50 5  0.0222
 349    7.780  #313232   50 6  0.0052
 350    7.830  #323231   50 7  0.0064
 351    7.870  #323232   51 1  0.0051
 352    7.910  #323233   51 2  0.0051
 353    7.970  #333232   51 3  0.0076
 354    8.000  #333233   51 4  0.0038
 355    8.180  #323332   51 5  0.0222
 356    8.210  #323333   51 6  0.0037
 357    8.270  #333332   51 7  0.0073
 358    8.310  #333333   52 1  0.0048
 359    8.350  #333334   52 2  0.0048
 360    8.410  #343333   52 3  0.0072
 361    8.450  #343334   52 4  0.0047
 362    8.630  #333433   52 5  0.0211
 363    8.670  #333434   52 6  0.0046
 364    8.730  #343433   52 7  0.0069
 365    8.770  #343434   53 1  0.0046
 366    8.810  #343435   53 2  0.0046
 367    8.880  #353434   53 3  0.0079
 368    8.920  #353435   53 4  0.0045
 369    9.110  #343534   53 5  0.0211
 370    9.150  #343535   53 6  0.0044
 371    9.220  #353534   53 7  0.0076
 372    9.250  #353535   54 1  0.0032
 373    9.290  #353536   54 2  0.0043
 374    9.360  #363535   54 3  0.0075
 375    9.400  #363536   54 4  0.0043
 376    9.600  #353635   54 5  0.0211
 377    9.640  #353636   54 6  0.0042
 378    9.710  #363635   54 7  0.0072
 379    9.750  #363636   55 1  0.0041
 380    9.790  #363637   55 2  0.0041
 381    9.860  #373636   55 3  0.0071
 382    9.900  #373637   55 4  0.0040
 383   10.100  #363736   55 5  0.0200
 384   10.140  #363737   55 6  0.0040
 385   10.220  #373736   55 7  0.0079
 386   10.260  #373737   56 1  0.0039
 387   10.290  #373738   56 2  0.0029
 388   10.370  #383737   56 3  0.0077
 389   10.410  #383738   56 4  0.0038
 390   10.620  #373837   56 5  0.0200
 391   10.660  #373838   56 6  0.0038
 392   10.730  #383837   56 7  0.0065
 393   10.780  #383838   57 1  0.0046
 394   10.820  #383839   57 2  0.0037
 395   10.900  #393838   57 3  0.0074
 396   10.950  #393839   57 4  0.0046
 397   11.160  #383938   57 5  0.0190
 398   11.200  #383939   57 6  0.0036
 399   11.280  #393938   57 7  0.0071
 400   11.320  #393939   58 1  0.0035
 401   11.370  #39393a   58 2  0.0044
 402   11.450  #3a3939   58 3  0.0070
 403   11.500  #3a393a   58 4  0.0044
 404   11.730  #393a39   58 5  0.0198
 405   11.770  #393a3a   58 6  0.0034
 406   11.860  #3a3a39   58 7  0.0076
 407   11.900  #3a3a3a   59 1  0.0034
 408   11.950  #3a3a3b   59 2  0.0042
 409   12.030  #3b3a3a   59 3  0.0067
 410   12.080  #3b3a3b   59 4  0.0041
 411   12.310  #3a3b3a   59 5  0.0189
 412   12.360  #3a3b3b   59 6  0.0041
 413   12.440  #3b3b3a   59 7  0.0065
 414   12.490  #3b3b3b   60 1  0.0040
 415   12.540  #3b3b3c   60 2  0.0040
 416   12.620  #3c3b3b   60 3  0.0064
 417   12.670  #3c3b3c   60 4  0.0040
 418   12.910  #3b3c3b   60 5  0.0188
 419   12.960  #3b3c3c   60 6  0.0039
 420   13.050  #3c3c3b   60 7  0.0069
 421   13.100  #3c3c3c   61 1  0.0038
 422   13.150  #3c3c3d   61 2  0.0038
 423   13.230  #3d3c3c   61 3  0.0061
 424   13.290  #3d3c3d   61 4  0.0045
 425   13.530  #3c3d3c   61 5  0.0179
 426   13.580  #3c3d3d   61 6  0.0037
 427   13.660  #3d3d3c   61 7  0.0059
 428   13.710  #3d3d3d   62 1  0.0037
 429   13.770  #3d3d3e   62 2  0.0044
 430   13.860  #3e3d3d   62 3  0.0065
 431   13.910  #3e3d3e   62 4  0.0036
 432   14.180  #3d3e3d   62 5  0.0192
 433   14.240  #3d3e3e   62 6  0.0042
 434   14.330  #3e3e3d   62 7  0.0063
 435   14.390  #3e3e3e   63 1  0.0042
 436   14.440  #3e3e3f   63 2  0.0035
 437   14.540  #3f3e3e   63 3  0.0069
 438   14.600  #3f3e3f   63 4  0.0041
 439   14.870  #3e3f3e   63 5  0.0183
 440   14.930  #3e3f3f   63 6  0.0040
 441   15.020  #3f3f3e   63 7  0.0060
 442   15.080  #3f3f3f   64 1  0.0040
 443   15.140  #3f3f40   64 2  0.0040
 444   15.220  #403f3f   64 3  0.0053
 445   15.270  #403f40   64 4  0.0033
 446   15.530  #3f403f   64 5  0.0169
 447   15.580  #3f4040   64 6  0.0032
 448   15.670  #40403f   64 7  0.0058
 449   15.730  #404040   65 1  0.0038
 450   15.780  #404041   65 2  0.0032
 451   15.870  #414040   65 3  0.0057
 452   15.910  #414041   65 4  0.0025
 453   16.160  #404140   65 5  0.0156
 454   16.220  #404141   65 6  0.0037
 455   16.300  #414140   65 7  0.0049
 456   16.350  #414141   66 1  0.0031
 457   16.410  #414142   66 2  0.0037
 458   16.490  #424141   66 3  0.0049
 459   16.550  #424142   66 4  0.0036
 460   16.800  #414241   66 5  0.0150
 461   16.860  #414242   66 6  0.0036
 462   16.940  #424241   66 7  0.0047
 463   17.000  #424242   67 1  0.0035
 464   17.050  #424243   67 2  0.0029
 465   17.150  #434242   67 3  0.0058
 466   17.200  #434243   67 4  0.0029
 467   17.460  #424342   67 5  0.0150
 468   17.520  #424343   67 6  0.0034
 469   17.610  #434342   67 7  0.0051
 470   17.670  #434343   68 1  0.0034
 471   17.720  #434344   68 2  0.0028
 472   17.810  #444343   68 3  0.0051
 473   17.860  #444344   68 4  0.0028
 474   18.100  #434443   68 5  0.0133
 475   18.100  #434444   68 6  0.0000
 476   18.200  #444443   68 7  0.0055
 477   18.300  #444444   69 1  0.0055
 478   18.300  #444445   69 2  0.0000
 479   18.400  #454444   69 3  0.0054
 480   18.500  #454445   69 4  0.0054
 481   18.800  #444544   69 5  0.0161
 482   18.800  #444545   69 6  0.0000
 483   18.900  #454544   69 7  0.0053
 484   18.900  #454545   70 1  0.0000
 485   19.000  #454546   70 2  0.0053
 486   19.100  #464545   70 3  0.0052
 487   19.200  #464546   70 4  0.0052
 488   19.400  #454645   70 5  0.0104
 489   19.500  #454646   70 6  0.0051
 490   19.600  #464645   70 7  0.0051
 491   19.600  #464646   71 1  0.0000
 492   19.700  #464647   71 2  0.0051
 493   19.800  #474646   71 3  0.0051
 494   19.800  #474647   71 4  0.0000
 495   20.100  #464746   71 5  0.0150
 496   20.200  #464747   71 6  0.0050
 497   20.300  #474746   71 7  0.0049
 498   20.400  #474747   72 1  0.0049
 499   20.400  #474748   72 2  0.0000
 500   20.500  #484747   72 3  0.0049
 501   20.600  #484748   72 4  0.0049
 502   20.800  #474847   72 5  0.0097
 503   20.900  #474848   72 6  0.0048
 504   21.000  #484847   72 7  0.0048
 505   21.100  #484848   73 1  0.0048
 506   21.100  #484849   73 2  0.0000
 507   21.200  #494848   73 3  0.0047
 508   21.300  #494849   73 4  0.0047
 509   21.600  #484948   73 5  0.0140
 510   21.600  #484949   73 6  0.0000
 511   21.700  #494948   73 7  0.0046
 512   21.800  #494949   74 1  0.0046
 513   21.800  #49494a   74 2  0.0000
 514   22.000  #4a4949   74 3  0.0091
 515   22.000  #4a494a   74 4  0.0000
 516   22.300  #494a49   74 5  0.0135
 517   22.400  #494a4a   74 6  0.0045
 518   22.500  #4a4a49   74 7  0.0045
 519   22.500  #4a4a4a   75 1  0.0000
 520   22.600  #4a4a4b   75 2  0.0044
 521   22.700  #4b4a4a   75 3  0.0044
 522   22.800  #4b4a4b   75 4  0.0044
 523   23.000  #4a4b4a   75 5  0.0087
 524   23.100  #4a4b4b   75 6  0.0043
 525   23.200  #4b4b4a   75 7  0.0043
 526   23.300  #4b4b4b   76 1  0.0043
 527   23.300  #4b4b4c   76 2  0.0000
 528   23.500  #4c4b4b   76 3  0.0085
 529   23.500  #4c4b4c   76 4  0.0000
 530   23.800  #4b4c4b   76 5  0.0127
 531   23.900  #4b4c4c   76 6  0.0042
 532   24.000  #4c4c4b   76 7  0.0042
 533   24.100  #4c4c4c   77 1  0.0042
 534   24.100  #4c4c4d   77 2  0.0000
 535   24.200  #4d4c4c   77 3  0.0041
 536   24.300  #4d4c4d   77 4  0.0041
 537   24.600  #4c4d4c   77 5  0.0123
 538   24.700  #4c4d4d   77 6  0.0041
 539   24.800  #4d4d4c   77 7  0.0040
 540   24.800  #4d4d4d   78 1  0.0000
 541   24.900  #4d4d4e   78 2  0.0040
 542   25.000  #4e4d4d   78 3  0.0040
 543   25.100  #4e4d4e   78 4  0.0040
 544   25.400  #4d4e4d   78 5  0.0119
 545   25.500  #4d4e4e   78 6  0.0039
 546   25.600  #4e4e4d   78 7  0.0039
 547   25.600  #4e4e4e   79 1  0.0000
 548   25.700  #4e4e4f   79 2  0.0039
 549   25.800  #4f4e4e   79 3  0.0039
 550   25.900  #4f4e4f   79 4  0.0039
 551   26.200  #4e4f4e   79 5  0.0115
 552   26.300  #4e4f4f   79 6  0.0038
 553   26.400  #4f4f4e   79 7  0.0038
 554   26.400  #4f4f4f   80 1  0.0000
 555   26.500  #4f4f50   80 2  0.0038
 556   26.600  #504f4f   80 3  0.0038
 557   26.700  #504f50   80 4  0.0038
 558   27.000  #4f504f   80 5  0.0112
 559   27.300  #4f5050   80 6  0.0110
 560   27.500  #50504f   80 7  0.0073
 561   27.500  #505050   81 1  0.0000
 562   27.600  #505051   81 2  0.0036
 563   27.700  #515050   81 3  0.0036
 564   27.800  #515051   81 4  0.0036
 565   28.100  #505150   81 5  0.0107
 566   28.200  #505151   81 6  0.0036
 567   28.400  #515150   81 7  0.0071
 568   28.500  #515151   82 1  0.0035
 569   28.500  #515152   82 2  0.0000
 570   28.600  #525151   82 3  0.0035
 571   28.800  #525152   82 4  0.0070
 572   29.100  #515251   82 5  0.0104
 573   29.200  #515252   82 6  0.0034
 574   29.300  #525251   82 7  0.0034
 575   29.300  #525252   83 1  0.0000
 576   29.400  #525253   83 2  0.0034
 577   29.600  #535252   83 3  0.0068
 578   29.600  #535253   83 4  0.0000
 579   30.000  #525352   83 5  0.0134
 580   30.100  #525353   83 6  0.0033
 581   30.200  #535352   83 7  0.0033
 582   30.300  #535353   84 1  0.0033
 583   30.300  #535354   84 2  0.0000
 584   30.500  #545353   84 3  0.0066
 585   30.600  #545354   84 4  0.0033
 586   30.900  #535453   84 5  0.0098
 587   31.000  #535454   84 6  0.0032
 588   31.100  #545453   84 7  0.0032
 589   31.200  #545454   85 1  0.0032
 590   31.300  #545455   85 2  0.0032
 591   31.400  #555454   85 3  0.0032
 592   31.600  #555455   85 4  0.0063
 593   31.800  #545554   85 5  0.0063
 594   31.900  #545555   85 6  0.0031
 595   32.100  #555554   85 7  0.0063
 596   32.100  #555555   86 1  0.0000
 597   32.200  #555556   86 2  0.0031
 598   32.400  #565555   86 3  0.0062
 599   32.400  #565556   86 4  0.0000
 600   32.800  #555655   86 5  0.0123
 601   32.900  #555656   86 6  0.0030
 602   33.100  #565655   86 7  0.0061
 603   33.100  #565656   87 1  0.0000
 604   33.200  #565657   87 2  0.0030
 605   33.300  #575656   87 3  0.0030
 606   33.500  #575657   87 4  0.0060
 607   33.800  #565756   87 5  0.0089
 608   33.900  #565757   87 6  0.0030
 609   34.000  #575756   87 7  0.0029
 610   34.100  #575757   88 1  0.0029
 611   34.200  #575758   88 2  0.0029
 612   34.300  #585757   88 3  0.0029
 613   34.400  #585758   88 4  0.0029
 614   34.800  #575857   88 5  0.0116
 615   34.800  #575858   88 6  0.0000
 616   34.900  #585857   88 7  0.0029
 617   35.000  #585858   89 1  0.0029
 618   35.100  #585859   89 2  0.0029
 619   35.300  #595858   89 3  0.0057
 620   35.300  #595859   89 4  0.0000
 621   35.700  #585958   89 5  0.0113
 622   35.800  #585959   89 6  0.0028
 623   36.000  #595958   89 7  0.0056
 624   36.100  #595959   90 1  0.0028
 625   36.100  #59595a   90 2  0.0000
 626   36.300  #5a5959   90 3  0.0055
 627   36.300  #5a595a   90 4  0.0000
 628   36.700  #595a59   90 5  0.0110
 629   36.800  #595a5a   90 6  0.0027
 630   36.900  #5a5a59   90 7  0.0027
 631   37.000  #5a5a5a   91 1  0.0027
 632   37.100  #5a5a5b   91 2  0.0027
 633   37.200  #5b5a5a   91 3  0.0027
 634   37.300  #5b5a5b   91 4  0.0027
 635   37.700  #5a5b5a   91 5  0.0107
 636   37.700  #5a5b5b   91 6  0.0000
 637   37.900  #5b5b5a   91 7  0.0053
 638   38.000  #5b5b5b   92 1  0.0026
 639   38.000  #5b5b5c   92 2  0.0000
 640   38.200  #5c5b5b   92 3  0.0052
 641   38.300  #5c5b5c   92 4  0.0026
 642   38.700  #5b5c5b   92 5  0.0104
 643   38.700  #5b5c5c   92 6  0.0000
 644   38.900  #5c5c5b   92 7  0.0052
 645   39.000  #5c5c5c   93 1  0.0026
 646   39.200  #5c5c5d   93 2  0.0051
 647   39.200  #5d5c5c   93 3  0.0000
 648   39.300  #5d5c5d   93 4  0.0025
 649   39.700  #5c5d5c   93 5  0.0101
 650   39.800  #5c5d5d   93 6  0.0025
 651   40.000  #5d5d5c   93 7  0.0050
 652   40.100  #5d5d5d   94 1  0.0025
 653   40.100  #5d5d5e   94 2  0.0000
 654   40.300  #5e5d5d   94 3  0.0050
 655   40.300  #5e5d5e   94 4  0.0000
 656   40.700  #5d5e5d   94 5  0.0099
 657   40.800  #5d5e5e   94 6  0.0025
 658   40.900  #5e5e5d   94 7  0.0024
 659   41.000  #5e5e5e   95 1  0.0024
 660   41.100  #5e5e5f   95 2  0.0024
 661   41.200  #5f5e5e   95 3  0.0024
 662   41.300  #5f5e5f   95 4  0.0024
 663   41.600  #5e5f5e   95 5  0.0072
 664   41.800  #5e5f5f   95 6  0.0048
 665   42.000  #5f5f5e   95 7  0.0048
 666   42.100  #5f5f5f   96 1  0.0024
 667   42.100  #5f5f60   96 2  0.0000
 668   42.300  #605f5f   96 3  0.0047
 669   42.300  #605f60   96 4  0.0000
 670   42.700  #5f605f   96 5  0.0094
 671   42.900  #5f6060   96 6  0.0047
 672   43.000  #60605f   96 7  0.0023
 673   43.100  #606060   97 1  0.0023
 674   43.200  #606061   97 2  0.0023
 675   43.300  #616060   97 3  0.0023
 676   43.500  #616061   97 4  0.0046
 677   43.900  #606160   97 5  0.0092
 678   44.000  #606161   97 6  0.0023
 679   44.100  #616160   97 7  0.0023
 680   44.100  #616161   98 1  0.0000
 681   44.200  #616162   98 2  0.0023
 682   44.400  #626161   98 3  0.0045
 683   44.500  #626162   98 4  0.0022
 684   45.000  #616261   98 5  0.0112
 685   45.000  #616262   98 6  0.0000
 686   45.200  #626261   98 7  0.0044
 687   45.300  #626262   99 1  0.0022
 688   45.400  #626263   99 2  0.0022
 689   45.500  #636262   99 3  0.0022
 690   45.600  #636263   99 4  0.0022
 691   46.000  #626362   99 5  0.0087
 692   46.000  #626363   99 6  0.0000
 693   46.200  #636362   99 7  0.0043
 694   46.200  #636363  100 1  0.0000
 695   46.400  #636364  100 2  0.0043
 696   46.500  #646363  100 3  0.0022
 697   46.700  #646364  100 4  0.0043
 698   47.000  #636463  100 5  0.0064
 699   47.000  #636464  100 6  0.0000
 700   47.200  #646463  100 7  0.0042
 701   47.300  #646464  101 1  0.0021
 702   47.500  #646465  101 2  0.0042
 703   47.600  #656464  101 3  0.0021
 704   47.600  #656465  101 4  0.0000
 705   48.100  #646564  101 5  0.0104
 706   48.300  #646565  101 6  0.0041
 707   48.400  #656564  101 7  0.0021
 708   48.500  #656565  102 1  0.0021
 709   48.600  #656566  102 2  0.0021
 710   48.800  #666565  102 3  0.0041
 711   48.800  #666566  102 4  0.0000
 712   49.200  #656665  102 5  0.0082
 713   49.400  #656666  102 6  0.0041
 714   49.500  #666665  102 7  0.0020
 715   49.600  #666666  103 1  0.0020
 716   49.700  #666667  103 2  0.0020
 717   49.900  #676666  103 3  0.0040
 718   50.000  #676667  103 4  0.0020
 719   50.300  #666766  103 5  0.0060
 720   50.400  #666767  103 6  0.0020
 721   50.600  #676766  103 7  0.0040
 722   50.700  #676767  104 1  0.0020
 723   50.800  #676768  104 2  0.0020
 724   50.900  #686767  104 3  0.0020
 725   51.100  #686768  104 4  0.0039
 726   51.400  #676867  104 5  0.0059
 727   51.500  #676868  104 6  0.0019
 728   51.700  #686867  104 7  0.0039
 729   51.700  #686868  105 1  0.0000
 730   51.900  #686869  105 2  0.0039
 731   52.100  #696868  105 3  0.0038
 732   52.100  #696869  105 4  0.0000
 733   52.500  #686968  105 5  0.0076
 734   52.700  #686969  105 6  0.0038
 735   52.800  #696968  105 7  0.0019
 736   52.800  #696969  106 1  0.0000
 737   53.000  #69696a  106 2  0.0038
 738   53.200  #6a6969  106 3  0.0038
 739   53.200  #6a696a  106 4  0.0000
 740   53.600  #696a69  106 5  0.0075
 741   53.600  #696a6a  106 6  0.0000
 742   53.900  #6a6a69  106 7  0.0056
 743   54.000  #6a6a6a  107 1  0.0019
 744   53.900  #6a6a6b  107 2  -0.0019
 745   54.300  #6b6a6a  107 3  0.0074
 746   54.400  #6b6a6b  107 4  0.0018
 747   54.600  #6a6b6a  107 5  0.0037
 748   54.700  #6a6b6b  107 6  0.0018
 749   55.000  #6b6b6a  107 7  0.0055
 750   55.100  #6b6b6b  108 1  0.0018
 751   55.200  #6b6b6c  108 2  0.0018
 752   55.200  #6c6b6b  108 3  0.0000
 753   55.400  #6c6b6c  108 4  0.0036
 754   55.900  #6b6c6b  108 5  0.0090
 755   56.000  #6b6c6c  108 6  0.0018
 756   56.100  #6c6c6b  108 7  0.0018
 757   56.100  #6c6c6c  109 1  0.0000
 758   56.300  #6c6c6d  109 2  0.0036
 759   56.500  #6d6c6c  109 3  0.0035
 760   56.400  #6d6c6d  109 4  -0.0018
 761   56.900  #6c6d6c  109 5  0.0088
 762   57.100  #6c6d6d  109 6  0.0035
 763   57.200  #6d6d6c  109 7  0.0017
 764   57.200  #6d6d6d  110 1  0.0000
 765   57.300  #6d6d6e  110 2  0.0017
 766   57.600  #6e6d6d  110 3  0.0052
 767   57.600  #6e6d6e  110 4  0.0000
 768   58.000  #6d6e6d  110 5  0.0069
 769   58.200  #6d6e6e  110 6  0.0034
 770   58.200  #6e6e6d  110 7  0.0000
 771   58.400  #6e6e6e  111 1  0.0034
 772   58.500  #6e6e6f  111 2  0.0017
 773   58.500  #6f6e6e  111 3  0.0000
 774   58.800  #6f6e6f  111 4  0.0051
 775   59.100  #6e6f6e  111 5  0.0051
 776   59.200  #6e6f6f  111 6  0.0017
 777   59.400  #6f6f6e  111 7  0.0034
 778   59.600  #6f6f6f  112 1  0.0034
 779   59.600  #6f6f70  112 2  0.0000
 780   59.700  #706f6f  112 3  0.0017
 781   59.800  #706f70  112 4  0.0017
 782   60.100  #6f706f  112 5  0.0050
 783   60.200  #6f7070  112 6  0.0017
 784   60.500  #70706f  112 7  0.0050
 785   60.600  #707070  113 1  0.0017
 786   60.600  #707071  113 2  0.0000
 787   60.800  #717070  113 3  0.0033
 788   60.900  #717071  113 4  0.0016
 789   61.300  #707170  113 5  0.0065
 790   61.400  #707171  113 6  0.0016
 791   61.600  #717170  113 7  0.0033
 792   61.700  #717171  114 1  0.0016
 793   61.700  #717172  114 2  0.0000
 794   61.900  #727171  114 3  0.0032
 795   62.000  #727172  114 4  0.0016
 796   62.400  #717271  114 5  0.0064
 797   62.600  #717272  114 6  0.0032
 798   62.700  #727271  114 7  0.0016
 799   62.800  #727272  115 1  0.0016
 800   62.800  #727273  115 2  0.0000
 801   63.000  #737272  115 3  0.0032
 802   63.100  #737273  115 4  0.0016
 803   63.500  #727372  115 5  0.0063
 804   63.600  #727373  115 6  0.0016
 805   63.800  #737372  115 7  0.0031
 806   63.900  #737373  116 1  0.0016
 807   64.000  #737374  116 2  0.0016
 808   64.200  #747373  116 3  0.0031
 809   64.200  #747374  116 4  0.0000
 810   64.600  #737473  116 5  0.0062
 811   64.800  #737474  116 6  0.0031
 812   64.900  #747473  116 7  0.0015
 813   65.000  #747474  117 1  0.0015
 814   65.100  #747475  117 2  0.0015
 815   65.200  #757474  117 3  0.0015
 816   65.400  #757475  117 4  0.0031
 817   65.800  #747574  117 5  0.0061
 818   65.900  #747575  117 6  0.0015
 819   66.000  #757574  117 7  0.0015
 820   66.100  #757575  118 1  0.0015
 821   66.200  #757576  118 2  0.0015
 822   66.500  #767575  118 3  0.0045
 823   66.500  #767576  118 4  0.0000
 824   66.900  #757675  118 5  0.0060
 825   67.000  #757676  118 6  0.0015
 826   67.200  #767675  118 7  0.0030
 827   67.300  #767676  119 1  0.0015
 828   67.300  #767677  119 2  0.0000
 829   67.500  #777676  119 3  0.0030
 830   67.600  #777677  119 4  0.0015
 831   68.000  #767776  119 5  0.0059
 832   68.100  #767777  119 6  0.0015
 833   68.300  #777776  119 7  0.0029
 834   68.300  #777777  120 1  0.0000
 835   68.500  #777778  120 2  0.0029
 836   68.600  #787777  120 3  0.0015
 837   68.700  #787778  120 4  0.0015
 838   69.200  #777877  120 5  0.0073
 839   69.200  #777878  120 6  0.0000
 840   69.400  #787877  120 7  0.0029
 841   69.500  #787878  121 1  0.0014
 842   69.600  #787879  121 2  0.0014
 843   69.800  #797878  121 3  0.0029
 844   69.800  #797879  121 4  0.0000
 845   70.200  #787978  121 5  0.0057
 846   70.300  #787979  121 6  0.0014
 847   70.500  #797978  121 7  0.0028
 848   70.600  #797979  122 1  0.0014
 849   70.600  #79797a  122 2  0.0000
 850   70.800  #7a7979  122 3  0.0028
 851   71.000  #7a797a  122 4  0.0028
 852   71.300  #797a79  122 5  0.0042
 853   71.500  #797a7a  122 6  0.0028
 854   71.600  #7a7a79  122 7  0.0014
 855   71.700  #7a7a7a  123 1  0.0014
 856   71.900  #7a7a7b  123 2  0.0028
 857   71.900  #7b7a7a  123 3  0.0000
 858   72.100  #7b7a7b  123 4  0.0028
 859   72.600  #7a7b7a  123 5  0.0069
 860   72.600  #7a7b7b  123 6  0.0000
 861   72.800  #7b7b7a  123 7  0.0028
 862   72.800  #7b7b7b  124 1  0.0000
 863   72.900  #7b7b7c  124 2  0.0014
 864   73.200  #7c7b7b  124 3  0.0041
 865   73.200  #7c7b7c  124 4  0.0000
 866   73.600  #7b7c7b  124 5  0.0054
 867   73.800  #7b7c7c  124 6  0.0027
 868   73.900  #7c7c7b  124 7  0.0014
 869   74.000  #7c7c7c  125 1  0.0014
 870   74.000  #7c7c7d  125 2  0.0000
 871   74.200  #7d7c7c  125 3  0.0027
 872   74.400  #7d7c7d  125 4  0.0027
 873   74.700  #7c7d7c  125 5  0.0040
 874   74.900  #7c7d7d  125 6  0.0027
 875   75.100  #7d7d7c  125 7  0.0027
 876   75.100  #7d7d7d  126 1  0.0000
 877   75.200  #7d7d7e  126 2  0.0013
 878   75.400  #7e7d7d  126 3  0.0027
 879   75.500  #7e7d7e  126 4  0.0013
 880   76.000  #7d7e7d  126 5  0.0066
 881   76.100  #7d7e7e  126 6  0.0013
 882   76.300  #7e7e7d  126 7  0.0026
 883   76.400  #7e7e7e  127 1  0.0013
 884   76.500  #7e7e7f  127 2  0.0013
 885   76.800  #7f7e7e  127 3  0.0039
 886   76.900  #7f7e7f  127 4  0.0013
 887   77.200  #7e7f7e  127 5  0.0039
 888   77.400  #7e7f7f  127 6  0.0026
 889   77.600  #7f7f7e  127 7  0.0026
 890   77.800  #7f7f7f  128 1  0.0026
 891   77.900  #7f7f80  128 2  0.0013
 892   78.100  #807f7f  128 3  0.0026
 893   78.300  #807f80  128 4  0.0026
 894   78.900  #7f807f  128 5  0.0076
 895   79.000  #7f8080  128 6  0.0013
 896   79.300  #80807f  128 7  0.0038
 897   79.400  #808080  129 1  0.0013
 898   79.600  #808081  129 2  0.0025
 899   79.800  #818080  129 3  0.0025
 900   79.900  #818081  129 4  0.0013
 901   80.600  #808180  129 5  0.0087
 902   80.700  #808181  129 6  0.0012
 903   80.900  #818180  129 7  0.0025
 904   81.100  #818181  130 1  0.0025
 905   81.300  #818182  130 2  0.0025
 906   81.500  #828181  130 3  0.0025
 907   81.700  #828182  130 4  0.0025
 908   82.200  #818281  130 5  0.0061
 909   82.400  #818282  130 6  0.0024
 910   82.600  #828281  130 7  0.0024
 911   82.800  #828282  131 1  0.0024
 912   83.000  #828283  131 2  0.0024
 913   83.200  #838282  131 3  0.0024
 914   83.400  #838283  131 4  0.0024
 915   84.000  #828382  131 5  0.0072
 916   84.100  #828383  131 6  0.0012
 917   84.300  #838382  131 7  0.0024
 918   84.500  #838383  132 1  0.0024
 919   84.700  #838384  132 2  0.0024
 920   84.800  #848383  132 3  0.0012
 921   85.000  #848384  132 4  0.0024
 922   85.600  #838483  132 5  0.0070
 923   85.800  #838484  132 6  0.0023
 924   86.000  #848483  132 7  0.0023
 925   86.200  #848484  133 1  0.0023
 926   86.300  #848485  133 2  0.0012
 927   86.600  #858484  133 3  0.0035
 928   86.600  #858485  133 4  0.0000
 929   87.200  #848584  133 5  0.0069
 930   87.500  #848585  133 6  0.0034
 931   87.600  #858584  133 7  0.0011
 932   87.800  #858585  134 1  0.0023
 933   87.900  #858586  134 2  0.0011
 934   88.100  #868585  134 3  0.0023
 935   88.300  #868586  134 4  0.0023
 936   88.800  #858685  134 5  0.0056
 937   88.900  #858686  134 6  0.0011
 938   89.300  #868685  134 7  0.0045
 939   89.400  #868686  135 1  0.0011
 940   89.600  #868687  135 2  0.0022
 941   89.900  #878686  135 3  0.0033
 942   89.900  #878687  135 4  0.0000
 943   90.600  #868786  135 5  0.0078
 944   90.800  #868787  135 6  0.0022
 945   91.000  #878786  135 7  0.0022
 946   91.100  #878787  136 1  0.0011
 947   91.300  #878788  136 2  0.0022
 948   91.500  #888787  136 3  0.0022
 949   91.600  #888788  136 4  0.0011
 950   92.200  #878887  136 5  0.0065
 951   92.400  #878888  136 6  0.0022
 952   92.700  #888887  136 7  0.0032
 953   92.800  #888888  137 1  0.0011
 954   93.000  #888889  137 2  0.0022
 955   93.100  #898888  137 3  0.0011
 956   93.400  #898889  137 4  0.0032
 957   93.900  #888988  137 5  0.0053
 958   94.000  #888989  137 6  0.0011
 959   94.400  #898988  137 7  0.0042
 960   94.500  #898989  138 1  0.0011
 961   94.700  #89898a  138 2  0.0021
 962   94.900  #8a8989  138 3  0.0021
 963   95.000  #8a898a  138 4  0.0011
 964   95.700  #898a89  138 5  0.0073
 965   95.800  #898a8a  138 6  0.0010
 966   96.000  #8a8a89  138 7  0.0021
 967   96.300  #8a8a8a  139 1  0.0031
 968   96.300  #8a8a8b  139 2  0.0000
 969   96.700  #8b8a8a  139 3  0.0041
 970   96.800  #8b8a8b  139 4  0.0010
 971   97.300  #8a8b8a  139 5  0.0052
 972   97.500  #8a8b8b  139 6  0.0021
 973   97.700  #8b8b8a  139 7  0.0020
 974   97.900  #8b8b8b  140 1  0.0020
 975   98.100  #8b8b8c  140 2  0.0020
 976   98.300  #8c8b8b  140 3  0.0020
 977   98.600  #8c8b8c  140 4  0.0030
 978   99.200  #8b8c8b  140 5  0.0061
 979   99.300  #8b8c8c  140 6  0.0010
 980   99.600  #8c8c8b  140 7  0.0030
 981   99.600  #8c8c8c  141 1  0.0000
 982  100.100  #8c8c8d  141 2  0.0050
 983  100.100  #8d8c8c  141 3  0.0000
 984  100.300  #8d8c8d  141 4  0.0020
 985  101.100  #8c8d8c  141 5  0.0079
 986  101.100  #8c8d8d  141 6  0.0000
 987  101.200  #8d8d8c  141 7  0.0010
 988  101.600  #8d8d8d  142 1  0.0039
 989  101.600  #8d8d8e  142 2  0.0000
 990  102.000  #8e8d8d  142 3  0.0039
 991  101.900  #8e8d8e  142 4  -0.0010
 992  102.600  #8d8e8d  142 5  0.0068
 993  102.900  #8d8e8e  142 6  0.0029
 994  103.100  #8e8e8d  142 7  0.0019
 995  103.300  #8e8e8e  143 1  0.0019
 996  103.400  #8e8e8f  143 2  0.0010
 997  103.500  #8f8e8e  143 3  0.0010
 998  104.000  #8f8e8f  143 4  0.0048
 999  104.500  #8e8f8e  143 5  0.0048
1000  104.700  #8e8f8f  143 6  0.0019
1001  104.900  #8f8f8e  143 7  0.0019
1002  105.000  #8f8f8f  144 1  0.0010
1003  105.300  #8f8f90  144 2  0.0029
1004  105.400  #908f8f  144 3  0.0009
1005  105.600  #908f90  144 4  0.0019
1006  106.200  #8f908f  144 5  0.0057
1007  106.400  #8f9090  144 6  0.0019
1008  106.800  #90908f  144 7  0.0038
1009  106.800  #909090  145 1  0.0000
1010  107.100  #909091  145 2  0.0028
1011  107.300  #919090  145 3  0.0019
1012  107.500  #919091  145 4  0.0019
1013  108.200  #909190  145 5  0.0065
1014  108.400  #909191  145 6  0.0018
1015  108.500  #919190  145 7  0.0009
1016  108.800  #919191  146 1  0.0028
1017  108.800  #919192  146 2  0.0000
1018  109.300  #929191  146 3  0.0046
1019  109.500  #929192  146 4  0.0018
1020  109.900  #919291  146 5  0.0036
1021  110.300  #919292  146 6  0.0036
1022  110.500  #929291  146 7  0.0018
1023  110.600  #929292  147 1  0.0009
1024  110.800  #929293  147 2  0.0018
1025  111.000  #939292  147 3  0.0018
1026  111.000  #939293  147 4  0.0000
1027  111.800  #929392  147 5  0.0072
1028  111.900  #929393  147 6  0.0009
1029  112.200  #939392  147 7  0.0027
1030  112.400  #939393  148 1  0.0018
1031  112.500  #939394  148 2  0.0009
1032  112.800  #949393  148 3  0.0027
1033  113.100  #949394  148 4  0.0027
1034  113.800  #939493  148 5  0.0062
1035  113.900  #939494  148 6  0.0009
1036  114.200  #949493  148 7  0.0026
1037  114.500  #949494  149 1  0.0026
1038  114.700  #949495  149 2  0.0017
1039  114.700  #959494  149 3  0.0000
1040  115.000  #959495  149 4  0.0026
1041  115.600  #949594  149 5  0.0052
1042  115.700  #949595  149 6  0.0009
1043  116.100  #959594  149 7  0.0035
1044  116.100  #959595  150 1  0.0000
1045  116.300  #959596  150 2  0.0017
1046  116.600  #969595  150 3  0.0026
1047  116.900  #969596  150 4  0.0026
1048  117.500  #959695  150 5  0.0051
1049  117.600  #959696  150 6  0.0009
1050  118.000  #969695  150 7  0.0034
1051  118.300  #969696  151 1  0.0025
1052  118.200  #969697  151 2  -0.0008
1053  118.600  #979696  151 3  0.0034
1054  118.900  #979697  151 4  0.0025
1055  119.600  #969796  151 5  0.0059
1056  119.500  #969797  151 6  -0.0008
1057  120.000  #979796  151 7  0.0042
1058  120.100  #979797  152 1  0.0008
1059  120.500  #979798  152 2  0.0033
1060  120.600  #989797  152 3  0.0008
1061  120.900  #989798  152 4  0.0025
1062  121.500  #979897  152 5  0.0050
1063  121.500  #979898  152 6  0.0000
1064  121.700  #989897  152 7  0.0016
1065  122.000  #989898  153 1  0.0025
1066  122.200  #989899  153 2  0.0016
1067  122.600  #999898  153 3  0.0033
1068  122.800  #999899  153 4  0.0016
1069  123.300  #989998  153 5  0.0041
1070  123.700  #989999  153 6  0.0032
1071  123.900  #999998  153 7  0.0016
1072  124.200  #999999  154 1  0.0024
1073  124.200  #99999a  154 2  0.0000
1074  124.500  #9a9999  154 3  0.0024
1075  124.700  #9a999a  154 4  0.0016
1076  125.500  #999a99  154 5  0.0064
1077  125.600  #999a9a  154 6  0.0008
1078  125.800  #9a9a99  154 7  0.0016
1079  125.900  #9a9a9a  155 1  0.0008
1080  126.200  #9a9a9b  155 2  0.0024
1081  126.400  #9b9a9a  155 3  0.0016
1082  126.600  #9b9a9b  155 4  0.0016
1083  127.500  #9a9b9a  155 5  0.0071
1084  127.500  #9a9b9b  155 6  0.0000
1085  127.900  #9b9b9a  155 7  0.0031
1086  128.000  #9b9b9b  156 1  0.0008
1087  128.100  #9b9b9c  156 2  0.0008
1088  128.500  #9c9b9b  156 3  0.0031
1089  128.800  #9c9b9c  156 4  0.0023
1090  129.300  #9b9c9b  156 5  0.0039
1091  129.600  #9b9c9c  156 6  0.0023
1092  129.900  #9c9c9b  156 7  0.0023
1093  130.000  #9c9c9c  157 1  0.0008
1094  130.200  #9c9c9d  157 2  0.0015
1095  130.400  #9d9c9c  157 3  0.0015
1096  130.600  #9d9c9d  157 4  0.0015
1097  131.400  #9c9d9c  157 5  0.0061
1098  131.500  #9c9d9d  157 6  0.0008
1099  131.800  #9d9d9c  157 7  0.0023
1100  132.100  #9d9d9d  158 1  0.0023
1101  132.300  #9d9d9e  158 2  0.0015
1102  132.500  #9e9d9d  158 3  0.0015
1103  132.700  #9e9d9e  158 4  0.0015
1104  133.300  #9d9e9d  158 5  0.0045
1105  133.700  #9d9e9e  158 6  0.0030
1106  134.000  #9e9e9d  158 7  0.0022
1107  134.100  #9e9e9e  159 1  0.0007
1108  134.200  #9e9e9f  159 2  0.0007
1109  134.700  #9f9e9e  159 3  0.0037
1110  134.700  #9f9e9f  159 4  0.0000
1111  135.400  #9e9f9e  159 5  0.0052
1112  135.600  #9e9f9f  159 6  0.0015
1113  136.000  #9f9f9e  159 7  0.0029
1114  136.300  #9f9f9f  160 1  0.0022
1115  136.400  #9f9fa0  160 2  0.0007
1116  136.600  #a09f9f  160 3  0.0015
1117  136.800  #a09fa0  160 4  0.0015
1118  137.600  #9fa09f  160 5  0.0058
1119  137.700  #9fa0a0  160 6  0.0007
1120  138.000  #a0a09f  160 7  0.0022
1121  138.300  #a0a0a0  161 1  0.0022
1122  138.500  #a0a0a1  161 2  0.0014
1123  138.800  #a1a0a0  161 3  0.0022
1124  138.900  #a1a0a1  161 4  0.0007
1125  139.700  #a0a1a0  161 5  0.0057
1126  140.000  #a0a1a1  161 6  0.0021
1127  140.100  #a1a1a0  161 7  0.0007
1128  140.400  #a1a1a1  162 1  0.0021
1129  140.500  #a1a1a2  162 2  0.0007
1130  140.800  #a2a1a1  162 3  0.0021
1131  141.000  #a2a1a2  162 4  0.0014
1132  141.600  #a1a2a1  162 5  0.0042
1133  141.800  #a1a2a2  162 6  0.0014
1134  142.200  #a2a2a1  162 7  0.0028
1135  142.400  #a2a2a2  163 1  0.0014
1136  142.600  #a2a2a3  163 2  0.0014
1137  142.900  #a3a2a2  163 3  0.0021
1138  142.900  #a3a2a3  163 4  0.0000
1139  143.800  #a2a3a2  163 5  0.0063
1140  143.900  #a2a3a3  163 6  0.0007
1141  144.200  #a3a3a2  163 7  0.0021
1142  144.400  #a3a3a3  164 1  0.0014
1143  144.500  #a3a3a4  164 2  0.0007
1144  145.100  #a4a3a3  164 3  0.0041
1145  145.100  #a4a3a4  164 4  0.0000
1146  145.800  #a3a4a3  164 5  0.0048
1147  146.000  #a3a4a4  164 6  0.0014
1148  146.300  #a4a4a3  164 7  0.0021
1149  146.600  #a4a4a4  165 1  0.0020
1150  146.700  #a4a4a5  165 2  0.0007
1151  147.000  #a5a4a4  165 3  0.0020
1152  147.300  #a5a4a5  165 4  0.0020
1153  147.900  #a4a5a4  165 5  0.0041
1154  148.200  #a4a5a5  165 6  0.0020
1155  148.400  #a5a5a4  165 7  0.0013
1156  148.500  #a5a5a5  166 1  0.0007
1157  148.800  #a5a5a6  166 2  0.0020
1158  149.100  #a6a5a5  166 3  0.0020
1159  149.200  #a6a5a6  166 4  0.0007
1160  150.100  #a5a6a5  166 5  0.0060
1161  150.300  #a5a6a6  166 6  0.0013
1162  150.500  #a6a6a5  166 7  0.0013
1163  150.800  #a6a6a6  167 1  0.0020
1164  150.800  #a6a6a7  167 2  0.0000
1165  151.300  #a7a6a6  167 3  0.0033
1166  151.300  #a7a6a7  167 4  0.0000
1167  152.100  #a6a7a6  167 5  0.0053
1168  152.300  #a6a7a7  167 6  0.0013
1169  152.500  #a7a7a6  167 7  0.0013
1170  152.900  #a7a7a7  168 1  0.0026
1171  152.900  #a7a7a8  168 2  0.0000
1172  153.200  #a8a7a7  168 3  0.0020
1173  153.600  #a8a7a8  168 4  0.0026
1174  154.200  #a7a8a7  168 5  0.0039
1175  154.500  #a7a8a8  168 6  0.0019
1176  154.700  #a8a8a7  168 7  0.0013
1177  154.900  #a8a8a8  169 1  0.0013
1178  155.200  #a8a8a9  169 2  0.0019
1179  155.400  #a9a8a8  169 3  0.0013
1180  155.600  #a9a8a9  169 4  0.0013
1181  156.400  #a8a9a8  169 5  0.0051
1182  156.500  #a8a9a9  169 6  0.0006
1183  156.900  #a9a9a8  169 7  0.0026
1184  157.000  #a9a9a9  170 1  0.0006
1185  157.100  #a9a9aa  170 2  0.0006
1186  157.500  #aaa9a9  170 3  0.0025
1187  157.600  #aaa9aa  170 4  0.0006
1188  158.500  #a9aaa9  170 5  0.0057
1189  158.600  #a9aaaa  170 6  0.0006
1190  158.900  #aaaaa9  170 7  0.0019
1191  159.200  #aaaaaa  171 1  0.0019
1192  159.300  #aaaaab  171 2  0.0006
1193  159.600  #abaaaa  171 3  0.0019
1194  159.800  #abaaab  171 4  0.0013
1195  160.500  #aaabaa  171 5  0.0044
1196  160.800  #aaabab  171 6  0.0019
1197  161.200  #ababaa  171 7  0.0025
1198  161.200  #ababab  172 1  0.0000
1199  161.500  #ababac  172 2  0.0019
1200  161.600  #acabab  172 3  0.0006
1201  162.000  #acabac  172 4  0.0025
1202  162.700  #abacab  172 5  0.0043
1203  162.800  #abacac  172 6  0.0006
1204  163.300  #acacab  172 7  0.0031
1205  163.500  #acacac  173 1  0.0012
1206  163.700  #acacad  173 2  0.0012
1207  163.800  #adacac  173 3  0.0006
1208  164.100  #adacad  173 4  0.0018
1209  164.900  #acadac  173 5  0.0049
1210  165.000  #acadad  173 6  0.0006
1211  165.300  #adadac  173 7  0.0018
1212  165.700  #adadad  174 1  0.0024
1213  165.700  #adadae  174 2  0.0000
1214  166.100  #aeadad  174 3  0.0024
1215  166.200  #aeadae  174 4  0.0006
1216  166.800  #adaead  174 5  0.0036
1217  167.200  #adaeae  174 6  0.0024
1218  167.500  #aeaead  174 7  0.0018
1219  167.700  #aeaeae  175 1  0.0012
1220  168.000  #aeaeaf  175 2  0.0018
1221  168.200  #afaeae  175 3  0.0012
1222  168.600  #afaeaf  175 4  0.0024
1223  169.100  #aeafae  175 5  0.0030
1224  169.200  #aeafaf  175 6  0.0006
1225  169.600  #afafae  175 7  0.0024
1226  169.700  #afafaf  176 1  0.0006
1227  170.000  #afafb0  176 2  0.0018
1228  170.200  #b0afaf  176 3  0.0012
1229  170.500  #b0afb0  176 4  0.0018
1230  171.300  #afb0af  176 5  0.0047
1231  171.400  #afb0b0  176 6  0.0006
1232  171.700  #b0b0af  176 7  0.0017
1233  171.900  #b0b0b0  177 1  0.0012
1234  172.000  #b0b0b1  177 2  0.0006
1235  172.700  #b1b0b0  177 3  0.0041
1236  172.600  #b1b0b1  177 4  -0.0006
1237  173.300  #b0b1b0  177 5  0.0040
1238  173.700  #b0b1b1  177 6  0.0023
1239  173.800  #b1b1b0  177 7  0.0006
1240  174.000  #b1b1b1  178 1  0.0012
1241  174.100  #b1b1b2  178 2  0.0006
1242  174.500  #b2b1b1  178 3  0.0023
1243  174.800  #b2b1b2  178 4  0.0017
1244  175.500  #b1b2b1  178 5  0.0040
1245  175.800  #b1b2b2  178 6  0.0017
1246  176.000  #b2b2b1  178 7  0.0011
1247  176.100  #b2b2b2  179 1  0.0006
1248  176.700  #b2b2b3  179 2  0.0034
1249  176.800  #b3b2b2  179 3  0.0006
1250  176.900  #b3b2b3  179 4  0.0006
1251  177.700  #b2b3b2  179 5  0.0045
1252  177.800  #b2b3b3  179 6  0.0006
1253  178.200  #b3b3b2  179 7  0.0022
1254  178.400  #b3b3b3  180 1  0.0011
1255  178.500  #b3b3b4  180 2  0.0006
1256  179.000  #b4b3b3  180 3  0.0028
1257  178.000  #b4b3b4  180 4  -0.0056
1258  179.000  #b3b4b3  180 5  0.0056
1259  179.000  #b3b4b4  180 6  0.0000
1260  180.000  #b4b4b3  180 7  0.0056
1261  180.000  #b4b4b4  181 1  0.0000
1262  180.000  #b4b4b5  181 2  0.0000
1263  181.000  #b5b4b4  181 3  0.0055
1264  181.000  #b5b4b5  181 4  0.0000
1265  181.000  #b4b5b4  181 5  0.0000
1266  182.000  #b4b5b5  181 6  0.0055
1267  182.000  #b5b5b4  181 7  0.0000
1268  182.000  #b5b5b5  182 1  0.0000
1269  183.000  #b5b5b6  182 2  0.0055
1270  183.000  #b6b5b5  182 3  0.0000
1271  183.000  #b6b5b6  182 4  0.0000
1272  183.000  #b5b6b5  182 5  0.0000
1273  184.000  #b5b6b6  182 6  0.0054
1274  184.000  #b6b6b5  182 7  0.0000
1275  184.000  #b6b6b6  183 1  0.0000
1276  184.000  #b6b6b7  183 2  0.0000
1277  185.000  #b7b6b6  183 3  0.0054
1278  185.000  #b7b6b7  183 4  0.0000
1279  186.000  #b6b7b6  183 5  0.0054
1280  186.000  #b6b7b7  183 6  0.0000
1281  186.000  #b7b7b6  183 7  0.0000
1282  186.000  #b7b7b7  184 1  0.0000
1283  187.000  #b7b7b8  184 2  0.0054
1284  187.000  #b8b7b7  184 3  0.0000
1285  187.000  #b8b7b8  184 4  0.0000
1286  188.000  #b7b8b7  184 5  0.0053
1287  188.000  #b7b8b8  184 6  0.0000
1288  188.000  #b8b8b7  184 7  0.0000
1289  189.000  #b8b8b8  185 1  0.0053
1290  189.000  #b8b8b9  185 2  0.0000
1291  189.000  #b9b8b8  185 3  0.0000
1292  189.000  #b9b8b9  185 4  0.0000
1293  190.000  #b8b9b8  185 5  0.0053
1294  190.000  #b8b9b9  185 6  0.0000
1295  191.000  #b9b9b8  185 7  0.0052
1296  191.000  #b9b9b9  186 1  0.0000
1297  191.000  #b9b9ba  186 2  0.0000
1298  191.000  #bab9b9  186 3  0.0000
1299  191.000  #bab9ba  186 4  0.0000
1300  193.000  #b9bab9  186 5  0.0104
1301  192.000  #b9baba  186 6  -0.0052
1302  193.000  #babab9  186 7  0.0052
1303  193.000  #bababa  187 1  0.0000
1304  193.000  #bababb  187 2  0.0000
1305  194.000  #bbbaba  187 3  0.0052
1306  194.000  #bbbabb  187 4  0.0000
1307  194.000  #babbba  187 5  0.0000
1308  194.000  #babbbb  187 6  0.0000
1309  195.000  #bbbbba  187 7  0.0051
1310  195.000  #bbbbbb  188 1  0.0000
1311  195.000  #bbbbbc  188 2  0.0000
1312  195.000  #bcbbbb  188 3  0.0000
1313  196.000  #bcbbbc  188 4  0.0051
1314  196.000  #bbbcbb  188 5  0.0000
1315  196.000  #bbbcbc  188 6  0.0000
1316  197.000  #bcbcbb  188 7  0.0051
1317  197.000  #bcbcbc  189 1  0.0000
1318  197.000  #bcbcbd  189 2  0.0000
1319  198.000  #bdbcbc  189 3  0.0051
1320  198.000  #bdbcbd  189 4  0.0000
1321  199.000  #bcbdbc  189 5  0.0050
1322  199.000  #bcbdbd  189 6  0.0000
1323  199.000  #bdbdbc  189 7  0.0000
1324  200.000  #bdbdbd  190 1  0.0050
1325  200.000  #bdbdbe  190 2  0.0000
1326  200.000  #bebdbd  190 3  0.0000
1327  200.000  #bebdbe  190 4  0.0000
1328  201.000  #bdbebd  190 5  0.0050
1329  201.000  #bdbebe  190 6  0.0000
1330  201.000  #bebebd  190 7  0.0000
1331  202.000  #bebebe  191 1  0.0050
1332  202.000  #bebebf  191 2  0.0000
1333  202.000  #bfbebe  191 3  0.0000
1334  202.000  #bfbebf  191 4  0.0000
1335  203.000  #bebfbe  191 5  0.0049
1336  203.000  #bebfbf  191 6  0.0000
1337  203.000  #bfbfbe  191 7  0.0000
1338  204.000  #bfbfbf  192 1  0.0049
1339  204.000  #bfbfc0  192 2  0.0000
1340  205.000  #c0bfbf  192 3  0.0049
1341  205.000  #c0bfc0  192 4  0.0000
1342  205.000  #bfc0bf  192 5  0.0000
1343  206.000  #bfc0c0  192 6  0.0049
1344  206.000  #c0c0bf  192 7  0.0000
1345  206.000  #c0c0c0  193 1  0.0000
1346  207.000  #c0c0c1  193 2  0.0048
1347  207.000  #c1c0c0  193 3  0.0000
1348  207.000  #c1c0c1  193 4  0.0000
1349  208.000  #c0c1c0  193 5  0.0048
1350  208.000  #c0c1c1  193 6  0.0000
1351  209.000  #c1c1c0  193 7  0.0048
1352  209.000  #c1c1c1  194 1  0.0000
1353  209.000  #c1c1c2  194 2  0.0000
1354  210.000  #c2c1c1  194 3  0.0048
1355  210.000  #c2c1c2  194 4  0.0000
1356  211.000  #c1c2c1  194 5  0.0048
1357  211.000  #c1c2c2  194 6  0.0000
1358  211.000  #c2c2c1  194 7  0.0000
1359  211.000  #c2c2c2  195 1  0.0000
1360  212.000  #c2c2c3  195 2  0.0047
1361  212.000  #c3c2c2  195 3  0.0000
1362  213.000  #c3c2c3  195 4  0.0047
1363  213.000  #c2c3c2  195 5  0.0000
1364  214.000  #c2c3c3  195 6  0.0047
1365  214.000  #c3c3c2  195 7  0.0000
1366  214.000  #c3c3c3  196 1  0.0000
1367  215.000  #c3c3c4  196 2  0.0047
1368  215.000  #c4c3c3  196 3  0.0000
1369  215.000  #c4c3c4  196 4  0.0000
1370  216.000  #c3c4c3  196 5  0.0046
1371  216.000  #c3c4c4  196 6  0.0000
1372  217.000  #c4c4c3  196 7  0.0046
1373  217.000  #c4c4c4  197 1  0.0000
1374  217.000  #c4c4c5  197 2  0.0000
1375  217.000  #c5c4c4  197 3  0.0000
1376  218.000  #c5c4c5  197 4  0.0046
1377  219.000  #c4c5c4  197 5  0.0046
1378  219.000  #c4c5c5  197 6  0.0000
1379  219.000  #c5c5c4  197 7  0.0000
1380  220.000  #c5c5c5  198 1  0.0046
1381  220.000  #c5c5c6  198 2  0.0000
1382  220.000  #c6c5c5  198 3  0.0000
1383  220.000  #c6c5c6  198 4  0.0000
1384  221.000  #c5c6c5  198 5  0.0045
1385  222.000  #c5c6c6  198 6  0.0045
1386  222.000  #c6c6c5  198 7  0.0000
1387  222.000  #c6c6c6  199 1  0.0000
1388  223.000  #c6c6c7  199 2  0.0045
1389  223.000  #c7c6c6  199 3  0.0000
1390  223.000  #c7c6c7  199 4  0.0000
1391  224.000  #c6c7c6  199 5  0.0045
1392  224.000  #c6c7c7  199 6  0.0000
1393  225.000  #c7c7c6  199 7  0.0045
1394  225.000  #c7c7c7  200 1  0.0000
1395  225.000  #c7c7c8  200 2  0.0000
1396  226.000  #c8c7c7  200 3  0.0044
1397  226.000  #c8c7c8  200 4  0.0000
1398  227.000  #c7c8c7  200 5  0.0044
1399  227.000  #c7c8c8  200 6  0.0000
1400  228.000  #c8c8c7  200 7  0.0044
1401  228.000  #c8c8c8  201 1  0.0000
1402  228.000  #c8c8c9  201 2  0.0000
1403  229.000  #c9c8c8  201 3  0.0044
1404  229.000  #c9c8c9  201 4  0.0000
1405  230.000  #c8c9c8  201 5  0.0044
1406  230.000  #c8c9c9  201 6  0.0000
1407  230.000  #c9c9c8  201 7  0.0000
1408  230.000  #c9c9c9  202 1  0.0000
1409  231.000  #c9c9ca  202 2  0.0043
1410  231.000  #cac9c9  202 3  0.0000
1411  231.000  #cac9ca  202 4  0.0000
1412  232.000  #c9cac9  202 5  0.0043
1413  232.000  #c9caca  202 6  0.0000
1414  233.000  #cacac9  202 7  0.0043
1415  233.000  #cacaca  203 1  0.0000
1416  233.000  #cacacb  203 2  0.0000
1417  234.000  #cbcaca  203 3  0.0043
1418  234.000  #cbcacb  203 4  0.0000
1419  235.000  #cacbca  203 5  0.0043
1420  235.000  #cacbcb  203 6  0.0000
1421  236.000  #cbcbca  203 7  0.0042
1422  236.000  #cbcbcb  204 1  0.0000
1423  236.000  #cbcbcc  204 2  0.0000
1424  236.000  #cccbcb  204 3  0.0000
1425  237.000  #cccbcc  204 4  0.0042
1426  238.000  #cbcccb  204 5  0.0042
1427  238.000  #cbcccc  204 6  0.0000
1428  238.000  #cccccb  204 7  0.0000
1429  238.000  #cccccc  205 1  0.0000
1430  239.000  #cccccd  205 2  0.0042
1431  239.000  #cdcccc  205 3  0.0000
1432  239.000  #cdcccd  205 4  0.0000
1433  240.000  #cccdcc  205 5  0.0042
1434  241.000  #cccdcd  205 6  0.0042
1435  241.000  #cdcdcc  205 7  0.0000
1436  241.000  #cdcdcd  206 1  0.0000
1437  241.000  #cdcdce  206 2  0.0000
1438  242.000  #cecdcd  206 3  0.0041
1439  242.000  #cecdce  206 4  0.0000
1440  243.000  #cdcecd  206 5  0.0041
1441  243.000  #cdcece  206 6  0.0000
1442  244.000  #cececd  206 7  0.0041
1443  244.000  #cecece  207 1  0.0000
1444  244.000  #cececf  207 2  0.0000
1445  244.000  #cfcece  207 3  0.0000
1446  244.000  #cfcecf  207 4  0.0000
1447  245.000  #cecfce  207 5  0.0041
1448  246.000  #cecfcf  207 6  0.0041
1449  246.000  #cfcfce  207 7  0.0000
1450  246.000  #cfcfcf  208 1  0.0000
1451  246.000  #cfcfd0  208 2  0.0000
1452  247.000  #d0cfcf  208 3  0.0041
1453  247.000  #d0cfd0  208 4  0.0000
1454  248.000  #cfd0cf  208 5  0.0040
1455  248.000  #cfd0d0  208 6  0.0000
1456  249.000  #d0d0cf  208 7  0.0040
1457  249.000  #d0d0d0  209 1  0.0000
1458  249.000  #d0d0d1  209 2  0.0000
1459  249.000  #d1d0d0  209 3  0.0000
1460  250.000  #d1d0d1  209 4  0.0040
1461  251.000  #d0d1d0  209 5  0.0040
1462  251.000  #d0d1d1  209 6  0.0000
1463  251.000  #d1d1d0  209 7  0.0000
1464  252.000  #d1d1d1  210 1  0.0040
1465  252.000  #d1d1d2  210 2  0.0000
1466  252.000  #d2d1d1  210 3  0.0000
1467  252.000  #d2d1d2  210 4  0.0000
1468  253.000  #d1d2d1  210 5  0.0040
1469  254.000  #d1d2d2  210 6  0.0039
1470  254.000  #d2d2d1  210 7  0.0000
1471  254.000  #d2d2d2  211 1  0.0000
1472  254.000  #d2d2d3  211 2  0.0000
1473  254.000  #d3d2d2  211 3  0.0000
1474  255.000  #d3d2d3  211 4  0.0039
1475  256.000  #d2d3d2  211 5  0.0039
1476  256.000  #d2d3d3  211 6  0.0000
1477  256.000  #d3d3d2  211 7  0.0000
1478  257.000  #d3d3d3  212 1  0.0039
1479  257.000  #d3d3d4  212 2  0.0000
1480  257.000  #d4d3d3  212 3  0.0000
1481  257.000  #d4d3d4  212 4  0.0000
1482  258.000  #d3d4d3  212 5  0.0039
1483  259.000  #d3d4d4  212 6  0.0039
1484  259.000  #d4d4d3  212 7  0.0000
1485  259.000  #d4d4d4  213 1  0.0000
1486  260.000  #d4d4d5  213 2  0.0039
1487  260.000  #d5d4d4  213 3  0.0000
1488  260.000  #d5d4d5  213 4  0.0000
1489  261.000  #d4d5d4  213 5  0.0038
1490  261.000  #d4d5d5  213 6  0.0000
1491  261.000  #d5d5d4  213 7  0.0000
1492  262.000  #d5d5d5  214 1  0.0038
1493  262.000  #d5d5d6  214 2  0.0000
1494  262.000  #d6d5d5  214 3  0.0000
1495  262.000  #d6d5d6  214 4  0.0000
1496  264.000  #d5d6d5  214 5  0.0076
1497  264.000  #d5d6d6  214 6  0.0000
1498  264.000  #d6d6d5  214 7  0.0000
1499  264.000  #d6d6d6  215 1  0.0000
1500  265.000  #d6d6d7  215 2  0.0038
1501  265.000  #d7d6d6  215 3  0.0000
1502  265.000  #d7d6d7  215 4  0.0000
1503  266.000  #d6d7d6  215 5  0.0038
1504  266.000  #d6d7d7  215 6  0.0000
1505  267.000  #d7d7d6  215 7  0.0038
1506  267.000  #d7d7d7  216 1  0.0000
1507  267.000  #d7d7d8  216 2  0.0000
1508  267.000  #d8d7d7  216 3  0.0000
1509  268.000  #d8d7d8  216 4  0.0037
1510  269.000  #d7d8d7  216 5  0.0037
1511  269.000  #d7d8d8  216 6  0.0000
1512  269.000  #d8d8d7  216 7  0.0000
1513  270.000  #d8d8d8  217 1  0.0037
1514  270.000  #d8d8d9  217 2  0.0000
1515  270.000  #d9d8d8  217 3  0.0000
1516  270.000  #d9d8d9  217 4  0.0000
1517  271.000  #d8d9d8  217 5  0.0037
1518  272.000  #d8d9d9  217 6  0.0037
1519  272.000  #d9d9d8  217 7  0.0000
1520  272.000  #d9d9d9  218 1  0.0000
1521  272.000  #d9d9da  218 2  0.0000
1522  272.000  #dad9d9  218 3  0.0000
1523  273.000  #dad9da  218 4  0.0037
1524  274.000  #d9dad9  218 5  0.0037
1525  274.000  #d9dada  218 6  0.0000
1526  274.000  #dadad9  218 7  0.0000
1527  274.000  #dadada  219 1  0.0000
1528  275.000  #dadadb  219 2  0.0036
1529  275.000  #dbdada  219 3  0.0000
1530  276.000  #dbdadb  219 4  0.0036
1531  276.000  #dadbda  219 5  0.0000
1532  277.000  #dadbdb  219 6  0.0036
1533  277.000  #dbdbda  219 7  0.0000
1534  277.000  #dbdbdb  220 1  0.0000
1535  277.000  #dbdbdc  220 2  0.0000
1536  278.000  #dcdbdb  220 3  0.0036
1537  278.000  #dcdbdc  220 4  0.0000
1538  279.000  #dbdcdb  220 5  0.0036
1539  279.000  #dbdcdc  220 6  0.0000
1540  280.000  #dcdcdb  220 7  0.0036
1541  280.000  #dcdcdc  221 1  0.0000
1542  280.000  #dcdcdd  221 2  0.0000
1543  281.000  #dddcdc  221 3  0.0036
1544  281.000  #dddcdd  221 4  0.0000
1545  282.000  #dcdddc  221 5  0.0036
1546  282.000  #dcdddd  221 6  0.0000
1547  283.000  #dddddc  221 7  0.0035
1548  282.000  #dddddd  222 1  -0.0035
1549  283.000  #ddddde  222 2  0.0035
1550  283.000  #dedddd  222 3  0.0000
1551  283.000  #deddde  222 4  0.0000
1552  284.000  #dddedd  222 5  0.0035
1553  284.000  #dddede  222 6  0.0000
1554  285.000  #dededd  222 7  0.0035
1555  285.000  #dedede  223 1  0.0000
1556  285.000  #dededf  223 2  0.0000
1557  285.000  #dfdede  223 3  0.0000
1558  286.000  #dfdedf  223 4  0.0035
1559  287.000  #dedfde  223 5  0.0035
1560  287.000  #dedfdf  223 6  0.0000
1561  287.000  #dfdfde  223 7  0.0000
1562  287.000  #dfdfdf  224 1  0.0000
1563  287.000  #dfdfe0  224 2  0.0000
1564  288.000  #e0dfdf  224 3  0.0035
1565  288.000  #e0dfe0  224 4  0.0000
1566  289.000  #dfe0df  224 5  0.0035
1567  289.000  #dfe0e0  224 6  0.0000
1568  290.000  #e0e0df  224 7  0.0035
1569  290.000  #e0e0e0  225 1  0.0000
1570  290.000  #e0e0e1  225 2  0.0000
1571  290.000  #e1e0e0  225 3  0.0000
1572  290.000  #e1e0e1  225 4  0.0000
1573  291.000  #e0e1e0  225 5  0.0034
1574  291.000  #e0e1e1  225 6  0.0000
1575  292.000  #e1e1e0  225 7  0.0034
1576  292.000  #e1e1e1  226 1  0.0000
1577  292.000  #e1e1e2  226 2  0.0000
1578  293.000  #e2e1e1  226 3  0.0034
1579  292.000  #e2e1e2  226 4  -0.0034
1580  293.000  #e1e2e1  226 5  0.0034
1581  294.000  #e1e2e2  226 6  0.0034
1582  294.000  #e2e2e1  226 7  0.0000
1583  294.000  #e2e2e2  227 1  0.0000
1584  294.000  #e2e2e3  227 2  0.0000
1585  294.000  #e3e2e2  227 3  0.0000
1586  295.000  #e3e2e3  227 4  0.0034
1587  296.000  #e2e3e2  227 5  0.0034
1588  296.000  #e2e3e3  227 6  0.0000
1589  296.000  #e3e3e2  227 7  0.0000
1590  296.000  #e3e3e3  228 1  0.0000
1591  296.000  #e3e3e4  228 2  0.0000
1592  297.000  #e4e3e3  228 3  0.0034
1593  297.000  #e4e3e4  228 4  0.0000
1594  298.000  #e3e4e3  228 5  0.0034
1595  298.000  #e3e4e4  228 6  0.0000
1596  298.000  #e4e4e3  228 7  0.0000
1597  298.000  #e4e4e4  229 1  0.0000
1598  299.000  #e4e4e5  229 2  0.0034
1599  299.000  #e5e4e4  229 3  0.0000
1600  299.000  #e5e4e5  229 4  0.0000
1601  300.000  #e4e5e4  229 5  0.0033
1602  300.000  #e4e5e5  229 6  0.0000
1603  300.000  #e5e5e4  229 7  0.0000
1604  301.000  #e5e5e5  230 1  0.0033
1605  301.000  #e5e5e6  230 2  0.0000
1606  301.000  #e6e5e5  230 3  0.0000
1607  301.000  #e6e5e6  230 4  0.0000
1608  302.000  #e5e6e5  230 5  0.0033
1609  302.000  #e5e6e6  230 6  0.0000
1610  303.000  #e6e6e5  230 7  0.0033
1611  303.000  #e6e6e6  231 1  0.0000
1612  303.000  #e6e6e7  231 2  0.0000
1613  303.000  #e7e6e6  231 3  0.0000
1614  303.000  #e7e6e7  231 4  0.0000
1615  305.000  #e6e7e6  231 5  0.0066
1616  305.000  #e6e7e7  231 6  0.0000
1617  305.000  #e7e7e6  231 7  0.0000
1618  305.000  #e7e7e7  232 1  0.0000
1619  305.000  #e7e7e8  232 2  0.0000
1620  306.000  #e8e7e7  232 3  0.0033
1621  306.000  #e8e7e8  232 4  0.0000
1622  307.000  #e7e8e7  232 5  0.0033
1623  306.000  #e7e8e8  232 6  -0.0033
1624  307.000  #e8e8e7  232 7  0.0033
1625  308.000  #e8e8e8  233 1  0.0033
1626  307.000  #e8e8e9  233 2  -0.0033
1627  308.000  #e9e8e8  233 3  0.0033
1628  308.000  #e9e8e9  233 4  0.0000
1629  310.000  #e8e9e8  233 5  0.0065
1630  309.000  #e8e9e9  233 6  -0.0032
1631  309.000  #e9e9e8  233 7  0.0000
1632  310.000  #e9e9e9  234 1  0.0032
1633  310.000  #e9e9ea  234 2  0.0000
1634  310.000  #eae9e9  234 3  0.0000
1635  310.000  #eae9ea  234 4  0.0000
1636  311.000  #e9eae9  234 5  0.0032
1637  311.000  #e9eaea  234 6  0.0000
1638  312.000  #eaeae9  234 7  0.0032
1639  312.000  #eaeaea  235 1  0.0000
1640  312.000  #eaeaeb  235 2  0.0000
1641  312.000  #ebeaea  235 3  0.0000
1642  313.000  #ebeaeb  235 4  0.0032
1643  313.000  #eaebea  235 5  0.0000
1644  313.000  #eaebeb  235 6  0.0000
1645  314.000  #ebebea  235 7  0.0032
1646  314.000  #ebebeb  236 1  0.0000
1647  314.000  #ebebec  236 2  0.0000
1648  314.000  #ecebeb  236 3  0.0000
1649  314.000  #ecebec  236 4  0.0000
1650  315.000  #ebeceb  236 5  0.0032
1651  316.000  #ebecec  236 6  0.0032
1652  316.000  #ececeb  236 7  0.0000
1653  316.000  #ececec  237 1  0.0000
1654  316.000  #ececed  237 2  0.0000
1655  316.000  #edecec  237 3  0.0000
1656  316.000  #edeced  237 4  0.0000
1657  318.000  #ecedec  237 5  0.0063
1658  317.000  #eceded  237 6  -0.0031
1659  318.000  #ededec  237 7  0.0031
1660  318.000  #ededed  238 1  0.0000
1661  318.000  #ededee  238 2  0.0000
1662  318.000  #eeeded  238 3  0.0000
1663  319.000  #eeedee  238 4  0.0031
1664  319.000  #edeeed  238 5  0.0000
1665  320.000  #edeeee  238 6  0.0031
1666  320.000  #eeeeed  238 7  0.0000
1667  320.000  #eeeeee  239 1  0.0000
1668  320.000  #eeeeef  239 2  0.0000
1669  320.000  #efeeee  239 3  0.0000
1670  320.000  #efeeef  239 4  0.0000
1671  322.000  #eeefee  239 5  0.0062
1672  322.000  #eeefef  239 6  0.0000
1673  321.000  #efefee  239 7  -0.0031
1674  322.000  #efefef  240 1  0.0031
1675  322.000  #efeff0  240 2  0.0000
1676  322.000  #f0efef  240 3  0.0000
1677  323.000  #f0eff0  240 4  0.0031
1678  323.000  #eff0ef  240 5  0.0000
1679  323.000  #eff0f0  240 6  0.0000
1680  324.000  #f0f0ef  240 7  0.0031
1681  324.000  #f0f0f0  241 1  0.0000
1682  324.000  #f0f0f1  241 2  0.0000
1683  324.000  #f1f0f0  241 3  0.0000
1684  324.000  #f1f0f1  241 4  0.0000
1685  325.000  #f0f1f0  241 5  0.0031
1686  325.000  #f0f1f1  241 6  0.0000
1687  325.000  #f1f1f0  241 7  0.0000
1688  326.000  #f1f1f1  242 1  0.0031
1689  325.000  #f1f1f2  242 2  -0.0031
1690  326.000  #f2f1f1  242 3  0.0031
1691  326.000  #f2f1f2  242 4  0.0000
1692  326.000  #f1f2f1  242 5  0.0000
1693  327.000  #f1f2f2  242 6  0.0031
1694  327.000  #f2f2f1  242 7  0.0000
1695  327.000  #f2f2f2  243 1  0.0000
1696  327.000  #f2f2f3  243 2  0.0000
1697  328.000  #f3f2f2  243 3  0.0031
1698  328.000  #f3f2f3  243 4  0.0000
1699  328.000  #f2f3f2  243 5  0.0000
1700  329.000  #f2f3f3  243 6  0.0030
1701  329.000  #f3f3f2  243 7  0.0000
1702  329.000  #f3f3f3  244 1  0.0000
1703  329.000  #f3f3f4  244 2  0.0000
1704  329.000  #f4f3f3  244 3  0.0000
1705  329.000  #f4f3f4  244 4  0.0000
1706  330.000  #f3f4f3  244 5  0.0030
1707  330.000  #f3f4f4  244 6  0.0000
1708  331.000  #f4f4f3  244 7  0.0030
1709  330.000  #f4f4f4  245 1  -0.0030
1710  331.000  #f4f4f5  245 2  0.0030
1711  331.000  #f5f4f4  245 3  0.0000
1712  331.000  #f5f4f5  245 4  0.0000
1713  332.000  #f4f5f4  245 5  0.0030
1714  332.000  #f4f5f5  245 6  0.0000
1715  332.000  #f5f5f4  245 7  0.0000
1716  332.000  #f5f5f5  246 1  0.0000
1717  332.000  #f5f5f6  246 2  0.0000
1718  332.000  #f6f5f5  246 3  0.0000
1719  332.000  #f6f5f6  246 4  0.0000
1720  333.000  #f5f6f5  246 5  0.0030
1721  333.000  #f5f6f6  246 6  0.0000
1722  333.000  #f6f6f5  246 7  0.0000
1723  334.000  #f6f6f6  247 1  0.0030
1724  334.000  #f6f6f7  247 2  0.0000
1725  334.000  #f7f6f6  247 3  0.0000
1726  334.000  #f7f6f7  247 4  0.0000
1727  335.000  #f6f7f6  247 5  0.0030
1728  335.000  #f6f7f7  247 6  0.0000
1729  335.000  #f7f7f6  247 7  0.0000
1730  335.000  #f7f7f7  248 1  0.0000
1731  336.000  #f7f7f8  248 2  0.0030
1732  336.000  #f8f7f7  248 3  0.0000
1733  336.000  #f8f7f8  248 4  0.0000
1734  336.000  #f7f8f7  248 5  0.0000
1735  337.000  #f7f8f8  248 6  0.0030
1736  337.000  #f8f8f7  248 7  0.0000
1737  337.000  #f8f8f8  249 1  0.0000
1738  337.000  #f8f8f9  249 2  0.0000
1739  338.000  #f9f8f8  249 3  0.0030
1740  337.000  #f9f8f9  249 4  -0.0030
1741  338.000  #f8f9f8  249 5  0.0030
1742  338.000  #f8f9f9  249 6  0.0000
1743  338.000  #f9f9f8  249 7  0.0000
1744  338.000  #f9f9f9  250 1  0.0000
1745  338.000  #f9f9fa  250 2  0.0000
1746  338.000  #faf9f9  250 3  0.0000
1747  339.000  #faf9fa  250 4  0.0030
1748  339.000  #f9faf9  250 5  0.0000
1749  339.000  #f9fafa  250 6  0.0000
1750  339.000  #fafaf9  250 7  0.0000
1751  340.000  #fafafa  251 1  0.0029
1752  339.000  #fafafb  251 2  -0.0029
1753  339.000  #fbfafa  251 3  0.0000
1754  340.000  #fbfafb  251 4  0.0029
1755  340.000  #fafbfa  251 5  0.0000
1756  340.000  #fafbfb  251 6  0.0000
1757  340.000  #fbfbfa  251 7  0.0000
1758  340.000  #fbfbfb  252 1  0.0000
1759  341.000  #fbfbfc  252 2  0.0029
1760  341.000  #fcfbfb  252 3  0.0000
1761  341.000  #fcfbfc  252 4  0.0000
1762  341.000  #fbfcfb  252 5  0.0000
1763  341.000  #fbfcfc  252 6  0.0000
1764  342.000  #fcfcfb  252 7  0.0029
1765  341.000  #fcfcfc  253 1  -0.0029
1766  341.000  #fcfcfd  253 2  0.0000
1767  342.000  #fdfcfc  253 3  0.0029
1768  342.000  #fdfcfd  253 4  0.0000
1769  342.000  #fcfdfc  253 5  0.0000
1770  342.000  #fcfdfd  253 6  0.0000
1771  343.000  #fdfdfc  253 7  0.0029
1772  342.000  #fdfdfd  254 1  -0.0029
1773  343.000  #fdfdfe  254 2  0.0029
1774  343.000  #fefdfd  254 3  0.0000
1775  343.000  #fefdfe  254 4  0.0000
1776  343.000  #fdfefd  254 5  0.0000
1777  344.000  #fdfefe  254 6  0.0029
1778  344.000  #fefefd  254 7  0.0000
1779  344.000  #fefefe  255 1  0.0000
1780  344.000  #fefeff  255 2  0.0000
1781  344.000  #fffefe  255 3  0.0000
1782  344.000  #fffeff  255 4  0.0000
1783  344.000  #fefffe  255 5  0.0000
1784  344.000  #feffff  255 6  0.0000
1785  344.000  #fffffe  255 7  0.0000
1786  344.000  #ffffff  256 1  0.0000
