#  lumResponse vers. 1.6 - 01/13/07 12:58:45
#  Display ID: DELL_3007WFP_FK28569QG3WX
#  iLdelay=1  avgN=1  ILlimit_plus=0.20 ILlimit_minus=-0.05  R=23.4% G=68.0% B=8.6%
#  80.8  #ff0000
#  235.0  #00ff00
#  29.6  #0000ff
   1    0.432  #000000    1 1  0.0000
   2    0.432  #000001    1 2  0.0000
   3    0.433  #010000    1 3  0.0023
   4    0.432  #010001    1 4  -0.0023
   5    0.431  #000100    1 5  -0.0023
   6    0.431  #000101    1 6  0.0000
   7    0.432  #010100    1 7  0.0023
   8    0.432  #010101    2 1  0.0000
   9    0.432  #010102    2 2  0.0000
  10    0.432  #020101    2 3  0.0000
  11    0.433  #020102    2 4  0.0023
  12    0.433  #010201    2 5  0.0000
  13    0.432  #010202    2 6  -0.0023
  14    0.433  #020201    2 7  0.0023
  15    0.433  #020202    3 1  0.0000
  16    0.433  #020203    3 2  0.0000
  17    0.433  #030202    3 3  0.0000
  18    0.433  #030203    3 4  0.0000
  19    0.435  #020302    3 5  0.0046
  20    0.433  #020303    3 6  -0.0046
  21    0.434  #030302    3 7  0.0023
  22    0.434  #030303    4 1  0.0000
  23    0.434  #030304    4 2  0.0000
  24    0.437  #040303    4 3  0.0069
  25    0.435  #040304    4 4  -0.0046
  26    0.433  #030403    4 5  -0.0046
  27    0.437  #030404    4 6  0.0092
  28    0.436  #040403    4 7  -0.0023
  29    0.436  #040404    5 1  0.0000
  30    0.436  #040405    5 2  0.0000
  31    0.437  #050404    5 3  0.0023
  32    0.437  #050405    5 4  0.0000
  33    0.438  #040504    5 5  0.0023
  34    0.440  #040505    5 6  0.0046
  35    0.439  #050504    5 7  -0.0023
  36    0.440  #050505    6 1  0.0023
  37    0.439  #050506    6 2  -0.0023
  38    0.443  #060505    6 3  0.0091
  39    0.442  #060506    6 4  -0.0023
  40    0.443  #050605    6 5  0.0023
  41    0.444  #050606    6 6  0.0023
  42    0.445  #060605    6 7  0.0022
  43    0.445  #060606    7 1  0.0000
  44    0.445  #060607    7 2  0.0000
  45    0.447  #070606    7 3  0.0045
  46    0.447  #070607    7 4  0.0000
  47    0.450  #060706    7 5  0.0067
  48    0.451  #060707    7 6  0.0022
  49    0.453  #070706    7 7  0.0044
  50    0.452  #070707    8 1  -0.0022
  51    0.453  #070708    8 2  0.0022
  52    0.455  #080707    8 3  0.0044
  53    0.455  #080708    8 4  0.0000
  54    0.460  #070807    8 5  0.0109
  55    0.460  #070808    8 6  0.0000
  56    0.461  #080807    8 7  0.0022
  57    0.462  #080808    9 1  0.0022
  58    0.464  #080809    9 2  0.0043
  59    0.466  #090808    9 3  0.0043
  60    0.467  #090809    9 4  0.0021
  61    0.471  #080908    9 5  0.0085
  62    0.472  #080909    9 6  0.0021
  63    0.475  #090908    9 7  0.0063
  64    0.476  #090909   10 1  0.0021
  65    0.477  #09090a   10 2  0.0021
  66    0.480  #0a0909   10 3  0.0063
  67    0.481  #0a090a   10 4  0.0021
  68    0.487  #090a09   10 5  0.0124
  69    0.488  #090a0a   10 6  0.0021
  70    0.491  #0a0a09   10 7  0.0061
  71    0.493  #0a0a0a   11 1  0.0041
  72    0.494  #0a0a0b   11 2  0.0020
  73    0.497  #0b0a0a   11 3  0.0061
  74    0.499  #0b0a0b   11 4  0.0040
  75    0.506  #0a0b0a   11 5  0.0139
  76    0.506  #0a0b0b   11 6  0.0000
  77    0.510  #0b0b0a   11 7  0.0079
  78    0.511  #0b0b0b   12 1  0.0020
  79    0.514  #0b0b0c   12 2  0.0059
  80    0.517  #0c0b0b   12 3  0.0058
  81    0.519  #0c0b0c   12 4  0.0039
  82    0.528  #0b0c0b   12 5  0.0172
  83    0.530  #0b0c0c   12 6  0.0038
  84    0.534  #0c0c0b   12 7  0.0075
  85    0.536  #0c0c0c   13 1  0.0037
  86    0.538  #0c0c0d   13 2  0.0037
  87    0.542  #0d0c0c   13 3  0.0074
  88    0.545  #0d0c0d   13 4  0.0055
  89    0.555  #0c0d0c   13 5  0.0182
  90    0.556  #0c0d0d   13 6  0.0018
  91    0.561  #0d0d0c   13 7  0.0090
  92    0.563  #0d0d0d   14 1  0.0036
  93    0.566  #0d0d0e   14 2  0.0053
  94    0.571  #0e0d0d   14 3  0.0088
  95    0.573  #0e0d0e   14 4  0.0035
  96    0.585  #0d0e0d   14 5  0.0207
  97    0.588  #0d0e0e   14 6  0.0051
  98    0.593  #0e0e0d   14 7  0.0085
  99    0.596  #0e0e0e   15 1  0.0050
 100    0.600  #0e0e0f   15 2  0.0067
 101    0.606  #0f0e0e   15 3  0.0100
 102    0.608  #0f0e0f   15 4  0.0033
 103    0.623  #0e0f0e   15 5  0.0244
 104    0.626  #0e0f0f   15 6  0.0048
 105    0.631  #0f0f0e   15 7  0.0080
 106    0.636  #0f0f0f   16 1  0.0079
 107    0.639  #0f0f10   16 2  0.0047
 108    0.646  #100f0f   16 3  0.0109
 109    0.650  #100f10   16 4  0.0062
 110    0.667  #0f100f   16 5  0.0258
 111    0.671  #0f1010   16 6  0.0060
 112    0.678  #10100f   16 7  0.0104
 113    0.682  #101010   17 1  0.0059
 114    0.686  #101011   17 2  0.0058
 115    0.694  #111010   17 3  0.0116
 116    0.698  #111011   17 4  0.0057
 117    0.717  #101110   17 5  0.0269
 118    0.721  #101111   17 6  0.0056
 119    0.729  #111110   17 7  0.0110
 120    0.734  #111111   18 1  0.0068
 121    0.738  #111112   18 2  0.0054
 122    0.746  #121111   18 3  0.0108
 123    0.750  #121112   18 4  0.0053
 124    0.771  #111211   18 5  0.0276
 125    0.775  #111212   18 6  0.0052
 126    0.783  #121211   18 7  0.0103
 127    0.788  #121212   19 1  0.0064
 128    0.792  #121213   19 2  0.0051
 129    0.801  #131212   19 3  0.0113
 130    0.806  #131213   19 4  0.0062
 131    0.826  #121312   19 5  0.0245
 132    0.831  #121313   19 6  0.0060
 133    0.839  #131312   19 7  0.0096
 134    0.843  #131313   20 1  0.0048
 135    0.849  #131314   20 2  0.0071
 136    0.859  #141313   20 3  0.0117
 137    0.861  #141314   20 4  0.0023
 138    0.884  #131413   20 5  0.0264
 139    0.889  #131414   20 6  0.0056
 140    0.898  #141413   20 7  0.0101
 141    0.903  #141414   21 1  0.0056
 142    0.909  #141415   21 2  0.0066
 143    0.918  #151414   21 3  0.0099
 144    0.924  #151415   21 4  0.0065
 145    0.948  #141514   21 5  0.0256
 146    0.953  #141515   21 6  0.0053
 147    0.963  #151514   21 7  0.0104
 148    0.968  #151515   22 1  0.0052
 149    0.974  #151516   22 2  0.0062
 150    0.986  #161515   22 3  0.0122
 151    0.992  #161516   22 4  0.0061
 152    1.019  #151615   22 5  0.0269
 153    1.025  #151616   22 6  0.0059
 154    1.036  #161615   22 7  0.0107
 155    1.042  #161616   23 1  0.0058
 156    1.049  #161617   23 2  0.0067
 157    1.060  #171616   23 3  0.0104
 158    1.069  #171617   23 4  0.0085
 159    1.099  #161716   23 5  0.0277
 160    1.106  #161717   23 6  0.0063
 161    1.119  #171716   23 7  0.0117
 162    1.126  #171717   24 1  0.0062
 163    1.133  #171718   24 2  0.0062
 164    1.148  #181717   24 3  0.0132
 165    1.156  #181718   24 4  0.0069
 166    1.191  #171817   24 5  0.0298
 167    1.198  #171818   24 6  0.0059
 168    1.213  #181817   24 7  0.0124
 169    1.221  #181818   25 1  0.0066
 170    1.229  #181819   25 2  0.0065
 171    1.245  #191818   25 3  0.0129
 172    1.254  #191819   25 4  0.0072
 173    1.293  #181918   25 5  0.0306
 174    1.301  #181919   25 6  0.0062
 175    1.317  #191918   25 7  0.0122
 176    1.326  #191919   26 1  0.0068
 177    1.335  #19191a   26 2  0.0068
 178    1.352  #1a1919   26 3  0.0127
 179    1.361  #1a191a   26 4  0.0066
 180    1.404  #191a19   26 5  0.0311
 181    1.413  #191a1a   26 6  0.0064
 182    1.430  #1a1a19   26 7  0.0120
 183    1.440  #1a1a1a   27 1  0.0070
 184    1.449  #1a1a1b   27 2  0.0062
 185    1.468  #1b1a1a   27 3  0.0130
 186    1.478  #1b1a1b   27 4  0.0068
 187    1.521  #1a1b1a   27 5  0.0287
 188    1.532  #1a1b1b   27 6  0.0072
 189    1.550  #1b1b1a   27 7  0.0117
 190    1.560  #1b1b1b   28 1  0.0064
 191    1.570  #1b1b1c   28 2  0.0064
 192    1.589  #1c1b1b   28 3  0.0120
 193    1.600  #1c1b1c   28 4  0.0069
 194    1.644  #1b1c1b   28 5  0.0271
 195    1.655  #1b1c1c   28 6  0.0067
 196    1.675  #1c1c1b   28 7  0.0120
 197    1.685  #1c1c1c   29 1  0.0060
 198    1.696  #1c1c1d   29 2  0.0065
 199    1.716  #1d1c1c   29 3  0.0117
 200    1.727  #1d1c1d   29 4  0.0064
 201    1.776  #1c1d1c   29 5  0.0280
 202    1.783  #1c1d1d   29 6  0.0039
 203    1.800  #1d1d1c   29 7  0.0095
 204    1.810  #1d1d1d   30 1  0.0055
 205    1.820  #1d1d1e   30 2  0.0055
 206    1.840  #1e1d1d   30 3  0.0109
 207    1.860  #1e1d1e   30 4  0.0108
 208    1.910  #1d1e1d   30 5  0.0265
 209    1.920  #1d1e1e   30 6  0.0052
 210    1.940  #1e1e1d   30 7  0.0104
 211    1.960  #1e1e1e   31 1  0.0103
 212    1.970  #1e1e1f   31 2  0.0051
 213    1.990  #1f1e1e   31 3  0.0101
 214    2.000  #1f1e1f   31 4  0.0050
 215    2.060  #1e1f1e   31 5  0.0296
 216    2.080  #1e1f1f   31 6  0.0097
 217    2.100  #1f1f1e   31 7  0.0096
 218    2.110  #1f1f1f   32 1  0.0048
 219    2.130  #1f1f20   32 2  0.0094
 220    2.150  #201f1f   32 3  0.0093
 221    2.160  #201f20   32 4  0.0046
 222    2.230  #1f201f   32 5  0.0319
 223    2.250  #1f2020   32 6  0.0089
 224    2.270  #20201f   32 7  0.0088
 225    2.290  #202020   33 1  0.0088
 226    2.300  #202021   33 2  0.0044
 227    2.330  #212020   33 3  0.0130
 228    2.340  #212021   33 4  0.0043
 229    2.410  #202120   33 5  0.0295
 230    2.430  #202121   33 6  0.0083
 231    2.450  #212120   33 7  0.0082
 232    2.470  #212121   34 1  0.0081
 233    2.480  #212122   34 2  0.0040
 234    2.510  #222121   34 3  0.0120
 235    2.530  #222122   34 4  0.0079
 236    2.600  #212221   34 5  0.0273
 237    2.610  #212222   34 6  0.0038
 238    2.640  #222221   34 7  0.0114
 239    2.660  #222222   35 1  0.0075
 240    2.670  #222223   35 2  0.0038
 241    2.700  #232222   35 3  0.0112
 242    2.720  #232223   35 4  0.0074
 243    2.790  #222322   35 5  0.0254
 244    2.810  #222323   35 6  0.0071
 245    2.840  #232322   35 7  0.0106
 246    2.850  #232323   36 1  0.0035
 247    2.870  #232324   36 2  0.0070
 248    2.900  #242323   36 3  0.0104
 249    2.920  #242324   36 4  0.0069
 250    2.990  #232423   36 5  0.0237
 251    3.010  #232424   36 6  0.0067
 252    3.040  #242423   36 7  0.0099
 253    3.060  #242424   37 1  0.0066
 254    3.080  #242425   37 2  0.0065
 255    3.110  #252424   37 3  0.0097
 256    3.120  #252425   37 4  0.0032
 257    3.200  #242524   37 5  0.0253
 258    3.220  #242525   37 6  0.0062
 259    3.250  #252524   37 7  0.0093
 260    3.270  #252525   38 1  0.0061
 261    3.290  #252526   38 2  0.0061
 262    3.320  #262525   38 3  0.0091
 263    3.340  #262526   38 4  0.0060
 264    3.420  #252625   38 5  0.0237
 265    3.440  #252626   38 6  0.0058
 266    3.470  #262625   38 7  0.0087
 267    3.490  #262626   39 1  0.0057
 268    3.510  #262627   39 2  0.0057
 269    3.540  #272626   39 3  0.0085
 270    3.560  #272627   39 4  0.0056
 271    3.650  #262726   39 5  0.0250
 272    3.660  #262727   39 6  0.0027
 273    3.700  #272726   39 7  0.0109
 274    3.720  #272727   40 1  0.0054
 275    3.740  #272728   40 2  0.0054
 276    3.770  #282727   40 3  0.0080
 277    3.790  #282728   40 4  0.0053
 278    3.880  #272827   40 5  0.0235
 279    3.900  #272828   40 6  0.0051
 280    3.940  #282827   40 7  0.0102
 281    3.960  #282828   41 1  0.0051
 282    3.980  #282829   41 2  0.0050
 283    4.010  #292828   41 3  0.0075
 284    4.030  #292829   41 4  0.0050
 285    4.130  #282928   41 5  0.0245
 286    4.150  #282929   41 6  0.0048
 287    4.190  #292928   41 7  0.0096
 288    4.210  #292929   42 1  0.0048
 289    4.230  #29292a   42 2  0.0047
 290    4.270  #2a2929   42 3  0.0094
 291    4.290  #2a292a   42 4  0.0047
 292    4.390  #292a29   42 5  0.0230
 293    4.420  #292a2a   42 6  0.0068
 294    4.460  #2a2a29   42 7  0.0090
 295    4.480  #2a2a2a   43 1  0.0045
 296    4.500  #2a2a2b   43 2  0.0045
 297    4.540  #2b2a2a   43 3  0.0088
 298    4.570  #2b2a2b   43 4  0.0066
 299    4.670  #2a2b2a   43 5  0.0216
 300    4.700  #2a2b2b   43 6  0.0064
 301    4.740  #2b2b2a   43 7  0.0085
 302    4.760  #2b2b2b   44 1  0.0042
 303    4.790  #2b2b2c   44 2  0.0063
 304    4.830  #2c2b2b   44 3  0.0083
 305    4.850  #2c2b2c   44 4  0.0041
 306    4.970  #2b2c2b   44 5  0.0244
 307    4.990  #2b2c2c   44 6  0.0040
 308    5.030  #2c2c2b   44 7  0.0080
 309    5.060  #2c2c2c   45 1  0.0059
 310    5.080  #2c2c2d   45 2  0.0039
 311    5.130  #2d2c2c   45 3  0.0098
 312    5.160  #2d2c2d   45 4  0.0058
 313    5.280  #2c2d2c   45 5  0.0230
 314    5.300  #2c2d2d   45 6  0.0038
 315    5.350  #2d2d2c   45 7  0.0094
 316    5.370  #2d2d2d   46 1  0.0037
 317    5.400  #2d2d2e   46 2  0.0056
 318    5.450  #2e2d2d   46 3  0.0092
 319    5.470  #2e2d2e   46 4  0.0037
 320    5.600  #2d2e2d   46 5  0.0235
 321    5.620  #2d2e2e   46 6  0.0036
 322    5.670  #2e2e2d   46 7  0.0089
 323    5.700  #2e2e2e   47 1  0.0053
 324    5.730  #2e2e2f   47 2  0.0052
 325    5.780  #2f2e2e   47 3  0.0087
 326    5.810  #2f2e2f   47 4  0.0052
 327    5.940  #2e2f2e   47 5  0.0221
 328    5.960  #2e2f2f   47 6  0.0034
 329    6.020  #2f2f2e   47 7  0.0100
 330    6.040  #2f2f2f   48 1  0.0033
 331    6.070  #2f2f30   48 2  0.0050
 332    6.130  #302f2f   48 3  0.0098
 333    6.150  #302f30   48 4  0.0033
 334    6.290  #2f302f   48 5  0.0225
 335    6.320  #2f3030   48 6  0.0048
 336    6.380  #30302f   48 7  0.0094
 337    6.410  #303030   49 1  0.0047
 338    6.440  #303031   49 2  0.0047
 339    6.490  #313030   49 3  0.0077
 340    6.520  #313031   49 4  0.0046
 341    6.660  #303130   49 5  0.0212
 342    6.690  #303131   49 6  0.0045
 343    6.750  #313130   49 7  0.0089
 344    6.780  #313131   50 1  0.0044
 345    6.810  #313132   50 2  0.0044
 346    6.860  #323131   50 3  0.0073
 347    6.890  #323132   50 4  0.0044
 348    7.040  #313231   50 5  0.0215
 349    7.070  #313232   50 6  0.0043
 350    7.130  #323231   50 7  0.0085
 351    7.160  #323232   51 1  0.0042
 352    7.190  #323233   51 2  0.0042
 353    7.240  #333232   51 3  0.0069
 354    7.280  #333233   51 4  0.0055
 355    7.430  #323332   51 5  0.0204
 356    7.460  #323333   51 6  0.0040
 357    7.520  #333332   51 7  0.0080
 358    7.550  #333333   52 1  0.0040
 359    7.580  #333334   52 2  0.0040
 360    7.640  #343333   52 3  0.0079
 361    7.670  #343334   52 4  0.0039
 362    7.830  #333433   52 5  0.0206
 363    7.860  #333434   52 6  0.0038
 364    7.920  #343433   52 7  0.0076
 365    7.960  #343434   53 1  0.0050
 366    7.990  #343435   53 2  0.0038
 367    8.050  #353434   53 3  0.0075
 368    8.090  #353435   53 4  0.0050
 369    8.250  #343534   53 5  0.0196
 370    8.290  #343535   53 6  0.0048
 371    8.350  #353534   53 7  0.0072
 372    8.390  #353535   54 1  0.0048
 373    8.420  #353536   54 2  0.0036
 374    8.490  #363535   54 3  0.0083
 375    8.520  #363536   54 4  0.0035
 376    8.690  #353635   54 5  0.0198
 377    8.720  #353636   54 6  0.0034
 378    8.790  #363635   54 7  0.0080
 379    8.830  #363636   55 1  0.0045
 380    8.860  #363637   55 2  0.0034
 381    8.930  #373636   55 3  0.0079
 382    8.960  #373637   55 4  0.0034
 383    9.130  #363736   55 5  0.0188
 384    9.170  #363737   55 6  0.0044
 385    9.240  #373736   55 7  0.0076
 386    9.270  #373737   56 1  0.0032
 387    9.310  #373738   56 2  0.0043
 388    9.380  #383737   56 3  0.0075
 389    9.420  #383738   56 4  0.0043
 390    9.590  #373837   56 5  0.0179
 391    9.630  #373838   56 6  0.0042
 392    9.700  #383837   56 7  0.0072
 393    9.740  #383838   57 1  0.0041
 394    9.780  #383839   57 2  0.0041
 395    9.850  #393838   57 3  0.0071
 396    9.890  #393839   57 4  0.0041
 397   10.070  #383938   57 5  0.0180
 398   10.110  #383939   57 6  0.0040
 399   10.190  #393938   57 7  0.0079
 400   10.220  #393939   58 1  0.0029
 401   10.260  #39393a   58 2  0.0039
 402   10.340  #3a3939   58 3  0.0078
 403   10.380  #3a393a   58 4  0.0039
 404   10.580  #393a39   58 5  0.0191
 405   10.620  #393a3a   58 6  0.0038
 406   10.690  #3a3a39   58 7  0.0066
 407   10.740  #3a3a3a   59 1  0.0047
 408   10.770  #3a3a3b   59 2  0.0028
 409   10.850  #3b3a3a   59 3  0.0074
 410   10.900  #3b3a3b   59 4  0.0046
 411   11.090  #3a3b3a   59 5  0.0173
 412   11.130  #3a3b3b   59 6  0.0036
 413   11.210  #3b3b3a   59 7  0.0072
 414   11.250  #3b3b3b   60 1  0.0036
 415   11.290  #3b3b3c   60 2  0.0035
 416   11.380  #3c3b3b   60 3  0.0079
 417   11.420  #3c3b3c   60 4  0.0035
 418   11.620  #3b3c3b   60 5  0.0174
 419   11.670  #3b3c3c   60 6  0.0043
 420   11.750  #3c3c3b   60 7  0.0068
 421   11.790  #3c3c3c   61 1  0.0034
 422   11.840  #3c3c3d   61 2  0.0042
 423   11.920  #3d3c3c   61 3  0.0067
 424   11.960  #3d3c3d   61 4  0.0034
 425   12.180  #3c3d3c   61 5  0.0182
 426   12.220  #3c3d3d   61 6  0.0033
 427   12.300  #3d3d3c   61 7  0.0065
 428   12.350  #3d3d3d   62 1  0.0041
 429   12.390  #3d3d3e   62 2  0.0032
 430   12.480  #3e3d3d   62 3  0.0072
 431   12.530  #3e3d3e   62 4  0.0040
 432   12.760  #3d3e3d   62 5  0.0182
 433   12.810  #3d3e3e   62 6  0.0039
 434   12.890  #3e3e3d   62 7  0.0062
 435   12.940  #3e3e3e   63 1  0.0039
 436   12.990  #3e3e3f   63 2  0.0039
 437   13.080  #3f3e3e   63 3  0.0069
 438   13.130  #3f3e3f   63 4  0.0038
 439   13.370  #3e3f3e   63 5  0.0181
 440   13.410  #3e3f3f   63 6  0.0030
 441   13.510  #3f3f3e   63 7  0.0074
 442   13.560  #3f3f3f   64 1  0.0037
 443   13.590  #3f3f40   64 2  0.0022
 444   13.680  #403f3f   64 3  0.0066
 445   13.730  #403f40   64 4  0.0036
 446   13.940  #3f403f   64 5  0.0152
 447   14.000  #3f4040   64 6  0.0043
 448   14.080  #40403f   64 7  0.0057
 449   14.130  #404040   65 1  0.0035
 450   14.160  #404041   65 2  0.0021
 451   14.240  #414040   65 3  0.0056
 452   14.290  #414041   65 4  0.0035
 453   14.500  #404140   65 5  0.0146
 454   14.540  #404141   65 6  0.0028
 455   14.620  #414140   65 7  0.0055
 456   14.670  #414141   66 1  0.0034
 457   14.710  #414142   66 2  0.0027
 458   14.790  #424141   66 3  0.0054
 459   14.840  #424142   66 4  0.0034
 460   15.060  #414241   66 5  0.0147
 461   15.100  #414242   66 6  0.0027
 462   15.190  #424241   66 7  0.0059
 463   15.230  #424242   67 1  0.0026
 464   15.280  #424243   67 2  0.0033
 465   15.370  #434242   67 3  0.0059
 466   15.410  #434243   67 4  0.0026
 467   15.640  #424342   67 5  0.0148
 468   15.680  #424343   67 6  0.0026
 469   15.770  #434342   67 7  0.0057
 470   15.820  #434343   68 1  0.0032
 471   15.860  #434344   68 2  0.0025
 472   15.950  #444343   68 3  0.0057
 473   16.000  #444344   68 4  0.0031
 474   16.220  #434443   68 5  0.0137
 475   16.270  #434444   68 6  0.0031
 476   16.350  #444443   68 7  0.0049
 477   16.400  #444444   69 1  0.0031
 478   16.460  #444445   69 2  0.0037
 479   16.540  #454444   69 3  0.0048
 480   16.580  #454445   69 4  0.0024
 481   16.820  #444544   69 5  0.0144
 482   16.860  #444545   69 6  0.0024
 483   16.930  #454544   69 7  0.0041
 484   16.990  #454545   70 1  0.0035
 485   17.030  #454546   70 2  0.0024
 486   17.130  #464545   70 3  0.0059
 487   17.170  #464546   70 4  0.0023
 488   17.400  #454645   70 5  0.0133
 489   17.460  #454646   70 6  0.0034
 490   17.540  #464645   70 7  0.0046
 491   17.590  #464646   71 1  0.0028
 492   17.650  #464647   71 2  0.0034
 493   17.740  #474646   71 3  0.0051
 494   17.790  #474647   71 4  0.0028
 495   18.000  #464746   71 5  0.0117
 496   18.000  #464747   71 6  0.0000
 497   18.100  #474746   71 7  0.0055
 498   18.200  #474747   72 1  0.0055
 499   18.200  #474748   72 2  0.0000
 500   18.300  #484747   72 3  0.0055
 501   18.400  #484748   72 4  0.0054
 502   18.600  #474847   72 5  0.0108
 503   18.700  #474848   72 6  0.0054
 504   18.800  #484847   72 7  0.0053
 505   18.800  #484848   73 1  0.0000
 506   18.900  #484849   73 2  0.0053
 507   19.000  #494848   73 3  0.0053
 508   19.000  #494849   73 4  0.0000
 509   19.300  #484948   73 5  0.0157
 510   19.300  #484949   73 6  0.0000
 511   19.400  #494948   73 7  0.0052
 512   19.500  #494949   74 1  0.0051
 513   19.500  #49494a   74 2  0.0000
 514   19.600  #4a4949   74 3  0.0051
 515   19.700  #4a494a   74 4  0.0051
 516   20.000  #494a49   74 5  0.0151
 517   20.000  #494a4a   74 6  0.0000
 518   20.100  #4a4a49   74 7  0.0050
 519   20.100  #4a4a4a   75 1  0.0000
 520   20.200  #4a4a4b   75 2  0.0050
 521   20.300  #4b4a4a   75 3  0.0049
 522   20.400  #4b4a4b   75 4  0.0049
 523   20.600  #4a4b4a   75 5  0.0098
 524   20.700  #4a4b4b   75 6  0.0048
 525   20.800  #4b4b4a   75 7  0.0048
 526   20.800  #4b4b4b   76 1  0.0000
 527   20.900  #4b4b4c   76 2  0.0048
 528   21.000  #4c4b4b   76 3  0.0048
 529   21.100  #4c4b4c   76 4  0.0048
 530   21.300  #4b4c4b   76 5  0.0094
 531   21.400  #4b4c4c   76 6  0.0047
 532   21.500  #4c4c4b   76 7  0.0047
 533   21.600  #4c4c4c   77 1  0.0046
 534   21.600  #4c4c4d   77 2  0.0000
 535   21.700  #4d4c4c   77 3  0.0046
 536   21.800  #4d4c4d   77 4  0.0046
 537   22.000  #4c4d4c   77 5  0.0091
 538   22.100  #4c4d4d   77 6  0.0045
 539   22.200  #4d4d4c   77 7  0.0045
 540   22.300  #4d4d4d   78 1  0.0045
 541   22.300  #4d4d4e   78 2  0.0000
 542   22.400  #4e4d4d   78 3  0.0045
 543   22.500  #4e4d4e   78 4  0.0045
 544   22.800  #4d4e4d   78 5  0.0132
 545   22.800  #4d4e4e   78 6  0.0000
 546   22.900  #4e4e4d   78 7  0.0044
 547   23.000  #4e4e4e   79 1  0.0044
 548   23.000  #4e4e4f   79 2  0.0000
 549   23.200  #4f4e4e   79 3  0.0087
 550   23.200  #4f4e4f   79 4  0.0000
 551   23.500  #4e4f4e   79 5  0.0128
 552   23.500  #4e4f4f   79 6  0.0000
 553   23.600  #4f4f4e   79 7  0.0042
 554   23.700  #4f4f4f   80 1  0.0042
 555   23.800  #4f4f50   80 2  0.0042
 556   23.900  #504f4f   80 3  0.0042
 557   23.900  #504f50   80 4  0.0000
 558   24.200  #4f504f   80 5  0.0125
 559   24.300  #4f5050   80 6  0.0041
 560   24.400  #50504f   80 7  0.0041
 561   24.400  #505050   81 1  0.0000
 562   24.500  #505051   81 2  0.0041
 563   24.600  #515050   81 3  0.0041
 564   24.700  #515051   81 4  0.0041
 565   24.900  #505150   81 5  0.0081
 566   25.000  #505151   81 6  0.0040
 567   25.100  #515150   81 7  0.0040
 568   25.200  #515151   82 1  0.0040
 569   25.200  #515152   82 2  0.0000
 570   25.400  #525151   82 3  0.0079
 571   25.400  #525152   82 4  0.0000
 572   25.700  #515251   82 5  0.0117
 573   25.700  #515252   82 6  0.0000
 574   25.900  #525251   82 7  0.0078
 575   25.900  #525252   83 1  0.0000
 576   26.000  #525253   83 2  0.0039
 577   26.100  #535252   83 3  0.0038
 578   26.100  #535253   83 4  0.0000
 579   26.400  #525352   83 5  0.0114
 580   26.500  #525353   83 6  0.0038
 581   26.600  #535352   83 7  0.0038
 582   26.700  #535353   84 1  0.0038
 583   26.700  #535354   84 2  0.0000
 584   26.800  #545353   84 3  0.0037
 585   26.900  #545354   84 4  0.0037
 586   27.400  #535453   84 5  0.0184
 587   27.500  #535454   84 6  0.0036
 588   27.500  #545453   84 7  0.0000
 589   27.700  #545454   85 1  0.0072
 590   27.700  #545455   85 2  0.0000
 591   27.800  #555454   85 3  0.0036
 592   27.900  #555455   85 4  0.0036
 593   28.200  #545554   85 5  0.0107
 594   28.300  #545555   85 6  0.0035
 595   28.500  #555554   85 7  0.0070
 596   28.500  #555555   86 1  0.0000
 597   28.500  #555556   86 2  0.0000
 598   28.700  #565555   86 3  0.0070
 599   28.800  #565556   86 4  0.0035
 600   29.100  #555655   86 5  0.0104
 601   29.100  #555656   86 6  0.0000
 602   29.300  #565655   86 7  0.0068
 603   29.300  #565656   87 1  0.0000
 604   29.500  #565657   87 2  0.0068
 605   29.600  #575656   87 3  0.0034
 606   29.600  #575657   87 4  0.0000
 607   30.000  #565756   87 5  0.0134
 608   30.000  #565757   87 6  0.0000
 609   30.100  #575756   87 7  0.0033
 610   30.300  #575757   88 1  0.0066
 611   30.300  #575758   88 2  0.0000
 612   30.400  #585757   88 3  0.0033
 613   30.500  #585758   88 4  0.0033
 614   30.800  #575857   88 5  0.0098
 615   30.800  #575858   88 6  0.0000
 616   31.000  #585857   88 7  0.0065
 617   31.100  #585858   89 1  0.0032
 618   31.100  #585859   89 2  0.0000
 619   31.300  #595858   89 3  0.0064
 620   31.300  #595859   89 4  0.0000
 621   31.600  #585958   89 5  0.0095
 622   31.800  #585959   89 6  0.0063
 623   31.800  #595958   89 7  0.0000
 624   31.900  #595959   90 1  0.0031
 625   32.000  #59595a   90 2  0.0031
 626   32.100  #5a5959   90 3  0.0031
 627   32.200  #5a595a   90 4  0.0031
 628   32.500  #595a59   90 5  0.0093
 629   32.600  #595a5a   90 6  0.0031
 630   32.800  #5a5a59   90 7  0.0061
 631   32.800  #5a5a5a   91 1  0.0000
 632   32.800  #5a5a5b   91 2  0.0000
 633   33.000  #5b5a5a   91 3  0.0061
 634   33.100  #5b5a5b   91 4  0.0030
 635   33.400  #5a5b5a   91 5  0.0090
 636   33.600  #5a5b5b   91 6  0.0060
 637   33.600  #5b5b5a   91 7  0.0000
 638   33.700  #5b5b5b   92 1  0.0030
 639   33.700  #5b5b5c   92 2  0.0000
 640   33.900  #5c5b5b   92 3  0.0059
 641   34.000  #5c5b5c   92 4  0.0029
 642   34.300  #5b5c5b   92 5  0.0088
 643   34.400  #5b5c5c   92 6  0.0029
 644   34.500  #5c5c5b   92 7  0.0029
 645   34.600  #5c5c5c   93 1  0.0029
 646   34.700  #5c5c5d   93 2  0.0029
 647   34.800  #5d5c5c   93 3  0.0029
 648   34.900  #5d5c5d   93 4  0.0029
 649   35.200  #5c5d5c   93 5  0.0086
 650   35.300  #5c5d5d   93 6  0.0028
 651   35.400  #5d5d5c   93 7  0.0028
 652   35.500  #5d5d5d   94 1  0.0028
 653   35.500  #5d5d5e   94 2  0.0000
 654   35.700  #5e5d5d   94 3  0.0056
 655   35.700  #5e5d5e   94 4  0.0000
 656   36.100  #5d5e5d   94 5  0.0111
 657   36.200  #5d5e5e   94 6  0.0028
 658   36.400  #5e5e5d   94 7  0.0055
 659   36.400  #5e5e5e   95 1  0.0000
 660   36.500  #5e5e5f   95 2  0.0027
 661   36.600  #5f5e5e   95 3  0.0027
 662   36.700  #5f5e5f   95 4  0.0027
 663   37.000  #5e5f5e   95 5  0.0081
 664   37.200  #5e5f5f   95 6  0.0054
 665   37.200  #5f5f5e   95 7  0.0000
 666   37.400  #5f5f5f   96 1  0.0054
 667   37.400  #5f5f60   96 2  0.0000
 668   37.600  #605f5f   96 3  0.0053
 669   37.600  #605f60   96 4  0.0000
 670   37.900  #5f605f   96 5  0.0079
 671   38.100  #5f6060   96 6  0.0053
 672   38.300  #60605f   96 7  0.0052
 673   38.300  #606060   97 1  0.0000
 674   38.300  #606061   97 2  0.0000
 675   38.500  #616060   97 3  0.0052
 676   38.500  #616061   97 4  0.0000
 677   38.900  #606160   97 5  0.0103
 678   38.900  #606161   97 6  0.0000
 679   39.200  #616160   97 7  0.0077
 680   39.300  #616161   98 1  0.0025
 681   39.300  #616162   98 2  0.0000
 682   39.500  #626161   98 3  0.0051
 683   39.500  #626162   98 4  0.0000
 684   39.800  #616261   98 5  0.0076
 685   40.000  #616262   98 6  0.0050
 686   40.100  #626261   98 7  0.0025
 687   40.200  #626262   99 1  0.0025
 688   40.300  #626263   99 2  0.0025
 689   40.500  #636262   99 3  0.0050
 690   40.500  #636263   99 4  0.0000
 691   40.800  #626362   99 5  0.0074
 692   40.900  #626363   99 6  0.0024
 693   41.000  #636362   99 7  0.0024
 694   41.000  #636363  100 1  0.0000
 695   41.200  #636364  100 2  0.0049
 696   41.400  #646363  100 3  0.0048
 697   41.400  #646364  100 4  0.0000
 698   41.700  #636463  100 5  0.0072
 699   41.900  #636464  100 6  0.0048
 700   41.900  #646463  100 7  0.0000
 701   42.100  #646464  101 1  0.0048
 702   42.200  #646465  101 2  0.0024
 703   42.300  #656464  101 3  0.0024
 704   42.300  #656465  101 4  0.0000
 705   42.700  #646564  101 5  0.0094
 706   42.900  #646565  101 6  0.0047
 707   43.000  #656564  101 7  0.0023
 708   43.100  #656565  102 1  0.0023
 709   43.100  #656566  102 2  0.0000
 710   43.300  #666565  102 3  0.0046
 711   43.300  #666566  102 4  0.0000
 712   43.700  #656665  102 5  0.0092
 713   43.800  #656666  102 6  0.0023
 714   44.000  #666665  102 7  0.0046
 715   44.000  #666666  103 1  0.0000
 716   44.200  #666667  103 2  0.0045
 717   44.300  #676666  103 3  0.0023
 718   44.400  #676667  103 4  0.0023
 719   44.700  #666766  103 5  0.0067
 720   44.800  #666767  103 6  0.0022
 721   45.000  #676766  103 7  0.0045
 722   45.000  #676767  104 1  0.0000
 723   45.100  #676768  104 2  0.0022
 724   45.300  #686767  104 3  0.0044
 725   45.300  #686768  104 4  0.0000
 726   45.700  #676867  104 5  0.0088
 727   45.800  #676868  104 6  0.0022
 728   45.900  #686867  104 7  0.0022
 729   46.100  #686868  105 1  0.0043
 730   46.100  #686869  105 2  0.0000
 731   46.300  #696868  105 3  0.0043
 732   46.400  #696869  105 4  0.0022
 733   46.700  #686968  105 5  0.0064
 734   46.800  #686969  105 6  0.0021
 735   47.000  #696968  105 7  0.0043
 736   47.000  #696969  106 1  0.0000
 737   47.100  #69696a  106 2  0.0021
 738   47.200  #6a6969  106 3  0.0021
 739   47.300  #6a696a  106 4  0.0021
 740   47.600  #696a69  106 5  0.0063
 741   47.700  #696a6a  106 6  0.0021
 742   47.900  #6a6a69  106 7  0.0042
 743   48.000  #6a6a6a  107 1  0.0021
 744   48.100  #6a6a6b  107 2  0.0021
 745   48.200  #6b6a6a  107 3  0.0021
 746   48.300  #6b6a6b  107 4  0.0021
 747   48.700  #6a6b6a  107 5  0.0082
 748   48.800  #6a6b6b  107 6  0.0021
 749   49.000  #6b6b6a  107 7  0.0041
 750   49.100  #6b6b6b  108 1  0.0020
 751   49.100  #6b6b6c  108 2  0.0000
 752   49.200  #6c6b6b  108 3  0.0020
 753   49.400  #6c6b6c  108 4  0.0041
 754   49.800  #6b6c6b  108 5  0.0081
 755   49.800  #6b6c6c  108 6  0.0000
 756   49.900  #6c6c6b  108 7  0.0020
 757   50.000  #6c6c6c  109 1  0.0020
 758   50.100  #6c6c6d  109 2  0.0020
 759   50.200  #6d6c6c  109 3  0.0020
 760   50.300  #6d6c6d  109 4  0.0020
 761   50.600  #6c6d6c  109 5  0.0059
 762   50.800  #6c6d6d  109 6  0.0039
 763   51.000  #6d6d6c  109 7  0.0039
 764   51.100  #6d6d6d  110 1  0.0020
 765   51.100  #6d6d6e  110 2  0.0000
 766   51.200  #6e6d6d  110 3  0.0020
 767   51.300  #6e6d6e  110 4  0.0020
 768   51.700  #6d6e6d  110 5  0.0078
 769   51.800  #6d6e6e  110 6  0.0019
 770   52.000  #6e6e6d  110 7  0.0039
 771   52.000  #6e6e6e  111 1  0.0000
 772   52.100  #6e6e6f  111 2  0.0019
 773   52.300  #6f6e6e  111 3  0.0038
 774   52.300  #6f6e6f  111 4  0.0000
 775   52.700  #6e6f6e  111 5  0.0076
 776   52.800  #6e6f6f  111 6  0.0019
 777   52.900  #6f6f6e  111 7  0.0019
 778   53.100  #6f6f6f  112 1  0.0038
 779   53.100  #6f6f70  112 2  0.0000
 780   53.200  #706f6f  112 3  0.0019
 781   53.400  #706f70  112 4  0.0038
 782   53.800  #6f706f  112 5  0.0075
 783   53.800  #6f7070  112 6  0.0000
 784   54.000  #70706f  112 7  0.0037
 785   54.000  #707070  113 1  0.0000
 786   54.100  #707071  113 2  0.0019
 787   54.300  #717070  113 3  0.0037
 788   54.400  #717071  113 4  0.0018
 789   54.800  #707170  113 5  0.0073
 790   54.900  #707171  113 6  0.0018
 791   55.000  #717170  113 7  0.0018
 792   55.100  #717171  114 1  0.0018
 793   55.200  #717172  114 2  0.0018
 794   55.400  #727171  114 3  0.0036
 795   55.400  #727172  114 4  0.0000
 796   55.800  #717271  114 5  0.0072
 797   55.900  #717272  114 6  0.0018
 798   56.000  #727271  114 7  0.0018
 799   56.100  #727272  115 1  0.0018
 800   56.200  #727273  115 2  0.0018
 801   56.300  #737272  115 3  0.0018
 802   56.400  #737273  115 4  0.0018
 803   56.800  #727372  115 5  0.0071
 804   56.900  #727373  115 6  0.0018
 805   57.000  #737372  115 7  0.0018
 806   57.000  #737373  116 1  0.0000
 807   57.200  #737374  116 2  0.0035
 808   57.400  #747373  116 3  0.0035
 809   57.400  #747374  116 4  0.0000
 810   57.700  #737473  116 5  0.0052
 811   57.800  #737474  116 6  0.0017
 812   58.000  #747473  116 7  0.0035
 813   58.000  #747474  117 1  0.0000
 814   58.200  #747475  117 2  0.0034
 815   58.400  #757474  117 3  0.0034
 816   58.400  #757475  117 4  0.0000
 817   58.800  #747574  117 5  0.0068
 818   58.900  #747575  117 6  0.0017
 819   59.100  #757574  117 7  0.0034
 820   59.200  #757575  118 1  0.0017
 821   59.200  #757576  118 2  0.0000
 822   59.400  #767575  118 3  0.0034
 823   59.500  #767576  118 4  0.0017
 824   59.800  #757675  118 5  0.0050
 825   59.900  #757676  118 6  0.0017
 826   60.000  #767675  118 7  0.0017
 827   60.100  #767676  119 1  0.0017
 828   60.200  #767677  119 2  0.0017
 829   60.500  #777676  119 3  0.0050
 830   60.500  #777677  119 4  0.0000
 831   60.900  #767776  119 5  0.0066
 832   60.900  #767777  119 6  0.0000
 833   61.100  #777776  119 7  0.0033
 834   61.200  #777777  120 1  0.0016
 835   61.300  #777778  120 2  0.0016
 836   61.400  #787777  120 3  0.0016
 837   61.500  #787778  120 4  0.0016
 838   61.700  #777877  120 5  0.0032
 839   61.700  #777878  120 6  0.0000
 840   62.000  #787877  120 7  0.0049
 841   62.100  #787878  121 1  0.0016
 842   62.200  #787879  121 2  0.0016
 843   62.300  #797878  121 3  0.0016
 844   62.400  #797879  121 4  0.0016
 845   62.700  #787978  121 5  0.0048
 846   62.900  #787979  121 6  0.0032
 847   63.000  #797978  121 7  0.0016
 848   63.100  #797979  122 1  0.0016
 849   63.200  #79797a  122 2  0.0016
 850   63.300  #7a7979  122 3  0.0016
 851   63.400  #7a797a  122 4  0.0016
 852   63.800  #797a79  122 5  0.0063
 853   63.900  #797a7a  122 6  0.0016
 854   64.000  #7a7a79  122 7  0.0016
 855   64.200  #7a7a7a  123 1  0.0031
 856   64.200  #7a7a7b  123 2  0.0000
 857   64.300  #7b7a7a  123 3  0.0016
 858   64.500  #7b7a7b  123 4  0.0031
 859   64.800  #7a7b7a  123 5  0.0046
 860   64.900  #7a7b7b  123 6  0.0015
 861   65.100  #7b7b7a  123 7  0.0031
 862   65.100  #7b7b7b  124 1  0.0000
 863   65.200  #7b7b7c  124 2  0.0015
 864   65.400  #7c7b7b  124 3  0.0031
 865   65.400  #7c7b7c  124 4  0.0000
 866   65.900  #7b7c7b  124 5  0.0076
 867   65.900  #7b7c7c  124 6  0.0000
 868   66.100  #7c7c7b  124 7  0.0030
 869   66.100  #7c7c7c  125 1  0.0000
 870   66.300  #7c7c7d  125 2  0.0030
 871   66.500  #7d7c7c  125 3  0.0030
 872   66.500  #7d7c7d  125 4  0.0000
 873   66.900  #7c7d7c  125 5  0.0060
 874   66.900  #7c7d7d  125 6  0.0000
 875   67.100  #7d7d7c  125 7  0.0030
 876   67.200  #7d7d7d  126 1  0.0015
 877   67.400  #7d7d7e  126 2  0.0030
 878   67.500  #7e7d7d  126 3  0.0015
 879   67.600  #7e7d7e  126 4  0.0015
 880   67.900  #7d7e7d  126 5  0.0044
 881   68.000  #7d7e7e  126 6  0.0015
 882   68.300  #7e7e7d  126 7  0.0044
 883   68.400  #7e7e7e  127 1  0.0015
 884   68.500  #7e7e7f  127 2  0.0015
 885   68.600  #7f7e7e  127 3  0.0015
 886   68.700  #7f7e7f  127 4  0.0015
 887   69.200  #7e7f7e  127 5  0.0073
 888   69.300  #7e7f7f  127 6  0.0014
 889   69.500  #7f7f7e  127 7  0.0029
 890   69.600  #7f7f7f  128 1  0.0014
 891   69.700  #7f7f80  128 2  0.0014
 892   69.900  #807f7f  128 3  0.0029
 893   70.000  #807f80  128 4  0.0014
 894   70.600  #7f807f  128 5  0.0085
 895   70.700  #7f8080  128 6  0.0014
 896   71.000  #80807f  128 7  0.0042
 897   71.200  #808080  129 1  0.0028
 898   71.200  #808081  129 2  0.0000
 899   71.400  #818080  129 3  0.0028
 900   71.600  #818081  129 4  0.0028
 901   72.200  #808180  129 5  0.0083
 902   72.200  #808181  129 6  0.0000
 903   72.500  #818180  129 7  0.0041
 904   72.600  #818181  130 1  0.0014
 905   72.800  #818182  130 2  0.0028
 906   73.000  #828181  130 3  0.0027
 907   73.100  #828182  130 4  0.0014
 908   73.600  #818281  130 5  0.0068
 909   73.700  #818282  130 6  0.0014
 910   74.000  #828281  130 7  0.0041
 911   74.200  #828282  131 1  0.0027
 912   74.300  #828283  131 2  0.0013
 913   74.500  #838282  131 3  0.0027
 914   74.600  #838283  131 4  0.0013
 915   75.200  #828382  131 5  0.0080
 916   75.400  #828383  131 6  0.0027
 917   75.600  #838382  131 7  0.0026
 918   75.700  #838383  132 1  0.0013
 919   75.800  #838384  132 2  0.0013
 920   76.000  #848383  132 3  0.0026
 921   76.200  #848384  132 4  0.0026
 922   76.700  #838483  132 5  0.0065
 923   76.900  #838484  132 6  0.0026
 924   77.100  #848483  132 7  0.0026
 925   77.200  #848484  133 1  0.0013
 926   77.300  #848485  133 2  0.0013
 927   77.500  #858484  133 3  0.0026
 928   77.600  #858485  133 4  0.0013
 929   78.200  #848584  133 5  0.0077
 930   78.400  #848585  133 6  0.0026
 931   78.500  #858584  133 7  0.0013
 932   78.600  #858585  134 1  0.0013
 933   78.800  #858586  134 2  0.0025
 934   79.100  #868585  134 3  0.0038
 935   79.200  #868586  134 4  0.0013
 936   79.800  #858685  134 5  0.0075
 937   79.800  #858686  134 6  0.0000
 938   80.000  #868685  134 7  0.0025
 939   80.200  #868686  135 1  0.0025
 940   80.300  #868687  135 2  0.0012
 941   80.600  #878686  135 3  0.0037
 942   80.700  #878687  135 4  0.0012
 943   81.300  #868786  135 5  0.0074
 944   81.500  #868787  135 6  0.0025
 945   81.500  #878786  135 7  0.0000
 946   81.800  #878787  136 1  0.0037
 947   82.000  #878788  136 2  0.0024
 948   82.200  #888787  136 3  0.0024
 949   82.300  #888788  136 4  0.0012
 950   82.800  #878887  136 5  0.0061
 951   83.000  #878888  136 6  0.0024
 952   83.200  #888887  136 7  0.0024
 953   83.400  #888888  137 1  0.0024
 954   83.500  #888889  137 2  0.0012
 955   83.600  #898888  137 3  0.0012
 956   83.700  #898889  137 4  0.0012
 957   84.400  #888988  137 5  0.0083
 958   84.500  #888989  137 6  0.0012
 959   84.700  #898988  137 7  0.0024
 960   84.900  #898989  138 1  0.0024
 961   85.100  #89898a  138 2  0.0024
 962   85.200  #8a8989  138 3  0.0012
 963   85.300  #8a898a  138 4  0.0012
 964   86.000  #898a89  138 5  0.0082
 965   86.100  #898a8a  138 6  0.0012
 966   86.300  #8a8a89  138 7  0.0023
 967   86.400  #8a8a8a  139 1  0.0012
 968   86.500  #8a8a8b  139 2  0.0012
 969   86.800  #8b8a8a  139 3  0.0035
 970   87.000  #8b8a8b  139 4  0.0023
 971   87.600  #8a8b8a  139 5  0.0069
 972   87.800  #8a8b8b  139 6  0.0023
 973   87.900  #8b8b8a  139 7  0.0011
 974   88.100  #8b8b8b  140 1  0.0023
 975   88.100  #8b8b8c  140 2  0.0000
 976   88.500  #8c8b8b  140 3  0.0045
 977   88.600  #8c8b8c  140 4  0.0011
 978   89.300  #8b8c8b  140 5  0.0079
 979   89.300  #8b8c8c  140 6  0.0000
 980   89.600  #8c8c8b  140 7  0.0034
 981   89.600  #8c8c8c  141 1  0.0000
 982   89.800  #8c8c8d  141 2  0.0022
 983   90.200  #8d8c8c  141 3  0.0044
 984   90.200  #8d8c8d  141 4  0.0000
 985   90.900  #8c8d8c  141 5  0.0077
 986   90.900  #8c8d8d  141 6  0.0000
 987   91.100  #8d8d8c  141 7  0.0022
 988   91.300  #8d8d8d  142 1  0.0022
 989   91.400  #8d8d8e  142 2  0.0011
 990   91.700  #8e8d8d  142 3  0.0033
 991   91.900  #8e8d8e  142 4  0.0022
 992   92.500  #8d8e8d  142 5  0.0065
 993   92.600  #8d8e8e  142 6  0.0011
 994   92.900  #8e8e8d  142 7  0.0032
 995   93.000  #8e8e8e  143 1  0.0011
 996   93.200  #8e8e8f  143 2  0.0021
 997   93.600  #8f8e8e  143 3  0.0043
 998   93.700  #8f8e8f  143 4  0.0011
 999   94.200  #8e8f8e  143 5  0.0053
1000   94.200  #8e8f8f  143 6  0.0000
1001   94.400  #8f8f8e  143 7  0.0021
1002   94.700  #8f8f8f  144 1  0.0032
1003   94.900  #8f8f90  144 2  0.0021
1004   95.200  #908f8f  144 3  0.0032
1005   95.200  #908f90  144 4  0.0000
1006   95.800  #8f908f  144 5  0.0063
1007   96.000  #8f9090  144 6  0.0021
1008   96.100  #90908f  144 7  0.0010
1009   96.400  #909090  145 1  0.0031
1010   96.500  #909091  145 2  0.0010
1011   96.900  #919090  145 3  0.0041
1012   96.800  #919091  145 4  -0.0010
1013   97.600  #909190  145 5  0.0082
1014   97.700  #909191  145 6  0.0010
1015   98.000  #919190  145 7  0.0031
1016   98.300  #919191  146 1  0.0031
1017   98.500  #919192  146 2  0.0020
1018   98.500  #929191  146 3  0.0000
1019   98.700  #929192  146 4  0.0020
1020   99.200  #919291  146 5  0.0051
1021   99.400  #919292  146 6  0.0020
1022   99.600  #929291  146 7  0.0020
1023   99.800  #929292  147 1  0.0020
1024  100.000  #929293  147 2  0.0020
1025  100.200  #939292  147 3  0.0020
1026  100.300  #939293  147 4  0.0010
1027  101.000  #929392  147 5  0.0070
1028  101.300  #929393  147 6  0.0030
1029  101.600  #939392  147 7  0.0030
1030  101.800  #939393  148 1  0.0020
1031  101.800  #939394  148 2  0.0000
1032  101.900  #949393  148 3  0.0010
1033  102.000  #949394  148 4  0.0010
1034  102.800  #939493  148 5  0.0078
1035  102.900  #939494  148 6  0.0010
1036  103.200  #949493  148 7  0.0029
1037  103.400  #949494  149 1  0.0019
1038  103.500  #949495  149 2  0.0010
1039  103.900  #959494  149 3  0.0039
1040  103.900  #959495  149 4  0.0000
1041  104.500  #949594  149 5  0.0058
1042  104.900  #949595  149 6  0.0038
1043  105.000  #959594  149 7  0.0010
1044  105.100  #959595  150 1  0.0010
1045  105.200  #959596  150 2  0.0010
1046  105.500  #969595  150 3  0.0028
1047  105.600  #969596  150 4  0.0009
1048  106.300  #959695  150 5  0.0066
1049  106.600  #959696  150 6  0.0028
1050  107.000  #969695  150 7  0.0037
1051  107.100  #969696  151 1  0.0009
1052  107.000  #969697  151 2  -0.0009
1053  107.300  #979696  151 3  0.0028
1054  107.600  #979697  151 4  0.0028
1055  108.100  #969796  151 5  0.0046
1056  108.300  #969797  151 6  0.0018
1057  108.800  #979796  151 7  0.0046
1058  108.800  #979797  152 1  0.0000
1059  108.900  #979798  152 2  0.0009
1060  109.200  #989797  152 3  0.0028
1061  109.400  #989798  152 4  0.0018
1062  110.000  #979897  152 5  0.0055
1063  110.100  #979898  152 6  0.0009
1064  110.400  #989897  152 7  0.0027
1065  110.600  #989898  153 1  0.0018
1066  110.900  #989899  153 2  0.0027
1067  111.000  #999898  153 3  0.0009
1068  111.100  #999899  153 4  0.0009
1069  111.900  #989998  153 5  0.0072
1070  112.200  #989999  153 6  0.0027
1071  112.500  #999998  153 7  0.0027
1072  112.400  #999999  154 1  -0.0009
1073  112.500  #99999a  154 2  0.0009
1074  113.000  #9a9999  154 3  0.0044
1075  113.100  #9a999a  154 4  0.0009
1076  113.800  #999a99  154 5  0.0062
1077  114.100  #999a9a  154 6  0.0026
1078  114.100  #9a9a99  154 7  0.0000
1079  114.500  #9a9a9a  155 1  0.0035
1080  114.400  #9a9a9b  155 2  -0.0009
1081  114.900  #9b9a9a  155 3  0.0044
1082  114.700  #9b9a9b  155 4  -0.0017
1083  115.700  #9a9b9a  155 5  0.0087
1084  115.800  #9a9b9b  155 6  0.0009
1085  116.200  #9b9b9a  155 7  0.0034
1086  116.400  #9b9b9b  156 1  0.0017
1087  116.400  #9b9b9c  156 2  0.0000
1088  116.800  #9c9b9b  156 3  0.0034
1089  116.900  #9c9b9c  156 4  0.0009
1090  117.600  #9b9c9b  156 5  0.0060
1091  117.600  #9b9c9c  156 6  0.0000
1092  117.900  #9c9c9b  156 7  0.0025
1093  118.300  #9c9c9c  157 1  0.0034
1094  118.500  #9c9c9d  157 2  0.0017
1095  118.600  #9d9c9c  157 3  0.0008
1096  118.600  #9d9c9d  157 4  0.0000
1097  119.400  #9c9d9c  157 5  0.0067
1098  119.500  #9c9d9d  157 6  0.0008
1099  120.100  #9d9d9c  157 7  0.0050
1100  120.100  #9d9d9d  158 1  0.0000
1101  120.300  #9d9d9e  158 2  0.0017
1102  120.300  #9e9d9d  158 3  0.0000
1103  120.700  #9e9d9e  158 4  0.0033
1104  121.500  #9d9e9d  158 5  0.0066
1105  121.500  #9d9e9e  158 6  0.0000
1106  121.800  #9e9e9d  158 7  0.0025
1107  122.000  #9e9e9e  159 1  0.0016
1108  122.200  #9e9e9f  159 2  0.0016
1109  122.400  #9f9e9e  159 3  0.0016
1110  122.600  #9f9e9f  159 4  0.0016
1111  123.400  #9e9f9e  159 5  0.0065
1112  123.400  #9e9f9f  159 6  0.0000
1113  123.800  #9f9f9e  159 7  0.0032
1114  124.000  #9f9f9f  160 1  0.0016
1115  124.100  #9f9fa0  160 2  0.0008
1116  124.500  #a09f9f  160 3  0.0032
1117  124.600  #a09fa0  160 4  0.0008
1118  125.300  #9fa09f  160 5  0.0056
1119  125.500  #9fa0a0  160 6  0.0016
1120  125.800  #a0a09f  160 7  0.0024
1121  126.000  #a0a0a0  161 1  0.0016
1122  126.000  #a0a0a1  161 2  0.0000
1123  126.600  #a1a0a0  161 3  0.0048
1124  126.700  #a1a0a1  161 4  0.0008
1125  127.400  #a0a1a0  161 5  0.0055
1126  127.600  #a0a1a1  161 6  0.0016
1127  127.900  #a1a1a0  161 7  0.0023
1128  128.000  #a1a1a1  162 1  0.0008
1129  128.200  #a1a1a2  162 2  0.0016
1130  128.500  #a2a1a1  162 3  0.0023
1131  128.700  #a2a1a2  162 4  0.0016
1132  129.400  #a1a2a1  162 5  0.0054
1133  129.400  #a1a2a2  162 6  0.0000
1134  129.800  #a2a2a1  162 7  0.0031
1135  130.100  #a2a2a2  163 1  0.0023
1136  130.200  #a2a2a3  163 2  0.0008
1137  130.300  #a3a2a2  163 3  0.0008
1138  130.700  #a3a2a3  163 4  0.0031
1139  131.300  #a2a3a2  163 5  0.0046
1140  131.300  #a2a3a3  163 6  0.0000
1141  131.800  #a3a3a2  163 7  0.0038
1142  132.000  #a3a3a3  164 1  0.0015
1143  132.000  #a3a3a4  164 2  0.0000
1144  132.400  #a4a3a3  164 3  0.0030
1145  132.600  #a4a3a4  164 4  0.0015
1146  133.400  #a3a4a3  164 5  0.0060
1147  133.300  #a3a4a4  164 6  -0.0007
1148  133.800  #a4a4a3  164 7  0.0037
1149  133.900  #a4a4a4  165 1  0.0007
1150  134.000  #a4a4a5  165 2  0.0007
1151  134.300  #a5a4a4  165 3  0.0022
1152  134.400  #a5a4a5  165 4  0.0007
1153  135.200  #a4a5a4  165 5  0.0059
1154  135.400  #a4a5a5  165 6  0.0015
1155  135.600  #a5a5a4  165 7  0.0015
1156  135.900  #a5a5a5  166 1  0.0022
1157  136.000  #a5a5a6  166 2  0.0007
1158  136.400  #a6a5a5  166 3  0.0029
1159  136.600  #a6a5a6  166 4  0.0015
1160  137.100  #a5a6a5  166 5  0.0037
1161  137.400  #a5a6a6  166 6  0.0022
1162  137.700  #a6a6a5  166 7  0.0022
1163  137.700  #a6a6a6  167 1  0.0000
1164  138.000  #a6a6a7  167 2  0.0022
1165  138.300  #a7a6a6  167 3  0.0022
1166  138.500  #a7a6a7  167 4  0.0014
1167  139.200  #a6a7a6  167 5  0.0050
1168  139.400  #a6a7a7  167 6  0.0014
1169  139.800  #a7a7a6  167 7  0.0029
1170  139.800  #a7a7a7  168 1  0.0000
1171  140.000  #a7a7a8  168 2  0.0014
1172  140.200  #a8a7a7  168 3  0.0014
1173  140.400  #a8a7a8  168 4  0.0014
1174  141.200  #a7a8a7  168 5  0.0057
1175  141.400  #a7a8a8  168 6  0.0014
1176  141.700  #a8a8a7  168 7  0.0021
1177  142.100  #a8a8a8  169 1  0.0028
1178  142.200  #a8a8a9  169 2  0.0007
1179  142.400  #a9a8a8  169 3  0.0014
1180  142.600  #a9a8a9  169 4  0.0014
1181  143.200  #a8a9a8  169 5  0.0042
1182  143.300  #a8a9a9  169 6  0.0007
1183  143.700  #a9a9a8  169 7  0.0028
1184  143.800  #a9a9a9  170 1  0.0007
1185  144.000  #a9a9aa  170 2  0.0014
1186  144.500  #aaa9a9  170 3  0.0035
1187  144.500  #aaa9aa  170 4  0.0000
1188  145.300  #a9aaa9  170 5  0.0055
1189  145.300  #a9aaaa  170 6  0.0000
1190  145.800  #aaaaa9  170 7  0.0034
1191  145.800  #aaaaaa  171 1  0.0000
1192  146.100  #aaaaab  171 2  0.0021
1193  146.300  #abaaaa  171 3  0.0014
1194  146.500  #abaaab  171 4  0.0014
1195  147.300  #aaabaa  171 5  0.0054
1196  147.300  #aaabab  171 6  0.0000
1197  147.800  #ababaa  171 7  0.0034
1198  148.000  #ababab  172 1  0.0014
1199  148.000  #ababac  172 2  0.0000
1200  148.400  #acabab  172 3  0.0027
1201  148.700  #acabac  172 4  0.0020
1202  149.300  #abacab  172 5  0.0040
1203  149.500  #abacac  172 6  0.0013
1204  149.800  #acacab  172 7  0.0020
1205  150.100  #acacac  173 1  0.0020
1206  150.200  #acacad  173 2  0.0007
1207  150.600  #adacac  173 3  0.0027
1208  150.600  #adacad  173 4  0.0000
1209  151.400  #acadac  173 5  0.0053
1210  151.500  #acadad  173 6  0.0007
1211  151.900  #adadac  173 7  0.0026
1212  152.100  #adadad  174 1  0.0013
1213  152.300  #adadae  174 2  0.0013
1214  152.500  #aeadad  174 3  0.0013
1215  152.900  #aeadae  174 4  0.0026
1216  153.600  #adaead  174 5  0.0046
1217  153.800  #adaeae  174 6  0.0013
1218  154.000  #aeaead  174 7  0.0013
1219  154.200  #aeaeae  175 1  0.0013
1220  154.300  #aeaeaf  175 2  0.0006
1221  154.500  #afaeae  175 3  0.0013
1222  154.700  #afaeaf  175 4  0.0013
1223  155.400  #aeafae  175 5  0.0045
1224  155.600  #aeafaf  175 6  0.0013
1225  155.800  #afafae  175 7  0.0013
1226  156.100  #afafaf  176 1  0.0019
1227  156.300  #afafb0  176 2  0.0013
1228  156.700  #b0afaf  176 3  0.0026
1229  156.800  #b0afb0  176 4  0.0006
1230  157.400  #afb0af  176 5  0.0038
1231  157.800  #afb0b0  176 6  0.0025
1232  158.000  #b0b0af  176 7  0.0013
1233  158.300  #b0b0b0  177 1  0.0019
1234  158.500  #b0b0b1  177 2  0.0013
1235  158.800  #b1b0b0  177 3  0.0019
1236  158.900  #b1b0b1  177 4  0.0006
1237  159.700  #b0b1b0  177 5  0.0050
1238  159.900  #b0b1b1  177 6  0.0013
1239  160.200  #b1b1b0  177 7  0.0019
1240  160.400  #b1b1b1  178 1  0.0012
1241  160.700  #b1b1b2  178 2  0.0019
1242  160.800  #b2b1b1  178 3  0.0006
1243  161.000  #b2b1b2  178 4  0.0012
1244  161.600  #b1b2b1  178 5  0.0037
1245  161.900  #b1b2b2  178 6  0.0019
1246  162.200  #b2b2b1  178 7  0.0019
1247  162.500  #b2b2b2  179 1  0.0018
1248  162.500  #b2b2b3  179 2  0.0000
1249  162.900  #b3b2b2  179 3  0.0025
1250  163.200  #b3b2b3  179 4  0.0018
1251  163.900  #b2b3b2  179 5  0.0043
1252  163.900  #b2b3b3  179 6  0.0000
1253  164.300  #b3b3b2  179 7  0.0024
1254  164.600  #b3b3b3  180 1  0.0018
1255  164.600  #b3b3b4  180 2  0.0000
1256  165.000  #b4b3b3  180 3  0.0024
1257  165.200  #b4b3b4  180 4  0.0012
1258  166.100  #b3b4b3  180 5  0.0054
1259  166.000  #b3b4b4  180 6  -0.0006
1260  166.400  #b4b4b3  180 7  0.0024
1261  166.500  #b4b4b4  181 1  0.0006
1262  166.800  #b4b4b5  181 2  0.0018
1263  167.100  #b5b4b4  181 3  0.0018
1264  167.300  #b5b4b5  181 4  0.0012
1265  168.200  #b4b5b4  181 5  0.0054
1266  168.100  #b4b5b5  181 6  -0.0006
1267  168.400  #b5b5b4  181 7  0.0018
1268  168.600  #b5b5b5  182 1  0.0012
1269  168.900  #b5b5b6  182 2  0.0018
1270  169.300  #b6b5b5  182 3  0.0024
1271  169.100  #b6b5b6  182 4  -0.0012
1272  170.300  #b5b6b5  182 5  0.0071
1273  170.200  #b5b6b6  182 6  -0.0006
1274  170.500  #b6b6b5  182 7  0.0018
1275  170.700  #b6b6b6  183 1  0.0012
1276  170.800  #b6b6b7  183 2  0.0006
1277  171.200  #b7b6b6  183 3  0.0023
1278  171.500  #b7b6b7  183 4  0.0018
1279  172.200  #b6b7b6  183 5  0.0041
1280  172.200  #b6b7b7  183 6  0.0000
1281  172.600  #b7b7b6  183 7  0.0023
1282  172.700  #b7b7b7  184 1  0.0006
1283  172.900  #b7b7b8  184 2  0.0012
1284  173.600  #b8b7b7  184 3  0.0040
1285  173.600  #b8b7b8  184 4  0.0000
1286  174.200  #b7b8b7  184 5  0.0035
1287  174.500  #b7b8b8  184 6  0.0017
1288  175.100  #b8b8b7  184 7  0.0034
1289  174.900  #b8b8b8  185 1  -0.0011
1290  175.100  #b8b8b9  185 2  0.0011
1291  175.800  #b9b8b8  185 3  0.0040
1292  175.500  #b9b8b9  185 4  -0.0017
1293  176.400  #b8b9b8  185 5  0.0051
1294  176.500  #b8b9b9  185 6  0.0006
1295  177.000  #b9b9b8  185 7  0.0028
1296  177.200  #b9b9b9  186 1  0.0011
1297  177.400  #b9b9ba  186 2  0.0011
1298  177.600  #bab9b9  186 3  0.0011
1299  177.700  #bab9ba  186 4  0.0006
1300  178.400  #b9bab9  186 5  0.0039
1301  178.600  #b9baba  186 6  0.0011
1302  179.000  #babab9  186 7  0.0022
1303  179.000  #bababa  187 1  0.0000
1304  179.000  #bababb  187 2  0.0000
1305  179.000  #bbbaba  187 3  0.0000
1306  179.000  #bbbabb  187 4  0.0000
1307  180.000  #babbba  187 5  0.0056
1308  180.000  #babbbb  187 6  0.0000
1309  181.000  #bbbbba  187 7  0.0055
1310  181.000  #bbbbbb  188 1  0.0000
1311  181.000  #bbbbbc  188 2  0.0000
1312  181.000  #bcbbbb  188 3  0.0000
1313  181.000  #bcbbbc  188 4  0.0000
1314  182.000  #bbbcbb  188 5  0.0055
1315  183.000  #bbbcbc  188 6  0.0055
1316  183.000  #bcbcbb  188 7  0.0000
1317  183.000  #bcbcbc  189 1  0.0000
1318  183.000  #bcbcbd  189 2  0.0000
1319  184.000  #bdbcbc  189 3  0.0054
1320  184.000  #bdbcbd  189 4  0.0000
1321  184.000  #bcbdbc  189 5  0.0000
1322  184.000  #bcbdbd  189 6  0.0000
1323  185.000  #bdbdbc  189 7  0.0054
1324  185.000  #bdbdbd  190 1  0.0000
1325  185.000  #bdbdbe  190 2  0.0000
1326  186.000  #bebdbd  190 3  0.0054
1327  186.000  #bebdbe  190 4  0.0000
1328  187.000  #bdbebd  190 5  0.0054
1329  187.000  #bdbebe  190 6  0.0000
1330  187.000  #bebebd  190 7  0.0000
1331  187.000  #bebebe  191 1  0.0000
1332  188.000  #bebebf  191 2  0.0053
1333  188.000  #bfbebe  191 3  0.0000
1334  188.000  #bfbebf  191 4  0.0000
1335  189.000  #bebfbe  191 5  0.0053
1336  189.000  #bebfbf  191 6  0.0000
1337  189.000  #bfbfbe  191 7  0.0000
1338  190.000  #bfbfbf  192 1  0.0053
1339  190.000  #bfbfc0  192 2  0.0000
1340  190.000  #c0bfbf  192 3  0.0000
1341  191.000  #c0bfc0  192 4  0.0052
1342  191.000  #bfc0bf  192 5  0.0000
1343  192.000  #bfc0c0  192 6  0.0052
1344  192.000  #c0c0bf  192 7  0.0000
1345  193.000  #c0c0c0  193 1  0.0052
1346  192.000  #c0c0c1  193 2  -0.0052
1347  193.000  #c1c0c0  193 3  0.0052
1348  193.000  #c1c0c1  193 4  0.0000
1349  194.000  #c0c1c0  193 5  0.0052
1350  194.000  #c0c1c1  193 6  0.0000
1351  195.000  #c1c1c0  193 7  0.0051
1352  195.000  #c1c1c1  194 1  0.0000
1353  195.000  #c1c1c2  194 2  0.0000
1354  196.000  #c2c1c1  194 3  0.0051
1355  196.000  #c2c1c2  194 4  0.0000
1356  197.000  #c1c2c1  194 5  0.0051
1357  197.000  #c1c2c2  194 6  0.0000
1358  197.000  #c2c2c1  194 7  0.0000
1359  198.000  #c2c2c2  195 1  0.0051
1360  198.000  #c2c2c3  195 2  0.0000
1361  198.000  #c3c2c2  195 3  0.0000
1362  199.000  #c3c2c3  195 4  0.0050
1363  199.000  #c2c3c2  195 5  0.0000
1364  199.000  #c2c3c3  195 6  0.0000
1365  200.000  #c3c3c2  195 7  0.0050
1366  200.000  #c3c3c3  196 1  0.0000
1367  201.000  #c3c3c4  196 2  0.0050
1368  201.000  #c4c3c3  196 3  0.0000
1369  201.000  #c4c3c4  196 4  0.0000
1370  202.000  #c3c4c3  196 5  0.0050
1371  202.000  #c3c4c4  196 6  0.0000
1372  203.000  #c4c4c3  196 7  0.0049
1373  203.000  #c4c4c4  197 1  0.0000
1374  203.000  #c4c4c5  197 2  0.0000
1375  204.000  #c5c4c4  197 3  0.0049
1376  204.000  #c5c4c5  197 4  0.0000
1377  205.000  #c4c5c4  197 5  0.0049
1378  205.000  #c4c5c5  197 6  0.0000
1379  205.000  #c5c5c4  197 7  0.0000
1380  206.000  #c5c5c5  198 1  0.0049
1381  206.000  #c5c5c6  198 2  0.0000
1382  206.000  #c6c5c5  198 3  0.0000
1383  207.000  #c6c5c6  198 4  0.0048
1384  208.000  #c5c6c5  198 5  0.0048
1385  208.000  #c5c6c6  198 6  0.0000
1386  208.000  #c6c6c5  198 7  0.0000
1387  209.000  #c6c6c6  199 1  0.0048
1388  209.000  #c6c6c7  199 2  0.0000
1389  209.000  #c7c6c6  199 3  0.0000
1390  209.000  #c7c6c7  199 4  0.0000
1391  210.000  #c6c7c6  199 5  0.0048
1392  210.000  #c6c7c7  199 6  0.0000
1393  211.000  #c7c7c6  199 7  0.0048
1394  211.000  #c7c7c7  200 1  0.0000
1395  211.000  #c7c7c8  200 2  0.0000
1396  212.000  #c8c7c7  200 3  0.0047
1397  212.000  #c8c7c8  200 4  0.0000
1398  213.000  #c7c8c7  200 5  0.0047
1399  213.000  #c7c8c8  200 6  0.0000
1400  214.000  #c8c8c7  200 7  0.0047
1401  214.000  #c8c8c8  201 1  0.0000
1402  214.000  #c8c8c9  201 2  0.0000
1403  215.000  #c9c8c8  201 3  0.0047
1404  215.000  #c9c8c9  201 4  0.0000
1405  216.000  #c8c9c8  201 5  0.0046
1406  216.000  #c8c9c9  201 6  0.0000
1407  217.000  #c9c9c8  201 7  0.0046
1408  217.000  #c9c9c9  202 1  0.0000
1409  217.000  #c9c9ca  202 2  0.0000
1410  218.000  #cac9c9  202 3  0.0046
1411  218.000  #cac9ca  202 4  0.0000
1412  219.000  #c9cac9  202 5  0.0046
1413  219.000  #c9caca  202 6  0.0000
1414  220.000  #cacac9  202 7  0.0046
1415  219.000  #cacaca  203 1  -0.0046
1416  220.000  #cacacb  203 2  0.0046
1417  220.000  #cbcaca  203 3  0.0000
1418  221.000  #cbcacb  203 4  0.0045
1419  222.000  #cacbca  203 5  0.0045
1420  222.000  #cacbcb  203 6  0.0000
1421  222.000  #cbcbca  203 7  0.0000
1422  222.000  #cbcbcb  204 1  0.0000
1423  223.000  #cbcbcc  204 2  0.0045
1424  223.000  #cccbcb  204 3  0.0000
1425  223.000  #cccbcc  204 4  0.0000
1426  224.000  #cbcccb  204 5  0.0045
1427  224.000  #cbcccc  204 6  0.0000
1428  225.000  #cccccb  204 7  0.0045
1429  225.000  #cccccc  205 1  0.0000
1430  225.000  #cccccd  205 2  0.0000
1431  226.000  #cdcccc  205 3  0.0044
1432  226.000  #cdcccd  205 4  0.0000
1433  227.000  #cccdcc  205 5  0.0044
1434  227.000  #cccdcd  205 6  0.0000
1435  227.000  #cdcdcc  205 7  0.0000
1436  228.000  #cdcdcd  206 1  0.0044
1437  228.000  #cdcdce  206 2  0.0000
1438  229.000  #cecdcd  206 3  0.0044
1439  229.000  #cecdce  206 4  0.0000
1440  230.000  #cdcecd  206 5  0.0044
1441  230.000  #cdcece  206 6  0.0000
1442  230.000  #cececd  206 7  0.0000
1443  230.000  #cecece  207 1  0.0000
1444  231.000  #cececf  207 2  0.0043
1445  231.000  #cfcece  207 3  0.0000
1446  231.000  #cfcecf  207 4  0.0000
1447  232.000  #cecfce  207 5  0.0043
1448  233.000  #cecfcf  207 6  0.0043
1449  233.000  #cfcfce  207 7  0.0000
1450  233.000  #cfcfcf  208 1  0.0000
1451  233.000  #cfcfd0  208 2  0.0000
1452  234.000  #d0cfcf  208 3  0.0043
1453  234.000  #d0cfd0  208 4  0.0000
1454  235.000  #cfd0cf  208 5  0.0043
1455  235.000  #cfd0d0  208 6  0.0000
1456  236.000  #d0d0cf  208 7  0.0042
1457  236.000  #d0d0d0  209 1  0.0000
1458  236.000  #d0d0d1  209 2  0.0000
1459  237.000  #d1d0d0  209 3  0.0042
1460  237.000  #d1d0d1  209 4  0.0000
1461  238.000  #d0d1d0  209 5  0.0042
1462  238.000  #d0d1d1  209 6  0.0000
1463  239.000  #d1d1d0  209 7  0.0042
1464  238.000  #d1d1d1  210 1  -0.0042
1465  239.000  #d1d1d2  210 2  0.0042
1466  239.000  #d2d1d1  210 3  0.0000
1467  240.000  #d2d1d2  210 4  0.0042
1468  240.000  #d1d2d1  210 5  0.0000
1469  241.000  #d1d2d2  210 6  0.0042
1470  241.000  #d2d2d1  210 7  0.0000
1471  242.000  #d2d2d2  211 1  0.0041
1472  242.000  #d2d2d3  211 2  0.0000
1473  242.000  #d3d2d2  211 3  0.0000
1474  242.000  #d3d2d3  211 4  0.0000
1475  243.000  #d2d3d2  211 5  0.0041
1476  243.000  #d2d3d3  211 6  0.0000
1477  244.000  #d3d3d2  211 7  0.0041
1478  244.000  #d3d3d3  212 1  0.0000
1479  244.000  #d3d3d4  212 2  0.0000
1480  245.000  #d4d3d3  212 3  0.0041
1481  245.000  #d4d3d4  212 4  0.0000
1482  246.000  #d3d4d3  212 5  0.0041
1483  246.000  #d3d4d4  212 6  0.0000
1484  247.000  #d4d4d3  212 7  0.0041
1485  247.000  #d4d4d4  213 1  0.0000
1486  247.000  #d4d4d5  213 2  0.0000
1487  247.000  #d5d4d4  213 3  0.0000
1488  248.000  #d5d4d5  213 4  0.0040
1489  249.000  #d4d5d4  213 5  0.0040
1490  249.000  #d4d5d5  213 6  0.0000
1491  249.000  #d5d5d4  213 7  0.0000
1492  250.000  #d5d5d5  214 1  0.0040
1493  250.000  #d5d5d6  214 2  0.0000
1494  250.000  #d6d5d5  214 3  0.0000
1495  250.000  #d6d5d6  214 4  0.0000
1496  252.000  #d5d6d5  214 5  0.0080
1497  252.000  #d5d6d6  214 6  0.0000
1498  252.000  #d6d6d5  214 7  0.0000
1499  252.000  #d6d6d6  215 1  0.0000
1500  253.000  #d6d6d7  215 2  0.0040
1501  253.000  #d7d6d6  215 3  0.0000
1502  253.000  #d7d6d7  215 4  0.0000
1503  254.000  #d6d7d6  215 5  0.0039
1504  255.000  #d6d7d7  215 6  0.0039
1505  255.000  #d7d7d6  215 7  0.0000
1506  255.000  #d7d7d7  216 1  0.0000
1507  255.000  #d7d7d8  216 2  0.0000
1508  255.000  #d8d7d7  216 3  0.0000
1509  256.000  #d8d7d8  216 4  0.0039
1510  257.000  #d7d8d7  216 5  0.0039
1511  258.000  #d7d8d8  216 6  0.0039
1512  258.000  #d8d8d7  216 7  0.0000
1513  258.000  #d8d8d8  217 1  0.0000
1514  259.000  #d8d8d9  217 2  0.0039
1515  259.000  #d9d8d8  217 3  0.0000
1516  259.000  #d9d8d9  217 4  0.0000
1517  260.000  #d8d9d8  217 5  0.0039
1518  260.000  #d8d9d9  217 6  0.0000
1519  261.000  #d9d9d8  217 7  0.0038
1520  261.000  #d9d9d9  218 1  0.0000
1521  261.000  #d9d9da  218 2  0.0000
1522  261.000  #dad9d9  218 3  0.0000
1523  262.000  #dad9da  218 4  0.0038
1524  263.000  #d9dad9  218 5  0.0038
1525  263.000  #d9dada  218 6  0.0000
1526  263.000  #dadad9  218 7  0.0000
1527  263.000  #dadada  219 1  0.0000
1528  264.000  #dadadb  219 2  0.0038
1529  265.000  #dbdada  219 3  0.0038
1530  264.000  #dbdadb  219 4  -0.0038
1531  265.000  #dadbda  219 5  0.0038
1532  266.000  #dadbdb  219 6  0.0038
1533  266.000  #dbdbda  219 7  0.0000
1534  266.000  #dbdbdb  220 1  0.0000
1535  267.000  #dbdbdc  220 2  0.0038
1536  267.000  #dcdbdb  220 3  0.0000
1537  267.000  #dcdbdc  220 4  0.0000
1538  268.000  #dbdcdb  220 5  0.0037
1539  268.000  #dbdcdc  220 6  0.0000
1540  269.000  #dcdcdb  220 7  0.0037
1541  269.000  #dcdcdc  221 1  0.0000
1542  269.000  #dcdcdd  221 2  0.0000
1543  269.000  #dddcdc  221 3  0.0000
1544  270.000  #dddcdd  221 4  0.0037
1545  271.000  #dcdddc  221 5  0.0037
1546  271.000  #dcdddd  221 6  0.0000
1547  272.000  #dddddc  221 7  0.0037
1548  272.000  #dddddd  222 1  0.0000
1549  272.000  #ddddde  222 2  0.0000
1550  272.000  #dedddd  222 3  0.0000
1551  273.000  #deddde  222 4  0.0037
1552  274.000  #dddedd  222 5  0.0037
1553  274.000  #dddede  222 6  0.0000
1554  274.000  #dededd  222 7  0.0000
1555  274.000  #dedede  223 1  0.0000
1556  275.000  #dededf  223 2  0.0036
1557  275.000  #dfdede  223 3  0.0000
1558  275.000  #dfdedf  223 4  0.0000
1559  277.000  #dedfde  223 5  0.0072
1560  276.000  #dedfdf  223 6  -0.0036
1561  277.000  #dfdfde  223 7  0.0036
1562  277.000  #dfdfdf  224 1  0.0000
1563  277.000  #dfdfe0  224 2  0.0000
1564  278.000  #e0dfdf  224 3  0.0036
1565  278.000  #e0dfe0  224 4  0.0000
1566  279.000  #dfe0df  224 5  0.0036
1567  279.000  #dfe0e0  224 6  0.0000
1568  279.000  #e0e0df  224 7  0.0000
1569  280.000  #e0e0e0  225 1  0.0036
1570  280.000  #e0e0e1  225 2  0.0000
1571  280.000  #e1e0e0  225 3  0.0000
1572  281.000  #e1e0e1  225 4  0.0036
1573  282.000  #e0e1e0  225 5  0.0036
1574  281.000  #e0e1e1  225 6  -0.0036
1575  282.000  #e1e1e0  225 7  0.0036
1576  282.000  #e1e1e1  226 1  0.0000
1577  283.000  #e1e1e2  226 2  0.0035
1578  283.000  #e2e1e1  226 3  0.0000
1579  283.000  #e2e1e2  226 4  0.0000
1580  284.000  #e1e2e1  226 5  0.0035
1581  284.000  #e1e2e2  226 6  0.0000
1582  285.000  #e2e2e1  226 7  0.0035
1583  285.000  #e2e2e2  227 1  0.0000
1584  285.000  #e2e2e3  227 2  0.0000
1585  285.000  #e3e2e2  227 3  0.0000
1586  286.000  #e3e2e3  227 4  0.0035
1587  286.000  #e2e3e2  227 5  0.0000
1588  287.000  #e2e3e3  227 6  0.0035
1589  287.000  #e3e3e2  227 7  0.0000
1590  287.000  #e3e3e3  228 1  0.0000
1591  288.000  #e3e3e4  228 2  0.0035
1592  288.000  #e4e3e3  228 3  0.0000
1593  288.000  #e4e3e4  228 4  0.0000
1594  289.000  #e3e4e3  228 5  0.0035
1595  289.000  #e3e4e4  228 6  0.0000
1596  289.000  #e4e4e3  228 7  0.0000
1597  289.000  #e4e4e4  229 1  0.0000
1598  290.000  #e4e4e5  229 2  0.0035
1599  290.000  #e5e4e4  229 3  0.0000
1600  290.000  #e5e4e5  229 4  0.0000
1601  291.000  #e4e5e4  229 5  0.0034
1602  292.000  #e4e5e5  229 6  0.0034
1603  292.000  #e5e5e4  229 7  0.0000
1604  292.000  #e5e5e5  230 1  0.0000
1605  292.000  #e5e5e6  230 2  0.0000
1606  292.000  #e6e5e5  230 3  0.0000
1607  293.000  #e6e5e6  230 4  0.0034
1608  294.000  #e5e6e5  230 5  0.0034
1609  294.000  #e5e6e6  230 6  0.0000
1610  294.000  #e6e6e5  230 7  0.0000
1611  295.000  #e6e6e6  231 1  0.0034
1612  295.000  #e6e6e7  231 2  0.0000
1613  295.000  #e7e6e6  231 3  0.0000
1614  296.000  #e7e6e7  231 4  0.0034
1615  296.000  #e6e7e6  231 5  0.0000
1616  296.000  #e6e7e7  231 6  0.0000
1617  297.000  #e7e7e6  231 7  0.0034
1618  297.000  #e7e7e7  232 1  0.0000
1619  297.000  #e7e7e8  232 2  0.0000
1620  298.000  #e8e7e7  232 3  0.0034
1621  298.000  #e8e7e8  232 4  0.0000
1622  299.000  #e7e8e7  232 5  0.0034
1623  299.000  #e7e8e8  232 6  0.0000
1624  300.000  #e8e8e7  232 7  0.0033
1625  299.000  #e8e8e8  233 1  -0.0033
1626  300.000  #e8e8e9  233 2  0.0033
1627  300.000  #e9e8e8  233 3  0.0000
1628  300.000  #e9e8e9  233 4  0.0000
1629  302.000  #e8e9e8  233 5  0.0066
1630  301.000  #e8e9e9  233 6  -0.0033
1631  302.000  #e9e9e8  233 7  0.0033
1632  302.000  #e9e9e9  234 1  0.0000
1633  303.000  #e9e9ea  234 2  0.0033
1634  303.000  #eae9e9  234 3  0.0000
1635  303.000  #eae9ea  234 4  0.0000
1636  304.000  #e9eae9  234 5  0.0033
1637  304.000  #e9eaea  234 6  0.0000
1638  305.000  #eaeae9  234 7  0.0033
1639  305.000  #eaeaea  235 1  0.0000
1640  305.000  #eaeaeb  235 2  0.0000
1641  305.000  #ebeaea  235 3  0.0000
1642  305.000  #ebeaeb  235 4  0.0000
1643  306.000  #eaebea  235 5  0.0033
1644  306.000  #eaebeb  235 6  0.0000
1645  307.000  #ebebea  235 7  0.0033
1646  308.000  #ebebeb  236 1  0.0033
1647  307.000  #ebebec  236 2  -0.0033
1648  308.000  #ecebeb  236 3  0.0033
1649  308.000  #ecebec  236 4  0.0000
1650  309.000  #ebeceb  236 5  0.0032
1651  309.000  #ebecec  236 6  0.0000
1652  309.000  #ececeb  236 7  0.0000
1653  310.000  #ececec  237 1  0.0032
1654  310.000  #ececed  237 2  0.0000
1655  310.000  #edecec  237 3  0.0000
1656  310.000  #edeced  237 4  0.0000
1657  311.000  #ecedec  237 5  0.0032
1658  311.000  #eceded  237 6  0.0000
1659  311.000  #ededec  237 7  0.0000
1660  312.000  #ededed  238 1  0.0032
1661  312.000  #ededee  238 2  0.0000
1662  312.000  #eeeded  238 3  0.0000
1663  312.000  #eeedee  238 4  0.0000
1664  313.000  #edeeed  238 5  0.0032
1665  314.000  #edeeee  238 6  0.0032
1666  314.000  #eeeeed  238 7  0.0000
1667  314.000  #eeeeee  239 1  0.0000
1668  314.000  #eeeeef  239 2  0.0000
1669  315.000  #efeeee  239 3  0.0032
1670  315.000  #efeeef  239 4  0.0000
1671  316.000  #eeefee  239 5  0.0032
1672  316.000  #eeefef  239 6  0.0000
1673  316.000  #efefee  239 7  0.0000
1674  316.000  #efefef  240 1  0.0000
1675  317.000  #efeff0  240 2  0.0032
1676  317.000  #f0efef  240 3  0.0000
1677  317.000  #f0eff0  240 4  0.0000
1678  318.000  #eff0ef  240 5  0.0031
1679  318.000  #eff0f0  240 6  0.0000
1680  318.000  #f0f0ef  240 7  0.0000
1681  318.000  #f0f0f0  241 1  0.0000
1682  319.000  #f0f0f1  241 2  0.0031
1683  319.000  #f1f0f0  241 3  0.0000
1684  319.000  #f1f0f1  241 4  0.0000
1685  320.000  #f0f1f0  241 5  0.0031
1686  320.000  #f0f1f1  241 6  0.0000
1687  321.000  #f1f1f0  241 7  0.0031
1688  321.000  #f1f1f1  242 1  0.0000
1689  321.000  #f1f1f2  242 2  0.0000
1690  321.000  #f2f1f1  242 3  0.0000
1691  321.000  #f2f1f2  242 4  0.0000
1692  322.000  #f1f2f1  242 5  0.0031
1693  323.000  #f1f2f2  242 6  0.0031
1694  323.000  #f2f2f1  242 7  0.0000
1695  323.000  #f2f2f2  243 1  0.0000
1696  323.000  #f2f2f3  243 2  0.0000
1697  323.000  #f3f2f2  243 3  0.0000
1698  323.000  #f3f2f3  243 4  0.0000
1699  324.000  #f2f3f2  243 5  0.0031
1700  324.000  #f2f3f3  243 6  0.0000
1701  325.000  #f3f3f2  243 7  0.0031
1702  325.000  #f3f3f3  244 1  0.0000
1703  325.000  #f3f3f4  244 2  0.0000
1704  325.000  #f4f3f3  244 3  0.0000
1705  325.000  #f4f3f4  244 4  0.0000
1706  326.000  #f3f4f3  244 5  0.0031
1707  326.000  #f3f4f4  244 6  0.0000
1708  327.000  #f4f4f3  244 7  0.0031
1709  327.000  #f4f4f4  245 1  0.0000
1710  327.000  #f4f4f5  245 2  0.0000
1711  328.000  #f5f4f4  245 3  0.0031
1712  328.000  #f5f4f5  245 4  0.0000
1713  328.000  #f4f5f4  245 5  0.0000
1714  328.000  #f4f5f5  245 6  0.0000
1715  329.000  #f5f5f4  245 7  0.0030
1716  329.000  #f5f5f5  246 1  0.0000
1717  329.000  #f5f5f6  246 2  0.0000
1718  329.000  #f6f5f5  246 3  0.0000
1719  330.000  #f6f5f6  246 4  0.0030
1720  330.000  #f5f6f5  246 5  0.0000
1721  330.000  #f5f6f6  246 6  0.0000
1722  331.000  #f6f6f5  246 7  0.0030
1723  331.000  #f6f6f6  247 1  0.0000
1724  331.000  #f6f6f7  247 2  0.0000
1725  331.000  #f7f6f6  247 3  0.0000
1726  332.000  #f7f6f7  247 4  0.0030
1727  332.000  #f6f7f6  247 5  0.0000
1728  333.000  #f6f7f7  247 6  0.0030
1729  333.000  #f7f7f6  247 7  0.0000
1730  333.000  #f7f7f7  248 1  0.0000
1731  333.000  #f7f7f8  248 2  0.0000
1732  333.000  #f8f7f7  248 3  0.0000
1733  333.000  #f8f7f8  248 4  0.0000
1734  334.000  #f7f8f7  248 5  0.0030
1735  334.000  #f7f8f8  248 6  0.0000
1736  335.000  #f8f8f7  248 7  0.0030
1737  335.000  #f8f8f8  249 1  0.0000
1738  335.000  #f8f8f9  249 2  0.0000
1739  335.000  #f9f8f8  249 3  0.0000
1740  335.000  #f9f8f9  249 4  0.0000
1741  336.000  #f8f9f8  249 5  0.0030
1742  336.000  #f8f9f9  249 6  0.0000
1743  337.000  #f9f9f8  249 7  0.0030
1744  337.000  #f9f9f9  250 1  0.0000
1745  337.000  #f9f9fa  250 2  0.0000
1746  337.000  #faf9f9  250 3  0.0000
1747  337.000  #faf9fa  250 4  0.0000
1748  338.000  #f9faf9  250 5  0.0030
1749  338.000  #f9fafa  250 6  0.0000
1750  338.000  #fafaf9  250 7  0.0000
1751  338.000  #fafafa  251 1  0.0000
1752  338.000  #fafafb  251 2  0.0000
1753  339.000  #fbfafa  251 3  0.0030
1754  339.000  #fbfafb  251 4  0.0000
1755  339.000  #fafbfa  251 5  0.0000
1756  339.000  #fafbfb  251 6  0.0000
1757  340.000  #fbfbfa  251 7  0.0029
1758  340.000  #fbfbfb  252 1  0.0000
1759  340.000  #fbfbfc  252 2  0.0000
1760  340.000  #fcfbfb  252 3  0.0000
1761  340.000  #fcfbfc  252 4  0.0000
1762  341.000  #fbfcfb  252 5  0.0029
1763  341.000  #fbfcfc  252 6  0.0000
1764  342.000  #fcfcfb  252 7  0.0029
1765  341.000  #fcfcfc  253 1  -0.0029
1766  341.000  #fcfcfd  253 2  0.0000
1767  342.000  #fdfcfc  253 3  0.0029
1768  342.000  #fdfcfd  253 4  0.0000
1769  342.000  #fcfdfc  253 5  0.0000
1770  342.000  #fcfdfd  253 6  0.0000
1771  343.000  #fdfdfc  253 7  0.0029
1772  342.000  #fdfdfd  254 1  -0.0029
1773  343.000  #fdfdfe  254 2  0.0029
1774  343.000  #fefdfd  254 3  0.0000
1775  343.000  #fefdfe  254 4  0.0000
1776  344.000  #fdfefd  254 5  0.0029
1777  344.000  #fdfefe  254 6  0.0000
1778  345.000  #fefefd  254 7  0.0029
1779  345.000  #fefefe  255 1  0.0000
1780  345.000  #fefeff  255 2  0.0000
1781  345.000  #fffefe  255 3  0.0000
1782  345.000  #fffeff  255 4  0.0000
1783  345.000  #fefffe  255 5  0.0000
1784  345.000  #feffff  255 6  0.0000
1785  345.000  #fffffe  255 7  0.0000
1786  345.000  #ffffff  256 1  0.0000
