#  lumResponse vers. 1.6 - 01/09/07 13:09:33
#  Display ID: DELL_3007WFP_FK28569QG3WA
#  iLdelay=1  avgN=1  ILlimit_plus=0.20 ILlimit_minus=-0.05  R=23.1% G=68.6% B=8.3%
#  83.7  #ff0000
#  249.0  #00ff00
#  30.1  #0000ff
   1    0.449  #000000    1 1  0.0000
   2    0.449  #000001    1 2  0.0000
   3    0.449  #010000    1 3  0.0000
   4    0.449  #010001    1 4  0.0000
   5    0.450  #000100    1 5  0.0022
   6    0.449  #000101    1 6  -0.0022
   7    0.450  #010100    1 7  0.0022
   8    0.450  #010101    2 1  0.0000
   9    0.450  #010102    2 2  0.0000
  10    0.450  #020101    2 3  0.0000
  11    0.450  #020102    2 4  0.0000
  12    0.450  #010201    2 5  0.0000
  13    0.451  #010202    2 6  0.0022
  14    0.451  #020201    2 7  0.0000
  15    0.450  #020202    3 1  -0.0022
  16    0.451  #020203    3 2  0.0022
  17    0.451  #030202    3 3  0.0000
  18    0.451  #030203    3 4  0.0000
  19    0.452  #020302    3 5  0.0022
  20    0.452  #020303    3 6  0.0000
  21    0.452  #030302    3 7  0.0000
  22    0.452  #030303    4 1  0.0000
  23    0.453  #030304    4 2  0.0022
  24    0.453  #040303    4 3  0.0000
  25    0.453  #040304    4 4  0.0000
  26    0.454  #030403    4 5  0.0022
  27    0.455  #030404    4 6  0.0022
  28    0.455  #040403    4 7  0.0000
  29    0.456  #040404    5 1  0.0022
  30    0.456  #040405    5 2  0.0000
  31    0.457  #050404    5 3  0.0022
  32    0.457  #050405    5 4  0.0000
  33    0.459  #040504    5 5  0.0044
  34    0.459  #040505    5 6  0.0000
  35    0.460  #050504    5 7  0.0022
  36    0.460  #050505    6 1  0.0000
  37    0.461  #050506    6 2  0.0022
  38    0.462  #060505    6 3  0.0022
  39    0.462  #060506    6 4  0.0000
  40    0.465  #050605    6 5  0.0065
  41    0.466  #050606    6 6  0.0021
  42    0.467  #060605    6 7  0.0021
  43    0.468  #060606    7 1  0.0021
  44    0.468  #060607    7 2  0.0000
  45    0.470  #070606    7 3  0.0043
  46    0.471  #070607    7 4  0.0021
  47    0.476  #060706    7 5  0.0106
  48    0.476  #060707    7 6  0.0000
  49    0.477  #070706    7 7  0.0021
  50    0.478  #070707    8 1  0.0021
  51    0.479  #070708    8 2  0.0021
  52    0.482  #080707    8 3  0.0062
  53    0.483  #080708    8 4  0.0021
  54    0.488  #070807    8 5  0.0103
  55    0.489  #070808    8 6  0.0020
  56    0.491  #080807    8 7  0.0041
  57    0.492  #080808    9 1  0.0020
  58    0.494  #080809    9 2  0.0041
  59    0.496  #090808    9 3  0.0040
  60    0.497  #090809    9 4  0.0020
  61    0.504  #080908    9 5  0.0140
  62    0.505  #080909    9 6  0.0020
  63    0.508  #090908    9 7  0.0059
  64    0.510  #090909   10 1  0.0039
  65    0.511  #09090a   10 2  0.0020
  66    0.515  #0a0909   10 3  0.0078
  67    0.516  #0a090a   10 4  0.0019
  68    0.523  #090a09   10 5  0.0135
  69    0.525  #090a0a   10 6  0.0038
  70    0.528  #0a0a09   10 7  0.0057
  71    0.530  #0a0a0a   11 1  0.0038
  72    0.532  #0a0a0b   11 2  0.0038
  73    0.536  #0b0a0a   11 3  0.0075
  74    0.538  #0b0a0b   11 4  0.0037
  75    0.547  #0a0b0a   11 5  0.0166
  76    0.549  #0a0b0b   11 6  0.0036
  77    0.553  #0b0b0a   11 7  0.0073
  78    0.555  #0b0b0b   12 1  0.0036
  79    0.557  #0b0b0c   12 2  0.0036
  80    0.562  #0c0b0b   12 3  0.0089
  81    0.564  #0c0b0c   12 4  0.0036
  82    0.574  #0b0c0b   12 5  0.0176
  83    0.577  #0b0c0c   12 6  0.0052
  84    0.582  #0c0c0b   12 7  0.0086
  85    0.584  #0c0c0c   13 1  0.0034
  86    0.586  #0c0c0d   13 2  0.0034
  87    0.592  #0d0c0c   13 3  0.0102
  88    0.594  #0d0c0d   13 4  0.0034
  89    0.607  #0c0d0c   13 5  0.0216
  90    0.611  #0c0d0d   13 6  0.0066
  91    0.614  #0d0d0c   13 7  0.0049
  92    0.618  #0d0d0d   14 1  0.0065
  93    0.620  #0d0d0e   14 2  0.0032
  94    0.627  #0e0d0d   14 3  0.0112
  95    0.630  #0e0d0e   14 4  0.0048
  96    0.645  #0d0e0d   14 5  0.0235
  97    0.647  #0d0e0e   14 6  0.0031
  98    0.655  #0e0e0d   14 7  0.0123
  99    0.658  #0e0e0e   15 1  0.0046
 100    0.662  #0e0e0f   15 2  0.0061
 101    0.669  #0f0e0e   15 3  0.0105
 102    0.673  #0f0e0f   15 4  0.0060
 103    0.690  #0e0f0e   15 5  0.0249
 104    0.694  #0e0f0f   15 6  0.0058
 105    0.701  #0f0f0e   15 7  0.0100
 106    0.706  #0f0f0f   16 1  0.0071
 107    0.709  #0f0f10   16 2  0.0042
 108    0.719  #100f0f   16 3  0.0140
 109    0.722  #100f10   16 4  0.0042
 110    0.743  #0f100f   16 5  0.0287
 111    0.747  #0f1010   16 6  0.0054
 112    0.757  #10100f   16 7  0.0133
 113    0.761  #101010   17 1  0.0053
 114    0.766  #101011   17 2  0.0065
 115    0.775  #111010   17 3  0.0117
 116    0.780  #111011   17 4  0.0064
 117    0.803  #101110   17 5  0.0291
 118    0.808  #101111   17 6  0.0062
 119    0.817  #111110   17 7  0.0111
 120    0.822  #111111   18 1  0.0061
 121    0.827  #111112   18 2  0.0061
 122    0.837  #121111   18 3  0.0120
 123    0.842  #121112   18 4  0.0060
 124    0.866  #111211   18 5  0.0281
 125    0.871  #111212   18 6  0.0058
 126    0.882  #121211   18 7  0.0125
 127    0.887  #121212   19 1  0.0057
 128    0.892  #121213   19 2  0.0056
 129    0.902  #131212   19 3  0.0111
 130    0.908  #131213   19 4  0.0066
 131    0.932  #121312   19 5  0.0261
 132    0.937  #121313   19 6  0.0054
 133    0.947  #131312   19 7  0.0106
 134    0.953  #131313   20 1  0.0063
 135    0.959  #131314   20 2  0.0063
 136    0.969  #141313   20 3  0.0104
 137    0.975  #141314   20 4  0.0062
 138    1.001  #131413   20 5  0.0263
 139    1.007  #131414   20 6  0.0060
 140    1.018  #141413   20 7  0.0109
 141    1.023  #141414   21 1  0.0049
 142    1.029  #141415   21 2  0.0058
 143    1.041  #151414   21 3  0.0116
 144    1.047  #151415   21 4  0.0057
 145    1.076  #141514   21 5  0.0273
 146    1.082  #141515   21 6  0.0056
 147    1.093  #151514   21 7  0.0101
 148    1.099  #151515   22 1  0.0055
 149    1.106  #151516   22 2  0.0063
 150    1.119  #161515   22 3  0.0117
 151    1.126  #161516   22 4  0.0062
 152    1.159  #151615   22 5  0.0289
 153    1.166  #151616   22 6  0.0060
 154    1.179  #161615   22 7  0.0111
 155    1.186  #161616   23 1  0.0059
 156    1.194  #161617   23 2  0.0067
 157    1.209  #171616   23 3  0.0125
 158    1.217  #171617   23 4  0.0066
 159    1.254  #161716   23 5  0.0299
 160    1.262  #161717   23 6  0.0064
 161    1.276  #171716   23 7  0.0110
 162    1.284  #171717   24 1  0.0063
 163    1.294  #171718   24 2  0.0078
 164    1.310  #181717   24 3  0.0123
 165    1.319  #181718   24 4  0.0068
 166    1.360  #171817   24 5  0.0306
 167    1.369  #171818   24 6  0.0066
 168    1.385  #181817   24 7  0.0116
 169    1.395  #181818   25 1  0.0072
 170    1.405  #181819   25 2  0.0071
 171    1.423  #191818   25 3  0.0127
 172    1.433  #191819   25 4  0.0070
 173    1.479  #181918   25 5  0.0316
 174    1.489  #181919   25 6  0.0067
 175    1.506  #191918   25 7  0.0114
 176    1.517  #191919   26 1  0.0073
 177    1.528  #19191a   26 2  0.0072
 178    1.547  #1a1919   26 3  0.0124
 179    1.558  #1a191a   26 4  0.0071
 180    1.607  #191a19   26 5  0.0310
 181    1.618  #191a1a   26 6  0.0068
 182    1.638  #1a1a19   26 7  0.0123
 183    1.648  #1a1a1a   27 1  0.0061
 184    1.660  #1a1a1b   27 2  0.0073
 185    1.681  #1b1a1a   27 3  0.0126
 186    1.692  #1b1a1b   27 4  0.0065
 187    1.746  #1a1b1a   27 5  0.0314
 188    1.757  #1a1b1b   27 6  0.0063
 189    1.779  #1b1b1a   27 7  0.0124
 190    1.780  #1b1b1b   28 1  0.0006
 191    1.800  #1b1b1c   28 2  0.0112
 192    1.820  #1c1b1b   28 3  0.0110
 193    1.830  #1c1b1c   28 4  0.0055
 194    1.890  #1b1c1b   28 5  0.0323
 195    1.900  #1b1c1c   28 6  0.0053
 196    1.920  #1c1c1b   28 7  0.0105
 197    1.930  #1c1c1c   29 1  0.0052
 198    1.940  #1c1c1d   29 2  0.0052
 199    1.970  #1d1c1c   29 3  0.0153
 200    1.980  #1d1c1d   29 4  0.0051
 201    2.040  #1c1d1c   29 5  0.0299
 202    2.050  #1c1d1d   29 6  0.0049
 203    2.070  #1d1d1c   29 7  0.0097
 204    2.080  #1d1d1d   30 1  0.0048
 205    2.100  #1d1d1e   30 2  0.0096
 206    2.120  #1e1d1d   30 3  0.0095
 207    2.130  #1e1d1e   30 4  0.0047
 208    2.200  #1d1e1d   30 5  0.0323
 209    2.210  #1d1e1e   30 6  0.0045
 210    2.240  #1e1e1d   30 7  0.0135
 211    2.250  #1e1e1e   31 1  0.0045
 212    2.270  #1e1e1f   31 2  0.0088
 213    2.290  #1f1e1e   31 3  0.0088
 214    2.310  #1f1e1f   31 4  0.0087
 215    2.370  #1e1f1e   31 5  0.0256
 216    2.390  #1e1f1f   31 6  0.0084
 217    2.420  #1f1f1e   31 7  0.0125
 218    2.430  #1f1f1f   32 1  0.0041
 219    2.440  #1f1f20   32 2  0.0041
 220    2.480  #201f1f   32 3  0.0163
 221    2.490  #201f20   32 4  0.0040
 222    2.570  #1f201f   32 5  0.0316
 223    2.590  #1f2020   32 6  0.0078
 224    2.620  #20201f   32 7  0.0115
 225    2.630  #202020   33 1  0.0038
 226    2.650  #202021   33 2  0.0076
 227    2.680  #212020   33 3  0.0113
 228    2.700  #212021   33 4  0.0074
 229    2.780  #202120   33 5  0.0292
 230    2.790  #202121   33 6  0.0036
 231    2.830  #212120   33 7  0.0142
 232    2.840  #212121   34 1  0.0035
 233    2.860  #212122   34 2  0.0070
 234    2.890  #222121   34 3  0.0104
 235    2.910  #222122   34 4  0.0069
 236    2.990  #212221   34 5  0.0271
 237    3.010  #212222   34 6  0.0067
 238    3.040  #222221   34 7  0.0099
 239    3.060  #222222   35 1  0.0066
 240    3.080  #222223   35 2  0.0065
 241    3.110  #232222   35 3  0.0097
 242    3.130  #232223   35 4  0.0064
 243    3.210  #222322   35 5  0.0252
 244    3.230  #222323   35 6  0.0062
 245    3.270  #232322   35 7  0.0123
 246    3.280  #232323   36 1  0.0031
 247    3.300  #232324   36 2  0.0061
 248    3.340  #242323   36 3  0.0120
 249    3.350  #242324   36 4  0.0030
 250    3.440  #232423   36 5  0.0265
 251    3.460  #232424   36 6  0.0058
 252    3.500  #242423   36 7  0.0115
 253    3.520  #242424   37 1  0.0057
 254    3.540  #242425   37 2  0.0057
 255    3.570  #252424   37 3  0.0084
 256    3.590  #252425   37 4  0.0056
 257    3.680  #242524   37 5  0.0248
 258    3.700  #242525   37 6  0.0054
 259    3.740  #252524   37 7  0.0108
 260    3.760  #252525   38 1  0.0053
 261    3.780  #252526   38 2  0.0053
 262    3.820  #262525   38 3  0.0105
 263    3.840  #262526   38 4  0.0052
 264    3.930  #252625   38 5  0.0232
 265    3.950  #252626   38 6  0.0051
 266    3.990  #262625   38 7  0.0101
 267    4.010  #262626   39 1  0.0050
 268    4.030  #262627   39 2  0.0050
 269    4.070  #272626   39 3  0.0099
 270    4.090  #272627   39 4  0.0049
 271    4.190  #262726   39 5  0.0242
 272    4.210  #262727   39 6  0.0048
 273    4.250  #272726   39 7  0.0095
 274    4.270  #272727   40 1  0.0047
 275    4.290  #272728   40 2  0.0047
 276    4.340  #282727   40 3  0.0116
 277    4.360  #282728   40 4  0.0046
 278    4.460  #272827   40 5  0.0227
 279    4.480  #272828   40 6  0.0045
 280    4.530  #282827   40 7  0.0111
 281    4.550  #282828   41 1  0.0044
 282    4.570  #282829   41 2  0.0044
 283    4.610  #292828   41 3  0.0087
 284    4.640  #292829   41 4  0.0065
 285    4.750  #282928   41 5  0.0234
 286    4.770  #282929   41 6  0.0042
 287    4.820  #292928   41 7  0.0104
 288    4.840  #292929   42 1  0.0041
 289    4.860  #29292a   42 2  0.0041
 290    4.910  #2a2929   42 3  0.0102
 291    4.930  #2a292a   42 4  0.0041
 292    5.050  #292a29   42 5  0.0240
 293    5.080  #292a2a   42 6  0.0059
 294    5.120  #2a2a29   42 7  0.0078
 295    5.150  #2a2a2a   43 1  0.0058
 296    5.170  #2a2a2b   43 2  0.0039
 297    5.220  #2b2a2a   43 3  0.0096
 298    5.250  #2b2a2b   43 4  0.0057
 299    5.370  #2a2b2a   43 5  0.0226
 300    5.400  #2a2b2b   43 6  0.0056
 301    5.450  #2b2b2a   43 7  0.0092
 302    5.470  #2b2b2b   44 1  0.0037
 303    5.500  #2b2b2c   44 2  0.0055
 304    5.550  #2c2b2b   44 3  0.0090
 305    5.580  #2c2b2c   44 4  0.0054
 306    5.710  #2b2c2b   44 5  0.0230
 307    5.740  #2b2c2c   44 6  0.0052
 308    5.790  #2c2c2b   44 7  0.0087
 309    5.810  #2c2c2c   45 1  0.0034
 310    5.840  #2c2c2d   45 2  0.0052
 311    5.900  #2d2c2c   45 3  0.0102
 312    5.930  #2d2c2d   45 4  0.0051
 313    6.060  #2c2d2c   45 5  0.0217
 314    6.090  #2c2d2d   45 6  0.0049
 315    6.140  #2d2d2c   45 7  0.0082
 316    6.170  #2d2d2d   46 1  0.0049
 317    6.200  #2d2d2e   46 2  0.0049
 318    6.260  #2e2d2d   46 3  0.0096
 319    6.280  #2e2d2e   46 4  0.0032
 320    6.430  #2d2e2d   46 5  0.0236
 321    6.460  #2d2e2e   46 6  0.0047
 322    6.520  #2e2e2d   46 7  0.0092
 323    6.550  #2e2e2e   47 1  0.0046
 324    6.580  #2e2e2f   47 2  0.0046
 325    6.640  #2f2e2e   47 3  0.0091
 326    6.670  #2f2e2f   47 4  0.0045
 327    6.820  #2e2f2e   47 5  0.0222
 328    6.850  #2e2f2f   47 6  0.0044
 329    6.910  #2f2f2e   47 7  0.0087
 330    6.940  #2f2f2f   48 1  0.0043
 331    6.980  #2f2f30   48 2  0.0057
 332    7.040  #302f2f   48 3  0.0086
 333    7.070  #302f30   48 4  0.0043
 334    7.230  #2f302f   48 5  0.0224
 335    7.260  #2f3030   48 6  0.0041
 336    7.330  #30302f   48 7  0.0096
 337    7.360  #303030   49 1  0.0041
 338    7.400  #303031   49 2  0.0054
 339    7.460  #313030   49 3  0.0081
 340    7.490  #313031   49 4  0.0040
 341    7.650  #303130   49 5  0.0211
 342    7.690  #303131   49 6  0.0052
 343    7.750  #313130   49 7  0.0078
 344    7.790  #313131   50 1  0.0051
 345    7.820  #313132   50 2  0.0038
 346    7.880  #323131   50 3  0.0076
 347    7.920  #323132   50 4  0.0051
 348    8.090  #313231   50 5  0.0212
 349    8.120  #313232   50 6  0.0037
 350    8.180  #323231   50 7  0.0074
 351    8.220  #323232   51 1  0.0049
 352    8.250  #323233   51 2  0.0036
 353    8.320  #333232   51 3  0.0084
 354    8.360  #333233   51 4  0.0048
 355    8.530  #323332   51 5  0.0201
 356    8.570  #323333   51 6  0.0047
 357    8.640  #333332   51 7  0.0081
 358    8.670  #333333   52 1  0.0035
 359    8.710  #333334   52 2  0.0046
 360    8.780  #343333   52 3  0.0080
 361    8.810  #343334   52 4  0.0034
 362    9.000  #333433   52 5  0.0213
 363    9.030  #333434   52 6  0.0033
 364    9.100  #343433   52 7  0.0077
 365    9.140  #343434   53 1  0.0044
 366    9.180  #343435   53 2  0.0044
 367    9.250  #353434   53 3  0.0076
 368    9.290  #353435   53 4  0.0043
 369    9.480  #343534   53 5  0.0202
 370    9.510  #343535   53 6  0.0032
 371    9.590  #353534   53 7  0.0084
 372    9.630  #353535   54 1  0.0042
 373    9.660  #353536   54 2  0.0031
 374    9.740  #363535   54 3  0.0082
 375    9.780  #363536   54 4  0.0041
 376    9.980  #353635   54 5  0.0202
 377   10.020  #353636   54 6  0.0040
 378   10.090  #363635   54 7  0.0070
 379   10.140  #363636   55 1  0.0049
 380   10.170  #363637   55 2  0.0030
 381   10.250  #373636   55 3  0.0078
 382   10.290  #373637   55 4  0.0039
 383   10.490  #363736   55 5  0.0192
 384   10.530  #363737   55 6  0.0038
 385   10.610  #373736   55 7  0.0076
 386   10.660  #373737   56 1  0.0047
 387   10.690  #373738   56 2  0.0028
 388   10.770  #383737   56 3  0.0075
 389   10.820  #383738   56 4  0.0046
 390   11.020  #373837   56 5  0.0183
 391   11.060  #373838   56 6  0.0036
 392   11.140  #383837   56 7  0.0072
 393   11.180  #383838   57 1  0.0036
 394   11.230  #383839   57 2  0.0045
 395   11.310  #393838   57 3  0.0071
 396   11.350  #393839   57 4  0.0035
 397   11.570  #383938   57 5  0.0192
 398   11.610  #383939   57 6  0.0035
 399   11.690  #393938   57 7  0.0069
 400   11.740  #393939   58 1  0.0043
 401   11.780  #39393a   58 2  0.0034
 402   11.860  #3a3939   58 3  0.0068
 403   11.910  #3a393a   58 4  0.0042
 404   12.140  #393a39   58 5  0.0191
 405   12.180  #393a3a   58 6  0.0033
 406   12.270  #3a3a39   58 7  0.0074
 407   12.320  #3a3a3a   59 1  0.0041
 408   12.370  #3a3a3b   59 2  0.0041
 409   12.450  #3b3a3a   59 3  0.0064
 410   12.500  #3b3a3b   59 4  0.0040
 411   12.730  #3a3b3a   59 5  0.0182
 412   12.770  #3a3b3b   59 6  0.0031
 413   12.860  #3b3b3a   59 7  0.0070
 414   12.910  #3b3b3b   60 1  0.0039
 415   12.960  #3b3b3c   60 2  0.0039
 416   13.040  #3c3b3b   60 3  0.0062
 417   13.100  #3c3b3c   60 4  0.0046
 418   13.340  #3b3c3b   60 5  0.0182
 419   13.380  #3b3c3c   60 6  0.0030
 420   13.470  #3c3c3b   60 7  0.0067
 421   13.530  #3c3c3c   61 1  0.0044
 422   13.570  #3c3c3d   61 2  0.0030
 423   13.670  #3d3c3c   61 3  0.0073
 424   13.720  #3d3c3d   61 4  0.0037
 425   13.970  #3c3d3c   61 5  0.0181
 426   14.020  #3c3d3d   61 6  0.0036
 427   14.120  #3d3d3c   61 7  0.0071
 428   14.160  #3d3d3d   62 1  0.0028
 429   14.220  #3d3d3e   62 2  0.0042
 430   14.320  #3e3d3d   62 3  0.0070
 431   14.370  #3e3d3e   62 4  0.0035
 432   14.640  #3d3e3d   62 5  0.0186
 433   14.690  #3d3e3e   62 6  0.0034
 434   14.790  #3e3e3d   62 7  0.0068
 435   14.850  #3e3e3e   63 1  0.0040
 436   14.900  #3e3e3f   63 2  0.0034
 437   15.010  #3f3e3e   63 3  0.0074
 438   15.060  #3f3e3f   63 4  0.0033
 439   15.330  #3e3f3e   63 5  0.0178
 440   15.380  #3e3f3f   63 6  0.0033
 441   15.490  #3f3f3e   63 7  0.0071
 442   15.550  #3f3f3f   64 1  0.0039
 443   15.600  #3f3f40   64 2  0.0032
 444   15.700  #403f3f   64 3  0.0064
 445   15.750  #403f40   64 4  0.0032
 446   16.000  #3f403f   64 5  0.0157
 447   16.050  #3f4040   64 6  0.0031
 448   16.160  #40403f   64 7  0.0068
 449   16.210  #404040   65 1  0.0031
 450   16.260  #404041   65 2  0.0031
 451   16.360  #414040   65 3  0.0061
 452   16.390  #414041   65 4  0.0018
 453   16.650  #404140   65 5  0.0157
 454   16.700  #404141   65 6  0.0030
 455   16.780  #414140   65 7  0.0048
 456   16.840  #414141   66 1  0.0036
 457   16.900  #414142   66 2  0.0036
 458   16.990  #424141   66 3  0.0053
 459   17.040  #424142   66 4  0.0029
 460   17.300  #414241   66 5  0.0151
 461   17.350  #414242   66 6  0.0029
 462   17.450  #424241   66 7  0.0057
 463   17.500  #424242   67 1  0.0029
 464   17.550  #424243   67 2  0.0029
 465   17.650  #434242   67 3  0.0057
 466   17.710  #434243   67 4  0.0034
 467   17.900  #424342   67 5  0.0107
 468   18.000  #424343   67 6  0.0056
 469   18.100  #434342   67 7  0.0055
 470   18.100  #434343   68 1  0.0000
 471   18.200  #434344   68 2  0.0055
 472   18.300  #444343   68 3  0.0055
 473   18.300  #444344   68 4  0.0000
 474   18.600  #434443   68 5  0.0163
 475   18.600  #434444   68 6  0.0000
 476   18.800  #444443   68 7  0.0107
 477   18.800  #444444   69 1  0.0000
 478   18.900  #444445   69 2  0.0053
 479   18.900  #454444   69 3  0.0000
 480   19.000  #454445   69 4  0.0053
 481   19.300  #444544   69 5  0.0157
 482   19.300  #444545   69 6  0.0000
 483   19.400  #454544   69 7  0.0052
 484   19.500  #454545   70 1  0.0051
 485   19.600  #454546   70 2  0.0051
 486   19.600  #464545   70 3  0.0000
 487   19.700  #464546   70 4  0.0051
 488   20.000  #454645   70 5  0.0151
 489   20.000  #454646   70 6  0.0000
 490   20.100  #464645   70 7  0.0050
 491   20.200  #464646   71 1  0.0050
 492   20.300  #464647   71 2  0.0049
 493   20.400  #474646   71 3  0.0049
 494   20.400  #474647   71 4  0.0000
 495   20.700  #464746   71 5  0.0146
 496   20.800  #464747   71 6  0.0048
 497   20.900  #474746   71 7  0.0048
 498   20.900  #474747   72 1  0.0000
 499   21.000  #474748   72 2  0.0048
 500   21.100  #484747   72 3  0.0048
 501   21.100  #484748   72 4  0.0000
 502   21.400  #474847   72 5  0.0141
 503   21.500  #474848   72 6  0.0047
 504   21.600  #484847   72 7  0.0046
 505   21.600  #484848   73 1  0.0000
 506   21.700  #484849   73 2  0.0046
 507   21.800  #494848   73 3  0.0046
 508   21.900  #494849   73 4  0.0046
 509   22.200  #484948   73 5  0.0136
 510   22.200  #484949   73 6  0.0000
 511   22.300  #494948   73 7  0.0045
 512   22.400  #494949   74 1  0.0045
 513   22.500  #49494a   74 2  0.0045
 514   22.600  #4a4949   74 3  0.0044
 515   22.600  #4a494a   74 4  0.0000
 516   22.900  #494a49   74 5  0.0132
 517   23.000  #494a4a   74 6  0.0044
 518   23.100  #4a4a49   74 7  0.0043
 519   23.200  #4a4a4a   75 1  0.0043
 520   23.200  #4a4a4b   75 2  0.0000
 521   23.300  #4b4a4a   75 3  0.0043
 522   23.400  #4b4a4b   75 4  0.0043
 523   23.700  #4a4b4a   75 5  0.0127
 524   23.700  #4a4b4b   75 6  0.0000
 525   23.800  #4b4b4a   75 7  0.0042
 526   23.900  #4b4b4b   76 1  0.0042
 527   24.000  #4b4b4c   76 2  0.0042
 528   24.100  #4c4b4b   76 3  0.0042
 529   24.200  #4c4b4c   76 4  0.0041
 530   24.500  #4b4c4b   76 5  0.0123
 531   24.500  #4b4c4c   76 6  0.0000
 532   24.600  #4c4c4b   76 7  0.0041
 533   24.700  #4c4c4c   77 1  0.0041
 534   24.800  #4c4c4d   77 2  0.0040
 535   24.900  #4d4c4c   77 3  0.0040
 536   25.000  #4d4c4d   77 4  0.0040
 537   25.300  #4c4d4c   77 5  0.0119
 538   25.300  #4c4d4d   77 6  0.0000
 539   25.400  #4d4d4c   77 7  0.0039
 540   25.500  #4d4d4d   78 1  0.0039
 541   25.600  #4d4d4e   78 2  0.0039
 542   25.700  #4e4d4d   78 3  0.0039
 543   25.800  #4e4d4e   78 4  0.0039
 544   26.100  #4d4e4d   78 5  0.0116
 545   26.100  #4d4e4e   78 6  0.0000
 546   26.300  #4e4e4d   78 7  0.0076
 547   26.300  #4e4e4e   79 1  0.0000
 548   26.400  #4e4e4f   79 2  0.0038
 549   26.500  #4f4e4e   79 3  0.0038
 550   26.600  #4f4e4f   79 4  0.0038
 551   26.900  #4e4f4e   79 5  0.0112
 552   26.900  #4e4f4f   79 6  0.0000
 553   27.300  #4f4f4e   79 7  0.0148
 554   27.400  #4f4f4f   80 1  0.0037
 555   27.400  #4f4f50   80 2  0.0000
 556   27.600  #504f4f   80 3  0.0073
 557   27.600  #504f50   80 4  0.0000
 558   27.900  #4f504f   80 5  0.0108
 559   28.000  #4f5050   80 6  0.0036
 560   28.200  #50504f   80 7  0.0071
 561   28.300  #505050   81 1  0.0035
 562   28.300  #505051   81 2  0.0000
 563   28.500  #515050   81 3  0.0070
 564   28.600  #515051   81 4  0.0035
 565   28.900  #505150   81 5  0.0104
 566   29.000  #505151   81 6  0.0035
 567   29.100  #515150   81 7  0.0034
 568   29.200  #515151   82 1  0.0034
 569   29.300  #515152   82 2  0.0034
 570   29.400  #525151   82 3  0.0034
 571   29.500  #525152   82 4  0.0034
 572   29.900  #515251   82 5  0.0135
 573   30.000  #515252   82 6  0.0033
 574   30.100  #525251   82 7  0.0033
 575   30.200  #525252   83 1  0.0033
 576   30.300  #525253   83 2  0.0033
 577   30.400  #535252   83 3  0.0033
 578   30.500  #535253   83 4  0.0033
 579   30.800  #525352   83 5  0.0098
 580   31.000  #525353   83 6  0.0065
 581   31.000  #535352   83 7  0.0000
 582   31.100  #535353   84 1  0.0032
 583   31.200  #535354   84 2  0.0032
 584   31.400  #545353   84 3  0.0064
 585   31.400  #545354   84 4  0.0000
 586   31.800  #535453   84 5  0.0127
 587   32.000  #535454   84 6  0.0063
 588   32.000  #545453   84 7  0.0000
 589   32.200  #545454   85 1  0.0062
 590   32.200  #545455   85 2  0.0000
 591   32.300  #555454   85 3  0.0031
 592   32.400  #555455   85 4  0.0031
 593   32.700  #545554   85 5  0.0092
 594   32.900  #545555   85 6  0.0061
 595   33.000  #555554   85 7  0.0030
 596   33.000  #555555   86 1  0.0000
 597   33.100  #555556   86 2  0.0030
 598   33.300  #565555   86 3  0.0060
 599   33.400  #565556   86 4  0.0030
 600   33.800  #555655   86 5  0.0119
 601   33.800  #555656   86 6  0.0000
 602   34.000  #565655   86 7  0.0059
 603   34.000  #565656   87 1  0.0000
 604   34.200  #565657   87 2  0.0059
 605   34.200  #575656   87 3  0.0000
 606   34.400  #575657   87 4  0.0058
 607   34.700  #565756   87 5  0.0087
 608   34.800  #565757   87 6  0.0029
 609   35.000  #575756   87 7  0.0057
 610   35.100  #575757   88 1  0.0029
 611   35.100  #575758   88 2  0.0000
 612   35.300  #585757   88 3  0.0057
 613   35.400  #585758   88 4  0.0028
 614   35.700  #575857   88 5  0.0084
 615   35.800  #575858   88 6  0.0028
 616   35.900  #585857   88 7  0.0028
 617   36.100  #585858   89 1  0.0056
 618   36.100  #585859   89 2  0.0000
 619   36.300  #595858   89 3  0.0055
 620   36.500  #595859   89 4  0.0055
 621   36.700  #585958   89 5  0.0055
 622   36.900  #585959   89 6  0.0054
 623   37.000  #595958   89 7  0.0027
 624   37.100  #595959   90 1  0.0027
 625   37.100  #59595a   90 2  0.0000
 626   37.300  #5a5959   90 3  0.0054
 627   37.400  #5a595a   90 4  0.0027
 628   37.700  #595a59   90 5  0.0080
 629   37.800  #595a5a   90 6  0.0026
 630   38.000  #5a5a59   90 7  0.0053
 631   38.000  #5a5a5a   91 1  0.0000
 632   38.200  #5a5a5b   91 2  0.0052
 633   38.300  #5b5a5a   91 3  0.0026
 634   38.400  #5b5a5b   91 4  0.0026
 635   38.800  #5a5b5a   91 5  0.0104
 636   38.800  #5a5b5b   91 6  0.0000
 637   39.100  #5b5b5a   91 7  0.0077
 638   39.100  #5b5b5b   92 1  0.0000
 639   39.200  #5b5b5c   92 2  0.0026
 640   39.400  #5c5b5b   92 3  0.0051
 641   39.400  #5c5b5c   92 4  0.0000
 642   39.900  #5b5c5b   92 5  0.0126
 643   39.900  #5b5c5c   92 6  0.0000
 644   40.100  #5c5c5b   92 7  0.0050
 645   40.200  #5c5c5c   93 1  0.0025
 646   40.300  #5c5c5d   93 2  0.0025
 647   40.500  #5d5c5c   93 3  0.0050
 648   40.600  #5d5c5d   93 4  0.0025
 649   40.900  #5c5d5c   93 5  0.0074
 650   41.000  #5c5d5d   93 6  0.0024
 651   41.100  #5d5d5c   93 7  0.0024
 652   41.100  #5d5d5d   94 1  0.0000
 653   41.300  #5d5d5e   94 2  0.0049
 654   41.400  #5e5d5d   94 3  0.0024
 655   41.500  #5e5d5e   94 4  0.0024
 656   41.900  #5d5e5d   94 5  0.0096
 657   42.100  #5d5e5e   94 6  0.0048
 658   42.200  #5e5e5d   94 7  0.0024
 659   42.200  #5e5e5e   95 1  0.0000
 660   42.400  #5e5e5f   95 2  0.0047
 661   42.500  #5f5e5e   95 3  0.0024
 662   42.600  #5f5e5f   95 4  0.0024
 663   42.900  #5e5f5e   95 5  0.0070
 664   43.000  #5e5f5f   95 6  0.0023
 665   43.200  #5f5f5e   95 7  0.0046
 666   43.300  #5f5f5f   96 1  0.0023
 667   43.400  #5f5f60   96 2  0.0023
 668   43.600  #605f5f   96 3  0.0046
 669   43.700  #605f60   96 4  0.0023
 670   44.000  #5f605f   96 5  0.0068
 671   44.100  #5f6060   96 6  0.0023
 672   44.300  #60605f   96 7  0.0045
 673   44.500  #606060   97 1  0.0045
 674   44.500  #606061   97 2  0.0000
 675   44.700  #616060   97 3  0.0045
 676   44.900  #616061   97 4  0.0045
 677   45.200  #606160   97 5  0.0067
 678   45.300  #606161   97 6  0.0022
 679   45.400  #616160   97 7  0.0022
 680   45.600  #616161   98 1  0.0044
 681   45.700  #616162   98 2  0.0022
 682   45.700  #626161   98 3  0.0000
 683   45.900  #626162   98 4  0.0044
 684   46.300  #616261   98 5  0.0087
 685   46.300  #616262   98 6  0.0000
 686   46.500  #626261   98 7  0.0043
 687   46.600  #626262   99 1  0.0021
 688   46.800  #626263   99 2  0.0043
 689   46.900  #636262   99 3  0.0021
 690   47.000  #636263   99 4  0.0021
 691   47.400  #626362   99 5  0.0085
 692   47.500  #626363   99 6  0.0021
 693   47.600  #636362   99 7  0.0021
 694   47.700  #636363  100 1  0.0021
 695   47.900  #636364  100 2  0.0042
 696   48.100  #646363  100 3  0.0042
 697   48.200  #646364  100 4  0.0021
 698   48.500  #636463  100 5  0.0062
 699   48.600  #636464  100 6  0.0021
 700   48.800  #646463  100 7  0.0041
 701   48.900  #646464  101 1  0.0020
 702   49.000  #646465  101 2  0.0020
 703   49.100  #656464  101 3  0.0020
 704   49.300  #656465  101 4  0.0041
 705   49.800  #646564  101 5  0.0101
 706   49.900  #646565  101 6  0.0020
 707   49.900  #656564  101 7  0.0000
 708   50.100  #656565  102 1  0.0040
 709   50.100  #656566  102 2  0.0000
 710   50.200  #666565  102 3  0.0020
 711   50.400  #666566  102 4  0.0040
 712   50.900  #656665  102 5  0.0099
 713   50.900  #656666  102 6  0.0000
 714   51.000  #666665  102 7  0.0020
 715   51.200  #666666  103 1  0.0039
 716   51.300  #666667  103 2  0.0020
 717   51.500  #676666  103 3  0.0039
 718   51.500  #676667  103 4  0.0000
 719   52.000  #666766  103 5  0.0097
 720   52.000  #666767  103 6  0.0000
 721   52.300  #676766  103 7  0.0058
 722   52.400  #676767  104 1  0.0019
 723   52.500  #676768  104 2  0.0019
 724   52.600  #686767  104 3  0.0019
 725   52.700  #686768  104 4  0.0019
 726   53.200  #676867  104 5  0.0094
 727   53.200  #676868  104 6  0.0000
 728   53.400  #686867  104 7  0.0038
 729   53.600  #686868  105 1  0.0037
 730   53.700  #686869  105 2  0.0019
 731   53.700  #696868  105 3  0.0000
 732   53.900  #696869  105 4  0.0037
 733   54.400  #686968  105 5  0.0092
 734   54.400  #686969  105 6  0.0000
 735   54.600  #696968  105 7  0.0037
 736   54.700  #696969  106 1  0.0018
 737   54.800  #69696a  106 2  0.0018
 738   55.000  #6a6969  106 3  0.0036
 739   55.000  #6a696a  106 4  0.0000
 740   55.400  #696a69  106 5  0.0072
 741   55.600  #696a6a  106 6  0.0036
 742   55.700  #6a6a69  106 7  0.0018
 743   55.900  #6a6a6a  107 1  0.0036
 744   56.000  #6a6a6b  107 2  0.0018
 745   56.100  #6b6a6a  107 3  0.0018
 746   56.200  #6b6a6b  107 4  0.0018
 747   56.700  #6a6b6a  107 5  0.0089
 748   56.700  #6a6b6b  107 6  0.0000
 749   56.900  #6b6b6a  107 7  0.0035
 750   57.100  #6b6b6b  108 1  0.0035
 751   57.100  #6b6b6c  108 2  0.0000
 752   57.200  #6c6b6b  108 3  0.0017
 753   57.300  #6c6b6c  108 4  0.0017
 754   57.700  #6b6c6b  108 5  0.0070
 755   57.900  #6b6c6c  108 6  0.0035
 756   58.000  #6c6c6b  108 7  0.0017
 757   58.200  #6c6c6c  109 1  0.0034
 758   58.200  #6c6c6d  109 2  0.0000
 759   58.300  #6d6c6c  109 3  0.0017
 760   58.600  #6d6c6d  109 4  0.0051
 761   59.000  #6c6d6c  109 5  0.0068
 762   59.100  #6c6d6d  109 6  0.0017
 763   59.200  #6d6d6c  109 7  0.0017
 764   59.400  #6d6d6d  110 1  0.0034
 765   59.300  #6d6d6e  110 2  -0.0017
 766   59.600  #6e6d6d  110 3  0.0050
 767   59.800  #6e6d6e  110 4  0.0034
 768   60.000  #6d6e6d  110 5  0.0033
 769   60.300  #6d6e6e  110 6  0.0050
 770   60.400  #6e6e6d  110 7  0.0017
 771   60.600  #6e6e6e  111 1  0.0033
 772   60.700  #6e6e6f  111 2  0.0016
 773   60.800  #6f6e6e  111 3  0.0016
 774   60.900  #6f6e6f  111 4  0.0016
 775   61.300  #6e6f6e  111 5  0.0065
 776   61.300  #6e6f6f  111 6  0.0000
 777   61.400  #6f6f6e  111 7  0.0016
 778   61.600  #6f6f6f  112 1  0.0033
 779   61.700  #6f6f70  112 2  0.0016
 780   61.900  #706f6f  112 3  0.0032
 781   62.000  #706f70  112 4  0.0016
 782   62.400  #6f706f  112 5  0.0064
 783   62.500  #6f7070  112 6  0.0016
 784   62.700  #70706f  112 7  0.0032
 785   62.800  #707070  113 1  0.0016
 786   62.900  #707071  113 2  0.0016
 787   63.100  #717070  113 3  0.0032
 788   63.200  #717071  113 4  0.0016
 789   63.700  #707170  113 5  0.0079
 790   63.700  #707171  113 6  0.0000
 791   63.800  #717170  113 7  0.0016
 792   64.000  #717171  114 1  0.0031
 793   64.100  #717172  114 2  0.0016
 794   64.300  #727171  114 3  0.0031
 795   64.300  #727172  114 4  0.0000
 796   64.800  #717271  114 5  0.0077
 797   64.900  #717272  114 6  0.0015
 798   65.100  #727271  114 7  0.0031
 799   65.200  #727272  115 1  0.0015
 800   65.200  #727273  115 2  0.0000
 801   65.400  #737272  115 3  0.0031
 802   65.500  #737273  115 4  0.0015
 803   66.000  #727372  115 5  0.0076
 804   66.100  #727373  115 6  0.0015
 805   66.200  #737372  115 7  0.0015
 806   66.300  #737373  116 1  0.0015
 807   66.500  #737374  116 2  0.0030
 808   66.700  #747373  116 3  0.0030
 809   66.700  #747374  116 4  0.0000
 810   67.200  #737473  116 5  0.0075
 811   67.300  #737474  116 6  0.0015
 812   67.500  #747473  116 7  0.0030
 813   67.600  #747474  117 1  0.0015
 814   67.700  #747475  117 2  0.0015
 815   67.800  #757474  117 3  0.0015
 816   68.000  #757475  117 4  0.0029
 817   68.400  #747574  117 5  0.0059
 818   68.500  #747575  117 6  0.0015
 819   68.700  #757574  117 7  0.0029
 820   68.700  #757575  118 1  0.0000
 821   68.900  #757576  118 2  0.0029
 822   69.100  #767575  118 3  0.0029
 823   69.100  #767576  118 4  0.0000
 824   69.600  #757675  118 5  0.0072
 825   69.600  #757676  118 6  0.0000
 826   69.800  #767675  118 7  0.0029
 827   70.000  #767676  119 1  0.0029
 828   70.000  #767677  119 2  0.0000
 829   70.300  #777676  119 3  0.0043
 830   70.300  #777677  119 4  0.0000
 831   70.800  #767776  119 5  0.0071
 832   70.800  #767777  119 6  0.0000
 833   71.000  #777776  119 7  0.0028
 834   71.200  #777777  120 1  0.0028
 835   71.200  #777778  120 2  0.0000
 836   71.300  #787777  120 3  0.0014
 837   71.500  #787778  120 4  0.0028
 838   71.900  #777877  120 5  0.0056
 839   72.100  #777878  120 6  0.0028
 840   72.200  #787877  120 7  0.0014
 841   72.300  #787878  121 1  0.0014
 842   72.400  #787879  121 2  0.0014
 843   72.600  #797878  121 3  0.0028
 844   72.700  #797879  121 4  0.0014
 845   73.100  #787978  121 5  0.0055
 846   73.200  #787979  121 6  0.0014
 847   73.400  #797978  121 7  0.0027
 848   73.500  #797979  122 1  0.0014
 849   73.600  #79797a  122 2  0.0014
 850   73.800  #7a7979  122 3  0.0027
 851   73.800  #7a797a  122 4  0.0000
 852   74.300  #797a79  122 5  0.0068
 853   74.400  #797a7a  122 6  0.0013
 854   74.600  #7a7a79  122 7  0.0027
 855   74.800  #7a7a7a  123 1  0.0027
 856   74.800  #7a7a7b  123 2  0.0000
 857   75.000  #7b7a7a  123 3  0.0027
 858   75.100  #7b7a7b  123 4  0.0013
 859   75.600  #7a7b7a  123 5  0.0066
 860   75.700  #7a7b7b  123 6  0.0013
 861   75.900  #7b7b7a  123 7  0.0026
 862   75.900  #7b7b7b  124 1  0.0000
 863   76.000  #7b7b7c  124 2  0.0013
 864   76.200  #7c7b7b  124 3  0.0026
 865   76.300  #7c7b7c  124 4  0.0013
 866   76.800  #7b7c7b  124 5  0.0065
 867   76.900  #7b7c7c  124 6  0.0013
 868   77.000  #7c7c7b  124 7  0.0013
 869   77.200  #7c7c7c  125 1  0.0026
 870   77.300  #7c7c7d  125 2  0.0013
 871   77.500  #7d7c7c  125 3  0.0026
 872   77.600  #7d7c7d  125 4  0.0013
 873   78.000  #7c7d7c  125 5  0.0051
 874   78.100  #7c7d7d  125 6  0.0013
 875   78.300  #7d7d7c  125 7  0.0026
 876   78.400  #7d7d7d  126 1  0.0013
 877   78.500  #7d7d7e  126 2  0.0013
 878   78.800  #7e7d7d  126 3  0.0038
 879   78.800  #7e7d7e  126 4  0.0000
 880   79.400  #7d7e7d  126 5  0.0076
 881   79.500  #7d7e7e  126 6  0.0013
 882   79.700  #7e7e7d  126 7  0.0025
 883   79.900  #7e7e7e  127 1  0.0025
 884   79.900  #7e7e7f  127 2  0.0000
 885   80.100  #7f7e7e  127 3  0.0025
 886   80.300  #7f7e7f  127 4  0.0025
 887   80.800  #7e7f7e  127 5  0.0062
 888   80.900  #7e7f7f  127 6  0.0012
 889   81.200  #7f7f7e  127 7  0.0037
 890   81.200  #7f7f7f  128 1  0.0000
 891   81.300  #7f7f80  128 2  0.0012
 892   81.700  #807f7f  128 3  0.0049
 893   81.800  #807f80  128 4  0.0012
 894   82.500  #7f807f  128 5  0.0085
 895   82.600  #7f8080  128 6  0.0012
 896   82.800  #80807f  128 7  0.0024
 897   83.000  #808080  129 1  0.0024
 898   83.200  #808081  129 2  0.0024
 899   83.500  #818080  129 3  0.0036
 900   83.600  #818081  129 4  0.0012
 901   84.100  #808180  129 5  0.0060
 902   84.300  #808181  129 6  0.0024
 903   84.700  #818180  129 7  0.0047
 904   84.800  #818181  130 1  0.0012
 905   84.900  #818182  130 2  0.0012
 906   85.200  #828181  130 3  0.0035
 907   85.300  #828182  130 4  0.0012
 908   86.000  #818281  130 5  0.0082
 909   86.100  #818282  130 6  0.0012
 910   86.400  #828281  130 7  0.0035
 911   86.600  #828282  131 1  0.0023
 912   86.600  #828283  131 2  0.0000
 913   86.900  #838282  131 3  0.0035
 914   87.100  #838283  131 4  0.0023
 915   87.800  #828382  131 5  0.0080
 916   87.900  #828383  131 6  0.0011
 917   88.200  #838382  131 7  0.0034
 918   88.400  #838383  132 1  0.0023
 919   88.400  #838384  132 2  0.0000
 920   88.800  #848383  132 3  0.0045
 921   88.900  #848384  132 4  0.0011
 922   89.600  #838483  132 5  0.0078
 923   89.600  #838484  132 6  0.0000
 924   89.800  #848483  132 7  0.0022
 925   90.100  #848484  133 1  0.0033
 926   90.200  #848485  133 2  0.0011
 927   90.500  #858484  133 3  0.0033
 928   90.600  #858485  133 4  0.0011
 929   91.300  #848584  133 5  0.0077
 930   91.300  #848585  133 6  0.0000
 931   91.600  #858584  133 7  0.0033
 932   91.800  #858585  134 1  0.0022
 933   92.000  #858586  134 2  0.0022
 934   92.200  #868585  134 3  0.0022
 935   92.300  #868586  134 4  0.0011
 936   93.000  #858685  134 5  0.0076
 937   93.100  #858686  134 6  0.0011
 938   93.500  #868685  134 7  0.0043
 939   93.600  #868686  135 1  0.0011
 940   93.700  #868687  135 2  0.0011
 941   93.900  #878686  135 3  0.0021
 942   94.200  #878687  135 4  0.0032
 943   94.700  #868786  135 5  0.0053
 944   94.900  #868787  135 6  0.0021
 945   95.200  #878786  135 7  0.0032
 946   95.400  #878787  136 1  0.0021
 947   95.400  #878788  136 2  0.0000
 948   95.700  #888787  136 3  0.0031
 949   95.900  #888788  136 4  0.0021
 950   96.500  #878887  136 5  0.0062
 951   96.600  #878888  136 6  0.0010
 952   96.900  #888887  136 7  0.0031
 953   97.300  #888888  137 1  0.0041
 954   97.200  #888889  137 2  -0.0010
 955   97.600  #898888  137 3  0.0041
 956   97.600  #898889  137 4  0.0000
 957   98.400  #888988  137 5  0.0082
 958   98.400  #888989  137 6  0.0000
 959   98.800  #898988  137 7  0.0041
 960   99.000  #898989  138 1  0.0020
 961   99.100  #89898a  138 2  0.0010
 962   99.500  #8a8989  138 3  0.0040
 963   99.300  #8a898a  138 4  -0.0020
 964  100.200  #898a89  138 5  0.0090
 965  100.200  #898a8a  138 6  0.0000
 966  100.600  #8a8a89  138 7  0.0040
 967  100.800  #8a8a8a  139 1  0.0020
 968  100.800  #8a8a8b  139 2  0.0000
 969  101.000  #8b8a8a  139 3  0.0020
 970  101.300  #8b8a8b  139 4  0.0030
 971  101.800  #8a8b8a  139 5  0.0049
 972  102.300  #8a8b8b  139 6  0.0049
 973  102.300  #8b8b8a  139 7  0.0000
 974  102.400  #8b8b8b  140 1  0.0010
 975  102.800  #8b8b8c  140 2  0.0039
 976  102.800  #8c8b8b  140 3  0.0000
 977  103.100  #8c8b8c  140 4  0.0029
 978  103.800  #8b8c8b  140 5  0.0068
 979  103.900  #8b8c8c  140 6  0.0010
 980  104.300  #8c8c8b  140 7  0.0038
 981  104.500  #8c8c8c  141 1  0.0019
 982  104.500  #8c8c8d  141 2  0.0000
 983  104.800  #8d8c8c  141 3  0.0029
 984  105.100  #8d8c8d  141 4  0.0029
 985  105.700  #8c8d8c  141 5  0.0057
 986  105.900  #8c8d8d  141 6  0.0019
 987  106.200  #8d8d8c  141 7  0.0028
 988  106.200  #8d8d8d  142 1  0.0000
 989  106.400  #8d8d8e  142 2  0.0019
 990  106.800  #8e8d8d  142 3  0.0038
 991  107.100  #8e8d8e  142 4  0.0028
 992  107.600  #8d8e8d  142 5  0.0047
 993  107.800  #8d8e8e  142 6  0.0019
 994  108.000  #8e8e8d  142 7  0.0019
 995  108.200  #8e8e8e  143 1  0.0019
 996  108.500  #8e8e8f  143 2  0.0028
 997  108.600  #8f8e8e  143 3  0.0009
 998  108.900  #8f8e8f  143 4  0.0028
 999  109.500  #8e8f8e  143 5  0.0055
1000  109.900  #8e8f8f  143 6  0.0036
1001  110.000  #8f8f8e  143 7  0.0009
1002  110.100  #8f8f8f  144 1  0.0009
1003  110.100  #8f8f90  144 2  0.0000
1004  110.600  #908f8f  144 3  0.0045
1005  110.800  #908f90  144 4  0.0018
1006  111.500  #8f908f  144 5  0.0063
1007  111.800  #8f9090  144 6  0.0027
1008  111.700  #90908f  144 7  -0.0009
1009  112.100  #909090  145 1  0.0036
1010  112.300  #909091  145 2  0.0018
1011  112.700  #919090  145 3  0.0036
1012  112.800  #919091  145 4  0.0009
1013  113.300  #909190  145 5  0.0044
1014  113.700  #909191  145 6  0.0035
1015  113.800  #919190  145 7  0.0009
1016  113.900  #919191  146 1  0.0009
1017  114.300  #919192  146 2  0.0035
1018  114.400  #929191  146 3  0.0009
1019  114.800  #929192  146 4  0.0035
1020  115.300  #919291  146 5  0.0043
1021  115.700  #919292  146 6  0.0035
1022  115.800  #929291  146 7  0.0009
1023  116.200  #929292  147 1  0.0034
1024  116.300  #929293  147 2  0.0009
1025  116.400  #939292  147 3  0.0009
1026  116.700  #939293  147 4  0.0026
1027  117.500  #929392  147 5  0.0068
1028  117.700  #929393  147 6  0.0017
1029  118.100  #939392  147 7  0.0034
1030  118.000  #939393  148 1  -0.0008
1031  118.300  #939394  148 2  0.0025
1032  118.500  #949393  148 3  0.0017
1033  118.600  #949394  148 4  0.0008
1034  119.600  #939493  148 5  0.0084
1035  119.400  #939494  148 6  -0.0017
1036  120.000  #949493  148 7  0.0050
1037  120.200  #949494  149 1  0.0017
1038  120.100  #949495  149 2  -0.0008
1039  120.300  #959494  149 3  0.0017
1040  120.600  #959495  149 4  0.0025
1041  121.500  #949594  149 5  0.0074
1042  121.600  #949595  149 6  0.0008
1043  121.800  #959594  149 7  0.0016
1044  122.200  #959595  150 1  0.0033
1045  122.400  #959596  150 2  0.0016
1046  122.600  #969595  150 3  0.0016
1047  122.700  #969596  150 4  0.0008
1048  123.700  #959695  150 5  0.0081
1049  123.600  #959696  150 6  -0.0008
1050  124.100  #969695  150 7  0.0040
1051  124.200  #969696  151 1  0.0008
1052  124.300  #969697  151 2  0.0008
1053  124.700  #979696  151 3  0.0032
1054  125.000  #979697  151 4  0.0024
1055  125.500  #969796  151 5  0.0040
1056  125.800  #969797  151 6  0.0024
1057  126.000  #979796  151 7  0.0016
1058  126.100  #979797  152 1  0.0008
1059  126.300  #979798  152 2  0.0016
1060  126.800  #989797  152 3  0.0040
1061  126.900  #989798  152 4  0.0008
1062  127.700  #979897  152 5  0.0063
1063  127.900  #979898  152 6  0.0016
1064  128.300  #989897  152 7  0.0031
1065  128.100  #989898  153 1  -0.0016
1066  128.300  #989899  153 2  0.0016
1067  128.700  #999898  153 3  0.0031
1068  129.100  #999899  153 4  0.0031
1069  129.600  #989998  153 5  0.0039
1070  130.000  #989999  153 6  0.0031
1071  130.200  #999998  153 7  0.0015
1072  130.600  #999999  154 1  0.0031
1073  130.700  #99999a  154 2  0.0008
1074  131.000  #9a9999  154 3  0.0023
1075  130.900  #9a999a  154 4  -0.0008
1076  131.900  #999a99  154 5  0.0076
1077  131.900  #999a9a  154 6  0.0000
1078  132.200  #9a9a99  154 7  0.0023
1079  132.400  #9a9a9a  155 1  0.0015
1080  132.600  #9a9a9b  155 2  0.0015
1081  133.000  #9b9a9a  155 3  0.0030
1082  133.200  #9b9a9b  155 4  0.0015
1083  133.900  #9a9b9a  155 5  0.0052
1084  134.100  #9a9b9b  155 6  0.0015
1085  134.500  #9b9b9a  155 7  0.0030
1086  134.600  #9b9b9b  156 1  0.0007
1087  134.800  #9b9b9c  156 2  0.0015
1088  135.100  #9c9b9b  156 3  0.0022
1089  135.400  #9c9b9c  156 4  0.0022
1090  136.000  #9b9c9b  156 5  0.0044
1091  136.300  #9b9c9c  156 6  0.0022
1092  136.600  #9c9c9b  156 7  0.0022
1093  136.800  #9c9c9c  157 1  0.0015
1094  137.000  #9c9c9d  157 2  0.0015
1095  137.400  #9d9c9c  157 3  0.0029
1096  137.400  #9d9c9d  157 4  0.0000
1097  138.200  #9c9d9c  157 5  0.0058
1098  138.500  #9c9d9d  157 6  0.0022
1099  138.800  #9d9d9c  157 7  0.0022
1100  139.200  #9d9d9d  158 1  0.0029
1101  139.200  #9d9d9e  158 2  0.0000
1102  139.500  #9e9d9d  158 3  0.0022
1103  139.600  #9e9d9e  158 4  0.0007
1104  140.500  #9d9e9d  158 5  0.0064
1105  140.700  #9d9e9e  158 6  0.0014
1106  141.000  #9e9e9d  158 7  0.0021
1107  141.000  #9e9e9e  159 1  0.0000
1108  141.300  #9e9e9f  159 2  0.0021
1109  141.700  #9f9e9e  159 3  0.0028
1110  141.800  #9f9e9f  159 4  0.0007
1111  142.700  #9e9f9e  159 5  0.0063
1112  142.900  #9e9f9f  159 6  0.0014
1113  143.000  #9f9f9e  159 7  0.0007
1114  143.300  #9f9f9f  160 1  0.0021
1115  143.500  #9f9fa0  160 2  0.0014
1116  144.000  #a09f9f  160 3  0.0035
1117  144.100  #a09fa0  160 4  0.0007
1118  144.800  #9fa09f  160 5  0.0048
1119  145.100  #9fa0a0  160 6  0.0021
1120  145.300  #a0a09f  160 7  0.0014
1121  145.700  #a0a0a0  161 1  0.0027
1122  145.900  #a0a0a1  161 2  0.0014
1123  146.100  #a1a0a0  161 3  0.0014
1124  146.300  #a1a0a1  161 4  0.0014
1125  147.100  #a0a1a0  161 5  0.0055
1126  147.200  #a0a1a1  161 6  0.0007
1127  147.700  #a1a1a0  161 7  0.0034
1128  147.800  #a1a1a1  162 1  0.0007
1129  148.100  #a1a1a2  162 2  0.0020
1130  148.300  #a2a1a1  162 3  0.0013
1131  148.500  #a2a1a2  162 4  0.0013
1132  149.300  #a1a2a1  162 5  0.0054
1133  149.500  #a1a2a2  162 6  0.0013
1134  149.800  #a2a2a1  162 7  0.0020
1135  150.000  #a2a2a2  163 1  0.0013
1136  150.200  #a2a2a3  163 2  0.0013
1137  150.500  #a3a2a2  163 3  0.0020
1138  150.700  #a3a2a3  163 4  0.0013
1139  151.500  #a2a3a2  163 5  0.0053
1140  151.700  #a2a3a3  163 6  0.0013
1141  152.100  #a3a3a2  163 7  0.0026
1142  152.200  #a3a3a3  164 1  0.0007
1143  152.400  #a3a3a4  164 2  0.0013
1144  152.700  #a4a3a3  164 3  0.0020
1145  153.000  #a4a3a4  164 4  0.0020
1146  153.700  #a3a4a3  164 5  0.0046
1147  154.000  #a3a4a4  164 6  0.0019
1148  154.200  #a4a4a3  164 7  0.0013
1149  154.400  #a4a4a4  165 1  0.0013
1150  154.700  #a4a4a5  165 2  0.0019
1151  155.100  #a5a4a4  165 3  0.0026
1152  155.200  #a5a4a5  165 4  0.0006
1153  156.000  #a4a5a4  165 5  0.0051
1154  156.100  #a4a5a5  165 6  0.0006
1155  156.600  #a5a5a4  165 7  0.0032
1156  156.700  #a5a5a5  166 1  0.0006
1157  156.900  #a5a5a6  166 2  0.0013
1158  157.300  #a6a5a5  166 3  0.0025
1159  157.500  #a6a5a6  166 4  0.0013
1160  158.100  #a5a6a5  166 5  0.0038
1161  158.500  #a5a6a6  166 6  0.0025
1162  158.900  #a6a6a5  166 7  0.0025
1163  159.100  #a6a6a6  167 1  0.0013
1164  159.300  #a6a6a7  167 2  0.0013
1165  159.500  #a7a6a6  167 3  0.0013
1166  159.600  #a7a6a7  167 4  0.0006
1167  160.500  #a6a7a6  167 5  0.0056
1168  160.800  #a6a7a7  167 6  0.0019
1169  161.100  #a7a7a6  167 7  0.0019
1170  161.300  #a7a7a7  168 1  0.0012
1171  161.400  #a7a7a8  168 2  0.0006
1172  161.800  #a8a7a7  168 3  0.0025
1173  162.000  #a8a7a8  168 4  0.0012
1174  162.800  #a7a8a7  168 5  0.0049
1175  163.000  #a7a8a8  168 6  0.0012
1176  163.400  #a8a8a7  168 7  0.0025
1177  163.500  #a8a8a8  169 1  0.0006
1178  163.700  #a8a8a9  169 2  0.0012
1179  164.000  #a9a8a8  169 3  0.0018
1180  164.300  #a9a8a9  169 4  0.0018
1181  165.100  #a8a9a8  169 5  0.0049
1182  165.400  #a8a9a9  169 6  0.0018
1183  165.600  #a9a9a8  169 7  0.0012
1184  165.900  #a9a9a9  170 1  0.0018
1185  166.100  #a9a9aa  170 2  0.0012
1186  166.400  #aaa9a9  170 3  0.0018
1187  166.700  #aaa9aa  170 4  0.0018
1188  167.500  #a9aaa9  170 5  0.0048
1189  167.500  #a9aaaa  170 6  0.0000
1190  168.100  #aaaaa9  170 7  0.0036
1191  168.100  #aaaaaa  171 1  0.0000
1192  168.400  #aaaaab  171 2  0.0018
1193  168.700  #abaaaa  171 3  0.0018
1194  168.900  #abaaab  171 4  0.0012
1195  169.600  #aaabaa  171 5  0.0041
1196  170.100  #aaabab  171 6  0.0029
1197  170.400  #ababaa  171 7  0.0018
1198  170.600  #ababab  172 1  0.0012
1199  170.700  #ababac  172 2  0.0006
1200  171.400  #acabab  172 3  0.0041
1201  171.100  #acabac  172 4  -0.0018
1202  172.000  #abacab  172 5  0.0052
1203  172.300  #abacac  172 6  0.0017
1204  172.600  #acacab  172 7  0.0017
1205  172.800  #acacac  173 1  0.0012
1206  173.100  #acacad  173 2  0.0017
1207  173.200  #adacac  173 3  0.0006
1208  173.500  #adacad  173 4  0.0017
1209  174.400  #acadac  173 5  0.0052
1210  174.600  #acadad  173 6  0.0011
1211  174.900  #adadac  173 7  0.0017
1212  175.100  #adadad  174 1  0.0011
1213  175.200  #adadae  174 2  0.0006
1214  175.700  #aeadad  174 3  0.0028
1215  175.900  #aeadae  174 4  0.0011
1216  176.800  #adaead  174 5  0.0051
1217  176.900  #adaeae  174 6  0.0006
1218  177.100  #aeaead  174 7  0.0011
1219  177.300  #aeaeae  175 1  0.0011
1220  177.800  #aeaeaf  175 2  0.0028
1221  177.900  #afaeae  175 3  0.0006
1222  178.300  #afaeaf  175 4  0.0022
1223  179.000  #aeafae  175 5  0.0039
1224  178.000  #aeafaf  175 6  -0.0056
1225  179.000  #afafae  175 7  0.0056
1226  179.000  #afafaf  176 1  0.0000
1227  179.000  #afafb0  176 2  0.0000
1228  180.000  #b0afaf  176 3  0.0056
1229  180.000  #b0afb0  176 4  0.0000
1230  181.000  #afb0af  176 5  0.0055
1231  181.000  #afb0b0  176 6  0.0000
1232  182.000  #b0b0af  176 7  0.0055
1233  182.000  #b0b0b0  177 1  0.0000
1234  182.000  #b0b0b1  177 2  0.0000
1235  182.000  #b1b0b0  177 3  0.0000
1236  182.000  #b1b0b1  177 4  0.0000
1237  183.000  #b0b1b0  177 5  0.0055
1238  183.000  #b0b1b1  177 6  0.0000
1239  184.000  #b1b1b0  177 7  0.0054
1240  184.000  #b1b1b1  178 1  0.0000
1241  184.000  #b1b1b2  178 2  0.0000
1242  184.000  #b2b1b1  178 3  0.0000
1243  185.000  #b2b1b2  178 4  0.0054
1244  185.000  #b1b2b1  178 5  0.0000
1245  186.000  #b1b2b2  178 6  0.0054
1246  186.000  #b2b2b1  178 7  0.0000
1247  187.000  #b2b2b2  179 1  0.0054
1248  187.000  #b2b2b3  179 2  0.0000
1249  187.000  #b3b2b2  179 3  0.0000
1250  187.000  #b3b2b3  179 4  0.0000
1251  188.000  #b2b3b2  179 5  0.0053
1252  188.000  #b2b3b3  179 6  0.0000
1253  189.000  #b3b3b2  179 7  0.0053
1254  189.000  #b3b3b3  180 1  0.0000
1255  189.000  #b3b3b4  180 2  0.0000
1256  189.000  #b4b3b3  180 3  0.0000
1257  189.000  #b4b3b4  180 4  0.0000
1258  190.000  #b3b4b3  180 5  0.0053
1259  191.000  #b3b4b4  180 6  0.0052
1260  191.000  #b4b4b3  180 7  0.0000
1261  191.000  #b4b4b4  181 1  0.0000
1262  192.000  #b4b4b5  181 2  0.0052
1263  192.000  #b5b4b4  181 3  0.0000
1264  192.000  #b5b4b5  181 4  0.0000
1265  193.000  #b4b5b4  181 5  0.0052
1266  193.000  #b4b5b5  181 6  0.0000
1267  193.000  #b5b5b4  181 7  0.0000
1268  193.000  #b5b5b5  182 1  0.0000
1269  194.000  #b5b5b6  182 2  0.0052
1270  194.000  #b6b5b5  182 3  0.0000
1271  194.000  #b6b5b6  182 4  0.0000
1272  195.000  #b5b6b5  182 5  0.0051
1273  195.000  #b5b6b6  182 6  0.0000
1274  195.000  #b6b6b5  182 7  0.0000
1275  196.000  #b6b6b6  183 1  0.0051
1276  196.000  #b6b6b7  183 2  0.0000
1277  197.000  #b7b6b6  183 3  0.0051
1278  196.000  #b7b6b7  183 4  -0.0051
1279  198.000  #b6b7b6  183 5  0.0102
1280  198.000  #b6b7b7  183 6  0.0000
1281  198.000  #b7b7b6  183 7  0.0000
1282  198.000  #b7b7b7  184 1  0.0000
1283  198.000  #b7b7b8  184 2  0.0000
1284  199.000  #b8b7b7  184 3  0.0050
1285  199.000  #b8b7b8  184 4  0.0000
1286  200.000  #b7b8b7  184 5  0.0050
1287  200.000  #b7b8b8  184 6  0.0000
1288  200.000  #b8b8b7  184 7  0.0000
1289  200.000  #b8b8b8  185 1  0.0000
1290  201.000  #b8b8b9  185 2  0.0050
1291  201.000  #b9b8b8  185 3  0.0000
1292  201.000  #b9b8b9  185 4  0.0000
1293  202.000  #b8b9b8  185 5  0.0050
1294  202.000  #b8b9b9  185 6  0.0000
1295  202.000  #b9b9b8  185 7  0.0000
1296  203.000  #b9b9b9  186 1  0.0049
1297  203.000  #b9b9ba  186 2  0.0000
1298  203.000  #bab9b9  186 3  0.0000
1299  204.000  #bab9ba  186 4  0.0049
1300  204.000  #b9bab9  186 5  0.0000
1301  204.000  #b9baba  186 6  0.0000
1302  205.000  #babab9  186 7  0.0049
1303  205.000  #bababa  187 1  0.0000
1304  205.000  #bababb  187 2  0.0000
1305  205.000  #bbbaba  187 3  0.0000
1306  206.000  #bbbabb  187 4  0.0049
1307  206.000  #babbba  187 5  0.0000
1308  207.000  #babbbb  187 6  0.0048
1309  207.000  #bbbbba  187 7  0.0000
1310  207.000  #bbbbbb  188 1  0.0000
1311  208.000  #bbbbbc  188 2  0.0048
1312  208.000  #bcbbbb  188 3  0.0000
1313  208.000  #bcbbbc  188 4  0.0000
1314  209.000  #bbbcbb  188 5  0.0048
1315  209.000  #bbbcbc  188 6  0.0000
1316  210.000  #bcbcbb  188 7  0.0048
1317  210.000  #bcbcbc  189 1  0.0000
1318  210.000  #bcbcbd  189 2  0.0000
1319  210.000  #bdbcbc  189 3  0.0000
1320  211.000  #bdbcbd  189 4  0.0048
1321  211.000  #bcbdbc  189 5  0.0000
1322  211.000  #bcbdbd  189 6  0.0000
1323  212.000  #bdbdbc  189 7  0.0047
1324  212.000  #bdbdbd  190 1  0.0000
1325  212.000  #bdbdbe  190 2  0.0000
1326  213.000  #bebdbd  190 3  0.0047
1327  213.000  #bebdbe  190 4  0.0000
1328  213.000  #bdbebd  190 5  0.0000
1329  214.000  #bdbebe  190 6  0.0047
1330  214.000  #bebebd  190 7  0.0000
1331  214.000  #bebebe  191 1  0.0000
1332  215.000  #bebebf  191 2  0.0047
1333  215.000  #bfbebe  191 3  0.0000
1334  215.000  #bfbebf  191 4  0.0000
1335  216.000  #bebfbe  191 5  0.0046
1336  216.000  #bebfbf  191 6  0.0000
1337  217.000  #bfbfbe  191 7  0.0046
1338  217.000  #bfbfbf  192 1  0.0000
1339  217.000  #bfbfc0  192 2  0.0000
1340  217.000  #c0bfbf  192 3  0.0000
1341  218.000  #c0bfc0  192 4  0.0046
1342  219.000  #bfc0bf  192 5  0.0046
1343  219.000  #bfc0c0  192 6  0.0000
1344  219.000  #c0c0bf  192 7  0.0000
1345  220.000  #c0c0c0  193 1  0.0046
1346  220.000  #c0c0c1  193 2  0.0000
1347  220.000  #c1c0c0  193 3  0.0000
1348  221.000  #c1c0c1  193 4  0.0045
1349  222.000  #c0c1c0  193 5  0.0045
1350  222.000  #c0c1c1  193 6  0.0000
1351  222.000  #c1c1c0  193 7  0.0000
1352  223.000  #c1c1c1  194 1  0.0045
1353  223.000  #c1c1c2  194 2  0.0000
1354  223.000  #c2c1c1  194 3  0.0000
1355  223.000  #c2c1c2  194 4  0.0000
1356  225.000  #c1c2c1  194 5  0.0089
1357  225.000  #c1c2c2  194 6  0.0000
1358  225.000  #c2c2c1  194 7  0.0000
1359  226.000  #c2c2c2  195 1  0.0044
1360  226.000  #c2c2c3  195 2  0.0000
1361  226.000  #c3c2c2  195 3  0.0000
1362  226.000  #c3c2c3  195 4  0.0000
1363  227.000  #c2c3c2  195 5  0.0044
1364  228.000  #c2c3c3  195 6  0.0044
1365  228.000  #c3c3c2  195 7  0.0000
1366  228.000  #c3c3c3  196 1  0.0000
1367  229.000  #c3c3c4  196 2  0.0044
1368  229.000  #c4c3c3  196 3  0.0000
1369  229.000  #c4c3c4  196 4  0.0000
1370  230.000  #c3c4c3  196 5  0.0044
1371  231.000  #c3c4c4  196 6  0.0043
1372  231.000  #c4c4c3  196 7  0.0000
1373  232.000  #c4c4c4  197 1  0.0043
1374  232.000  #c4c4c5  197 2  0.0000
1375  232.000  #c5c4c4  197 3  0.0000
1376  232.000  #c5c4c5  197 4  0.0000
1377  233.000  #c4c5c4  197 5  0.0043
1378  234.000  #c4c5c5  197 6  0.0043
1379  234.000  #c5c5c4  197 7  0.0000
1380  234.000  #c5c5c5  198 1  0.0000
1381  235.000  #c5c5c6  198 2  0.0043
1382  235.000  #c6c5c5  198 3  0.0000
1383  236.000  #c6c5c6  198 4  0.0042
1384  237.000  #c5c6c5  198 5  0.0042
1385  237.000  #c5c6c6  198 6  0.0000
1386  237.000  #c6c6c5  198 7  0.0000
1387  237.000  #c6c6c6  199 1  0.0000
1388  238.000  #c6c6c7  199 2  0.0042
1389  238.000  #c7c6c6  199 3  0.0000
1390  238.000  #c7c6c7  199 4  0.0000
1391  239.000  #c6c7c6  199 5  0.0042
1392  240.000  #c6c7c7  199 6  0.0042
1393  240.000  #c7c7c6  199 7  0.0000
1394  240.000  #c7c7c7  200 1  0.0000
1395  241.000  #c7c7c8  200 2  0.0042
1396  241.000  #c8c7c7  200 3  0.0000
1397  241.000  #c8c7c8  200 4  0.0000
1398  242.000  #c7c8c7  200 5  0.0041
1399  243.000  #c7c8c8  200 6  0.0041
1400  243.000  #c8c8c7  200 7  0.0000
1401  244.000  #c8c8c8  201 1  0.0041
1402  244.000  #c8c8c9  201 2  0.0000
1403  244.000  #c9c8c8  201 3  0.0000
1404  244.000  #c9c8c9  201 4  0.0000
1405  245.000  #c8c9c8  201 5  0.0041
1406  246.000  #c8c9c9  201 6  0.0041
1407  246.000  #c9c9c8  201 7  0.0000
1408  247.000  #c9c9c9  202 1  0.0041
1409  247.000  #c9c9ca  202 2  0.0000
1410  247.000  #cac9c9  202 3  0.0000
1411  247.000  #cac9ca  202 4  0.0000
1412  249.000  #c9cac9  202 5  0.0081
1413  249.000  #c9caca  202 6  0.0000
1414  249.000  #cacac9  202 7  0.0000
1415  249.000  #cacaca  203 1  0.0000
1416  250.000  #cacacb  203 2  0.0040
1417  250.000  #cbcaca  203 3  0.0000
1418  250.000  #cbcacb  203 4  0.0000
1419  252.000  #cacbca  203 5  0.0080
1420  252.000  #cacbcb  203 6  0.0000
1421  252.000  #cbcbca  203 7  0.0000
1422  252.000  #cbcbcb  204 1  0.0000
1423  253.000  #cbcbcc  204 2  0.0040
1424  253.000  #cccbcb  204 3  0.0000
1425  254.000  #cccbcc  204 4  0.0039
1426  255.000  #cbcccb  204 5  0.0039
1427  255.000  #cbcccc  204 6  0.0000
1428  255.000  #cccccb  204 7  0.0000
1429  255.000  #cccccc  205 1  0.0000
1430  256.000  #cccccd  205 2  0.0039
1431  256.000  #cdcccc  205 3  0.0000
1432  256.000  #cdcccd  205 4  0.0000
1433  257.000  #cccdcc  205 5  0.0039
1434  258.000  #cccdcd  205 6  0.0039
1435  258.000  #cdcdcc  205 7  0.0000
1436  258.000  #cdcdcd  206 1  0.0000
1437  259.000  #cdcdce  206 2  0.0039
1438  259.000  #cecdcd  206 3  0.0000
1439  259.000  #cecdce  206 4  0.0000
1440  260.000  #cdcecd  206 5  0.0039
1441  261.000  #cdcece  206 6  0.0038
1442  261.000  #cececd  206 7  0.0000
1443  262.000  #cecece  207 1  0.0038
1444  262.000  #cececf  207 2  0.0000
1445  262.000  #cfcece  207 3  0.0000
1446  262.000  #cfcecf  207 4  0.0000
1447  263.000  #cecfce  207 5  0.0038
1448  264.000  #cecfcf  207 6  0.0038
1449  264.000  #cfcfce  207 7  0.0000
1450  264.000  #cfcfcf  208 1  0.0000
1451  265.000  #cfcfd0  208 2  0.0038
1452  265.000  #d0cfcf  208 3  0.0000
1453  265.000  #d0cfd0  208 4  0.0000
1454  266.000  #cfd0cf  208 5  0.0038
1455  266.000  #cfd0d0  208 6  0.0000
1456  267.000  #d0d0cf  208 7  0.0038
1457  267.000  #d0d0d0  209 1  0.0000
1458  267.000  #d0d0d1  209 2  0.0000
1459  268.000  #d1d0d0  209 3  0.0037
1460  268.000  #d1d0d1  209 4  0.0000
1461  269.000  #d0d1d0  209 5  0.0037
1462  269.000  #d0d1d1  209 6  0.0000
1463  270.000  #d1d1d0  209 7  0.0037
1464  270.000  #d1d1d1  210 1  0.0000
1465  270.000  #d1d1d2  210 2  0.0000
1466  271.000  #d2d1d1  210 3  0.0037
1467  271.000  #d2d1d2  210 4  0.0000
1468  272.000  #d1d2d1  210 5  0.0037
1469  272.000  #d1d2d2  210 6  0.0000
1470  272.000  #d2d2d1  210 7  0.0000
1471  273.000  #d2d2d2  211 1  0.0037
1472  273.000  #d2d2d3  211 2  0.0000
1473  274.000  #d3d2d2  211 3  0.0037
1474  274.000  #d3d2d3  211 4  0.0000
1475  275.000  #d2d3d2  211 5  0.0036
1476  275.000  #d2d3d3  211 6  0.0000
1477  275.000  #d3d3d2  211 7  0.0000
1478  276.000  #d3d3d3  212 1  0.0036
1479  276.000  #d3d3d4  212 2  0.0000
1480  277.000  #d4d3d3  212 3  0.0036
1481  277.000  #d4d3d4  212 4  0.0000
1482  278.000  #d3d4d3  212 5  0.0036
1483  278.000  #d3d4d4  212 6  0.0000
1484  279.000  #d4d4d3  212 7  0.0036
1485  279.000  #d4d4d4  213 1  0.0000
1486  279.000  #d4d4d5  213 2  0.0000
1487  279.000  #d5d4d4  213 3  0.0000
1488  279.000  #d5d4d5  213 4  0.0000
1489  281.000  #d4d5d4  213 5  0.0071
1490  281.000  #d4d5d5  213 6  0.0000
1491  281.000  #d5d5d4  213 7  0.0000
1492  282.000  #d5d5d5  214 1  0.0036
1493  282.000  #d5d5d6  214 2  0.0000
1494  282.000  #d6d5d5  214 3  0.0000
1495  282.000  #d6d5d6  214 4  0.0000
1496  284.000  #d5d6d5  214 5  0.0071
1497  284.000  #d5d6d6  214 6  0.0000
1498  285.000  #d6d6d5  214 7  0.0035
1499  284.000  #d6d6d6  215 1  -0.0035
1500  285.000  #d6d6d7  215 2  0.0035
1501  285.000  #d7d6d6  215 3  0.0000
1502  285.000  #d7d6d7  215 4  0.0000
1503  286.000  #d6d7d6  215 5  0.0035
1504  287.000  #d6d7d7  215 6  0.0035
1505  287.000  #d7d7d6  215 7  0.0000
1506  287.000  #d7d7d7  216 1  0.0000
1507  287.000  #d7d7d8  216 2  0.0000
1508  288.000  #d8d7d7  216 3  0.0035
1509  288.000  #d8d7d8  216 4  0.0000
1510  289.000  #d7d8d7  216 5  0.0035
1511  289.000  #d7d8d8  216 6  0.0000
1512  290.000  #d8d8d7  216 7  0.0035
1513  290.000  #d8d8d8  217 1  0.0000
1514  290.000  #d8d8d9  217 2  0.0000
1515  291.000  #d9d8d8  217 3  0.0034
1516  291.000  #d9d8d9  217 4  0.0000
1517  292.000  #d8d9d8  217 5  0.0034
1518  292.000  #d8d9d9  217 6  0.0000
1519  293.000  #d9d9d8  217 7  0.0034
1520  293.000  #d9d9d9  218 1  0.0000
1521  293.000  #d9d9da  218 2  0.0000
1522  294.000  #dad9d9  218 3  0.0034
1523  294.000  #dad9da  218 4  0.0000
1524  295.000  #d9dad9  218 5  0.0034
1525  295.000  #d9dada  218 6  0.0000
1526  296.000  #dadad9  218 7  0.0034
1527  296.000  #dadada  219 1  0.0000
1528  296.000  #dadadb  219 2  0.0000
1529  296.000  #dbdada  219 3  0.0000
1530  297.000  #dbdadb  219 4  0.0034
1531  298.000  #dadbda  219 5  0.0034
1532  298.000  #dadbdb  219 6  0.0000
1533  298.000  #dbdbda  219 7  0.0000
1534  299.000  #dbdbdb  220 1  0.0034
1535  299.000  #dbdbdc  220 2  0.0000
1536  300.000  #dcdbdb  220 3  0.0033
1537  300.000  #dcdbdc  220 4  0.0000
1538  300.000  #dbdcdb  220 5  0.0000
1539  301.000  #dbdcdc  220 6  0.0033
1540  301.000  #dcdcdb  220 7  0.0000
1541  301.000  #dcdcdc  221 1  0.0000
1542  302.000  #dcdcdd  221 2  0.0033
1543  302.000  #dddcdc  221 3  0.0000
1544  303.000  #dddcdd  221 4  0.0033
1545  304.000  #dcdddc  221 5  0.0033
1546  304.000  #dcdddd  221 6  0.0000
1547  304.000  #dddddc  221 7  0.0000
1548  304.000  #dddddd  222 1  0.0000
1549  305.000  #ddddde  222 2  0.0033
1550  305.000  #dedddd  222 3  0.0000
1551  305.000  #deddde  222 4  0.0000
1552  306.000  #dddedd  222 5  0.0033
1553  306.000  #dddede  222 6  0.0000
1554  306.000  #dededd  222 7  0.0000
1555  307.000  #dedede  223 1  0.0033
1556  307.000  #dededf  223 2  0.0000
1557  307.000  #dfdede  223 3  0.0000
1558  308.000  #dfdedf  223 4  0.0033
1559  309.000  #dedfde  223 5  0.0032
1560  309.000  #dedfdf  223 6  0.0000
1561  309.000  #dfdfde  223 7  0.0000
1562  310.000  #dfdfdf  224 1  0.0032
1563  310.000  #dfdfe0  224 2  0.0000
1564  310.000  #e0dfdf  224 3  0.0000
1565  310.000  #e0dfe0  224 4  0.0000
1566  311.000  #dfe0df  224 5  0.0032
1567  311.000  #dfe0e0  224 6  0.0000
1568  312.000  #e0e0df  224 7  0.0032
1569  312.000  #e0e0e0  225 1  0.0000
1570  312.000  #e0e0e1  225 2  0.0000
1571  313.000  #e1e0e0  225 3  0.0032
1572  313.000  #e1e0e1  225 4  0.0000
1573  314.000  #e0e1e0  225 5  0.0032
1574  314.000  #e0e1e1  225 6  0.0000
1575  314.000  #e1e1e0  225 7  0.0000
1576  315.000  #e1e1e1  226 1  0.0032
1577  315.000  #e1e1e2  226 2  0.0000
1578  315.000  #e2e1e1  226 3  0.0000
1579  315.000  #e2e1e2  226 4  0.0000
1580  316.000  #e1e2e1  226 5  0.0032
1581  316.000  #e1e2e2  226 6  0.0000
1582  317.000  #e2e2e1  226 7  0.0032
1583  317.000  #e2e2e2  227 1  0.0000
1584  317.000  #e2e2e3  227 2  0.0000
1585  317.000  #e3e2e2  227 3  0.0000
1586  318.000  #e3e2e3  227 4  0.0031
1587  319.000  #e2e3e2  227 5  0.0031
1588  319.000  #e2e3e3  227 6  0.0000
1589  319.000  #e3e3e2  227 7  0.0000
1590  319.000  #e3e3e3  228 1  0.0000
1591  320.000  #e3e3e4  228 2  0.0031
1592  320.000  #e4e3e3  228 3  0.0000
1593  320.000  #e4e3e4  228 4  0.0000
1594  321.000  #e3e4e3  228 5  0.0031
1595  321.000  #e3e4e4  228 6  0.0000
1596  322.000  #e4e4e3  228 7  0.0031
1597  322.000  #e4e4e4  229 1  0.0000
1598  322.000  #e4e4e5  229 2  0.0000
1599  322.000  #e5e4e4  229 3  0.0000
1600  322.000  #e5e4e5  229 4  0.0000
1601  323.000  #e4e5e4  229 5  0.0031
1602  324.000  #e4e5e5  229 6  0.0031
1603  324.000  #e5e5e4  229 7  0.0000
1604  324.000  #e5e5e5  230 1  0.0000
1605  324.000  #e5e5e6  230 2  0.0000
1606  325.000  #e6e5e5  230 3  0.0031
1607  325.000  #e6e5e6  230 4  0.0000
1608  326.000  #e5e6e5  230 5  0.0031
1609  326.000  #e5e6e6  230 6  0.0000
1610  327.000  #e6e6e5  230 7  0.0031
1611  327.000  #e6e6e6  231 1  0.0000
1612  327.000  #e6e6e7  231 2  0.0000
1613  327.000  #e7e6e6  231 3  0.0000
1614  327.000  #e7e6e7  231 4  0.0000
1615  328.000  #e6e7e6  231 5  0.0031
1616  329.000  #e6e7e7  231 6  0.0030
1617  329.000  #e7e7e6  231 7  0.0000
1618  329.000  #e7e7e7  232 1  0.0000
1619  330.000  #e7e7e8  232 2  0.0030
1620  330.000  #e8e7e7  232 3  0.0000
1621  330.000  #e8e7e8  232 4  0.0000
1622  331.000  #e7e8e7  232 5  0.0030
1623  331.000  #e7e8e8  232 6  0.0000
1624  331.000  #e8e8e7  232 7  0.0000
1625  331.000  #e8e8e8  233 1  0.0000
1626  332.000  #e8e8e9  233 2  0.0030
1627  332.000  #e9e8e8  233 3  0.0000
1628  332.000  #e9e8e9  233 4  0.0000
1629  333.000  #e8e9e8  233 5  0.0030
1630  334.000  #e8e9e9  233 6  0.0030
1631  334.000  #e9e9e8  233 7  0.0000
1632  334.000  #e9e9e9  234 1  0.0000
1633  334.000  #e9e9ea  234 2  0.0000
1634  335.000  #eae9e9  234 3  0.0030
1635  335.000  #eae9ea  234 4  0.0000
1636  336.000  #e9eae9  234 5  0.0030
1637  336.000  #e9eaea  234 6  0.0000
1638  336.000  #eaeae9  234 7  0.0000
1639  336.000  #eaeaea  235 1  0.0000
1640  336.000  #eaeaeb  235 2  0.0000
1641  337.000  #ebeaea  235 3  0.0030
1642  337.000  #ebeaeb  235 4  0.0000
1643  338.000  #eaebea  235 5  0.0030
1644  338.000  #eaebeb  235 6  0.0000
1645  338.000  #ebebea  235 7  0.0000
1646  339.000  #ebebeb  236 1  0.0030
1647  339.000  #ebebec  236 2  0.0000
1648  339.000  #ecebeb  236 3  0.0000
1649  340.000  #ecebec  236 4  0.0029
1650  340.000  #ebeceb  236 5  0.0000
1651  340.000  #ebecec  236 6  0.0000
1652  341.000  #ececeb  236 7  0.0029
1653  341.000  #ececec  237 1  0.0000
1654  341.000  #ececed  237 2  0.0000
1655  341.000  #edecec  237 3  0.0000
1656  341.000  #edeced  237 4  0.0000
1657  342.000  #ecedec  237 5  0.0029
1658  342.000  #eceded  237 6  0.0000
1659  343.000  #ededec  237 7  0.0029
1660  343.000  #ededed  238 1  0.0000
1661  344.000  #ededee  238 2  0.0029
1662  343.000  #eeeded  238 3  -0.0029
1663  344.000  #eeedee  238 4  0.0029
1664  345.000  #edeeed  238 5  0.0029
1665  345.000  #edeeee  238 6  0.0000
1666  345.000  #eeeeed  238 7  0.0000
1667  345.000  #eeeeee  239 1  0.0000
1668  346.000  #eeeeef  239 2  0.0029
1669  346.000  #efeeee  239 3  0.0000
1670  346.000  #efeeef  239 4  0.0000
1671  347.000  #eeefee  239 5  0.0029
1672  347.000  #eeefef  239 6  0.0000
1673  347.000  #efefee  239 7  0.0000
1674  347.000  #efefef  240 1  0.0000
1675  347.000  #efeff0  240 2  0.0000
1676  348.000  #f0efef  240 3  0.0029
1677  348.000  #f0eff0  240 4  0.0000
1678  349.000  #eff0ef  240 5  0.0029
1679  349.000  #eff0f0  240 6  0.0000
1680  349.000  #f0f0ef  240 7  0.0000
1681  349.000  #f0f0f0  241 1  0.0000
1682  350.000  #f0f0f1  241 2  0.0029
1683  350.000  #f1f0f0  241 3  0.0000
1684  350.000  #f1f0f1  241 4  0.0000
1685  351.000  #f0f1f0  241 5  0.0029
1686  351.000  #f0f1f1  241 6  0.0000
1687  351.000  #f1f1f0  241 7  0.0000
1688  351.000  #f1f1f1  242 1  0.0000
1689  351.000  #f1f1f2  242 2  0.0000
1690  352.000  #f2f1f1  242 3  0.0028
1691  352.000  #f2f1f2  242 4  0.0000
1692  353.000  #f1f2f1  242 5  0.0028
1693  352.000  #f1f2f2  242 6  -0.0028
1694  353.000  #f2f2f1  242 7  0.0028
1695  353.000  #f2f2f2  243 1  0.0000
1696  353.000  #f2f2f3  243 2  0.0000
1697  353.000  #f3f2f2  243 3  0.0000
1698  354.000  #f3f2f3  243 4  0.0028
1699  355.000  #f2f3f2  243 5  0.0028
1700  354.000  #f2f3f3  243 6  -0.0028
1701  355.000  #f3f3f2  243 7  0.0028
1702  355.000  #f3f3f3  244 1  0.0000
1703  355.000  #f3f3f4  244 2  0.0000
1704  355.000  #f4f3f3  244 3  0.0000
1705  355.000  #f4f3f4  244 4  0.0000
1706  356.000  #f3f4f3  244 5  0.0028
1707  356.000  #f3f4f4  244 6  0.0000
1708  356.000  #f4f4f3  244 7  0.0000
1709  357.000  #f4f4f4  245 1  0.0028
1710  357.000  #f4f4f5  245 2  0.0000
1711  357.000  #f5f4f4  245 3  0.0000
1712  358.000  #f5f4f5  245 4  0.0028
1713  358.000  #f4f5f4  245 5  0.0000
1714  358.000  #f4f5f5  245 6  0.0000
1715  358.000  #f5f5f4  245 7  0.0000
1716  359.000  #f5f5f5  246 1  0.0028
1717  359.000  #f5f5f6  246 2  0.0000
1718  359.000  #f6f5f5  246 3  0.0000
1719  359.000  #f6f5f6  246 4  0.0000
1720  359.000  #f5f6f5  246 5  0.0000
1721  360.000  #f5f6f6  246 6  0.0028
1722  360.000  #f6f6f5  246 7  0.0000
1723  360.000  #f6f6f6  247 1  0.0000
1724  361.000  #f6f6f7  247 2  0.0028
1725  360.000  #f7f6f6  247 3  -0.0028
1726  361.000  #f7f6f7  247 4  0.0028
1727  361.000  #f6f7f6  247 5  0.0000
1728  362.000  #f6f7f7  247 6  0.0028
1729  362.000  #f7f7f6  247 7  0.0000
1730  362.000  #f7f7f7  248 1  0.0000
1731  362.000  #f7f7f8  248 2  0.0000
1732  362.000  #f8f7f7  248 3  0.0000
1733  362.000  #f8f7f8  248 4  0.0000
1734  363.000  #f7f8f7  248 5  0.0028
1735  363.000  #f7f8f8  248 6  0.0000
1736  364.000  #f8f8f7  248 7  0.0028
1737  364.000  #f8f8f8  249 1  0.0000
1738  364.000  #f8f8f9  249 2  0.0000
1739  363.000  #f9f8f8  249 3  -0.0028
1740  364.000  #f9f8f9  249 4  0.0028
1741  364.000  #f8f9f8  249 5  0.0000
1742  365.000  #f8f9f9  249 6  0.0027
1743  365.000  #f9f9f8  249 7  0.0000
1744  365.000  #f9f9f9  250 1  0.0000
1745  365.000  #f9f9fa  250 2  0.0000
1746  366.000  #faf9f9  250 3  0.0027
1747  365.000  #faf9fa  250 4  -0.0027
1748  366.000  #f9faf9  250 5  0.0027
1749  366.000  #f9fafa  250 6  0.0000
1750  366.000  #fafaf9  250 7  0.0000
1751  366.000  #fafafa  251 1  0.0000
1752  366.000  #fafafb  251 2  0.0000
1753  366.000  #fbfafa  251 3  0.0000
1754  366.000  #fbfafb  251 4  0.0000
1755  367.000  #fafbfa  251 5  0.0027
1756  367.000  #fafbfb  251 6  0.0000
1757  367.000  #fbfbfa  251 7  0.0000
1758  367.000  #fbfbfb  252 1  0.0000
1759  367.000  #fbfbfc  252 2  0.0000
1760  368.000  #fcfbfb  252 3  0.0027
1761  368.000  #fcfbfc  252 4  0.0000
1762  368.000  #fbfcfb  252 5  0.0000
1763  369.000  #fbfcfc  252 6  0.0027
1764  368.000  #fcfcfb  252 7  -0.0027
1765  368.000  #fcfcfc  253 1  0.0000
1766  368.000  #fcfcfd  253 2  0.0000
1767  368.000  #fdfcfc  253 3  0.0000
1768  369.000  #fdfcfd  253 4  0.0027
1769  369.000  #fcfdfc  253 5  0.0000
1770  369.000  #fcfdfd  253 6  0.0000
1771  369.000  #fdfdfc  253 7  0.0000
1772  369.000  #fdfdfd  254 1  0.0000
1773  369.000  #fdfdfe  254 2  0.0000
1774  370.000  #fefdfd  254 3  0.0027
1775  369.000  #fefdfe  254 4  -0.0027
1776  370.000  #fdfefd  254 5  0.0027
1777  370.000  #fdfefe  254 6  0.0000
1778  370.000  #fefefd  254 7  0.0000
1779  370.000  #fefefe  255 1  0.0000
1780  370.000  #fefeff  255 2  0.0000
1781  371.000  #fffefe  255 3  0.0027
1782  371.000  #fffeff  255 4  0.0000
1783  370.000  #fefffe  255 5  -0.0027
1784  371.000  #feffff  255 6  0.0027
1785  371.000  #fffffe  255 7  0.0000
1786  371.000  #ffffff  256 1  0.0000
