# LutGenerate 2.4 - 10/28/09 17:25:15 - #  Display ID: L200ME_810KCGW4Y151
# Ambient = 0.15   Max. Luminance = 254.620   Luminance Ratio = 350.00
#  lumResponse vers. 1.8 - 10/28/09 17:22:18
#  iLdelay=1  avgN=1  ILlimit_plus=0.20 ILlimit_minus=-0.05  R=22.4% G=67.1% B=10.6%
 DV    R    G    B     target Lum+Lamb   uLR Lum+Lamb
  1:  016  017  016           0.727      0.724
  2:  018  018  018           0.772      0.771
  3:  019  019  019           0.817      0.844
  4:  019  019  020           0.864      0.855
  5:  021  020  021           0.912      0.916
  6:  021  021  020           0.963      0.947
  7:  022  021  021           1.014      1.011
  8:  021  022  021           1.068      1.056
  9:  023  022  022           1.123      1.129
 10:  023  023  023           1.180      1.163
 11:  024  023  024           1.239      1.243
 12:  023  024  023           1.299      1.282
 13:  026  025  025           1.362      1.380
 14:  024  025  025           1.426      1.411
 15:  027  026  027           1.492      1.511
 16:  026  027  026           1.560      1.557
 17:  028  027  028           1.629      1.674
 18:  028  027  027           1.701      1.692
 19:  027  027  026           1.775      1.738
 20:  029  028  028           1.851      1.856
 21:  028  028  029           1.929      1.879
 22:  030  029  030           2.009      2.011
 23:  030  030  029           2.091      2.037
 24:  032  031  032           2.175      2.176
 25:  031  031  031           2.261      2.225
 26:  033  032  033           2.349      2.353
 27:  034  033  034           2.440      2.497
 28:  033  034  033           2.533      2.533
 29:  035  034  035           2.628      2.668
 30:  034  035  034           2.726      2.731
 31:  036  035  035           2.826      2.849
 32:  036  036  037           2.928      2.875
 33:  037  037  038           3.033      3.032
 34:  039  038  039           3.140      3.203
 35:  038  038  038           3.250      3.255
 36:  040  039  039           3.362      3.402
 37:  038  039  039           3.476      3.435
 38:  041  040  041           3.594      3.591
 39:  040  040  040           3.714      3.656
 40:  041  041  040           3.836      3.837
 41:  041  042  041           3.962      3.855
 42:  043  042  043           4.090      4.085
 43:  044  043  044           4.221      4.292
 44:  043  044  043           4.354      4.354
 45:  045  044  044           4.491      4.543
 46:  044  045  045           4.630      4.586
 47:  047  046  046           4.773      4.810
 48:  046  046  047           4.918      4.863
 49:  048  047  048           5.067      5.061
 50:  047  047  047           5.218      5.128
 51:  048  048  049           5.373      5.371
 52:  050  049  049           5.531      5.628
 53:  049  050  050           5.692      5.677
 54:  051  050  051           5.856      5.909
 55:  051  051  050           6.024      5.988
 56:  053  052  052           6.194      6.211
 57:  051  052  052           6.369      6.265
 58:  054  053  054           6.546      6.553
 59:  055  054  055           6.728      6.839
 60:  054  054  053           6.912      6.908
 61:  056  055  055           7.101      7.136
 62:  055  056  056           7.293      7.189
 63:  057  056  056           7.488      7.495
 64:  058  057  058           7.688      7.814
 65:  057  058  058           7.891      7.882
 66:  060  059  059           8.098      8.183
 67:  059  059  060           8.309      8.256
 68:  061  060  061           8.524      8.517
 69:  059  060  059           8.743      8.620
 70:  062  061  061           8.966      8.969
 71:  061  062  061           9.193      9.056
 72:  063  063  063           9.424      9.425
 73:  064  063  064           9.659      9.784
 74:  064  064  063           9.899      9.901
 75:  065  064  065          10.143     10.293
 76:  064  065  064          10.392     10.402
 77:  067  066  066          10.645     10.763
 78:  066  066  067          10.902     10.846
 79:  068  067  068          11.164     11.209
 80:  066  067  066          11.431     11.369
 81:  069  068  069          11.703     11.792
 82:  068  068  068          11.979     11.928
 83:  070  069  069          12.260     12.335
 84:  069  069  070          12.547     12.438
 85:  071  070  071          12.838     12.844
 86:  071  071  071          13.134     12.986
 87:  072  071  072          13.435     13.469
 88:  071  072  071          13.742     13.611
 89:  073  072  072          14.054     14.062
 90:  073  073  074          14.371     14.179
 91:  075  074  074          14.694     14.698
 92:  074  074  073          15.022     14.805
 93:  075  075  074          15.356     15.365
 94:  075  076  075          15.695     15.481
 95:  076  076  076          16.040     16.041
 96:  078  077  078          16.391     16.600
 97:  078  078  077          16.748     16.750
 98:  079  079  078          17.111     17.273
 99:  078  079  079          17.480     17.421
100:  080  079  079          17.855     18.051
101:  079  080  080          18.237     18.174
102:  082  081  082          18.624     18.691
103:  081  081  081          19.018     18.873
104:  083  082  082          19.419     19.442
105:  082  083  083          19.826     19.563
106:  083  083  082          20.240     20.234
107:  085  084  085          20.661     20.884
108:  084  084  084          21.088     21.082
109:  086  085  085          21.523     21.665
110:  085  086  086          21.965     21.789
111:  088  087  087          22.413     22.444
112:  086  087  087          22.869     22.584
113:  088  088  087          23.333     23.335
114:  090  089  089          23.804     23.938
115:  088  089  089          24.282     24.076
116:  091  090  090          24.768     24.773
117:  092  091  092          25.262     25.526
118:  092  092  091          25.764     25.742
119:  093  092  092          26.274     26.341
120:  092  092  093          26.791     26.476
121:  094  094  093          27.318     27.301
122:  096  095  096          27.852     27.984
123:  094  095  094          28.395     28.192
124:  095  096  096          28.946     28.956
125:  098  097  098          29.507     29.668
126:  097  097  097          30.076     29.893
127:  099  099  098          30.653     30.663
128:  100  099  099          31.240     31.430
129:  099  099  100          31.837     31.592
130:  100  101  100          32.442     32.447
131:  103  102  103          33.057     33.166
132:  101  102  101          33.681     33.391
133:  102  103  103          34.315     34.215
134:  105  104  104          34.959     34.949
135:  106  105  106          35.613     35.861
136:  105  105  104          36.277     36.096
137:  107  107  108          36.952     36.966
138:  108  107  108          37.636     37.682
139:  110  109  110          38.332     38.642
140:  108  109  108          39.037     38.846
141:  110  110  110          39.754     39.681
142:  111  112  112          40.482     40.486
143:  113  112  113          41.221     41.312
144:  114  114  113          41.971     42.214
145:  115  114  115          42.732     43.064
146:  114  115  114          43.505     43.275
147:  115  116  116          44.290     44.115
148:  116  117  116          45.087     45.073
149:  119  118  119          45.896     45.870
150:  120  119  119          46.717     46.766
151:  121  120  120          47.550     47.741
152:  122  121  122          48.396     48.581
153:  124  123  123          49.255     49.497
154:  122  123  123          50.127     49.714
155:  123  124  124          51.012     50.745
156:  125  125  124          51.910     51.829
157:  126  126  127          52.822     52.822
158:  128  128  127          53.747     53.898
159:  129  128  129          54.686     55.060
160:  129  129  129          55.640     55.339
161:  129  130  130          56.607     56.430
162:  132  131  132          57.589     57.604
163:  133  132  133          58.585     58.644
164:  134  134  133          59.597     59.846
165:  135  134  135          60.623     61.016
166:  134  135  134          61.665     61.281
167:  136  136  136          62.722     62.702
168:  138  137  138          63.795     63.822
169:  139  138  139          64.883     64.931
170:  140  139  140          65.988     66.348
171:  139  140  139          67.109     66.644
172:  140  140  141          68.247     67.883
173:  141  142  141          69.401     69.211
174:  142  143  143          70.573     70.581
175:  144  144  143          71.761     71.756
176:  146  145  146          72.967     73.057
177:  147  146  147          74.191     74.558
178:  148  148  147          75.433     75.955
179:  147  147  148          76.693     76.235
180:  149  149  149          77.972     77.693
181:  149  150  149          79.269     79.242
182:  150  151  150          80.585     80.554
183:  153  152  153          81.920     81.859
184:  154  153  153          83.275     83.340
185:  155  155  155          84.650     84.988
186:  156  155  156          86.045     86.461
187:  158  157  157          87.460     88.000
188:  157  157  158          88.895     88.295
189:  157  158  158          90.352     90.133
190:  158  159  158          91.829     91.723
191:  159  160  160          93.328     93.210
192:  161  162  161          94.849     94.788
193:  162  162  163          96.392     96.383
194:  163  164  163          97.957     97.939
195:  165  164  164          99.545     99.587
196:  166  166  166         101.156    101.140
197:  168  167  167         102.790    102.800
198:  168  168  167         104.448    104.540
199:  170  169  170         106.130    106.090
200:  172  171  171         107.836    107.830
201:  173  172  172         109.567    109.590
202:  174  173  173         111.322    111.380
203:  175  174  175         113.103    113.050
204:  175  176  175         114.909    114.890
205:  176  177  176         116.742    116.790
206:  177  177  178         118.600    118.430
207:  178  179  178         120.486    120.110
208:  179  180  179         122.398    121.960
209:  183  182  183         124.338    124.930
210:  184  183  184         126.306    126.840
211:  185  184  184         128.302    128.600
212:  187  186  186         130.327    130.350
213:  186  187  187         132.380    132.330
214:  187  188  188         134.463    134.200
215:  191  191  190         136.576    137.190
216:  192  191  191         138.718    139.030
217:  193  192  192         140.892    140.830
218:  193  194  194         143.096    142.660
219:  195  195  196         145.332    144.670
220:  198  197  197         147.600    147.920
221:  199  199  198         149.900    150.010
222:  199  200  199         152.233    152.260
223:  200  201  201         154.599    154.060
224:  203  203  203         156.999    157.530
225:  205  204  204         159.433    159.450
226:  206  206  207         161.901    161.900
227:  206  207  206         164.405    163.800
228:  210  209  210         166.944    167.370
229:  211  210  211         169.519    169.690
230:  211  211  212         172.131    172.100
231:  212  213  212         174.780    174.110
232:  215  215  214         177.466    177.830
233:  216  217  217         180.191    180.180
234:  217  218  217         182.954    182.660
235:  220  219  220         185.756    186.160
236:  220  221  221         188.598    188.610
237:  223  223  223         191.480    192.230
238:  225  224  225         194.403    194.380
239:  225  225  226         197.367    196.790
240:  228  228  227         200.373    200.410
241:  229  229  230         203.422    203.160
242:  231  231  230         206.514    207.070
243:  233  232  232         209.649    209.820
244:  233  234  233         212.828    212.600
245:  236  236  235         216.053    216.610
246:  236  237  236         219.323    219.160
247:  240  239  239         222.639    223.040
248:  240  241  240         226.001    225.620
249:  244  243  243         229.412    229.630
250:  243  244  243         232.870    232.320
251:  246  247  247         236.377    236.380
252:  249  249  248         239.933    240.510
253:  249  250  249         243.539    243.050
254:  250  251  250         247.196    246.670
255:  251  252  252         250.905    251.120
256:  255  255  255         254.620    254.730
