#  lumResponse vers. 1.6 - 01/23/07 14:31:52
#  Display ID: DELL_2707WFP_TJ2986C203BS
#  iLdelay=1  avgN=1  ILlimit_plus=0.20 ILlimit_minus=-0.05  R=25.7% G=65.7% B=8.6%
#  98.1  #ff0000
#  251.0  #00ff00
#  32.9  #0000ff
   1    0.274  #000000    1 1  0.0000
   2    0.276  #000001    1 2  0.0073
   3    0.281  #010000    1 3  0.0180
   4    0.284  #010001    1 4  0.0106
   5    0.295  #000100    1 5  0.0380
   6    0.297  #000101    1 6  0.0068
   7    0.302  #010100    1 7  0.0167
   8    0.305  #010101    2 1  0.0099
   9    0.307  #010102    2 2  0.0065
  10    0.312  #020101    2 3  0.0162
  11    0.315  #020102    2 4  0.0096
  12    0.325  #010201    2 5  0.0313
  13    0.328  #010202    2 6  0.0092
  14    0.333  #020201    2 7  0.0151
  15    0.336  #020202    3 1  0.0090
  16    0.338  #020203    3 2  0.0059
  17    0.348  #030202    3 3  0.0292
  18    0.351  #030203    3 4  0.0086
  19    0.360  #020302    3 5  0.0253
  20    0.362  #020303    3 6  0.0055
  21    0.373  #030302    3 7  0.0299
  22    0.375  #030303    4 1  0.0053
  23    0.379  #030304    4 2  0.0106
  24    0.386  #040303    4 3  0.0183
  25    0.389  #040304    4 4  0.0077
  26    0.403  #030403    4 5  0.0354
  27    0.406  #030404    4 6  0.0074
  28    0.413  #040403    4 7  0.0171
  29    0.417  #040404    5 1  0.0096
  30    0.420  #040405    5 2  0.0072
  31    0.428  #050404    5 3  0.0189
  32    0.432  #050405    5 4  0.0093
  33    0.448  #040504    5 5  0.0364
  34    0.451  #040505    5 6  0.0067
  35    0.460  #050504    5 7  0.0198
  36    0.463  #050505    6 1  0.0065
  37    0.468  #050506    6 2  0.0107
  38    0.480  #060505    6 3  0.0253
  39    0.484  #060506    6 4  0.0083
  40    0.499  #050605    6 5  0.0305
  41    0.503  #050606    6 6  0.0080
  42    0.515  #060605    6 7  0.0236
  43    0.520  #060606    7 1  0.0097
  44    0.523  #060607    7 2  0.0058
  45    0.535  #070606    7 3  0.0227
  46    0.538  #070607    7 4  0.0056
  47    0.560  #060706    7 5  0.0401
  48    0.564  #060707    7 6  0.0071
  49    0.575  #070706    7 7  0.0193
  50    0.578  #070707    8 1  0.0052
  51    0.584  #070708    8 2  0.0103
  52    0.600  #080707    8 3  0.0270
  53    0.606  #080708    8 4  0.0100
  54    0.624  #070807    8 5  0.0293
  55    0.629  #070808    8 6  0.0080
  56    0.645  #080807    8 7  0.0251
  57    0.651  #080808    9 1  0.0093
  58    0.657  #080809    9 2  0.0092
  59    0.671  #090808    9 3  0.0211
  60    0.677  #090809    9 4  0.0089
  61    0.702  #080908    9 5  0.0363
  62    0.708  #080909    9 6  0.0085
  63    0.722  #090908    9 7  0.0196
  64    0.728  #090909   10 1  0.0083
  65    0.735  #09090a   10 2  0.0096
  66    0.750  #0a0909   10 3  0.0202
  67    0.757  #0a090a   10 4  0.0093
  68    0.786  #090a09   10 5  0.0376
  69    0.793  #090a0a   10 6  0.0089
  70    0.809  #0a0a09   10 7  0.0200
  71    0.816  #0a0a0a   11 1  0.0086
  72    0.822  #0a0a0b   11 2  0.0073
  73    0.840  #0b0a0a   11 3  0.0217
  74    0.847  #0b0a0b   11 4  0.0083
  75    0.881  #0a0b0a   11 5  0.0394
  76    0.888  #0a0b0b   11 6  0.0079
  77    0.906  #0b0b0a   11 7  0.0201
  78    0.912  #0b0b0b   12 1  0.0066
  79    0.921  #0b0b0c   12 2  0.0098
  80    0.941  #0c0b0b   12 3  0.0215
  81    0.950  #0c0b0c   12 4  0.0095
  82    0.985  #0b0c0b   12 5  0.0362
  83    0.994  #0b0c0c   12 6  0.0091
  84    1.013  #0c0c0b   12 7  0.0189
  85    1.023  #0c0c0c   13 1  0.0098
  86    1.033  #0c0c0d   13 2  0.0097
  87    1.055  #0d0c0c   13 3  0.0211
  88    1.065  #0d0c0d   13 4  0.0094
  89    1.107  #0c0d0c   13 5  0.0387
  90    1.117  #0c0d0d   13 6  0.0090
  91    1.139  #0d0d0c   13 7  0.0195
  92    1.150  #0d0d0d   14 1  0.0096
  93    1.158  #0d0d0e   14 2  0.0069
  94    1.184  #0e0d0d   14 3  0.0222
  95    1.193  #0e0d0e   14 4  0.0076
  96    1.243  #0d0e0d   14 5  0.0411
  97    1.252  #0d0e0e   14 6  0.0072
  98    1.279  #0e0e0d   14 7  0.0213
  99    1.287  #0e0e0e   15 1  0.0062
 100    1.299  #0e0e0f   15 2  0.0093
 101    1.326  #0f0e0e   15 3  0.0206
 102    1.340  #0f0e0f   15 4  0.0105
 103    1.394  #0e0f0e   15 5  0.0395
 104    1.406  #0e0f0f   15 6  0.0086
 105    1.432  #0f0f0e   15 7  0.0183
 106    1.444  #0f0f0f   16 1  0.0083
 107    1.460  #0f0f10   16 2  0.0110
 108    1.489  #100f0f   16 3  0.0197
 109    1.503  #100f10   16 4  0.0094
 110    1.561  #0f100f   16 5  0.0379
 111    1.575  #0f1010   16 6  0.0089
 112    1.604  #10100f   16 7  0.0182
 113    1.620  #101010   17 1  0.0099
 114    1.629  #101011   17 2  0.0055
 115    1.665  #111010   17 3  0.0219
 116    1.675  #111011   17 4  0.0060
 117    1.746  #101110   17 5  0.0415
 118    1.757  #101111   17 6  0.0063
 119    1.790  #111110   17 7  0.0186
 120    1.800  #111111   18 1  0.0056
 121    1.810  #111112   18 2  0.0055
 122    1.850  #121111   18 3  0.0219
 123    1.860  #121112   18 4  0.0054
 124    1.940  #111211   18 5  0.0421
 125    1.960  #111212   18 6  0.0103
 126    1.990  #121211   18 7  0.0152
 127    2.000  #121212   19 1  0.0050
 128    2.020  #121213   19 2  0.0100
 129    2.060  #131212   19 3  0.0196
 130    2.080  #131213   19 4  0.0097
 131    2.150  #121312   19 5  0.0331
 132    2.170  #121313   19 6  0.0093
 133    2.210  #131312   19 7  0.0183
 134    2.230  #131313   20 1  0.0090
 135    2.250  #131314   20 2  0.0089
 136    2.310  #141313   20 3  0.0263
 137    2.330  #141314   20 4  0.0086
 138    2.390  #131413   20 5  0.0254
 139    2.410  #131414   20 6  0.0083
 140    2.480  #141413   20 7  0.0286
 141    2.500  #141414   21 1  0.0080
 142    2.510  #141415   21 2  0.0040
 143    2.560  #151414   21 3  0.0197
 144    2.570  #151415   21 4  0.0039
 145    2.670  #141514   21 5  0.0382
 146    2.690  #141515   21 6  0.0075
 147    2.730  #151514   21 7  0.0148
 148    2.740  #151515   22 1  0.0037
 149    2.760  #151516   22 2  0.0073
 150    2.810  #161515   22 3  0.0180
 151    2.830  #161516   22 4  0.0071
 152    2.920  #151615   22 5  0.0313
 153    2.940  #151616   22 6  0.0068
 154    2.980  #161615   22 7  0.0135
 155    3.000  #161616   23 1  0.0067
 156    3.030  #161617   23 2  0.0100
 157    3.070  #171616   23 3  0.0131
 158    3.090  #171617   23 4  0.0065
 159    3.190  #161716   23 5  0.0318
 160    3.210  #161717   23 6  0.0063
 161    3.260  #171716   23 7  0.0155
 162    3.280  #171717   24 1  0.0061
 163    3.300  #171718   24 2  0.0061
 164    3.360  #181717   24 3  0.0180
 165    3.380  #181718   24 4  0.0059
 166    3.470  #171817   24 5  0.0263
 167    3.490  #171818   24 6  0.0057
 168    3.550  #181817   24 7  0.0170
 169    3.570  #181818   25 1  0.0056
 170    3.590  #181819   25 2  0.0056
 171    3.640  #191818   25 3  0.0138
 172    3.660  #191819   25 4  0.0055
 173    3.770  #181918   25 5  0.0296
 174    3.790  #181919   25 6  0.0053
 175    3.830  #191918   25 7  0.0105
 176    3.860  #191919   26 1  0.0078
 177    3.880  #19191a   26 2  0.0052
 178    3.920  #1a1919   26 3  0.0103
 179    3.940  #1a191a   26 4  0.0051
 180    4.050  #191a19   26 5  0.0275
 181    4.080  #191a1a   26 6  0.0074
 182    4.120  #1a1a19   26 7  0.0098
 183    4.150  #1a1a1a   27 1  0.0073
 184    4.170  #1a1a1b   27 2  0.0048
 185    4.210  #1b1a1a   27 3  0.0095
 186    4.230  #1b1a1b   27 4  0.0047
 187    4.340  #1a1b1a   27 5  0.0257
 188    4.370  #1a1b1b   27 6  0.0069
 189    4.400  #1b1b1a   27 7  0.0068
 190    4.430  #1b1b1b   28 1  0.0068
 191    4.450  #1b1b1c   28 2  0.0045
 192    4.520  #1c1b1b   28 3  0.0156
 193    4.550  #1c1b1c   28 4  0.0066
 194    4.620  #1b1c1b   28 5  0.0153
 195    4.650  #1b1c1c   28 6  0.0065
 196    4.710  #1c1c1b   28 7  0.0128
 197    4.740  #1c1c1c   29 1  0.0063
 198    4.760  #1c1c1d   29 2  0.0042
 199    4.810  #1d1c1c   29 3  0.0104
 200    4.830  #1d1c1d   29 4  0.0041
 201    4.940  #1c1d1c   29 5  0.0225
 202    4.960  #1c1d1d   29 6  0.0040
 203    5.010  #1d1d1c   29 7  0.0100
 204    5.040  #1d1d1d   30 1  0.0060
 205    5.060  #1d1d1e   30 2  0.0040
 206    5.110  #1e1d1d   30 3  0.0098
 207    5.140  #1e1d1e   30 4  0.0059
 208    5.240  #1d1e1d   30 5  0.0193
 209    5.270  #1d1e1e   30 6  0.0057
 210    5.320  #1e1e1d   30 7  0.0094
 211    5.340  #1e1e1e   31 1  0.0038
 212    5.360  #1e1e1f   31 2  0.0037
 213    5.430  #1f1e1e   31 3  0.0130
 214    5.460  #1f1e1f   31 4  0.0055
 215    5.550  #1e1f1e   31 5  0.0163
 216    5.570  #1e1f1f   31 6  0.0036
 217    5.630  #1f1f1e   31 7  0.0107
 218    5.660  #1f1f1f   32 1  0.0053
 219    5.690  #1f1f20   32 2  0.0053
 220    5.740  #201f1f   32 3  0.0087
 221    5.770  #201f20   32 4  0.0052
 222    5.890  #1f201f   32 5  0.0206
 223    5.920  #1f2020   32 6  0.0051
 224    5.990  #20201f   32 7  0.0118
 225    6.020  #202020   33 1  0.0050
 226    6.040  #202021   33 2  0.0033
 227    6.130  #212020   33 3  0.0148
 228    6.160  #212021   33 4  0.0049
 229    6.370  #202120   33 5  0.0335
 230    6.390  #202121   33 6  0.0031
 231    6.500  #212120   33 7  0.0171
 232    6.520  #212121   34 1  0.0031
 233    6.550  #212122   34 2  0.0046
 234    6.610  #222121   34 3  0.0091
 235    6.650  #222122   34 4  0.0060
 236    6.780  #212221   34 5  0.0194
 237    6.800  #212222   34 6  0.0029
 238    6.860  #222221   34 7  0.0088
 239    6.900  #222222   35 1  0.0058
 240    6.940  #222223   35 2  0.0058
 241    7.010  #232222   35 3  0.0100
 242    7.030  #232223   35 4  0.0028
 243    7.160  #222322   35 5  0.0183
 244    7.190  #222323   35 6  0.0042
 245    7.280  #232322   35 7  0.0124
 246    7.320  #232323   36 1  0.0055
 247    7.340  #232324   36 2  0.0027
 248    7.430  #242323   36 3  0.0122
 249    7.460  #242324   36 4  0.0040
 250    7.590  #232423   36 5  0.0173
 251    7.620  #232424   36 6  0.0039
 252    7.720  #242423   36 7  0.0130
 253    7.740  #242424   37 1  0.0026
 254    7.770  #242425   37 2  0.0039
 255    7.860  #252424   37 3  0.0115
 256    7.890  #252425   37 4  0.0038
 257    8.040  #242524   37 5  0.0188
 258    8.060  #242525   37 6  0.0025
 259    8.140  #252524   37 7  0.0099
 260    8.180  #252525   38 1  0.0049
 261    8.220  #252526   38 2  0.0049
 262    8.290  #262525   38 3  0.0085
 263    8.320  #262526   38 4  0.0036
 264    8.460  #252625   38 5  0.0167
 265    8.500  #252626   38 6  0.0047
 266    8.590  #262625   38 7  0.0105
 267    8.630  #262626   39 1  0.0046
 268    8.650  #262627   39 2  0.0023
 269    8.740  #272626   39 3  0.0104
 270    8.780  #272627   39 4  0.0046
 271    8.930  #262726   39 5  0.0169
 272    8.970  #262727   39 6  0.0045
 273    9.050  #272726   39 7  0.0089
 274    9.080  #272727   40 1  0.0033
 275    9.120  #272728   40 2  0.0044
 276    9.230  #282727   40 3  0.0120
 277    9.270  #282728   40 4  0.0043
 278    9.410  #272827   40 5  0.0150
 279    9.440  #272828   40 6  0.0032
 280    9.540  #282827   40 7  0.0105
 281    9.580  #282828   41 1  0.0042
 282    9.620  #282829   41 2  0.0042
 283    9.700  #292828   41 3  0.0083
 284    9.720  #292829   41 4  0.0021
 285    9.900  #282928   41 5  0.0183
 286    9.940  #282929   41 6  0.0040
 287   10.040  #292928   41 7  0.0100
 288   10.060  #292929   42 1  0.0020
 289   10.090  #29292a   42 2  0.0030
 290   10.180  #2a2929   42 3  0.0089
 291   10.220  #2a292a   42 4  0.0039
 292   10.410  #292a29   42 5  0.0184
 293   10.440  #292a2a   42 6  0.0029
 294   10.510  #2a2a29   42 7  0.0067
 295   10.550  #2a2a2a   43 1  0.0038
 296   10.590  #2a2a2b   43 2  0.0038
 297   10.710  #2b2a2a   43 3  0.0113
 298   10.740  #2b2a2b   43 4  0.0028
 299   10.900  #2a2b2a   43 5  0.0148
 300   10.920  #2a2b2b   43 6  0.0018
 301   11.040  #2b2b2a   43 7  0.0109
 302   11.090  #2b2b2b   44 1  0.0045
 303   11.130  #2b2b2c   44 2  0.0036
 304   11.230  #2c2b2b   44 3  0.0089
 305   11.260  #2c2b2c   44 4  0.0027
 306   11.430  #2b2c2b   44 5  0.0150
 307   11.490  #2b2c2c   44 6  0.0052
 308   11.600  #2c2c2b   44 7  0.0095
 309   11.630  #2c2c2c   45 1  0.0026
 310   11.660  #2c2c2d   45 2  0.0026
 311   11.750  #2d2c2c   45 3  0.0077
 312   11.810  #2d2c2d   45 4  0.0051
 313   12.010  #2c2d2c   45 5  0.0168
 314   12.030  #2c2d2d   45 6  0.0017
 315   12.110  #2d2d2c   45 7  0.0066
 316   12.160  #2d2d2d   46 1  0.0041
 317   12.210  #2d2d2e   46 2  0.0041
 318   12.310  #2e2d2d   46 3  0.0082
 319   12.350  #2e2d2e   46 4  0.0032
 320   12.520  #2d2e2d   46 5  0.0137
 321   12.570  #2d2e2e   46 6  0.0040
 322   12.670  #2e2e2d   46 7  0.0079
 323   12.730  #2e2e2e   47 1  0.0047
 324   12.770  #2e2e2f   47 2  0.0031
 325   12.860  #2f2e2e   47 3  0.0070
 326   12.910  #2f2e2f   47 4  0.0039
 327   13.090  #2e2f2e   47 5  0.0138
 328   13.150  #2e2f2f   47 6  0.0046
 329   13.250  #2f2f2e   47 7  0.0076
 330   13.290  #2f2f2f   48 1  0.0030
 331   13.330  #2f2f30   48 2  0.0030
 332   13.440  #302f2f   48 3  0.0082
 333   13.500  #302f30   48 4  0.0045
 334   13.690  #2f302f   48 5  0.0140
 335   13.720  #2f3030   48 6  0.0022
 336   13.830  #30302f   48 7  0.0080
 337   13.880  #303030   49 1  0.0036
 338   13.940  #303031   49 2  0.0043
 339   14.040  #313030   49 3  0.0071
 340   14.060  #313031   49 4  0.0014
 341   14.280  #303130   49 5  0.0155
 342   14.320  #303131   49 6  0.0028
 343   14.450  #313130   49 7  0.0090
 344   14.490  #313131   50 1  0.0028
 345   14.510  #313132   50 2  0.0014
 346   14.610  #323131   50 3  0.0069
 347   14.670  #323132   50 4  0.0041
 348   14.900  #313231   50 5  0.0156
 349   14.940  #313232   50 6  0.0027
 350   15.030  #323231   50 7  0.0060
 351   15.060  #323232   51 1  0.0020
 352   15.120  #323233   51 2  0.0040
 353   15.250  #333232   51 3  0.0086
 354   15.310  #333233   51 4  0.0039
 355   15.490  #323332   51 5  0.0117
 356   15.530  #323333   51 6  0.0026
 357   15.640  #333332   51 7  0.0071
 358   15.720  #333333   52 1  0.0051
 359   15.770  #333334   52 2  0.0032
 360   15.900  #343333   52 3  0.0082
 361   15.950  #343334   52 4  0.0031
 362   16.130  #333433   52 5  0.0112
 363   16.200  #333434   52 6  0.0043
 364   16.350  #343433   52 7  0.0092
 365   16.390  #343434   53 1  0.0024
 366   16.420  #343435   53 2  0.0018
 367   16.530  #353434   53 3  0.0067
 368   16.620  #353435   53 4  0.0054
 369   16.840  #343534   53 5  0.0132
 370   16.880  #343535   53 6  0.0024
 371   16.960  #353534   53 7  0.0047
 372   17.020  #353535   54 1  0.0035
 373   17.100  #353536   54 2  0.0047
 374   17.210  #363535   54 3  0.0064
 375   17.250  #363536   54 4  0.0023
 376   17.450  #353635   54 5  0.0115
 377   17.520  #353636   54 6  0.0040
 378   17.640  #363635   54 7  0.0068
 379   17.710  #363636   55 1  0.0040
 380   17.750  #363637   55 2  0.0023
 381   17.840  #373636   55 3  0.0051
 382   17.900  #373637   55 4  0.0034
 383   18.100  #363736   55 5  0.0111
 384   18.200  #363737   55 6  0.0055
 385   18.300  #373736   55 7  0.0055
 386   18.300  #373737   56 1  0.0000
 387   18.400  #373738   56 2  0.0054
 388   18.500  #383737   56 3  0.0054
 389   18.600  #383738   56 4  0.0054
 390   18.800  #373837   56 5  0.0107
 391   18.800  #373838   56 6  0.0000
 392   19.000  #383837   56 7  0.0106
 393   19.100  #383838   57 1  0.0052
 394   19.100  #383839   57 2  0.0000
 395   19.200  #393838   57 3  0.0052
 396   19.200  #393839   57 4  0.0000
 397   19.500  #383938   57 5  0.0155
 398   19.600  #383939   57 6  0.0051
 399   19.700  #393938   57 7  0.0051
 400   19.700  #393939   58 1  0.0000
 401   19.800  #39393a   58 2  0.0051
 402   19.900  #3a3939   58 3  0.0050
 403   20.000  #3a393a   58 4  0.0050
 404   20.200  #393a39   58 5  0.0100
 405   20.300  #393a3a   58 6  0.0049
 406   20.400  #3a3a39   58 7  0.0049
 407   20.400  #3a3a3a   59 1  0.0000
 408   20.500  #3a3a3b   59 2  0.0049
 409   20.700  #3b3a3a   59 3  0.0097
 410   20.700  #3b3a3b   59 4  0.0000
 411   20.900  #3a3b3a   59 5  0.0096
 412   21.000  #3a3b3b   59 6  0.0048
 413   21.100  #3b3b3a   59 7  0.0048
 414   21.200  #3b3b3b   60 1  0.0047
 415   21.300  #3b3b3c   60 2  0.0047
 416   21.400  #3c3b3b   60 3  0.0047
 417   21.400  #3c3b3c   60 4  0.0000
 418   21.700  #3b3c3b   60 5  0.0139
 419   21.800  #3b3c3c   60 6  0.0046
 420   21.900  #3c3c3b   60 7  0.0046
 421   21.900  #3c3c3c   61 1  0.0000
 422   22.000  #3c3c3d   61 2  0.0046
 423   22.100  #3d3c3c   61 3  0.0045
 424   22.200  #3d3c3d   61 4  0.0045
 425   22.500  #3c3d3c   61 5  0.0134
 426   22.500  #3c3d3d   61 6  0.0000
 427   22.600  #3d3d3c   61 7  0.0044
 428   22.700  #3d3d3d   62 1  0.0044
 429   22.800  #3d3d3e   62 2  0.0044
 430   22.900  #3e3d3d   62 3  0.0044
 431   22.900  #3e3d3e   62 4  0.0000
 432   23.200  #3d3e3d   62 5  0.0130
 433   23.300  #3d3e3e   62 6  0.0043
 434   23.500  #3e3e3d   62 7  0.0085
 435   23.500  #3e3e3e   63 1  0.0000
 436   23.500  #3e3e3f   63 2  0.0000
 437   23.700  #3f3e3e   63 3  0.0085
 438   23.700  #3f3e3f   63 4  0.0000
 439   24.100  #3e3f3e   63 5  0.0167
 440   24.100  #3e3f3f   63 6  0.0000
 441   24.200  #3f3f3e   63 7  0.0041
 442   24.300  #3f3f3f   64 1  0.0041
 443   24.400  #3f3f40   64 2  0.0041
 444   24.500  #403f3f   64 3  0.0041
 445   24.600  #403f40   64 4  0.0041
 446   24.900  #3f403f   64 5  0.0121
 447   24.900  #3f4040   64 6  0.0000
 448   25.100  #40403f   64 7  0.0080
 449   25.200  #404040   65 1  0.0040
 450   25.200  #404041   65 2  0.0000
 451   25.400  #414040   65 3  0.0079
 452   25.400  #414041   65 4  0.0000
 453   25.900  #404140   65 5  0.0195
 454   26.000  #404141   65 6  0.0039
 455   26.200  #414140   65 7  0.0077
 456   26.200  #414141   66 1  0.0000
 457   26.200  #414142   66 2  0.0000
 458   26.400  #424141   66 3  0.0076
 459   26.500  #424142   66 4  0.0038
 460   26.800  #414241   66 5  0.0113
 461   26.800  #414242   66 6  0.0000
 462   26.900  #424241   66 7  0.0037
 463   26.900  #424242   67 1  0.0000
 464   27.100  #424243   67 2  0.0074
 465   27.200  #434242   67 3  0.0037
 466   27.200  #434243   67 4  0.0000
 467   27.500  #424342   67 5  0.0110
 468   27.600  #424343   67 6  0.0036
 469   27.800  #434342   67 7  0.0072
 470   27.900  #434343   68 1  0.0036
 471   27.900  #434344   68 2  0.0000
 472   28.000  #444343   68 3  0.0036
 473   28.100  #444344   68 4  0.0036
 474   28.400  #434443   68 5  0.0106
 475   28.500  #434444   68 6  0.0035
 476   28.600  #444443   68 7  0.0035
 477   28.600  #444444   69 1  0.0000
 478   28.700  #444445   69 2  0.0035
 479   28.900  #454444   69 3  0.0069
 480   29.000  #454445   69 4  0.0035
 481   29.300  #444544   69 5  0.0103
 482   29.300  #444545   69 6  0.0000
 483   29.400  #454544   69 7  0.0034
 484   29.500  #454545   70 1  0.0034
 485   29.600  #454546   70 2  0.0034
 486   29.700  #464545   70 3  0.0034
 487   29.800  #464546   70 4  0.0034
 488   30.100  #454645   70 5  0.0100
 489   30.200  #454646   70 6  0.0033
 490   30.300  #464645   70 7  0.0033
 491   30.400  #464646   71 1  0.0033
 492   30.400  #464647   71 2  0.0000
 493   30.600  #474646   71 3  0.0066
 494   30.700  #474647   71 4  0.0033
 495   31.000  #464746   71 5  0.0097
 496   31.000  #464747   71 6  0.0000
 497   31.100  #474746   71 7  0.0032
 498   31.200  #474747   72 1  0.0032
 499   31.400  #474748   72 2  0.0064
 500   31.600  #484747   72 3  0.0063
 501   31.600  #484748   72 4  0.0000
 502   31.800  #474847   72 5  0.0063
 503   31.900  #474848   72 6  0.0031
 504   32.200  #484847   72 7  0.0094
 505   32.200  #484848   73 1  0.0000
 506   32.200  #484849   73 2  0.0000
 507   32.300  #494848   73 3  0.0031
 508   32.400  #494849   73 4  0.0031
 509   32.800  #484948   73 5  0.0123
 510   32.900  #484949   73 6  0.0030
 511   33.000  #494948   73 7  0.0030
 512   33.000  #494949   74 1  0.0000
 513   33.100  #49494a   74 2  0.0030
 514   33.300  #4a4949   74 3  0.0060
 515   33.400  #4a494a   74 4  0.0030
 516   33.700  #494a49   74 5  0.0089
 517   33.700  #494a4a   74 6  0.0000
 518   33.800  #4a4a49   74 7  0.0030
 519   34.000  #4a4a4a   75 1  0.0059
 520   34.100  #4a4a4b   75 2  0.0029
 521   34.200  #4b4a4a   75 3  0.0029
 522   34.200  #4b4a4b   75 4  0.0000
 523   34.500  #4a4b4a   75 5  0.0087
 524   34.700  #4a4b4b   75 6  0.0058
 525   34.900  #4b4b4a   75 7  0.0057
 526   34.900  #4b4b4b   76 1  0.0000
 527   34.900  #4b4b4c   76 2  0.0000
 528   35.100  #4c4b4b   76 3  0.0057
 529   35.200  #4c4b4c   76 4  0.0028
 530   35.500  #4b4c4b   76 5  0.0085
 531   35.500  #4b4c4c   76 6  0.0000
 532   35.700  #4c4c4b   76 7  0.0056
 533   35.800  #4c4c4c   77 1  0.0028
 534   35.900  #4c4c4d   77 2  0.0028
 535   36.100  #4d4c4c   77 3  0.0056
 536   36.100  #4d4c4d   77 4  0.0000
 537   36.400  #4c4d4c   77 5  0.0083
 538   36.500  #4c4d4d   77 6  0.0027
 539   36.700  #4d4d4c   77 7  0.0055
 540   36.800  #4d4d4d   78 1  0.0027
 541   36.800  #4d4d4e   78 2  0.0000
 542   36.900  #4e4d4d   78 3  0.0027
 543   37.000  #4e4d4e   78 4  0.0027
 544   37.400  #4d4e4d   78 5  0.0108
 545   37.500  #4d4e4e   78 6  0.0027
 546   37.500  #4e4e4d   78 7  0.0000
 547   37.600  #4e4e4e   79 1  0.0027
 548   37.700  #4e4e4f   79 2  0.0027
 549   37.900  #4f4e4e   79 3  0.0053
 550   38.000  #4f4e4f   79 4  0.0026
 551   38.200  #4e4f4e   79 5  0.0052
 552   38.300  #4e4f4f   79 6  0.0026
 553   38.500  #4f4f4e   79 7  0.0052
 554   38.600  #4f4f4f   80 1  0.0026
 555   38.700  #4f4f50   80 2  0.0026
 556   38.800  #504f4f   80 3  0.0026
 557   38.900  #504f50   80 4  0.0026
 558   39.200  #4f504f   80 5  0.0077
 559   39.400  #4f5050   80 6  0.0051
 560   39.500  #50504f   80 7  0.0025
 561   39.500  #505050   81 1  0.0000
 562   39.600  #505051   81 2  0.0025
 563   39.800  #515050   81 3  0.0050
 564   40.000  #515051   81 4  0.0050
 565   40.300  #505150   81 5  0.0075
 566   40.200  #505151   81 6  -0.0025
 567   40.400  #515150   81 7  0.0050
 568   40.500  #515151   82 1  0.0025
 569   40.700  #515152   82 2  0.0049
 570   40.800  #525151   82 3  0.0025
 571   40.800  #525152   82 4  0.0000
 572   41.100  #515251   82 5  0.0073
 573   41.200  #515252   82 6  0.0024
 574   41.500  #525251   82 7  0.0073
 575   41.500  #525252   83 1  0.0000
 576   41.500  #525253   83 2  0.0000
 577   41.700  #535252   83 3  0.0048
 578   41.800  #535253   83 4  0.0024
 579   42.200  #525352   83 5  0.0095
 580   42.200  #525353   83 6  0.0000
 581   42.300  #535352   83 7  0.0024
 582   42.400  #535353   84 1  0.0024
 583   42.600  #535354   84 2  0.0047
 584   42.800  #545353   84 3  0.0047
 585   42.900  #545354   84 4  0.0023
 586   43.000  #535453   84 5  0.0023
 587   43.100  #535454   84 6  0.0023
 588   43.400  #545453   84 7  0.0069
 589   43.500  #545454   85 1  0.0023
 590   43.600  #545455   85 2  0.0023
 591   43.700  #555454   85 3  0.0023
 592   43.700  #555455   85 4  0.0000
 593   44.100  #545554   85 5  0.0091
 594   44.200  #545555   85 6  0.0023
 595   44.400  #555554   85 7  0.0045
 596   44.400  #555555   86 1  0.0000
 597   44.400  #555556   86 2  0.0000
 598   44.700  #565555   86 3  0.0067
 599   44.800  #565556   86 4  0.0022
 600   45.100  #555655   86 5  0.0067
 601   45.000  #555656   86 6  -0.0022
 602   45.300  #565655   86 7  0.0066
 603   45.400  #565656   87 1  0.0022
 604   45.500  #565657   87 2  0.0022
 605   45.700  #575656   87 3  0.0044
 606   45.700  #575657   87 4  0.0000
 607   46.000  #565756   87 5  0.0065
 608   46.100  #565757   87 6  0.0022
 609   46.400  #575756   87 7  0.0065
 610   46.400  #575757   88 1  0.0000
 611   46.500  #575758   88 2  0.0022
 612   46.700  #585757   88 3  0.0043
 613   46.800  #585758   88 4  0.0021
 614   47.200  #575857   88 5  0.0085
 615   47.200  #575858   88 6  0.0000
 616   47.300  #585857   88 7  0.0021
 617   47.400  #585858   89 1  0.0021
 618   47.600  #585859   89 2  0.0042
 619   47.800  #595858   89 3  0.0042
 620   47.800  #595859   89 4  0.0000
 621   48.100  #585958   89 5  0.0063
 622   48.200  #585959   89 6  0.0021
 623   48.400  #595958   89 7  0.0041
 624   48.600  #595959   90 1  0.0041
 625   48.600  #59595a   90 2  0.0000
 626   48.700  #5a5959   90 3  0.0021
 627   48.800  #5a595a   90 4  0.0021
 628   49.200  #595a59   90 5  0.0082
 629   49.300  #595a5a   90 6  0.0020
 630   49.500  #5a5a59   90 7  0.0040
 631   49.500  #5a5a5a   91 1  0.0000
 632   49.500  #5a5a5b   91 2  0.0000
 633   49.800  #5b5a5a   91 3  0.0060
 634   50.000  #5b5a5b   91 4  0.0040
 635   50.200  #5a5b5a   91 5  0.0040
 636   50.300  #5a5b5b   91 6  0.0020
 637   50.500  #5b5b5a   91 7  0.0040
 638   50.600  #5b5b5b   92 1  0.0020
 639   50.700  #5b5b5c   92 2  0.0020
 640   50.800  #5c5b5b   92 3  0.0020
 641   50.800  #5c5b5c   92 4  0.0000
 642   51.200  #5b5c5b   92 5  0.0078
 643   51.400  #5b5c5c   92 6  0.0039
 644   51.600  #5c5c5b   92 7  0.0039
 645   51.600  #5c5c5c   93 1  0.0000
 646   51.600  #5c5c5d   93 2  0.0000
 647   51.900  #5d5c5c   93 3  0.0058
 648   52.000  #5d5c5d   93 4  0.0019
 649   52.300  #5c5d5c   93 5  0.0058
 650   52.400  #5c5d5d   93 6  0.0019
 651   52.500  #5d5d5c   93 7  0.0019
 652   52.600  #5d5d5d   94 1  0.0019
 653   52.800  #5d5d5e   94 2  0.0038
 654   53.000  #5e5d5d   94 3  0.0038
 655   53.000  #5e5d5e   94 4  0.0000
 656   53.300  #5d5e5d   94 5  0.0056
 657   53.400  #5d5e5e   94 6  0.0019
 658   53.700  #5e5e5d   94 7  0.0056
 659   53.700  #5e5e5e   95 1  0.0000
 660   53.700  #5e5e5f   95 2  0.0000
 661   53.900  #5f5e5e   95 3  0.0037
 662   54.100  #5f5e5f   95 4  0.0037
 663   54.500  #5e5f5e   95 5  0.0074
 664   54.500  #5e5f5f   95 6  0.0000
 665   54.600  #5f5f5e   95 7  0.0018
 666   54.700  #5f5f5f   96 1  0.0018
 667   54.900  #5f5f60   96 2  0.0036
 668   55.100  #605f5f   96 3  0.0036
 669   55.200  #605f60   96 4  0.0018
 670   55.500  #5f605f   96 5  0.0054
 671   55.500  #5f6060   96 6  0.0000
 672   55.700  #60605f   96 7  0.0036
 673   55.900  #606060   97 1  0.0036
 674   55.900  #606061   97 2  0.0000
 675   56.100  #616060   97 3  0.0036
 676   56.200  #616061   97 4  0.0018
 677   56.600  #606160   97 5  0.0071
 678   56.700  #606161   97 6  0.0018
 679   56.900  #616160   97 7  0.0035
 680   56.900  #616161   98 1  0.0000
 681   57.000  #616162   98 2  0.0018
 682   57.200  #626161   98 3  0.0035
 683   57.300  #626162   98 4  0.0017
 684   57.800  #616261   98 5  0.0087
 685   57.800  #616262   98 6  0.0000
 686   58.000  #626261   98 7  0.0035
 687   58.200  #626262   99 1  0.0034
 688   58.300  #626263   99 2  0.0017
 689   58.500  #636262   99 3  0.0034
 690   58.500  #636263   99 4  0.0000
 691   58.900  #626362   99 5  0.0068
 692   59.000  #626363   99 6  0.0017
 693   59.200  #636362   99 7  0.0034
 694   59.300  #636363  100 1  0.0017
 695   59.300  #636364  100 2  0.0000
 696   59.500  #646363  100 3  0.0034
 697   59.600  #646364  100 4  0.0017
 698   60.000  #636463  100 5  0.0067
 699   60.100  #636464  100 6  0.0017
 700   60.200  #646463  100 7  0.0017
 701   60.300  #646464  101 1  0.0017
 702   60.500  #646465  101 2  0.0033
 703   60.600  #656464  101 3  0.0017
 704   60.700  #656465  101 4  0.0016
 705   61.100  #646564  101 5  0.0066
 706   61.100  #646565  101 6  0.0000
 707   61.300  #656564  101 7  0.0033
 708   61.400  #656565  102 1  0.0016
 709   61.500  #656566  102 2  0.0016
 710   61.700  #666565  102 3  0.0032
 711   61.800  #666566  102 4  0.0016
 712   62.200  #656665  102 5  0.0065
 713   62.300  #656666  102 6  0.0016
 714   62.500  #666665  102 7  0.0032
 715   62.500  #666666  103 1  0.0000
 716   62.600  #666667  103 2  0.0016
 717   62.900  #676666  103 3  0.0048
 718   63.000  #676667  103 4  0.0016
 719   63.300  #666766  103 5  0.0048
 720   63.400  #666767  103 6  0.0016
 721   63.600  #676766  103 7  0.0031
 722   63.800  #676767  104 1  0.0031
 723   63.800  #676768  104 2  0.0000
 724   64.000  #686767  104 3  0.0031
 725   64.100  #686768  104 4  0.0016
 726   64.500  #676867  104 5  0.0062
 727   64.600  #676868  104 6  0.0015
 728   64.800  #686867  104 7  0.0031
 729   64.900  #686868  105 1  0.0015
 730   64.900  #686869  105 2  0.0000
 731   65.200  #696868  105 3  0.0046
 732   65.300  #696869  105 4  0.0015
 733   65.700  #686968  105 5  0.0061
 734   65.600  #686969  105 6  -0.0015
 735   65.900  #696968  105 7  0.0046
 736   65.900  #696969  106 1  0.0000
 737   66.000  #69696a  106 2  0.0015
 738   66.200  #6a6969  106 3  0.0030
 739   66.200  #6a696a  106 4  0.0000
 740   66.600  #696a69  106 5  0.0060
 741   66.700  #696a6a  106 6  0.0015
 742   67.000  #6a6a69  106 7  0.0045
 743   67.000  #6a6a6a  107 1  0.0000
 744   67.100  #6a6a6b  107 2  0.0015
 745   67.300  #6b6a6a  107 3  0.0030
 746   67.400  #6b6a6b  107 4  0.0015
 747   67.800  #6a6b6a  107 5  0.0059
 748   67.900  #6a6b6b  107 6  0.0015
 749   68.100  #6b6b6a  107 7  0.0029
 750   68.100  #6b6b6b  108 1  0.0000
 751   68.300  #6b6b6c  108 2  0.0029
 752   68.500  #6c6b6b  108 3  0.0029
 753   68.600  #6c6b6c  108 4  0.0015
 754   68.900  #6b6c6b  108 5  0.0044
 755   69.000  #6b6c6c  108 6  0.0015
 756   69.200  #6c6c6b  108 7  0.0029
 757   69.400  #6c6c6c  109 1  0.0029
 758   69.500  #6c6c6d  109 2  0.0014
 759   69.600  #6d6c6c  109 3  0.0014
 760   69.700  #6d6c6d  109 4  0.0014
 761   70.000  #6c6d6c  109 5  0.0043
 762   70.200  #6c6d6d  109 6  0.0029
 763   70.400  #6d6d6c  109 7  0.0028
 764   70.400  #6d6d6d  110 1  0.0000
 765   70.500  #6d6d6e  110 2  0.0014
 766   70.700  #6e6d6d  110 3  0.0028
 767   70.900  #6e6d6e  110 4  0.0028
 768   71.300  #6d6e6d  110 5  0.0056
 769   71.300  #6d6e6e  110 6  0.0000
 770   71.500  #6e6e6d  110 7  0.0028
 771   71.600  #6e6e6e  111 1  0.0014
 772   71.800  #6e6e6f  111 2  0.0028
 773   72.000  #6f6e6e  111 3  0.0028
 774   72.000  #6f6e6f  111 4  0.0000
 775   72.400  #6e6f6e  111 5  0.0055
 776   72.500  #6e6f6f  111 6  0.0014
 777   72.800  #6f6f6e  111 7  0.0041
 778   72.800  #6f6f6f  112 1  0.0000
 779   72.900  #6f6f70  112 2  0.0014
 780   73.100  #706f6f  112 3  0.0027
 781   73.200  #706f70  112 4  0.0014
 782   73.700  #6f706f  112 5  0.0068
 783   73.800  #6f7070  112 6  0.0014
 784   73.900  #70706f  112 7  0.0014
 785   74.000  #707070  113 1  0.0014
 786   74.100  #707071  113 2  0.0014
 787   74.500  #717070  113 3  0.0054
 788   74.500  #717071  113 4  0.0000
 789   74.800  #707170  113 5  0.0040
 790   74.900  #707171  113 6  0.0013
 791   75.200  #717170  113 7  0.0040
 792   75.400  #717171  114 1  0.0027
 793   75.400  #717172  114 2  0.0000
 794   75.500  #727171  114 3  0.0013
 795   75.600  #727172  114 4  0.0013
 796   76.100  #717271  114 5  0.0066
 797   76.200  #717272  114 6  0.0013
 798   76.400  #727271  114 7  0.0026
 799   76.400  #727272  115 1  0.0000
 800   76.500  #727273  115 2  0.0013
 801   76.800  #737272  115 3  0.0039
 802   77.000  #737273  115 4  0.0026
 803   77.300  #727372  115 5  0.0039
 804   77.300  #727373  115 6  0.0000
 805   77.500  #737372  115 7  0.0026
 806   77.700  #737373  116 1  0.0026
 807   77.900  #737374  116 2  0.0026
 808   78.100  #747373  116 3  0.0026
 809   78.100  #747374  116 4  0.0000
 810   78.400  #737473  116 5  0.0038
 811   78.700  #737474  116 6  0.0038
 812   79.000  #747473  116 7  0.0038
 813   79.000  #747474  117 1  0.0000
 814   79.000  #747475  117 2  0.0000
 815   79.200  #757474  117 3  0.0025
 816   79.500  #757475  117 4  0.0038
 817   79.900  #747574  117 5  0.0050
 818   79.900  #747575  117 6  0.0000
 819   80.000  #757574  117 7  0.0013
 820   80.200  #757575  118 1  0.0025
 821   80.400  #757576  118 2  0.0025
 822   80.700  #767575  118 3  0.0037
 823   80.700  #767576  118 4  0.0000
 824   81.000  #757675  118 5  0.0037
 825   81.100  #757676  118 6  0.0012
 826   81.500  #767675  118 7  0.0049
 827   81.600  #767676  119 1  0.0012
 828   81.600  #767677  119 2  0.0000
 829   81.800  #777676  119 3  0.0024
 830   81.900  #777677  119 4  0.0012
 831   82.500  #767776  119 5  0.0073
 832   82.600  #767777  119 6  0.0012
 833   82.700  #777776  119 7  0.0012
 834   82.700  #777777  120 1  0.0000
 835   82.800  #777778  120 2  0.0012
 836   83.200  #787777  120 3  0.0048
 837   83.300  #787778  120 4  0.0012
 838   83.700  #777877  120 5  0.0048
 839   83.700  #777878  120 6  0.0000
 840   83.900  #787877  120 7  0.0024
 841   84.100  #787878  121 1  0.0024
 842   84.300  #787879  121 2  0.0024
 843   84.400  #797878  121 3  0.0012
 844   84.400  #797879  121 4  0.0000
 845   84.900  #787978  121 5  0.0059
 846   85.200  #787979  121 6  0.0035
 847   85.400  #797978  121 7  0.0023
 848   85.400  #797979  122 1  0.0000
 849   85.400  #79797a  122 2  0.0000
 850   85.700  #7a7979  122 3  0.0035
 851   86.000  #7a797a  122 4  0.0035
 852   86.500  #797a79  122 5  0.0058
 853   86.400  #797a7a  122 6  -0.0012
 854   86.600  #7a7a79  122 7  0.0023
 855   86.800  #7a7a7a  123 1  0.0023
 856   87.100  #7a7a7b  123 2  0.0035
 857   87.200  #7b7a7a  123 3  0.0011
 858   87.200  #7b7a7b  123 4  0.0000
 859   87.600  #7a7b7a  123 5  0.0046
 860   87.800  #7a7b7b  123 6  0.0023
 861   88.200  #7b7b7a  123 7  0.0045
 862   88.300  #7b7b7b  124 1  0.0011
 863   88.200  #7b7b7c  124 2  -0.0011
 864   88.400  #7c7b7b  124 3  0.0023
 865   88.600  #7c7b7c  124 4  0.0023
 866   89.200  #7b7c7b  124 5  0.0067
 867   89.300  #7b7c7c  124 6  0.0011
 868   89.400  #7c7c7b  124 7  0.0011
 869   89.400  #7c7c7c  125 1  0.0000
 870   89.600  #7c7c7d  125 2  0.0022
 871   90.000  #7d7c7c  125 3  0.0045
 872   90.200  #7d7c7d  125 4  0.0022
 873   90.400  #7c7d7c  125 5  0.0022
 874   90.500  #7c7d7d  125 6  0.0011
 875   90.900  #7d7d7c  125 7  0.0044
 876   91.100  #7d7d7d  126 1  0.0022
 877   91.200  #7d7d7e  126 2  0.0011
 878   91.300  #7e7d7d  126 3  0.0011
 879   91.300  #7e7d7e  126 4  0.0000
 880   91.900  #7d7e7d  126 5  0.0066
 881   92.200  #7d7e7e  126 6  0.0033
 882   92.400  #7e7e7d  126 7  0.0022
 883   92.300  #7e7e7e  127 1  -0.0011
 884   92.400  #7e7e7f  127 2  0.0011
 885   92.800  #7f7e7e  127 3  0.0043
 886   93.100  #7f7e7f  127 4  0.0032
 887   93.600  #7e7f7e  127 5  0.0054
 888   93.500  #7e7f7f  127 6  -0.0011
 889   93.700  #7f7f7e  127 7  0.0021
 890   94.000  #7f7f7f  128 1  0.0032
 891   94.200  #7f7f80  128 2  0.0021
 892   94.400  #807f7f  128 3  0.0021
 893   94.300  #807f80  128 4  -0.0011
 894   94.700  #7f807f  128 5  0.0042
 895   94.900  #7f8080  128 6  0.0021
 896   95.200  #80807f  128 7  0.0032
 897   95.200  #808080  129 1  0.0000
 898   95.200  #808081  129 2  0.0000
 899   95.500  #818080  129 3  0.0031
 900   95.800  #818081  129 4  0.0031
 901   96.400  #808180  129 5  0.0062
 902   96.400  #808181  129 6  0.0000
 903   96.400  #818180  129 7  0.0000
 904   96.600  #818181  130 1  0.0021
 905   96.900  #818182  130 2  0.0031
 906   97.400  #828181  130 3  0.0051
 907   97.400  #828182  130 4  0.0000
 908   97.900  #818281  130 5  0.0051
 909   98.000  #818282  130 6  0.0010
 910   98.600  #828281  130 7  0.0061
 911   98.800  #828282  131 1  0.0020
 912   98.800  #828283  131 2  0.0000
 913   98.900  #838282  131 3  0.0010
 914   99.100  #838283  131 4  0.0020
 915   99.700  #828382  131 5  0.0060
 916   99.900  #828383  131 6  0.0020
 917  100.000  #838382  131 7  0.0010
 918  100.000  #838383  132 1  0.0000
 919  100.200  #838384  132 2  0.0020
 920  100.600  #848383  132 3  0.0040
 921  100.900  #848384  132 4  0.0030
 922  101.100  #838483  132 5  0.0020
 923  101.200  #838484  132 6  0.0010
 924  101.600  #848483  132 7  0.0039
 925  101.800  #848484  133 1  0.0020
 926  102.000  #848485  133 2  0.0020
 927  102.200  #858484  133 3  0.0020
 928  102.100  #858485  133 4  -0.0010
 929  102.700  #848584  133 5  0.0059
 930  103.000  #848585  133 6  0.0029
 931  103.300  #858584  133 7  0.0029
 932  103.300  #858585  134 1  0.0000
 933  103.300  #858586  134 2  0.0000
 934  103.700  #868585  134 3  0.0039
 935  104.000  #868586  134 4  0.0029
 936  104.400  #858685  134 5  0.0038
 937  104.400  #858686  134 6  0.0000
 938  104.700  #868685  134 7  0.0029
 939  104.900  #868686  135 1  0.0019
 940  105.200  #868687  135 2  0.0029
 941  105.400  #878686  135 3  0.0019
 942  105.400  #878687  135 4  0.0000
 943  105.800  #868786  135 5  0.0038
 944  106.100  #868787  135 6  0.0028
 945  106.500  #878786  135 7  0.0038
 946  106.700  #878787  136 1  0.0019
 947  106.500  #878788  136 2  -0.0019
 948  106.700  #888787  136 3  0.0019
 949  107.000  #888788  136 4  0.0028
 950  107.700  #878887  136 5  0.0065
 951  107.700  #878888  136 6  0.0000
 952  107.800  #888887  136 7  0.0009
 953  107.900  #888888  137 1  0.0009
 954  108.200  #888889  137 2  0.0028
 955  108.600  #898888  137 3  0.0037
 956  108.600  #898889  137 4  0.0000
 957  108.900  #888988  137 5  0.0028
 958  109.100  #888989  137 6  0.0018
 959  109.600  #898988  137 7  0.0046
 960  109.800  #898989  138 1  0.0018
 961  109.800  #89898a  138 2  0.0000
 962  110.000  #8a8989  138 3  0.0018
 963  110.100  #8a898a  138 4  0.0009
 964  110.800  #898a89  138 5  0.0063
 965  111.000  #898a8a  138 6  0.0018
 966  111.100  #8a8a89  138 7  0.0009
 967  111.200  #8a8a8a  139 1  0.0009
 968  111.300  #8a8a8b  139 2  0.0009
 969  111.800  #8b8a8a  139 3  0.0045
 970  112.000  #8b8a8b  139 4  0.0018
 971  112.400  #8a8b8a  139 5  0.0036
 972  112.400  #8a8b8b  139 6  0.0000
 973  112.800  #8b8b8a  139 7  0.0036
 974  113.100  #8b8b8b  140 1  0.0027
 975  113.300  #8b8b8c  140 2  0.0018
 976  113.400  #8c8b8b  140 3  0.0009
 977  113.400  #8c8b8c  140 4  0.0000
 978  114.000  #8b8c8b  140 5  0.0053
 979  114.300  #8b8c8c  140 6  0.0026
 980  114.600  #8c8c8b  140 7  0.0026
 981  114.700  #8c8c8c  141 1  0.0009
 982  114.700  #8c8c8d  141 2  0.0000
 983  115.100  #8d8c8c  141 3  0.0035
 984  115.400  #8d8c8d  141 4  0.0026
 985  115.900  #8c8d8c  141 5  0.0043
 986  115.900  #8c8d8d  141 6  0.0000
 987  116.100  #8d8d8c  141 7  0.0017
 988  116.400  #8d8d8d  142 1  0.0026
 989  116.600  #8d8d8e  142 2  0.0017
 990  117.000  #8e8d8d  142 3  0.0034
 991  117.000  #8e8d8e  142 4  0.0000
 992  117.400  #8d8e8d  142 5  0.0034
 993  117.700  #8d8e8e  142 6  0.0026
 994  118.100  #8e8e8d  142 7  0.0034
 995  118.200  #8e8e8e  143 1  0.0008
 996  118.200  #8e8e8f  143 2  0.0000
 997  118.500  #8f8e8e  143 3  0.0025
 998  118.700  #8f8e8f  143 4  0.0017
 999  119.400  #8e8f8e  143 5  0.0059
1000  119.500  #8e8f8f  143 6  0.0008
1001  119.700  #8f8f8e  143 7  0.0017
1002  119.800  #8f8f8f  144 1  0.0008
1003  120.100  #8f8f90  144 2  0.0025
1004  120.400  #908f8f  144 3  0.0025
1005  120.400  #908f90  144 4  0.0000
1006  120.900  #8f908f  144 5  0.0041
1007  121.100  #8f9090  144 6  0.0017
1008  121.500  #90908f  144 7  0.0033
1009  121.600  #909090  145 1  0.0008
1010  121.800  #909091  145 2  0.0016
1011  121.900  #919090  145 3  0.0008
1012  122.100  #919091  145 4  0.0016
1013  122.800  #909190  145 5  0.0057
1014  123.000  #909191  145 6  0.0016
1015  123.200  #919190  145 7  0.0016
1016  123.200  #919191  146 1  0.0000
1017  123.400  #919192  146 2  0.0016
1018  123.900  #929191  146 3  0.0040
1019  124.100  #929192  146 4  0.0016
1020  124.500  #919291  146 5  0.0032
1021  124.500  #919292  146 6  0.0000
1022  124.900  #929291  146 7  0.0032
1023  125.200  #929292  147 1  0.0024
1024  125.400  #929293  147 2  0.0016
1025  125.600  #939292  147 3  0.0016
1026  125.600  #939293  147 4  0.0000
1027  126.200  #929392  147 5  0.0048
1028  126.500  #929393  147 6  0.0024
1029  126.900  #939392  147 7  0.0032
1030  126.900  #939393  148 1  0.0000
1031  126.900  #939394  148 2  0.0000
1032  127.300  #949393  148 3  0.0031
1033  127.600  #949394  148 4  0.0024
1034  128.300  #939493  148 5  0.0055
1035  128.300  #939494  148 6  0.0000
1036  128.500  #949493  148 7  0.0016
1037  128.700  #949494  149 1  0.0016
1038  129.000  #949495  149 2  0.0023
1039  129.300  #959494  149 3  0.0023
1040  129.300  #959495  149 4  0.0000
1041  129.900  #949594  149 5  0.0046
1042  130.000  #949595  149 6  0.0008
1043  130.500  #959594  149 7  0.0038
1044  130.700  #959595  150 1  0.0015
1045  130.600  #959596  150 2  -0.0008
1046  130.900  #969595  150 3  0.0023
1047  131.200  #969596  150 4  0.0023
1048  131.900  #959695  150 5  0.0053
1049  132.000  #959696  150 6  0.0008
1050  132.200  #969695  150 7  0.0015
1051  132.300  #969696  151 1  0.0008
1052  132.600  #969697  151 2  0.0023
1053  133.000  #979696  151 3  0.0030
1054  133.100  #979697  151 4  0.0008
1055  133.500  #969796  151 5  0.0030
1056  133.700  #969797  151 6  0.0015
1057  134.100  #979796  151 7  0.0030
1058  134.400  #979797  152 1  0.0022
1059  134.500  #979798  152 2  0.0007
1060  134.500  #989797  152 3  0.0000
1061  134.700  #989798  152 4  0.0015
1062  135.500  #979897  152 5  0.0059
1063  135.700  #979898  152 6  0.0015
1064  135.900  #989897  152 7  0.0015
1065  135.900  #989898  153 1  0.0000
1066  136.100  #989899  153 2  0.0015
1067  136.600  #999898  153 3  0.0037
1068  136.800  #999899  153 4  0.0015
1069  137.300  #989998  153 5  0.0036
1070  137.300  #989999  153 6  0.0000
1071  137.700  #999998  153 7  0.0029
1072  138.000  #999999  154 1  0.0022
1073  138.200  #99999a  154 2  0.0014
1074  138.500  #9a9999  154 3  0.0022
1075  138.500  #9a999a  154 4  0.0000
1076  139.100  #999a99  154 5  0.0043
1077  139.400  #999a9a  154 6  0.0022
1078  139.800  #9a9a99  154 7  0.0029
1079  139.900  #9a9a9a  155 1  0.0007
1080  139.900  #9a9a9b  155 2  0.0000
1081  140.300  #9b9a9a  155 3  0.0029
1082  140.600  #9b9a9b  155 4  0.0021
1083  141.300  #9a9b9a  155 5  0.0050
1084  141.300  #9a9b9b  155 6  0.0000
1085  141.500  #9b9b9a  155 7  0.0014
1086  141.700  #9b9b9b  156 1  0.0014
1087  142.100  #9b9b9c  156 2  0.0028
1088  142.400  #9c9b9b  156 3  0.0021
1089  142.500  #9c9b9c  156 4  0.0007
1090  143.000  #9b9c9b  156 5  0.0035
1091  143.200  #9b9c9c  156 6  0.0014
1092  143.700  #9c9c9b  156 7  0.0035
1093  143.900  #9c9c9c  157 1  0.0014
1094  143.900  #9c9c9d  157 2  0.0000
1095  144.200  #9d9c9c  157 3  0.0021
1096  144.400  #9d9c9d  157 4  0.0014
1097  145.200  #9c9d9c  157 5  0.0055
1098  145.400  #9c9d9d  157 6  0.0014
1099  145.600  #9d9d9c  157 7  0.0014
1100  145.600  #9d9d9d  158 1  0.0000
1101  145.800  #9d9d9e  158 2  0.0014
1102  146.400  #9e9d9d  158 3  0.0041
1103  146.600  #9e9d9e  158 4  0.0014
1104  147.000  #9d9e9d  158 5  0.0027
1105  147.100  #9d9e9e  158 6  0.0007
1106  147.500  #9e9e9d  158 7  0.0027
1107  147.900  #9e9e9e  159 1  0.0027
1108  148.000  #9e9e9f  159 2  0.0007
1109  148.200  #9f9e9e  159 3  0.0014
1110  148.300  #9f9e9f  159 4  0.0007
1111  149.000  #9e9f9e  159 5  0.0047
1112  149.300  #9e9f9f  159 6  0.0020
1113  149.700  #9f9f9e  159 7  0.0027
1114  149.600  #9f9f9f  160 1  -0.0007
1115  149.800  #9f9fa0  160 2  0.0013
1116  150.200  #a09f9f  160 3  0.0027
1117  150.500  #a09fa0  160 4  0.0020
1118  151.200  #9fa09f  160 5  0.0046
1119  151.100  #9fa0a0  160 6  -0.0007
1120  151.400  #a0a09f  160 7  0.0020
1121  151.700  #a0a0a0  161 1  0.0020
1122  152.000  #a0a0a1  161 2  0.0020
1123  152.200  #a1a0a0  161 3  0.0013
1124  152.300  #a1a0a1  161 4  0.0007
1125  152.900  #a0a1a0  161 5  0.0039
1126  153.200  #a0a1a1  161 6  0.0020
1127  153.700  #a1a1a0  161 7  0.0033
1128  153.800  #a1a1a1  162 1  0.0007
1129  153.800  #a1a1a2  162 2  0.0000
1130  154.200  #a2a1a1  162 3  0.0026
1131  154.500  #a2a1a2  162 4  0.0019
1132  155.300  #a1a2a1  162 5  0.0052
1133  155.300  #a1a2a2  162 6  0.0000
1134  155.500  #a2a2a1  162 7  0.0013
1135  155.700  #a2a2a2  163 1  0.0013
1136  156.100  #a2a2a3  163 2  0.0026
1137  156.700  #a3a2a2  163 3  0.0038
1138  156.600  #a3a2a3  163 4  -0.0006
1139  157.300  #a2a3a2  163 5  0.0045
1140  157.600  #a2a3a3  163 6  0.0019
1141  158.300  #a3a3a2  163 7  0.0044
1142  158.500  #a3a3a3  164 1  0.0013
1143  158.500  #a3a3a4  164 2  0.0000
1144  158.800  #a4a3a3  164 3  0.0019
1145  159.000  #a4a3a4  164 4  0.0013
1146  159.900  #a3a4a3  164 5  0.0056
1147  160.100  #a3a4a4  164 6  0.0012
1148  160.200  #a4a4a3  164 7  0.0006
1149  160.300  #a4a4a4  165 1  0.0006
1150  160.700  #a4a4a5  165 2  0.0025
1151  161.200  #a5a4a4  165 3  0.0031
1152  161.400  #a5a4a5  165 4  0.0012
1153  161.800  #a4a5a4  165 5  0.0025
1154  161.900  #a4a5a5  165 6  0.0006
1155  162.400  #a5a5a4  165 7  0.0031
1156  162.800  #a5a5a5  166 1  0.0025
1157  162.900  #a5a5a6  166 2  0.0006
1158  163.100  #a6a5a5  166 3  0.0012
1159  163.200  #a6a5a6  166 4  0.0006
1160  164.000  #a5a6a5  166 5  0.0049
1161  164.400  #a5a6a6  166 6  0.0024
1162  164.600  #a6a6a5  166 7  0.0012
1163  164.600  #a6a6a6  167 1  0.0000
1164  164.800  #a6a6a7  167 2  0.0012
1165  165.200  #a7a6a6  167 3  0.0024
1166  165.700  #a7a6a7  167 4  0.0030
1167  166.200  #a6a7a6  167 5  0.0030
1168  166.200  #a6a7a7  167 6  0.0000
1169  166.600  #a7a7a6  167 7  0.0024
1170  166.900  #a7a7a7  168 1  0.0018
1171  167.300  #a7a7a8  168 2  0.0024
1172  167.400  #a8a7a7  168 3  0.0006
1173  167.300  #a8a7a8  168 4  -0.0006
1174  168.100  #a7a8a7  168 5  0.0048
1175  168.500  #a7a8a8  168 6  0.0024
1176  169.000  #a8a8a7  168 7  0.0030
1177  169.000  #a8a8a8  169 1  0.0000
1178  169.000  #a8a8a9  169 2  0.0000
1179  169.400  #a9a8a8  169 3  0.0024
1180  169.800  #a9a8a9  169 4  0.0024
1181  170.600  #a8a9a8  169 5  0.0047
1182  170.600  #a8a9a9  169 6  0.0000
1183  170.700  #a9a9a8  169 7  0.0006
1184  171.100  #a9a9a9  170 1  0.0023
1185  171.500  #a9a9aa  170 2  0.0023
1186  172.000  #aaa9a9  170 3  0.0029
1187  171.900  #aaa9aa  170 4  -0.0006
1188  172.400  #a9aaa9  170 5  0.0029
1189  172.800  #a9aaaa  170 6  0.0023
1190  173.300  #aaaaa9  170 7  0.0029
1191  173.600  #aaaaaa  171 1  0.0017
1192  173.500  #aaaaab  171 2  -0.0006
1193  173.700  #abaaaa  171 3  0.0012
1194  174.000  #abaaab  171 4  0.0017
1195  174.900  #aaabaa  171 5  0.0052
1196  175.100  #aaabab  171 6  0.0011
1197  175.300  #ababaa  171 7  0.0011
1198  175.400  #ababab  172 1  0.0006
1199  175.800  #ababac  172 2  0.0023
1200  176.400  #acabab  172 3  0.0034
1201  176.500  #acabac  172 4  0.0006
1202  176.900  #abacab  172 5  0.0023
1203  177.100  #abacac  172 6  0.0011
1204  177.600  #acacab  172 7  0.0028
1205  178.100  #acacac  173 1  0.0028
1206  178.200  #acacad  173 2  0.0006
1207  178.400  #adacac  173 3  0.0011
1208  178.400  #adacad  173 4  0.0000
1209  179.000  #acadac  173 5  0.0034
1210  179.000  #acadad  173 6  0.0000
1211  179.000  #adadac  173 7  0.0000
1212  179.000  #adadad  174 1  0.0000
1213  180.000  #adadae  174 2  0.0056
1214  180.000  #aeadad  174 3  0.0000
1215  181.000  #aeadae  174 4  0.0055
1216  181.000  #adaead  174 5  0.0000
1217  181.000  #adaeae  174 6  0.0000
1218  181.000  #aeaead  174 7  0.0000
1219  182.000  #aeaeae  175 1  0.0055
1220  182.000  #aeaeaf  175 2  0.0000
1221  183.000  #afaeae  175 3  0.0055
1222  183.000  #afaeaf  175 4  0.0000
1223  183.000  #aeafae  175 5  0.0000
1224  184.000  #aeafaf  175 6  0.0054
1225  184.000  #afafae  175 7  0.0000
1226  184.000  #afafaf  176 1  0.0000
1227  184.000  #afafb0  176 2  0.0000
1228  184.000  #b0afaf  176 3  0.0000
1229  185.000  #b0afb0  176 4  0.0054
1230  186.000  #afb0af  176 5  0.0054
1231  186.000  #afb0b0  176 6  0.0000
1232  186.000  #b0b0af  176 7  0.0000
1233  186.000  #b0b0b0  177 1  0.0000
1234  187.000  #b0b0b1  177 2  0.0054
1235  187.000  #b1b0b0  177 3  0.0000
1236  187.000  #b1b0b1  177 4  0.0000
1237  188.000  #b0b1b0  177 5  0.0053
1238  188.000  #b0b1b1  177 6  0.0000
1239  189.000  #b1b1b0  177 7  0.0053
1240  189.000  #b1b1b1  178 1  0.0000
1241  189.000  #b1b1b2  178 2  0.0000
1242  189.000  #b2b1b1  178 3  0.0000
1243  189.000  #b2b1b2  178 4  0.0000
1244  190.000  #b1b2b1  178 5  0.0053
1245  191.000  #b1b2b2  178 6  0.0052
1246  191.000  #b2b2b1  178 7  0.0000
1247  191.000  #b2b2b2  179 1  0.0000
1248  191.000  #b2b2b3  179 2  0.0000
1249  192.000  #b3b2b2  179 3  0.0052
1250  192.000  #b3b2b3  179 4  0.0000
1251  192.000  #b2b3b2  179 5  0.0000
1252  193.000  #b2b3b3  179 6  0.0052
1253  193.000  #b3b3b2  179 7  0.0000
1254  193.000  #b3b3b3  180 1  0.0000
1255  194.000  #b3b3b4  180 2  0.0052
1256  194.000  #b4b3b3  180 3  0.0000
1257  194.000  #b4b3b4  180 4  0.0000
1258  195.000  #b3b4b3  180 5  0.0051
1259  195.000  #b3b4b4  180 6  0.0000
1260  196.000  #b4b4b3  180 7  0.0051
1261  196.000  #b4b4b4  181 1  0.0000
1262  196.000  #b4b4b5  181 2  0.0000
1263  196.000  #b5b4b4  181 3  0.0000
1264  197.000  #b5b4b5  181 4  0.0051
1265  197.000  #b4b5b4  181 5  0.0000
1266  197.000  #b4b5b5  181 6  0.0000
1267  198.000  #b5b5b4  181 7  0.0051
1268  198.000  #b5b5b5  182 1  0.0000
1269  198.000  #b5b5b6  182 2  0.0000
1270  199.000  #b6b5b5  182 3  0.0050
1271  199.000  #b6b5b6  182 4  0.0000
1272  199.000  #b5b6b5  182 5  0.0000
1273  200.000  #b5b6b6  182 6  0.0050
1274  200.000  #b6b6b5  182 7  0.0000
1275  201.000  #b6b6b6  183 1  0.0050
1276  201.000  #b6b6b7  183 2  0.0000
1277  201.000  #b7b6b6  183 3  0.0000
1278  201.000  #b7b6b7  183 4  0.0000
1279  202.000  #b6b7b6  183 5  0.0050
1280  202.000  #b6b7b7  183 6  0.0000
1281  202.000  #b7b7b6  183 7  0.0000
1282  203.000  #b7b7b7  184 1  0.0049
1283  203.000  #b7b7b8  184 2  0.0000
1284  203.000  #b8b7b7  184 3  0.0000
1285  203.000  #b8b7b8  184 4  0.0000
1286  204.000  #b7b8b7  184 5  0.0049
1287  204.000  #b7b8b8  184 6  0.0000
1288  205.000  #b8b8b7  184 7  0.0049
1289  205.000  #b8b8b8  185 1  0.0000
1290  205.000  #b8b8b9  185 2  0.0000
1291  205.000  #b9b8b8  185 3  0.0000
1292  206.000  #b9b8b9  185 4  0.0049
1293  207.000  #b8b9b8  185 5  0.0048
1294  207.000  #b8b9b9  185 6  0.0000
1295  207.000  #b9b9b8  185 7  0.0000
1296  207.000  #b9b9b9  186 1  0.0000
1297  208.000  #b9b9ba  186 2  0.0048
1298  208.000  #bab9b9  186 3  0.0000
1299  208.000  #bab9ba  186 4  0.0000
1300  209.000  #b9bab9  186 5  0.0048
1301  209.000  #b9baba  186 6  0.0000
1302  210.000  #babab9  186 7  0.0048
1303  210.000  #bababa  187 1  0.0000
1304  210.000  #bababb  187 2  0.0000
1305  210.000  #bbbaba  187 3  0.0000
1306  211.000  #bbbabb  187 4  0.0048
1307  211.000  #babbba  187 5  0.0000
1308  212.000  #babbbb  187 6  0.0047
1309  212.000  #bbbbba  187 7  0.0000
1310  212.000  #bbbbbb  188 1  0.0000
1311  212.000  #bbbbbc  188 2  0.0000
1312  213.000  #bcbbbb  188 3  0.0047
1313  213.000  #bcbbbc  188 4  0.0000
1314  214.000  #bbbcbb  188 5  0.0047
1315  214.000  #bbbcbc  188 6  0.0000
1316  214.000  #bcbcbb  188 7  0.0000
1317  215.000  #bcbcbc  189 1  0.0047
1318  215.000  #bcbcbd  189 2  0.0000
1319  216.000  #bdbcbc  189 3  0.0046
1320  216.000  #bdbcbd  189 4  0.0000
1321  216.000  #bcbdbc  189 5  0.0000
1322  217.000  #bcbdbd  189 6  0.0046
1323  217.000  #bdbdbc  189 7  0.0000
1324  218.000  #bdbdbd  190 1  0.0046
1325  218.000  #bdbdbe  190 2  0.0000
1326  218.000  #bebdbd  190 3  0.0000
1327  218.000  #bebdbe  190 4  0.0000
1328  219.000  #bdbebd  190 5  0.0046
1329  219.000  #bdbebe  190 6  0.0000
1330  220.000  #bebebd  190 7  0.0046
1331  220.000  #bebebe  191 1  0.0000
1332  220.000  #bebebf  191 2  0.0000
1333  221.000  #bfbebe  191 3  0.0045
1334  221.000  #bfbebf  191 4  0.0000
1335  221.000  #bebfbe  191 5  0.0000
1336  222.000  #bebfbf  191 6  0.0045
1337  222.000  #bfbfbe  191 7  0.0000
1338  223.000  #bfbfbf  192 1  0.0045
1339  223.000  #bfbfc0  192 2  0.0000
1340  223.000  #c0bfbf  192 3  0.0000
1341  223.000  #c0bfc0  192 4  0.0000
1342  224.000  #bfc0bf  192 5  0.0045
1343  225.000  #bfc0c0  192 6  0.0045
1344  225.000  #c0c0bf  192 7  0.0000
1345  225.000  #c0c0c0  193 1  0.0000
1346  225.000  #c0c0c1  193 2  0.0000
1347  225.000  #c1c0c0  193 3  0.0000
1348  226.000  #c1c0c1  193 4  0.0044
1349  227.000  #c0c1c0  193 5  0.0044
1350  227.000  #c0c1c1  193 6  0.0000
1351  227.000  #c1c1c0  193 7  0.0000
1352  227.000  #c1c1c1  194 1  0.0000
1353  228.000  #c1c1c2  194 2  0.0044
1354  228.000  #c2c1c1  194 3  0.0000
1355  228.000  #c2c1c2  194 4  0.0000
1356  229.000  #c1c2c1  194 5  0.0044
1357  229.000  #c1c2c2  194 6  0.0000
1358  230.000  #c2c2c1  194 7  0.0044
1359  230.000  #c2c2c2  195 1  0.0000
1360  230.000  #c2c2c3  195 2  0.0000
1361  230.000  #c3c2c2  195 3  0.0000
1362  231.000  #c3c2c3  195 4  0.0043
1363  232.000  #c2c3c2  195 5  0.0043
1364  232.000  #c2c3c3  195 6  0.0000
1365  232.000  #c3c3c2  195 7  0.0000
1366  233.000  #c3c3c3  196 1  0.0043
1367  233.000  #c3c3c4  196 2  0.0000
1368  234.000  #c4c3c3  196 3  0.0043
1369  234.000  #c4c3c4  196 4  0.0000
1370  234.000  #c3c4c3  196 5  0.0000
1371  235.000  #c3c4c4  196 6  0.0043
1372  235.000  #c4c4c3  196 7  0.0000
1373  235.000  #c4c4c4  197 1  0.0000
1374  235.000  #c4c4c5  197 2  0.0000
1375  236.000  #c5c4c4  197 3  0.0042
1376  236.000  #c5c4c5  197 4  0.0000
1377  237.000  #c4c5c4  197 5  0.0042
1378  237.000  #c4c5c5  197 6  0.0000
1379  237.000  #c5c5c4  197 7  0.0000
1380  238.000  #c5c5c5  198 1  0.0042
1381  238.000  #c5c5c6  198 2  0.0000
1382  239.000  #c6c5c5  198 3  0.0042
1383  239.000  #c6c5c6  198 4  0.0000
1384  239.000  #c5c6c5  198 5  0.0000
1385  240.000  #c5c6c6  198 6  0.0042
1386  240.000  #c6c6c5  198 7  0.0000
1387  241.000  #c6c6c6  199 1  0.0042
1388  241.000  #c6c6c7  199 2  0.0000
1389  241.000  #c7c6c6  199 3  0.0000
1390  241.000  #c7c6c7  199 4  0.0000
1391  242.000  #c6c7c6  199 5  0.0041
1392  243.000  #c6c7c7  199 6  0.0041
1393  243.000  #c7c7c6  199 7  0.0000
1394  243.000  #c7c7c7  200 1  0.0000
1395  243.000  #c7c7c8  200 2  0.0000
1396  244.000  #c8c7c7  200 3  0.0041
1397  244.000  #c8c7c8  200 4  0.0000
1398  245.000  #c7c8c7  200 5  0.0041
1399  245.000  #c7c8c8  200 6  0.0000
1400  245.000  #c8c8c7  200 7  0.0000
1401  245.000  #c8c8c8  201 1  0.0000
1402  246.000  #c8c8c9  201 2  0.0041
1403  246.000  #c9c8c8  201 3  0.0000
1404  246.000  #c9c8c9  201 4  0.0000
1405  247.000  #c8c9c8  201 5  0.0041
1406  247.000  #c8c9c9  201 6  0.0000
1407  248.000  #c9c9c8  201 7  0.0040
1408  248.000  #c9c9c9  202 1  0.0000
1409  248.000  #c9c9ca  202 2  0.0000
1410  248.000  #cac9c9  202 3  0.0000
1411  249.000  #cac9ca  202 4  0.0040
1412  250.000  #c9cac9  202 5  0.0040
1413  250.000  #c9caca  202 6  0.0000
1414  250.000  #cacac9  202 7  0.0000
1415  250.000  #cacaca  203 1  0.0000
1416  251.000  #cacacb  203 2  0.0040
1417  251.000  #cbcaca  203 3  0.0000
1418  251.000  #cbcacb  203 4  0.0000
1419  252.000  #cacbca  203 5  0.0040
1420  252.000  #cacbcb  203 6  0.0000
1421  253.000  #cbcbca  203 7  0.0040
1422  253.000  #cbcbcb  204 1  0.0000
1423  253.000  #cbcbcc  204 2  0.0000
1424  253.000  #cccbcb  204 3  0.0000
1425  254.000  #cccbcc  204 4  0.0039
1426  255.000  #cbcccb  204 5  0.0039
1427  255.000  #cbcccc  204 6  0.0000
1428  255.000  #cccccb  204 7  0.0000
1429  255.000  #cccccc  205 1  0.0000
1430  255.000  #cccccd  205 2  0.0000
1431  256.000  #cdcccc  205 3  0.0039
1432  257.000  #cdcccd  205 4  0.0039
1433  257.000  #cccdcc  205 5  0.0000
1434  257.000  #cccdcd  205 6  0.0000
1435  258.000  #cdcdcc  205 7  0.0039
1436  258.000  #cdcdcd  206 1  0.0000
1437  258.000  #cdcdce  206 2  0.0000
1438  258.000  #cecdcd  206 3  0.0000
1439  259.000  #cecdce  206 4  0.0039
1440  260.000  #cdcecd  206 5  0.0039
1441  260.000  #cdcece  206 6  0.0000
1442  260.000  #cececd  206 7  0.0000
1443  260.000  #cecece  207 1  0.0000
1444  260.000  #cececf  207 2  0.0000
1445  261.000  #cfcece  207 3  0.0038
1446  261.000  #cfcecf  207 4  0.0000
1447  262.000  #cecfce  207 5  0.0038
1448  262.000  #cecfcf  207 6  0.0000
1449  262.000  #cfcfce  207 7  0.0000
1450  263.000  #cfcfcf  208 1  0.0038
1451  263.000  #cfcfd0  208 2  0.0000
1452  264.000  #d0cfcf  208 3  0.0038
1453  263.000  #d0cfd0  208 4  -0.0038
1454  264.000  #cfd0cf  208 5  0.0038
1455  265.000  #cfd0d0  208 6  0.0038
1456  265.000  #d0d0cf  208 7  0.0000
1457  265.000  #d0d0d0  209 1  0.0000
1458  265.000  #d0d0d1  209 2  0.0000
1459  266.000  #d1d0d0  209 3  0.0038
1460  266.000  #d1d0d1  209 4  0.0000
1461  267.000  #d0d1d0  209 5  0.0038
1462  267.000  #d0d1d1  209 6  0.0000
1463  267.000  #d1d1d0  209 7  0.0000
1464  267.000  #d1d1d1  210 1  0.0000
1465  268.000  #d1d1d2  210 2  0.0037
1466  269.000  #d2d1d1  210 3  0.0037
1467  269.000  #d2d1d2  210 4  0.0000
1468  269.000  #d1d2d1  210 5  0.0000
1469  269.000  #d1d2d2  210 6  0.0000
1470  270.000  #d2d2d1  210 7  0.0037
1471  271.000  #d2d2d2  211 1  0.0037
1472  270.000  #d2d2d3  211 2  -0.0037
1473  271.000  #d3d2d2  211 3  0.0037
1474  271.000  #d3d2d3  211 4  0.0000
1475  272.000  #d2d3d2  211 5  0.0037
1476  272.000  #d2d3d3  211 6  0.0000
1477  272.000  #d3d3d2  211 7  0.0000
1478  272.000  #d3d3d3  212 1  0.0000
1479  273.000  #d3d3d4  212 2  0.0037
1480  273.000  #d4d3d3  212 3  0.0000
1481  274.000  #d4d3d4  212 4  0.0037
1482  274.000  #d3d4d3  212 5  0.0000
1483  274.000  #d3d4d4  212 6  0.0000
1484  275.000  #d4d4d3  212 7  0.0036
1485  275.000  #d4d4d4  213 1  0.0000
1486  275.000  #d4d4d5  213 2  0.0000
1487  276.000  #d5d4d4  213 3  0.0036
1488  276.000  #d5d4d5  213 4  0.0000
1489  277.000  #d4d5d4  213 5  0.0036
1490  277.000  #d4d5d5  213 6  0.0000
1491  277.000  #d5d5d4  213 7  0.0000
1492  277.000  #d5d5d5  214 1  0.0000
1493  277.000  #d5d5d6  214 2  0.0000
1494  278.000  #d6d5d5  214 3  0.0036
1495  279.000  #d6d5d6  214 4  0.0036
1496  279.000  #d5d6d5  214 5  0.0000
1497  279.000  #d5d6d6  214 6  0.0000
1498  280.000  #d6d6d5  214 7  0.0036
1499  280.000  #d6d6d6  215 1  0.0000
1500  281.000  #d6d6d7  215 2  0.0036
1501  281.000  #d7d6d6  215 3  0.0000
1502  281.000  #d7d6d7  215 4  0.0000
1503  282.000  #d6d7d6  215 5  0.0036
1504  282.000  #d6d7d7  215 6  0.0000
1505  283.000  #d7d7d6  215 7  0.0035
1506  283.000  #d7d7d7  216 1  0.0000
1507  283.000  #d7d7d8  216 2  0.0000
1508  283.000  #d8d7d7  216 3  0.0000
1509  284.000  #d8d7d8  216 4  0.0035
1510  285.000  #d7d8d7  216 5  0.0035
1511  285.000  #d7d8d8  216 6  0.0000
1512  285.000  #d8d8d7  216 7  0.0000
1513  285.000  #d8d8d8  217 1  0.0000
1514  286.000  #d8d8d9  217 2  0.0035
1515  286.000  #d9d8d8  217 3  0.0000
1516  286.000  #d9d8d9  217 4  0.0000
1517  287.000  #d8d9d8  217 5  0.0035
1518  287.000  #d8d9d9  217 6  0.0000
1519  288.000  #d9d9d8  217 7  0.0035
1520  288.000  #d9d9d9  218 1  0.0000
1521  288.000  #d9d9da  218 2  0.0000
1522  288.000  #dad9d9  218 3  0.0000
1523  289.000  #dad9da  218 4  0.0035
1524  290.000  #d9dad9  218 5  0.0035
1525  290.000  #d9dada  218 6  0.0000
1526  291.000  #dadad9  218 7  0.0034
1527  290.000  #dadada  219 1  -0.0034
1528  291.000  #dadadb  219 2  0.0034
1529  291.000  #dbdada  219 3  0.0000
1530  292.000  #dbdadb  219 4  0.0034
1531  293.000  #dadbda  219 5  0.0034
1532  292.000  #dadbdb  219 6  -0.0034
1533  293.000  #dbdbda  219 7  0.0034
1534  293.000  #dbdbdb  220 1  0.0000
1535  294.000  #dbdbdc  220 2  0.0034
1536  294.000  #dcdbdb  220 3  0.0000
1537  294.000  #dcdbdc  220 4  0.0000
1538  295.000  #dbdcdb  220 5  0.0034
1539  295.000  #dbdcdc  220 6  0.0000
1540  296.000  #dcdcdb  220 7  0.0034
1541  296.000  #dcdcdc  221 1  0.0000
1542  296.000  #dcdcdd  221 2  0.0000
1543  296.000  #dddcdc  221 3  0.0000
1544  297.000  #dddcdd  221 4  0.0034
1545  298.000  #dcdddc  221 5  0.0034
1546  298.000  #dcdddd  221 6  0.0000
1547  298.000  #dddddc  221 7  0.0000
1548  298.000  #dddddd  222 1  0.0000
1549  299.000  #ddddde  222 2  0.0034
1550  300.000  #dedddd  222 3  0.0033
1551  300.000  #deddde  222 4  0.0000
1552  300.000  #dddedd  222 5  0.0000
1553  300.000  #dddede  222 6  0.0000
1554  301.000  #dededd  222 7  0.0033
1555  302.000  #dedede  223 1  0.0033
1556  301.000  #dededf  223 2  -0.0033
1557  302.000  #dfdede  223 3  0.0033
1558  302.000  #dfdedf  223 4  0.0000
1559  303.000  #dedfde  223 5  0.0033
1560  304.000  #dedfdf  223 6  0.0033
1561  304.000  #dfdfde  223 7  0.0000
1562  304.000  #dfdfdf  224 1  0.0000
1563  304.000  #dfdfe0  224 2  0.0000
1564  305.000  #e0dfdf  224 3  0.0033
1565  305.000  #e0dfe0  224 4  0.0000
1566  306.000  #dfe0df  224 5  0.0033
1567  306.000  #dfe0e0  224 6  0.0000
1568  307.000  #e0e0df  224 7  0.0033
1569  307.000  #e0e0e0  225 1  0.0000
1570  307.000  #e0e0e1  225 2  0.0000
1571  307.000  #e1e0e0  225 3  0.0000
1572  308.000  #e1e0e1  225 4  0.0033
1573  309.000  #e0e1e0  225 5  0.0032
1574  309.000  #e0e1e1  225 6  0.0000
1575  310.000  #e1e1e0  225 7  0.0032
1576  310.000  #e1e1e1  226 1  0.0000
1577  310.000  #e1e1e2  226 2  0.0000
1578  311.000  #e2e1e1  226 3  0.0032
1579  311.000  #e2e1e2  226 4  0.0000
1580  312.000  #e1e2e1  226 5  0.0032
1581  311.000  #e1e2e2  226 6  -0.0032
1582  312.000  #e2e2e1  226 7  0.0032
1583  313.000  #e2e2e2  227 1  0.0032
1584  313.000  #e2e2e3  227 2  0.0000
1585  313.000  #e3e2e2  227 3  0.0000
1586  313.000  #e3e2e3  227 4  0.0000
1587  314.000  #e2e3e2  227 5  0.0032
1588  315.000  #e2e3e3  227 6  0.0032
1589  315.000  #e3e3e2  227 7  0.0000
1590  315.000  #e3e3e3  228 1  0.0000
1591  315.000  #e3e3e4  228 2  0.0000
1592  316.000  #e4e3e3  228 3  0.0032
1593  316.000  #e4e3e4  228 4  0.0000
1594  318.000  #e3e4e3  228 5  0.0063
1595  318.000  #e3e4e4  228 6  0.0000
1596  318.000  #e4e4e3  228 7  0.0000
1597  318.000  #e4e4e4  229 1  0.0000
1598  319.000  #e4e4e5  229 2  0.0031
1599  320.000  #e5e4e4  229 3  0.0031
1600  320.000  #e5e4e5  229 4  0.0000
1601  320.000  #e4e5e4  229 5  0.0000
1602  321.000  #e4e5e5  229 6  0.0031
1603  322.000  #e5e5e4  229 7  0.0031
1604  322.000  #e5e5e5  230 1  0.0000
1605  322.000  #e5e5e6  230 2  0.0000
1606  322.000  #e6e5e5  230 3  0.0000
1607  323.000  #e6e5e6  230 4  0.0031
1608  324.000  #e5e6e5  230 5  0.0031
1609  324.000  #e5e6e6  230 6  0.0000
1610  324.000  #e6e6e5  230 7  0.0000
1611  324.000  #e6e6e6  231 1  0.0000
1612  325.000  #e6e6e7  231 2  0.0031
1613  326.000  #e7e6e6  231 3  0.0031
1614  326.000  #e7e6e7  231 4  0.0000
1615  327.000  #e6e7e6  231 5  0.0031
1616  327.000  #e6e7e7  231 6  0.0000
1617  327.000  #e7e7e6  231 7  0.0000
1618  328.000  #e7e7e7  232 1  0.0031
1619  328.000  #e7e7e8  232 2  0.0000
1620  328.000  #e8e7e7  232 3  0.0000
1621  328.000  #e8e7e8  232 4  0.0000
1622  329.000  #e7e8e7  232 5  0.0030
1623  330.000  #e7e8e8  232 6  0.0030
1624  331.000  #e8e8e7  232 7  0.0030
1625  330.000  #e8e8e8  233 1  -0.0030
1626  330.000  #e8e8e9  233 2  0.0000
1627  331.000  #e9e8e8  233 3  0.0030
1628  332.000  #e9e8e9  233 4  0.0030
1629  333.000  #e8e9e8  233 5  0.0030
1630  333.000  #e8e9e9  233 6  0.0000
1631  333.000  #e9e9e8  233 7  0.0000
1632  333.000  #e9e9e9  234 1  0.0000
1633  334.000  #e9e9ea  234 2  0.0030
1634  335.000  #eae9e9  234 3  0.0030
1635  334.000  #eae9ea  234 4  -0.0030
1636  335.000  #e9eae9  234 5  0.0030
1637  335.000  #e9eaea  234 6  0.0000
1638  337.000  #eaeae9  234 7  0.0060
1639  337.000  #eaeaea  235 1  0.0000
1640  337.000  #eaeaeb  235 2  0.0000
1641  337.000  #ebeaea  235 3  0.0000
1642  337.000  #ebeaeb  235 4  0.0000
1643  339.000  #eaebea  235 5  0.0059
1644  339.000  #eaebeb  235 6  0.0000
1645  339.000  #ebebea  235 7  0.0000
1646  339.000  #ebebeb  236 1  0.0000
1647  340.000  #ebebec  236 2  0.0029
1648  341.000  #ecebeb  236 3  0.0029
1649  341.000  #ecebec  236 4  0.0000
1650  341.000  #ebeceb  236 5  0.0000
1651  341.000  #ebecec  236 6  0.0000
1652  342.000  #ececeb  236 7  0.0029
1653  343.000  #ececec  237 1  0.0029
1654  343.000  #ececed  237 2  0.0000
1655  343.000  #edecec  237 3  0.0000
1656  343.000  #edeced  237 4  0.0000
1657  344.000  #ecedec  237 5  0.0029
1658  345.000  #eceded  237 6  0.0029
1659  345.000  #ededec  237 7  0.0000
1660  345.000  #ededed  238 1  0.0000
1661  345.000  #ededee  238 2  0.0000
1662  346.000  #eeeded  238 3  0.0029
1663  347.000  #eeedee  238 4  0.0029
1664  347.000  #edeeed  238 5  0.0000
1665  347.000  #edeeee  238 6  0.0000
1666  348.000  #eeeeed  238 7  0.0029
1667  349.000  #eeeeee  239 1  0.0029
1668  349.000  #eeeeef  239 2  0.0000
1669  349.000  #efeeee  239 3  0.0000
1670  349.000  #efeeef  239 4  0.0000
1671  350.000  #eeefee  239 5  0.0029
1672  351.000  #eeefef  239 6  0.0029
1673  352.000  #efefee  239 7  0.0028
1674  352.000  #efefef  240 1  0.0000
1675  351.000  #efeff0  240 2  -0.0028
1676  352.000  #f0efef  240 3  0.0028
1677  353.000  #f0eff0  240 4  0.0028
1678  354.000  #eff0ef  240 5  0.0028
1679  354.000  #eff0f0  240 6  0.0000
1680  354.000  #f0f0ef  240 7  0.0000
1681  354.000  #f0f0f0  241 1  0.0000
1682  355.000  #f0f0f1  241 2  0.0028
1683  356.000  #f1f0f0  241 3  0.0028
1684  355.000  #f1f0f1  241 4  -0.0028
1685  356.000  #f0f1f0  241 5  0.0028
1686  357.000  #f0f1f1  241 6  0.0028
1687  357.000  #f1f1f0  241 7  0.0000
1688  358.000  #f1f1f1  242 1  0.0028
1689  358.000  #f1f1f2  242 2  0.0000
1690  358.000  #f2f1f1  242 3  0.0000
1691  359.000  #f2f1f2  242 4  0.0028
1692  360.000  #f1f2f1  242 5  0.0028
1693  360.000  #f1f2f2  242 6  0.0000
1694  360.000  #f2f2f1  242 7  0.0000
1695  360.000  #f2f2f2  243 1  0.0000
1696  361.000  #f2f2f3  243 2  0.0028
1697  362.000  #f3f2f2  243 3  0.0028
1698  362.000  #f3f2f3  243 4  0.0000
1699  362.000  #f2f3f2  243 5  0.0000
1700  362.000  #f2f3f3  243 6  0.0000
1701  363.000  #f3f3f2  243 7  0.0028
1702  364.000  #f3f3f3  244 1  0.0028
1703  364.000  #f3f3f4  244 2  0.0000
1704  364.000  #f4f3f3  244 3  0.0000
1705  364.000  #f4f3f4  244 4  0.0000
1706  365.000  #f3f4f3  244 5  0.0027
1707  366.000  #f3f4f4  244 6  0.0027
1708  367.000  #f4f4f3  244 7  0.0027
1709  366.000  #f4f4f4  245 1  -0.0027
1710  366.000  #f4f4f5  245 2  0.0000
1711  367.000  #f5f4f4  245 3  0.0027
1712  368.000  #f5f4f5  245 4  0.0027
1713  369.000  #f4f5f4  245 5  0.0027
1714  369.000  #f4f5f5  245 6  0.0000
1715  369.000  #f5f5f4  245 7  0.0000
1716  369.000  #f5f5f5  246 1  0.0000
1717  370.000  #f5f5f6  246 2  0.0027
1718  371.000  #f6f5f5  246 3  0.0027
1719  371.000  #f6f5f6  246 4  0.0000
1720  371.000  #f5f6f5  246 5  0.0000
1721  372.000  #f5f6f6  246 6  0.0027
1722  372.000  #f6f6f5  246 7  0.0000
1723  373.000  #f6f6f6  247 1  0.0027
1724  372.000  #f6f6f7  247 2  -0.0027
1725  373.000  #f7f6f6  247 3  0.0027
1726  373.000  #f7f6f7  247 4  0.0000
1727  374.000  #f6f7f6  247 5  0.0027
1728  375.000  #f6f7f7  247 6  0.0027
1729  374.000  #f7f7f6  247 7  -0.0027
1730  375.000  #f7f7f7  248 1  0.0027
1731  375.000  #f7f7f8  248 2  0.0000
1732  376.000  #f8f7f7  248 3  0.0027
1733  376.000  #f8f7f8  248 4  0.0000
1734  376.000  #f7f8f7  248 5  0.0000
1735  376.000  #f7f8f8  248 6  0.0000
1736  377.000  #f8f8f7  248 7  0.0027
1737  378.000  #f8f8f8  249 1  0.0026
1738  378.000  #f8f8f9  249 2  0.0000
1739  378.000  #f9f8f8  249 3  0.0000
1740  378.000  #f9f8f9  249 4  0.0000
1741  379.000  #f8f9f8  249 5  0.0026
1742  380.000  #f8f9f9  249 6  0.0026
1743  380.000  #f9f9f8  249 7  0.0000
1744  380.000  #f9f9f9  250 1  0.0000
1745  380.000  #f9f9fa  250 2  0.0000
1746  381.000  #faf9f9  250 3  0.0026
1747  382.000  #faf9fa  250 4  0.0026
1748  382.000  #f9faf9  250 5  0.0000
1749  382.000  #f9fafa  250 6  0.0000
1750  382.000  #fafaf9  250 7  0.0000
1751  383.000  #fafafa  251 1  0.0026
1752  383.000  #fafafb  251 2  0.0000
1753  384.000  #fbfafa  251 3  0.0026
1754  384.000  #fbfafb  251 4  0.0000
1755  384.000  #fafbfa  251 5  0.0000
1756  385.000  #fafbfb  251 6  0.0026
1757  386.000  #fbfbfa  251 7  0.0026
1758  386.000  #fbfbfb  252 1  0.0000
1759  386.000  #fbfbfc  252 2  0.0000
1760  387.000  #fcfbfb  252 3  0.0026
1761  388.000  #fcfbfc  252 4  0.0026
1762  390.000  #fbfcfb  252 5  0.0051
1763  390.000  #fbfcfc  252 6  0.0000
1764  391.000  #fcfcfb  252 7  0.0026
1765  391.000  #fcfcfc  253 1  0.0000
1766  392.000  #fcfcfd  253 2  0.0026
1767  394.000  #fdfcfc  253 3  0.0051
1768  394.000  #fdfcfd  253 4  0.0000
1769  395.000  #fcfdfc  253 5  0.0025
1770  396.000  #fcfdfd  253 6  0.0025
1771  398.000  #fdfdfc  253 7  0.0050
1772  399.000  #fdfdfd  254 1  0.0025
1773  398.000  #fdfdfe  254 2  -0.0025
1774  398.000  #fefdfd  254 3  0.0000
1775  399.000  #fefdfe  254 4  0.0025
1776  400.000  #fdfefd  254 5  0.0025
1777  400.000  #fdfefe  254 6  0.0000
1778  400.000  #fefefd  254 7  0.0000
1779  400.000  #fefefe  255 1  0.0000
1780  400.000  #fefeff  255 2  0.0000
1781  400.000  #fffefe  255 3  0.0000
1782  401.000  #fffeff  255 4  0.0025
1783  400.000  #fefffe  255 5  -0.0025
1784  400.000  #feffff  255 6  0.0000
1785  400.000  #fffffe  255 7  0.0000
1786  401.000  #ffffff  256 1  0.0025
