#  lumResponse vers. 1.8 - 12/08/08 13:53:35
#  Display ID: SHARP_HDMI_NA
#  iLdelay=1  avgN=1  ILlimit_plus=0.20 ILlimit_minus=-0.05  R=18.6% G=68.0% B=13.4%
#  78.169  #ff0000
#  285.11  #00ff00
#  56.047  #0000ff
   1    0.133  #000000    1 1  0.0000
   2    0.136  #000001    1 2  0.0255
   3    0.136  #010000    1 3  -0.0022
   4    0.133  #010001    1 4  -0.0240
   5    0.138  #000100    1 5  0.0366
   6    0.137  #000101    1 6  -0.0050
   7    0.140  #010100    1 7  0.0196
   8    0.141  #010101    2 1  0.0127
   9    0.140  #010102    2 2  -0.0104
  10    0.135  #020101    2 3  -0.0392
  11    0.134  #020102    2 4  -0.0032
  12    0.130  #010201    2 5  -0.0301
  13    0.137  #010202    2 6  0.0473
  14    0.134  #020201    2 7  -0.0187
  15    0.153  #020202    3 1  0.1321
  16    0.139  #020203    3 2  -0.0979
  17    0.140  #030202    3 3  0.0083
  18    0.135  #030203    3 4  -0.0382
  19    0.137  #020302    3 5  0.0212
  20    0.137  #020303    3 6  -0.0023
  21    0.136  #030302    3 7  -0.0096
  22    0.140  #030303    4 1  0.0314
  23    0.138  #030304    4 2  -0.0155
  24    0.133  #040303    4 3  -0.0388
  25    0.139  #040304    4 4  0.0438
  26    0.158  #030403    4 5  0.1285
  27    0.148  #030404    4 6  -0.0615
  28    0.147  #040403    4 7  -0.0066
  29    0.147  #040404    5 1  -0.0024
  30    0.139  #040405    5 2  -0.0563
  31    0.147  #050404    5 3  0.0564
  32    0.151  #050405    5 4  0.0297
  33    0.153  #040504    5 5  0.0072
  34    0.147  #040505    5 6  -0.0379
  35    0.156  #050504    5 7  0.0628
  36    0.148  #050505    6 1  -0.0561
  37    0.150  #050506    6 2  0.0120
  38    0.156  #060505    6 3  0.0444
  39    0.160  #060506    6 4  0.0199
  40    0.158  #050605    6 5  -0.0130
  41    0.168  #050606    6 6  0.0615
  42    0.157  #060605    6 7  -0.0623
  43    0.164  #060606    7 1  0.0391
  44    0.166  #060607    7 2  0.0123
  45    0.166  #070606    7 3  0.0040
  46    0.167  #070607    7 4  0.0065
  47    0.166  #060706    7 5  -0.0069
  48    0.168  #060707    7 6  0.0115
  49    0.169  #070706    7 7  0.0017
  50    0.181  #070707    8 1  0.0724
  51    0.172  #070708    8 2  -0.0542
  52    0.172  #080707    8 3  0.0014
  53    0.174  #080708    8 4  0.0142
  54    0.178  #070807    8 5  0.0221
  55    0.178  #070808    8 6  -0.0024
  56    0.175  #080807    8 7  -0.0159
  57    0.173  #080808    9 1  -0.0099
  58    0.183  #080809    9 2  0.0528
  59    0.193  #090808    9 3  0.0571
  60    0.181  #090809    9 4  -0.0653
  61    0.179  #080908    9 5  -0.0126
  62    0.188  #080909    9 6  0.0488
  63    0.194  #090908    9 7  0.0346
  64    0.203  #090909   10 1  0.0445
  65    0.190  #09090a   10 2  -0.0684
  66    0.192  #0a0909   10 3  0.0108
  67    0.196  #0a090a   10 4  0.0204
  68    0.201  #090a09   10 5  0.0256
  69    0.198  #090a0a   10 6  -0.0142
  70    0.203  #0a0a09   10 7  0.0243
  71    0.205  #0a0a0a   11 1  0.0087
  72    0.208  #0a0a0b   11 2  0.0170
  73    0.203  #0b0a0a   11 3  -0.0254
  74    0.208  #0b0a0b   11 4  0.0253
  75    0.202  #0a0b0a   11 5  -0.0321
  76    0.221  #0a0b0b   11 6  0.0894
  77    0.215  #0b0b0a   11 7  -0.0254
  78    0.213  #0b0b0b   12 1  -0.0117
  79    0.213  #0b0b0c   12 2  0.0025
  80    0.223  #0c0b0b   12 3  0.0440
  81    0.227  #0c0b0c   12 4  0.0179
  82    0.216  #0b0c0b   12 5  -0.0462
  83    0.228  #0b0c0c   12 6  0.0539
  84    0.226  #0c0c0b   12 7  -0.0112
  85    0.226  #0c0c0c   13 1  0.0012
  86    0.228  #0c0c0d   13 2  0.0075
  87    0.232  #0d0c0c   13 3  0.0161
  88    0.234  #0d0c0d   13 4  0.0089
  89    0.239  #0c0d0c   13 5  0.0221
  90    0.244  #0c0d0d   13 6  0.0212
  91    0.241  #0d0d0c   13 7  -0.0130
  92    0.246  #0d0d0d   14 1  0.0210
  93    0.244  #0d0d0e   14 2  -0.0074
  94    0.269  #0e0d0d   14 3  0.0978
  95    0.253  #0e0d0e   14 4  -0.0627
  96    0.251  #0d0e0d   14 5  -0.0063
  97    0.262  #0d0e0e   14 6  0.0425
  98    0.260  #0e0e0d   14 7  -0.0065
  99    0.263  #0e0e0e   15 1  0.0089
 100    0.264  #0e0e0f   15 2  0.0061
 101    0.259  #0f0e0e   15 3  -0.0214
 102    0.266  #0f0e0f   15 4  0.0272
 103    0.265  #0e0f0e   15 5  -0.0020
 104    0.278  #0e0f0f   15 6  0.0470
 105    0.279  #0f0f0e   15 7  0.0030
 106    0.282  #0f0f0f   16 1  0.0108
 107    0.295  #0f0f10   16 2  0.0443
 108    0.282  #100f0f   16 3  -0.0457
 109    0.299  #100f10   16 4  0.0584
 110    0.286  #0f100f   16 5  -0.0421
 111    0.300  #0f1010   16 6  0.0480
 112    0.286  #10100f   16 7  -0.0494
 113    0.310  #101010   17 1  0.0796
 114    0.304  #101011   17 2  -0.0165
 115    0.302  #111010   17 3  -0.0095
 116    0.309  #111011   17 4  0.0235
 117    0.306  #101110   17 5  -0.0103
 118    0.313  #101111   17 6  0.0223
 119    0.314  #111110   17 7  0.0053
 120    0.318  #111111   18 1  0.0123
 121    0.321  #111112   18 2  0.0091
 122    0.312  #121111   18 3  -0.0279
 123    0.331  #121112   18 4  0.0601
 124    0.316  #111211   18 5  -0.0490
 125    0.325  #111212   18 6  0.0302
 126    0.326  #121211   18 7  0.0022
 127    0.333  #121212   19 1  0.0221
 128    0.333  #121213   19 2  -0.0021
 129    0.328  #131212   19 3  -0.0140
 130    0.344  #131213   19 4  0.0472
 131    0.340  #121312   19 5  -0.0101
 132    0.330  #121313   19 6  -0.0305
 133    0.334  #131312   19 7  0.0114
 134    0.330  #131313   20 1  -0.0105
 135    0.340  #131314   20 2  0.0283
 136    0.339  #141313   20 3  -0.0034
 137    0.342  #141314   20 4  0.0098
 138    0.347  #131413   20 5  0.0145
 139    0.351  #131414   20 6  0.0099
 140    0.353  #141413   20 7  0.0074
 141    0.353  #141414   21 1  0.0007
 142    0.361  #141415   21 2  0.0207
 143    0.364  #151414   21 3  0.0082
 144    0.367  #151415   21 4  0.0098
 145    0.354  #141514   21 5  -0.0383
 146    0.372  #141515   21 6  0.0513
 147    0.361  #151514   21 7  -0.0308
 148    0.355  #151515   22 1  -0.0176
 149    0.366  #151516   22 2  0.0311
 150    0.366  #161515   22 3  -0.0003
 151    0.363  #161516   22 4  -0.0064
 152    0.386  #151615   22 5  0.0595
 153    0.388  #151616   22 6  0.0058
 154    0.385  #161615   22 7  -0.0065
 155    0.395  #161616   23 1  0.0260
 156    0.405  #161617   23 2  0.0230
 157    0.400  #171616   23 3  -0.0106
 158    0.404  #171617   23 4  0.0089
 159    0.401  #161716   23 5  -0.0074
 160    0.411  #161717   23 6  0.0243
 161    0.402  #171716   23 7  -0.0226
 162    0.407  #171717   24 1  0.0126
 163    0.434  #171718   24 2  0.0658
 164    0.419  #181717   24 3  -0.0370
 165    0.420  #181718   24 4  0.0025
 166    0.414  #171817   24 5  -0.0130
 167    0.410  #171818   24 6  -0.0101
 168    0.425  #181817   24 7  0.0348
 169    0.423  #181818   25 1  -0.0039
 170    0.436  #181819   25 2  0.0307
 171    0.429  #191818   25 3  -0.0171
 172    0.434  #191819   25 4  0.0131
 173    0.432  #181918   25 5  -0.0047
 174    0.445  #181919   25 6  0.0288
 175    0.430  #191918   25 7  -0.0353
 176    0.443  #191919   26 1  0.0303
 177    0.452  #19191a   26 2  0.0208
 178    0.444  #1a1919   26 3  -0.0176
 179    0.454  #1a191a   26 4  0.0213
 180    0.450  #191a19   26 5  -0.0089
 181    0.457  #191a1a   26 6  0.0154
 182    0.462  #1a1a19   26 7  0.0110
 183    0.469  #1a1a1a   27 1  0.0155
 184    0.471  #1a1a1b   27 2  0.0036
 185    0.467  #1b1a1a   27 3  -0.0071
 186    0.473  #1b1a1b   27 4  0.0119
 187    0.497  #1a1b1a   27 5  0.0502
 188    0.499  #1a1b1b   27 6  0.0035
 189    0.498  #1b1b1a   27 7  -0.0018
 190    0.504  #1b1b1b   28 1  0.0125
 191    0.514  #1b1b1c   28 2  0.0183
 192    0.514  #1c1b1b   28 3  -0.0003
 193    0.519  #1c1b1c   28 4  0.0103
 194    0.522  #1b1c1b   28 5  0.0055
 195    0.530  #1b1c1c   28 6  0.0159
 196    0.525  #1c1c1b   28 7  -0.0101
 197    0.530  #1c1c1c   29 1  0.0106
 198    0.538  #1c1c1d   29 2  0.0148
 199    0.544  #1d1c1c   29 3  0.0108
 200    0.550  #1d1c1d   29 4  0.0104
 201    0.572  #1c1d1c   29 5  0.0395
 202    0.579  #1c1d1d   29 6  0.0127
 203    0.578  #1d1d1c   29 7  -0.0026
 204    0.575  #1d1d1d   30 1  -0.0048
 205    0.584  #1d1d1e   30 2  0.0152
 206    0.570  #1e1d1d   30 3  -0.0237
 207    0.614  #1e1d1e   30 4  0.0739
 208    0.574  #1d1e1d   30 5  -0.0671
 209    0.603  #1d1e1e   30 6  0.0495
 210    0.589  #1e1e1d   30 7  -0.0244
 211    0.618  #1e1e1e   31 1  0.0483
 212    0.610  #1e1e1f   31 2  -0.0122
 213    0.637  #1f1e1e   31 3  0.0424
 214    0.606  #1f1e1f   31 4  -0.0492
 215    0.633  #1e1f1e   31 5  0.0437
 216    0.636  #1e1f1f   31 6  0.0037
 217    0.634  #1f1f1e   31 7  -0.0028
 218    0.648  #1f1f1f   32 1  0.0224
 219    0.676  #1f1f20   32 2  0.0414
 220    0.653  #201f1f   32 3  -0.0344
 221    0.669  #201f20   32 4  0.0248
 222    0.687  #1f201f   32 5  0.0257
 223    0.709  #1f2020   32 6  0.0328
 224    0.702  #20201f   32 7  -0.0105
 225    0.710  #202020   33 1  0.0111
 226    0.717  #202021   33 2  0.0099
 227    0.718  #212020   33 3  0.0015
 228    0.723  #212021   33 4  0.0067
 229    0.748  #202120   33 5  0.0340
 230    0.739  #202121   33 6  -0.0124
 231    0.734  #212120   33 7  -0.0059
 232    0.743  #212121   34 1  0.0118
 233    0.758  #212122   34 2  0.0201
 234    0.765  #222121   34 3  0.0092
 235    0.771  #222122   34 4  0.0074
 236    0.813  #212221   34 5  0.0535
 237    0.775  #212222   34 6  -0.0485
 238    0.814  #222221   34 7  0.0491
 239    0.805  #222222   35 1  -0.0109
 240    0.846  #222223   35 2  0.0496
 241    0.809  #232222   35 3  -0.0451
 242    0.843  #232223   35 4  0.0421
 243    0.849  #222322   35 5  0.0061
 244    0.876  #222323   35 6  0.0314
 245    0.867  #232322   35 7  -0.0094
 246    0.896  #232323   36 1  0.0328
 247    0.877  #232324   36 2  -0.0215
 248    0.895  #242323   36 3  0.0200
 249    0.910  #242324   36 4  0.0161
 250    0.934  #232423   36 5  0.0268
 251    0.968  #232424   36 6  0.0355
 252    0.953  #242423   36 7  -0.0154
 253    0.958  #242424   37 1  0.0048
 254    0.980  #242425   37 2  0.0226
 255    0.968  #252424   37 3  -0.0124
 256    0.992  #252425   37 4  0.0248
 257    1.025  #242524   37 5  0.0323
 258    1.036  #242525   37 6  0.0107
 259    1.037  #252524   37 7  0.0012
 260    1.067  #252525   38 1  0.0289
 261    1.089  #252526   38 2  0.0206
 262    1.094  #262525   38 3  0.0043
 263    1.094  #262526   38 4  0.0003
 264    1.127  #252625   38 5  0.0290
 265    1.136  #252626   38 6  0.0087
 266    1.141  #262625   38 7  0.0039
 267    1.160  #262626   39 1  0.0169
 268    1.138  #262627   39 2  -0.0193
 269    1.158  #272626   39 3  0.0175
 270    1.199  #272627   39 4  0.0350
 271    1.176  #262726   39 5  -0.0198
 272    1.193  #262727   39 6  0.0144
 273    1.201  #272726   39 7  0.0069
 274    1.225  #272727   40 1  0.0193
 275    1.234  #272728   40 2  0.0080
 276    1.236  #282727   40 3  0.0011
 277    1.254  #282728   40 4  0.0149
 278    1.308  #272827   40 5  0.0421
 279    1.310  #272828   40 6  0.0011
 280    1.353  #282827   40 7  0.0325
 281    1.338  #282828   41 1  -0.0112
 282    1.313  #282829   41 2  -0.0187
 283    1.358  #292828   41 3  0.0335
 284    1.324  #292829   41 4  -0.0251
 285    1.399  #282928   41 5  0.0546
 286    1.381  #282929   41 6  -0.0129
 287    1.428  #292928   41 7  0.0334
 288    1.388  #292929   42 1  -0.0281
 289    1.456  #29292a   42 2  0.0477
 290    1.428  #2a2929   42 3  -0.0196
 291    1.498  #2a292a   42 4  0.0481
 292    1.473  #292a29   42 5  -0.0166
 293    1.555  #292a2a   42 6  0.0540
 294    1.546  #2a2a29   42 7  -0.0056
 295    1.565  #2a2a2a   43 1  0.0117
 296    1.546  #2a2a2b   43 2  -0.0122
 297    1.600  #2b2a2a   43 3  0.0343
 298    1.601  #2b2a2b   43 4  0.0010
 299    1.672  #2a2b2a   43 5  0.0434
 300    1.662  #2a2b2b   43 6  -0.0061
 301    1.674  #2b2b2a   43 7  0.0069
 302    1.692  #2b2b2b   44 1  0.0106
 303    1.745  #2b2b2c   44 2  0.0311
 304    1.713  #2c2b2b   44 3  -0.0186
 305    1.780  #2c2b2c   44 4  0.0382
 306    1.720  #2b2c2b   44 5  -0.0339
 307    1.811  #2b2c2c   44 6  0.0515
 308    1.798  #2c2c2b   44 7  -0.0073
 309    1.840  #2c2c2c   45 1  0.0228
 310    1.870  #2c2c2d   45 2  0.0162
 311    1.917  #2d2c2c   45 3  0.0247
 312    1.973  #2d2c2d   45 4  0.0292
 313    1.979  #2c2d2c   45 5  0.0030
 314    2.003  #2c2d2d   45 6  0.0118
 315    2.012  #2d2d2c   45 7  0.0047
 316    2.042  #2d2d2d   46 1  0.0146
 317    2.040  #2d2d2e   46 2  -0.0007
 318    2.082  #2e2d2d   46 3  0.0203
 319    2.128  #2e2d2e   46 4  0.0218
 320    2.129  #2d2e2d   46 5  0.0004
 321    2.133  #2d2e2e   46 6  0.0022
 322    2.159  #2e2e2d   46 7  0.0118
 323    2.123  #2e2e2e   47 1  -0.0168
 324    2.258  #2e2e2f   47 2  0.0615
 325    2.247  #2f2e2e   47 3  -0.0045
 326    2.270  #2f2e2f   47 4  0.0100
 327    2.279  #2e2f2e   47 5  0.0039
 328    2.351  #2e2f2f   47 6  0.0314
 329    2.375  #2f2f2e   47 7  0.0101
 330    2.356  #2f2f2f   48 1  -0.0082
 331    2.414  #2f2f30   48 2  0.0242
 332    2.396  #302f2f   48 3  -0.0074
 333    2.431  #302f30   48 4  0.0145
 334    2.487  #2f302f   48 5  0.0229
 335    2.551  #2f3030   48 6  0.0255
 336    2.520  #30302f   48 7  -0.0123
 337    2.564  #303030   49 1  0.0172
 338    2.629  #303031   49 2  0.0250
 339    2.610  #313030   49 3  -0.0071
 340    2.672  #313031   49 4  0.0234
 341    2.633  #303130   49 5  -0.0148
 342    2.777  #303131   49 6  0.0532
 343    2.737  #313130   49 7  -0.0143
 344    2.804  #313131   50 1  0.0241
 345    2.869  #313132   50 2  0.0228
 346    2.873  #323131   50 3  0.0015
 347    2.917  #323132   50 4  0.0152
 348    3.013  #313231   50 5  0.0325
 349    3.059  #313232   50 6  0.0150
 350    3.076  #323231   50 7  0.0055
 351    3.093  #323232   51 1  0.0055
 352    3.173  #323233   51 2  0.0255
 353    3.081  #333232   51 3  -0.0293
 354    3.225  #333233   51 4  0.0455
 355    3.192  #323332   51 5  -0.0100
 356    3.250  #323333   51 6  0.0178
 357    3.219  #333332   51 7  -0.0096
 358    3.284  #333333   52 1  0.0199
 359    3.321  #333334   52 2  0.0114
 360    3.341  #343333   52 3  0.0058
 361    3.402  #343334   52 4  0.0181
 362    3.430  #333433   52 5  0.0083
 363    3.470  #333434   52 6  0.0116
 364    3.556  #343433   52 7  0.0244
 365    3.562  #343434   53 1  0.0016
 366    3.533  #343435   53 2  -0.0080
 367    3.703  #353434   53 3  0.0471
 368    3.742  #353435   53 4  0.0103
 369    3.779  #343534   53 5  0.0100
 370    3.846  #343535   53 6  0.0176
 371    3.832  #353534   53 7  -0.0038
 372    3.901  #353535   54 1  0.0180
 373    3.978  #353536   54 2  0.0194
 374    3.949  #363535   54 3  -0.0072
 375    4.062  #363536   54 4  0.0282
 376    4.095  #353635   54 5  0.0080
 377    4.263  #353636   54 6  0.0403
 378    4.227  #363635   54 7  -0.0084
 379    4.310  #363636   55 1  0.0194
 380    4.368  #363637   55 2  0.0134
 381    4.379  #373636   55 3  0.0025
 382    4.447  #373637   55 4  0.0153
 383    4.546  #363736   55 5  0.0222
 384    4.612  #363737   55 6  0.0143
 385    4.615  #373736   55 7  0.0008
 386    4.698  #373737   56 1  0.0178
 387    4.796  #373738   56 2  0.0206
 388    4.777  #383737   56 3  -0.0039
 389    4.946  #383738   56 4  0.0347
 390    4.965  #373837   56 5  0.0039
 391    5.073  #373838   56 6  0.0215
 392    5.049  #383837   56 7  -0.0047
 393    5.136  #383838   57 1  0.0171
 394    5.211  #383839   57 2  0.0144
 395    5.260  #393838   57 3  0.0093
 396    5.301  #393839   57 4  0.0079
 397    5.575  #383938   57 5  0.0504
 398    5.644  #383939   57 6  0.0123
 399    5.726  #393938   57 7  0.0143
 400    5.737  #393939   58 1  0.0019
 401    5.917  #39393a   58 2  0.0309
 402    5.851  #3a3939   58 3  -0.0112
 403    5.981  #3a393a   58 4  0.0219
 404    6.018  #393a39   58 5  0.0062
 405    6.166  #393a3a   58 6  0.0242
 406    6.097  #3a3a39   58 7  -0.0112
 407    6.268  #3a3a3a   59 1  0.0276
 408    6.285  #3a3a3b   59 2  0.0028
 409    6.381  #3b3a3a   59 3  0.0151
 410    6.378  #3b3a3b   59 4  -0.0005
 411    6.562  #3a3b3a   59 5  0.0285
 412    6.565  #3a3b3b   59 6  0.0004
 413    6.621  #3b3b3a   59 7  0.0084
 414    6.634  #3b3b3b   60 1  0.0021
 415    6.766  #3b3b3c   60 2  0.0197
 416    6.813  #3c3b3b   60 3  0.0069
 417    6.867  #3c3b3c   60 4  0.0079
 418    7.008  #3b3c3b   60 5  0.0203
 419    7.111  #3b3c3c   60 6  0.0146
 420    7.109  #3c3c3b   60 7  -0.0003
 421    7.226  #3c3c3c   61 1  0.0164
 422    7.416  #3c3c3d   61 2  0.0259
 423    7.384  #3d3c3c   61 3  -0.0043
 424    7.707  #3d3c3d   61 4  0.0428
 425    7.657  #3c3d3c   61 5  -0.0065
 426    7.896  #3c3d3d   61 6  0.0307
 427    7.837  #3d3d3c   61 7  -0.0075
 428    8.349  #3d3d3d   62 1  0.0632
 429    8.190  #3d3d3e   62 2  -0.0193
 430    8.178  #3e3d3d   62 3  -0.0014
 431    8.325  #3e3d3e   62 4  0.0177
 432    8.488  #3d3e3d   62 5  0.0195
 433    8.672  #3d3e3e   62 6  0.0214
 434    8.769  #3e3e3d   62 7  0.0112
 435    8.791  #3e3e3e   63 1  0.0025
 436    9.075  #3e3e3f   63 2  0.0318
 437    8.995  #3f3e3e   63 3  -0.0089
 438    9.371  #3f3e3f   63 4  0.0410
 439    9.288  #3e3f3e   63 5  -0.0089
 440    9.679  #3e3f3f   63 6  0.0412
 441    9.396  #3f3f3e   63 7  -0.0296
 442    9.784  #3f3f3f   64 1  0.0405
 443    9.851  #3f3f40   64 2  0.0068
 444    9.964  #403f3f   64 3  0.0114
 445    9.995  #403f40   64 4  0.0031
 446   10.160  #3f403f   64 5  0.0164
 447   10.289  #3f4040   64 6  0.0126
 448   10.470  #40403f   64 7  0.0174
 449   10.474  #404040   65 1  0.0004
 450   11.125  #404041   65 2  0.0603
 451   10.873  #414040   65 3  -0.0229
 452   11.251  #414041   65 4  0.0342
 453   11.221  #404140   65 5  -0.0027
 454   11.665  #404141   65 6  0.0388
 455   11.370  #414140   65 7  -0.0256
 456   11.799  #414141   66 1  0.0370
 457   11.829  #414142   66 2  0.0025
 458   12.046  #424141   66 3  0.0182
 459   12.155  #424142   66 4  0.0090
 460   12.443  #414241   66 5  0.0234
 461   12.659  #414242   66 6  0.0172
 462   12.637  #424241   66 7  -0.0017
 463   12.683  #424242   67 1  0.0036
 464   12.905  #424243   67 2  0.0174
 465   12.954  #434242   67 3  0.0038
 466   13.104  #434243   67 4  0.0115
 467   13.226  #424342   67 5  0.0093
 468   13.424  #424343   67 6  0.0149
 469   13.679  #434342   67 7  0.0188
 470   13.616  #434343   68 1  -0.0046
 471   13.978  #434344   68 2  0.0262
 472   13.913  #444343   68 3  -0.0047
 473   14.431  #444344   68 4  0.0366
 474   14.374  #434443   68 5  -0.0040
 475   14.874  #434444   68 6  0.0342
 476   14.597  #444443   68 7  -0.0188
 477   15.121  #444444   69 1  0.0353
 478   15.115  #444445   69 2  -0.0004
 479   15.712  #454444   69 3  0.0387
 480   15.690  #454445   69 4  -0.0014
 481   16.121  #444544   69 5  0.0271
 482   16.125  #444545   69 6  0.0002
 483   16.365  #454544   69 7  0.0148
 484   16.310  #454545   70 1  -0.0034
 485   16.924  #454546   70 2  0.0370
 486   16.645  #464545   70 3  -0.0166
 487   17.203  #464546   70 4  0.0330
 488   17.132  #454645   70 5  -0.0041
 489   17.746  #454646   70 6  0.0352
 490   17.392  #464645   70 7  -0.0201
 491   18.087  #464646   71 1  0.0392
 492   18.012  #464647   71 2  -0.0042
 493   18.348  #474646   71 3  0.0185
 494   18.577  #474647   71 4  0.0124
 495   18.755  #464746   71 5  0.0095
 496   19.009  #464747   71 6  0.0135
 497   18.996  #474746   71 7  -0.0007
 498   19.041  #474747   72 1  0.0024
 499   19.299  #474748   72 2  0.0135
 500   19.349  #484747   72 3  0.0026
 501   19.904  #484748   72 4  0.0283
 502   19.696  #474847   72 5  -0.0105
 503   19.938  #474848   72 6  0.0122
 504   20.244  #484847   72 7  0.0152
 505   20.633  #484848   73 1  0.0190
 506   20.899  #484849   73 2  0.0128
 507   20.866  #494848   73 3  -0.0016
 508   21.088  #494849   73 4  0.0106
 509   21.365  #484948   73 5  0.0130
 510   21.624  #484949   73 6  0.0120
 511   21.621  #494948   73 7  -0.0001
 512   21.876  #494949   74 1  0.0117
 513   21.790  #49494a   74 2  -0.0039
 514   22.012  #4a4949   74 3  0.0101
 515   22.014  #4a494a   74 4  0.0001
 516   22.548  #494a49   74 5  0.0240
 517   22.540  #494a4a   74 6  -0.0004
 518   22.788  #4a4a49   74 7  0.0109
 519   22.843  #4a4a4a   75 1  0.0024
 520   23.390  #4a4a4b   75 2  0.0237
 521   23.111  #4b4a4a   75 3  -0.0120
 522   23.706  #4b4a4b   75 4  0.0254
 523   23.628  #4a4b4a   75 5  -0.0033
 524   24.661  #4a4b4b   75 6  0.0428
 525   24.193  #4b4b4a   75 7  -0.0192
 526   24.965  #4b4b4b   76 1  0.0314
 527   24.890  #4b4b4c   76 2  -0.0030
 528   25.264  #4c4b4b   76 3  0.0149
 529   25.540  #4c4b4c   76 4  0.0109
 530   25.740  #4b4c4b   76 5  0.0078
 531   26.040  #4b4c4c   76 6  0.0116
 532   26.029  #4c4c4b   76 7  -0.0004
 533   26.350  #4c4c4c   77 1  0.0123
 534   26.756  #4c4c4d   77 2  0.0153
 535   26.187  #4d4c4c   77 3  -0.0215
 536   27.024  #4d4c4d   77 4  0.0315
 537   26.883  #4c4d4c   77 5  -0.0052
 538   27.606  #4c4d4d   77 6  0.0265
 539   27.504  #4d4d4c   77 7  -0.0037
 540   27.938  #4d4d4d   78 1  0.0157
 541   28.277  #4d4d4e   78 2  0.0121
 542   28.275  #4e4d4d   78 3  -0.0001
 543   28.576  #4e4d4e   78 4  0.0106
 544   28.806  #4d4e4d   78 5  0.0080
 545   29.101  #4d4e4e   78 6  0.0102
 546   29.060  #4e4e4d   78 7  -0.0014
 547   29.470  #4e4e4e   79 1  0.0140
 548   29.364  #4e4e4f   79 2  -0.0036
 549   29.653  #4f4e4e   79 3  0.0098
 550   29.687  #4f4e4f   79 4  0.0011
 551   30.296  #4e4f4e   79 5  0.0203
 552   30.214  #4e4f4f   79 6  -0.0027
 553   30.868  #4f4f4e   79 7  0.0214
 554   31.052  #4f4f4f   80 1  0.0059
 555   31.649  #4f4f50   80 2  0.0190
 556   31.545  #504f4f   80 3  -0.0033
 557   31.828  #504f50   80 4  0.0089
 558   31.838  #4f504f   80 5  0.0003
 559   32.555  #4f5050   80 6  0.0223
 560   32.777  #50504f   80 7  0.0068
 561   32.885  #505050   81 1  0.0033
 562   32.833  #505051   81 2  -0.0016
 563   33.221  #515050   81 3  0.0117
 564   33.465  #515051   81 4  0.0073
 565   33.831  #505150   81 5  0.0109
 566   34.143  #505151   81 6  0.0092
 567   34.083  #515150   81 7  -0.0018
 568   34.381  #515151   82 1  0.0087
 569   34.910  #515152   82 2  0.0153
 570   34.297  #525151   82 3  -0.0177
 571   35.189  #525152   82 4  0.0257
 572   35.054  #515251   82 5  -0.0038
 573   36.009  #515252   82 6  0.0269
 574   35.794  #525251   82 7  -0.0060
 575   36.329  #525252   83 1  0.0148
 576   36.673  #525253   83 2  0.0094
 577   36.620  #535252   83 3  -0.0014
 578   36.994  #535253   83 4  0.0102
 579   37.157  #525352   83 5  0.0044
 580   37.457  #525353   83 6  0.0080
 581   37.441  #535352   83 7  -0.0004
 582   37.833  #535353   84 1  0.0104
 583   38.267  #535354   84 2  0.0114
 584   38.013  #545353   84 3  -0.0067
 585   38.874  #545354   84 4  0.0224
 586   38.542  #535453   84 5  -0.0086
 587   39.032  #535454   84 6  0.0126
 588   38.807  #545453   84 7  -0.0058
 589   39.236  #545454   85 1  0.0110
 590   39.659  #545455   85 2  0.0107
 591   40.266  #555454   85 3  0.0152
 592   40.440  #555455   85 4  0.0043
 593   40.897  #545554   85 5  0.0112
 594   41.333  #545555   85 6  0.0106
 595   41.593  #555554   85 7  0.0063
 596   41.612  #555555   86 1  0.0005
 597   41.582  #555556   86 2  -0.0007
 598   41.911  #565555   86 3  0.0079
 599   42.209  #565556   86 4  0.0071
 600   42.994  #555655   86 5  0.0184
 601   43.399  #555656   86 6  0.0094
 602   43.270  #565655   86 7  -0.0030
 603   43.679  #565656   87 1  0.0094
 604   44.207  #565657   87 2  0.0120
 605   43.914  #575656   87 3  -0.0066
 606   44.531  #575657   87 4  0.0140
 607   44.072  #565756   87 5  -0.0104
 608   45.227  #565757   87 6  0.0259
 609   44.843  #575756   87 7  -0.0085
 610   45.521  #575757   88 1  0.0150
 611   45.913  #575758   88 2  0.0086
 612   45.936  #585757   88 3  0.0005
 613   46.344  #585758   88 4  0.0088
 614   46.483  #575857   88 5  0.0030
 615   46.894  #575858   88 6  0.0088
 616   46.902  #585857   88 7  0.0002
 617   47.345  #585858   89 1  0.0094
 618   47.927  #585859   89 2  0.0122
 619   47.634  #595858   89 3  -0.0061
 620   49.132  #595859   89 4  0.0310
 621   49.219  #585958   89 5  0.0018
 622   50.145  #585959   89 6  0.0186
 623   49.435  #595958   89 7  -0.0143
 624   50.487  #595959   90 1  0.0211
 625   50.445  #59595a   90 2  -0.0008
 626   50.745  #5a5959   90 3  0.0059
 627   50.717  #5a595a   90 4  -0.0006
 628   51.273  #595a59   90 5  0.0109
 629   51.686  #595a5a   90 6  0.0080
 630   51.851  #5a5a59   90 7  0.0032
 631   52.018  #5a5a5a   91 1  0.0032
 632   52.778  #5a5a5b   91 2  0.0145
 633   52.522  #5b5a5a   91 3  -0.0049
 634   53.283  #5b5a5b   91 4  0.0144
 635   53.221  #5a5b5a   91 5  -0.0012
 636   54.221  #5a5b5b   91 6  0.0186
 637   53.579  #5b5b5a   91 7  -0.0119
 638   54.660  #5b5b5b   92 1  0.0200
 639   54.603  #5b5b5c   92 2  -0.0010
 640   55.035  #5c5b5b   92 3  0.0079
 641   54.923  #5c5b5c   92 4  -0.0020
 642   55.588  #5b5c5b   92 5  0.0120
 643   55.781  #5b5c5c   92 6  0.0035
 644   56.027  #5c5c5b   92 7  0.0044
 645   56.185  #5c5c5c   93 1  0.0028
 646   56.624  #5c5c5d   93 2  0.0078
 647   57.026  #5d5c5c   93 3  0.0071
 648   57.280  #5d5c5d   93 4  0.0044
 649   58.048  #5c5d5c   93 5  0.0133
 650   58.409  #5c5d5d   93 6  0.0062
 651   58.644  #5d5d5c   93 7  0.0040
 652   58.830  #5d5d5d   94 1  0.0032
 653   58.775  #5d5d5e   94 2  -0.0009
 654   58.559  #5e5d5d   94 3  -0.0037
 655   59.956  #5e5d5e   94 4  0.0236
 656   59.811  #5d5e5d   94 5  -0.0024
 657   60.869  #5d5e5e   94 6  0.0175
 658   60.177  #5e5e5d   94 7  -0.0114
 659   61.276  #5e5e5e   95 1  0.0181
 660   61.188  #5e5e5f   95 2  -0.0014
 661   61.593  #5f5e5e   95 3  0.0066
 662   61.502  #5f5e5f   95 4  -0.0015
 663   62.288  #5e5f5e   95 5  0.0127
 664   62.558  #5e5f5f   95 6  0.0043
 665   62.937  #5f5f5e   95 7  0.0060
 666   63.043  #5f5f5f   96 1  0.0017
 667   63.935  #5f5f60   96 2  0.0140
 668   63.526  #605f5f   96 3  -0.0064
 669   64.353  #605f60   96 4  0.0129
 670   64.388  #5f605f   96 5  0.0005
 671   65.189  #5f6060   96 6  0.0124
 672   64.913  #60605f   96 7  -0.0042
 673   65.576  #606060   97 1  0.0102
 674   65.821  #606061   97 2  0.0037
 675   66.031  #616060   97 3  0.0032
 676   66.175  #616061   97 4  0.0022
 677   66.916  #606160   97 5  0.0111
 678   66.862  #606161   97 6  -0.0008
 679   67.296  #616160   97 7  0.0065
 680   67.222  #616161   98 1  -0.0011
 681   68.684  #616162   98 2  0.0215
 682   68.206  #626161   98 3  -0.0070
 683   68.976  #626162   98 4  0.0112
 684   69.002  #616261   98 5  0.0004
 685   69.797  #616262   98 6  0.0115
 686   69.610  #626261   98 7  -0.0027
 687   70.224  #626262   99 1  0.0088
 688   70.418  #626263   99 2  0.0028
 689   70.783  #636262   99 3  0.0052
 690   71.162  #636263   99 4  0.0053
 691   71.592  #626362   99 5  0.0060
 692   72.063  #626363   99 6  0.0066
 693   72.067  #636362   99 7  0.0001
 694   72.456  #636363  100 1  0.0054
 695   72.637  #636364  100 2  0.0025
 696   72.745  #646363  100 3  0.0015
 697   72.962  #646364  100 4  0.0030
 698   73.253  #636463  100 5  0.0040
 699   73.602  #636464  100 6  0.0048
 700   74.081  #646463  100 7  0.0065
 701   74.219  #646464  101 1  0.0019
 702   75.113  #646465  101 2  0.0120
 703   74.467  #656464  101 3  -0.0086
 704   75.520  #656465  101 4  0.0140
 705   75.657  #646564  101 5  0.0018
 706   76.670  #646565  101 6  0.0133
 707   75.960  #656564  101 7  -0.0093
 708   77.533  #656565  102 1  0.0205
 709   77.657  #656566  102 2  0.0016
 710   77.893  #666565  102 3  0.0030
 711   78.377  #666566  102 4  0.0062
 712   78.613  #656665  102 5  0.0030
 713   78.805  #656666  102 6  0.0024
 714   78.924  #666665  102 7  0.0015
 715   79.207  #666666  103 1  0.0036
 716   80.187  #666667  103 2  0.0123
 717   79.565  #676666  103 3  -0.0078
 718   80.429  #676667  103 4  0.0108
 719   80.447  #666766  103 5  0.0002
 720   81.417  #666767  103 6  0.0120
 721   81.198  #676766  103 7  -0.0027
 722   81.857  #676767  104 1  0.0081
 723   82.161  #676768  104 2  0.0037
 724   82.382  #686767  104 3  0.0027
 725   82.782  #686768  104 4  0.0048
 726   83.254  #676867  104 5  0.0057
 727   83.677  #676868  104 6  0.0051
 728   83.722  #686867  104 7  0.0005
 729   84.205  #686868  105 1  0.0058
 730   84.140  #686869  105 2  -0.0008
 731   84.299  #696868  105 3  0.0019
 732   84.373  #696869  105 4  0.0009
 733   84.605  #686968  105 5  0.0027
 734   85.141  #686969  105 6  0.0063
 735   85.277  #696968  105 7  0.0016
 736   85.933  #696969  106 1  0.0077
 737   86.537  #69696a  106 2  0.0070
 738   87.070  #6a6969  106 3  0.0061
 739   87.721  #6a696a  106 4  0.0074
 740   87.629  #696a69  106 5  -0.0010
 741   88.184  #696a6a  106 6  0.0063
 742   88.282  #6a6a69  106 7  0.0011
 743   88.630  #6a6a6a  107 1  0.0039
 744   88.848  #6a6a6b  107 2  0.0025
 745   89.146  #6b6a6a  107 3  0.0033
 746   89.596  #6b6a6b  107 4  0.0050
 747   90.130  #6a6b6a  107 5  0.0059
 748   90.585  #6a6b6b  107 6  0.0050
 749   90.373  #6b6b6a  107 7  -0.0023
 750   90.248  #6b6b6b  108 1  -0.0014
 751   91.667  #6b6b6c  108 2  0.0156
 752   90.786  #6c6b6b  108 3  -0.0097
 753   91.921  #6c6b6c  108 4  0.0124
 754   91.710  #6b6c6b  108 5  -0.0023
 755   92.643  #6b6c6c  108 6  0.0101
 756   92.390  #6c6c6b  108 7  -0.0027
 757   93.125  #6c6c6c  109 1  0.0079
 758   93.279  #6c6c6d  109 2  0.0017
 759   93.499  #6d6c6c  109 3  0.0024
 760   94.059  #6d6c6d  109 4  0.0060
 761   94.295  #6c6d6c  109 5  0.0025
 762   94.740  #6c6d6d  109 6  0.0047
 763   95.173  #6d6d6c  109 7  0.0046
 764   95.761  #6d6d6d  110 1  0.0062
 765   96.290  #6d6d6e  110 2  0.0055
 766   96.091  #6e6d6d  110 3  -0.0021
 767   96.900  #6e6d6e  110 4  0.0084
 768   96.720  #6d6e6d  110 5  -0.0019
 769   97.719  #6d6e6e  110 6  0.0103
 770   97.014  #6e6e6d  110 7  -0.0072
 771   97.779  #6e6e6e  111 1  0.0079
 772   98.338  #6e6e6f  111 2  0.0057
 773   98.209  #6f6e6e  111 3  -0.0013
 774   98.680  #6f6e6f  111 4  0.0048
 775   99.131  #6e6f6e  111 5  0.0046
 776   99.719  #6e6f6f  111 6  0.0059
 777   99.975  #6f6f6e  111 7  0.0026
 778  100.120  #6f6f6f  112 1  0.0014
 779  100.240  #6f6f70  112 2  0.0012
 780  100.560  #706f6f  112 3  0.0032
 781  100.930  #706f70  112 4  0.0037
 782  101.220  #6f706f  112 5  0.0029
 783  101.740  #6f7070  112 6  0.0051
 784  101.610  #70706f  112 7  -0.0013
 785  102.100  #707070  113 1  0.0048
 786  102.690  #707071  113 2  0.0058
 787  102.010  #717070  113 3  -0.0066
 788  103.110  #717071  113 4  0.0107
 789  102.780  #707170  113 5  -0.0032
 790  104.240  #707171  113 6  0.0141
 791  104.590  #717170  113 7  0.0034
 792  104.630  #717171  114 1  0.0004
 793  105.130  #717172  114 2  0.0048
 794  105.120  #727171  114 3  -0.0001
 795  105.470  #727172  114 4  0.0033
 796  105.790  #717271  114 5  0.0030
 797  106.170  #717272  114 6  0.0036
 798  106.220  #727271  114 7  0.0005
 799  106.680  #727272  115 1  0.0043
 800  107.270  #727273  115 2  0.0055
 801  107.100  #737272  115 3  -0.0016
 802  108.060  #737273  115 4  0.0089
 803  108.230  #727372  115 5  0.0016
 804  109.330  #727373  115 6  0.0101
 805  108.510  #737372  115 7  -0.0075
 806  109.480  #737373  116 1  0.0089
 807  109.710  #737374  116 2  0.0021
 808  109.510  #747373  116 3  -0.0018
 809  110.120  #747374  116 4  0.0056
 810  110.230  #737473  116 5  0.0010
 811  110.690  #737474  116 6  0.0042
 812  110.970  #747473  116 7  0.0025
 813  111.210  #747474  117 1  0.0022
 814  112.170  #747475  117 2  0.0086
 815  111.510  #757474  117 3  -0.0059
 816  112.510  #757475  117 4  0.0089
 817  112.190  #747574  117 5  -0.0028
 818  113.480  #747575  117 6  0.0114
 819  112.530  #757574  117 7  -0.0084
 820  114.060  #757575  118 1  0.0135
 821  113.700  #757576  118 2  -0.0032
 822  114.250  #767575  118 3  0.0048
 823  114.050  #767576  118 4  -0.0018
 824  115.630  #757675  118 5  0.0138
 825  115.530  #757676  118 6  -0.0009
 826  115.920  #767675  118 7  0.0034
 827  115.940  #767676  119 1  0.0002
 828  116.460  #767677  119 2  0.0045
 829  116.500  #777676  119 3  0.0003
 830  116.860  #777677  119 4  0.0031
 831  117.160  #767776  119 5  0.0026
 832  117.550  #767777  119 6  0.0033
 833  117.550  #777776  119 7  0.0000
 834  118.040  #777777  120 1  0.0042
 835  118.570  #777778  120 2  0.0045
 836  118.440  #787777  120 3  -0.0011
 837  118.960  #787778  120 4  0.0044
 838  118.850  #777877  120 5  -0.0009
 839  119.520  #777878  120 6  0.0056
 840  119.200  #787877  120 7  -0.0027
 841  119.810  #787878  121 1  0.0051
 842  120.270  #787879  121 2  0.0038
 843  120.230  #797878  121 3  -0.0003
 844  120.720  #797879  121 4  0.0041
 845  121.120  #787978  121 5  0.0033
 846  121.560  #787979  121 6  0.0036
 847  121.900  #797978  121 7  0.0028
 848  122.060  #797979  122 1  0.0013
 849  123.700  #79797a  122 2  0.0133
 850  123.080  #7a7979  122 3  -0.0050
 851  124.040  #7a797a  122 4  0.0078
 852  124.000  #797a79  122 5  -0.0003
 853  125.030  #797a7a  122 6  0.0083
 854  124.420  #7a7a79  122 7  -0.0049
 855  125.580  #7a7a7a  123 1  0.0093
 856  125.570  #7a7a7b  123 2  -0.0001
 857  126.050  #7b7a7a  123 3  0.0038
 858  126.450  #7b7a7b  123 4  0.0032
 859  126.550  #7a7b7a  123 5  0.0008
 860  126.570  #7a7b7b  123 6  0.0002
 861  126.810  #7b7b7a  123 7  0.0019
 862  126.850  #7b7b7b  124 1  0.0003
 863  128.170  #7b7b7c  124 2  0.0104
 864  127.370  #7c7b7b  124 3  -0.0063
 865  128.500  #7c7b7c  124 4  0.0088
 866  128.300  #7b7c7b  124 5  -0.0016
 867  129.050  #7b7c7c  124 6  0.0058
 868  128.800  #7c7c7b  124 7  -0.0019
 869  129.420  #7c7c7c  125 1  0.0048
 870  129.840  #7c7c7d  125 2  0.0032
 871  129.770  #7d7c7c  125 3  -0.0005
 872  130.130  #7d7c7d  125 4  0.0028
 873  131.000  #7c7d7c  125 5  0.0067
 874  131.580  #7c7d7d  125 6  0.0044
 875  131.320  #7d7d7c  125 7  -0.0020
 876  131.730  #7d7d7d  126 1  0.0031
 877  131.860  #7d7d7e  126 2  0.0010
 878  132.250  #7e7d7d  126 3  0.0030
 879  132.300  #7e7d7e  126 4  0.0004
 880  133.770  #7d7e7d  126 5  0.0110
 881  133.810  #7d7e7e  126 6  0.0003
 882  134.160  #7e7e7d  126 7  0.0026
 883  134.130  #7e7e7e  127 1  -0.0002
 884  135.320  #7e7e7f  127 2  0.0088
 885  134.540  #7f7e7e  127 3  -0.0058
 886  135.680  #7f7e7f  127 4  0.0084
 887  135.160  #7e7f7e  127 5  -0.0038
 888  136.310  #7e7f7f  127 6  0.0085
 889  135.570  #7f7f7e  127 7  -0.0054
 890  136.730  #7f7f7f  128 1  0.0085
 891  136.740  #7f7f80  128 2  0.0001
 892  137.200  #807f7f  128 3  0.0034
 893  137.580  #807f80  128 4  0.0028
 894  138.210  #7f807f  128 5  0.0046
 895  138.140  #7f8080  128 6  -0.0005
 896  138.730  #80807f  128 7  0.0043
 897  139.220  #808080  129 1  0.0035
 898  139.780  #808081  129 2  0.0040
 899  139.480  #818080  129 3  -0.0021
 900  140.210  #818081  129 4  0.0052
 901  140.340  #808180  129 5  0.0009
 902  141.240  #808181  129 6  0.0064
 903  141.020  #818180  129 7  -0.0016
 904  141.580  #818181  130 1  0.0040
 905  142.000  #818182  130 2  0.0030
 906  142.030  #828181  130 3  0.0002
 907  142.480  #828182  130 4  0.0032
 908  142.650  #818281  130 5  0.0012
 909  142.990  #818282  130 6  0.0024
 910  142.940  #828281  130 7  -0.0003
 911  143.440  #828282  131 1  0.0035
 912  143.890  #828283  131 2  0.0031
 913  143.980  #838282  131 3  0.0006
 914  145.970  #838283  131 4  0.0137
 915  145.270  #828382  131 5  -0.0048
 916  145.400  #828383  131 6  0.0009
 917  145.650  #838382  131 7  0.0017
 918  146.880  #838383  132 1  0.0084
 919  146.860  #838384  132 2  -0.0001
 920  147.150  #848383  132 3  0.0020
 921  147.220  #848384  132 4  0.0005
 922  147.670  #838483  132 5  0.0031
 923  148.120  #838484  132 6  0.0030
 924  148.590  #848483  132 7  0.0032
 925  148.650  #848484  133 1  0.0004
 926  148.630  #848485  133 2  -0.0001
 927  149.040  #858484  133 3  0.0028
 928  149.420  #858485  133 4  0.0025
 929  149.620  #848584  133 5  0.0013
 930  149.870  #848585  133 6  0.0017
 931  149.990  #858584  133 7  0.0008
 932  150.470  #858585  134 1  0.0032
 933  151.050  #858586  134 2  0.0038
 934  150.780  #868585  134 3  -0.0018
 935  151.530  #868586  134 4  0.0050
 936  150.850  #858685  134 5  -0.0045
 937  151.840  #858686  134 6  0.0065
 938  151.640  #868685  134 7  -0.0013
 939  152.250  #868686  135 1  0.0040
 940  152.750  #868687  135 2  0.0033
 941  152.840  #878686  135 3  0.0006
 942  153.270  #878687  135 4  0.0028
 943  153.550  #868786  135 5  0.0018
 944  154.160  #868787  135 6  0.0040
 945  154.100  #878786  135 7  -0.0004
 946  154.620  #878787  136 1  0.0034
 947  155.230  #878788  136 2  0.0039
 948  154.880  #888787  136 3  -0.0023
 949  156.060  #888788  136 4  0.0076
 950  155.900  #878887  136 5  -0.0010
 951  156.570  #878888  136 6  0.0043
 952  156.380  #888887  136 7  -0.0012
 953  157.060  #888888  137 1  0.0043
 954  157.510  #888889  137 2  0.0029
 955  157.220  #898888  137 3  -0.0018
 956  157.820  #898889  137 4  0.0038
 957  158.140  #888988  137 5  0.0020
 958  158.510  #888989  137 6  0.0023
 959  158.370  #898988  137 7  -0.0009
 960  158.910  #898989  138 1  0.0034
 961  158.880  #89898a  138 2  -0.0002
 962  159.400  #8a8989  138 3  0.0033
 963  159.690  #8a898a  138 4  0.0018
 964  160.070  #898a89  138 5  0.0024
 965  160.000  #898a8a  138 6  -0.0004
 966  160.250  #8a8a89  138 7  0.0016
 967  160.220  #8a8a8a  139 1  -0.0002
 968  161.500  #8a8a8b  139 2  0.0080
 969  161.330  #8b8a8a  139 3  -0.0011
 970  161.860  #8b8a8b  139 4  0.0033
 971  161.360  #8a8b8a  139 5  -0.0031
 972  162.430  #8a8b8b  139 6  0.0066
 973  162.950  #8b8b8a  139 7  0.0032
 974  162.810  #8b8b8b  140 1  -0.0009
 975  163.020  #8b8b8c  140 2  0.0013
 976  163.260  #8c8b8b  140 3  0.0015
 977  163.860  #8c8b8c  140 4  0.0037
 978  164.320  #8b8c8b  140 5  0.0028
 979  164.710  #8b8c8c  140 6  0.0024
 980  164.740  #8c8c8b  140 7  0.0002
 981  165.210  #8c8c8c  141 1  0.0028
 982  165.800  #8c8c8d  141 2  0.0036
 983  165.270  #8d8c8c  141 3  -0.0032
 984  166.090  #8d8c8d  141 4  0.0049
 985  165.560  #8c8d8c  141 5  -0.0032
 986  166.830  #8c8d8d  141 6  0.0076
 987  166.420  #8d8d8c  141 7  -0.0025
 988  167.410  #8d8d8d  142 1  0.0059
 989  167.970  #8d8d8e  142 2  0.0033
 990  167.930  #8e8d8d  142 3  -0.0002
 991  168.360  #8e8d8e  142 4  0.0026
 992  169.230  #8d8e8d  142 5  0.0052
 993  169.630  #8d8e8e  142 6  0.0024
 994  169.460  #8e8e8d  142 7  -0.0010
 995  169.980  #8e8e8e  143 1  0.0031
 996  170.550  #8e8e8f  143 2  0.0033
 997  170.330  #8f8e8e  143 3  -0.0013
 998  171.090  #8f8e8f  143 4  0.0045
 999  170.980  #8e8f8e  143 5  -0.0006
1000  171.780  #8e8f8f  143 6  0.0047
1001  171.360  #8f8f8e  143 7  -0.0024
1002  171.980  #8f8f8f  144 1  0.0036
1003  172.470  #8f8f90  144 2  0.0028
1004  172.380  #908f8f  144 3  -0.0005
1005  172.930  #908f90  144 4  0.0032
1006  173.010  #8f908f  144 5  0.0005
1007  173.370  #8f9090  144 6  0.0021
1008  173.360  #90908f  144 7  -0.0001
1009  173.970  #909090  145 1  0.0035
1010  173.850  #909091  145 2  -0.0007
1011  174.350  #919090  145 3  0.0029
1012  174.580  #919091  145 4  0.0013
1013  174.470  #909190  145 5  -0.0006
1014  174.960  #909191  145 6  0.0028
1015  174.760  #919190  145 7  -0.0011
1016  174.730  #919191  146 1  -0.0002
1017  176.010  #919192  146 2  0.0073
1018  175.270  #929191  146 3  -0.0042
1019  176.260  #929192  146 4  0.0056
1020  176.350  #919291  146 5  0.0005
1021  177.340  #919292  146 6  0.0056
1022  177.110  #929291  146 7  -0.0013
1023  177.590  #929292  147 1  0.0027
1024  177.730  #929293  147 2  0.0008
1025  177.960  #939292  147 3  0.0013
1026  178.490  #939293  147 4  0.0030
1027  178.690  #929392  147 5  0.0011
1028  179.210  #929393  147 6  0.0029
1029  178.950  #939392  147 7  -0.0015
1030  179.550  #939393  148 1  0.0033
1031  180.290  #939394  148 2  0.0041
1032  179.860  #949393  148 3  -0.0024
1033  180.660  #949394  148 4  0.0044
1034  180.700  #939493  148 5  0.0002
1035  181.420  #939494  148 6  0.0040
1036  181.060  #949493  148 7  -0.0020
1037  181.790  #949494  149 1  0.0040
1038  182.180  #949495  149 2  0.0021
1039  182.100  #959494  149 3  -0.0004
1040  182.430  #959495  149 4  0.0018
1041  182.370  #949594  149 5  -0.0003
1042  182.670  #949595  149 6  0.0016
1043  182.600  #959594  149 7  -0.0004
1044  183.080  #959595  150 1  0.0026
1045  183.810  #959596  150 2  0.0040
1046  183.650  #969595  150 3  -0.0009
1047  184.740  #969596  150 4  0.0059
1048  184.330  #959695  150 5  -0.0022
1049  185.630  #959696  150 6  0.0070
1050  184.720  #969695  150 7  -0.0049
1051  185.340  #969696  151 1  0.0034
1052  185.900  #969697  151 2  0.0030
1053  185.690  #979696  151 3  -0.0011
1054  186.320  #979697  151 4  0.0034
1055  186.890  #969796  151 5  0.0031
1056  187.400  #969797  151 6  0.0027
1057  187.740  #979796  151 7  0.0018
1058  187.970  #979797  152 1  0.0012
1059  187.800  #979798  152 2  -0.0009
1060  188.140  #989797  152 3  0.0018
1061  188.450  #989798  152 4  0.0016
1062  188.610  #979897  152 5  0.0008
1063  188.980  #979898  152 6  0.0020
1064  188.850  #989897  152 7  -0.0007
1065  189.340  #989898  153 1  0.0026
1066  189.730  #989899  153 2  0.0021
1067  189.610  #999898  153 3  -0.0006
1068  190.090  #999899  153 4  0.0025
1069  190.390  #989998  153 5  0.0016
1070  190.930  #989999  153 6  0.0028
1071  190.740  #999998  153 7  -0.0010
1072  191.240  #999999  154 1  0.0026
1073  191.550  #99999a  154 2  0.0016
1074  191.690  #9a9999  154 3  0.0007
1075  192.010  #9a999a  154 4  0.0017
1076  192.800  #999a99  154 5  0.0041
1077  193.100  #999a9a  154 6  0.0016
1078  193.150  #9a9a99  154 7  0.0003
1079  193.680  #9a9a9a  155 1  0.0027
1080  194.120  #9a9a9b  155 2  0.0023
1081  193.940  #9b9a9a  155 3  -0.0009
1082  194.620  #9b9a9b  155 4  0.0035
1083  194.650  #9a9b9a  155 5  0.0002
1084  195.350  #9a9b9b  155 6  0.0036
1085  195.180  #9b9b9a  155 7  -0.0009
1086  195.670  #9b9b9b  156 1  0.0025
1087  196.320  #9b9b9c  156 2  0.0033
1088  196.010  #9c9b9b  156 3  -0.0016
1089  196.560  #9c9b9c  156 4  0.0028
1090  196.900  #9b9c9b  156 5  0.0017
1091  197.390  #9b9c9c  156 6  0.0025
1092  197.310  #9c9c9b  156 7  -0.0004
1093  197.870  #9c9c9c  157 1  0.0028
1094  198.470  #9c9c9d  157 2  0.0030
1095  198.030  #9d9c9c  157 3  -0.0022
1096  198.700  #9d9c9d  157 4  0.0034
1097  198.570  #9c9d9c  157 5  -0.0007
1098  199.620  #9c9d9d  157 6  0.0053
1099  198.680  #9d9d9c  157 7  -0.0047
1100  200.050  #9d9d9d  158 1  0.0069
1101  199.880  #9d9d9e  158 2  -0.0009
1102  199.690  #9e9d9d  158 3  -0.0010
1103  200.060  #9e9d9e  158 4  0.0019
1104  200.530  #9d9e9d  158 5  0.0023
1105  200.990  #9d9e9e  158 6  0.0023
1106  200.910  #9e9e9d  158 7  -0.0004
1107  201.420  #9e9e9e  159 1  0.0025
1108  201.370  #9e9e9f  159 2  -0.0002
1109  201.720  #9f9e9e  159 3  0.0017
1110  202.180  #9f9e9f  159 4  0.0023
1111  202.650  #9e9f9e  159 5  0.0023
1112  203.290  #9e9f9f  159 6  0.0032
1113  202.980  #9f9f9e  159 7  -0.0015
1114  203.300  #9f9f9f  160 1  0.0016
1115  204.020  #9f9fa0  160 2  0.0035
1116  203.370  #a09f9f  160 3  -0.0032
1117  204.400  #a09fa0  160 4  0.0051
1118  204.060  #9fa09f  160 5  -0.0017
1119  204.690  #9fa0a0  160 6  0.0031
1120  204.430  #a0a09f  160 7  -0.0013
1121  205.060  #a0a0a0  161 1  0.0031
1122  205.500  #a0a0a1  161 2  0.0021
1123  205.630  #a1a0a0  161 3  0.0006
1124  205.890  #a1a0a1  161 4  0.0013
1125  206.310  #a0a1a0  161 5  0.0020
1126  206.670  #a0a1a1  161 6  0.0017
1127  206.910  #a1a1a0  161 7  0.0012
1128  207.360  #a1a1a1  162 1  0.0022
1129  207.730  #a1a1a2  162 2  0.0018
1130  207.350  #a2a1a1  162 3  -0.0018
1131  208.880  #a2a1a2  162 4  0.0074
1132  208.380  #a1a2a1  162 5  -0.0024
1133  209.240  #a1a2a2  162 6  0.0041
1134  208.990  #a2a2a1  162 7  -0.0012
1135  209.730  #a2a2a2  163 1  0.0035
1136  210.300  #a2a2a3  163 2  0.0027
1137  210.250  #a3a2a2  163 3  -0.0002
1138  210.510  #a3a2a3  163 4  0.0012
1139  210.400  #a2a3a2  163 5  -0.0005
1140  210.940  #a2a3a3  163 6  0.0026
1141  211.290  #a3a3a2  163 7  0.0017
1142  211.110  #a3a3a3  164 1  -0.0009
1143  211.230  #a3a3a4  164 2  0.0006
1144  211.790  #a4a3a3  164 3  0.0026
1145  211.990  #a4a3a4  164 4  0.0009
1146  213.120  #a3a4a3  164 5  0.0053
1147  213.130  #a3a4a4  164 6  0.0000
1148  213.530  #a4a4a3  164 7  0.0019
1149  214.010  #a4a4a4  165 1  0.0022
1150  214.330  #a4a4a5  165 2  0.0015
1151  214.170  #a5a4a4  165 3  -0.0007
1152  214.730  #a5a4a5  165 4  0.0026
1153  214.750  #a4a5a4  165 5  0.0001
1154  215.100  #a4a5a5  165 6  0.0016
1155  215.570  #a5a5a4  165 7  0.0022
1156  215.830  #a5a5a5  166 1  0.0012
1157  215.660  #a5a5a6  166 2  -0.0008
1158  215.870  #a6a5a5  166 3  0.0010
1159  216.420  #a6a5a6  166 4  0.0025
1160  216.420  #a5a6a5  166 5  0.0000
1161  216.720  #a5a6a6  166 6  0.0014
1162  216.760  #a6a6a5  166 7  0.0002
1163  217.060  #a6a6a6  167 1  0.0014
1164  217.820  #a6a6a7  167 2  0.0035
1165  217.610  #a7a6a6  167 3  -0.0010
1166  218.200  #a7a6a7  167 4  0.0027
1167  217.790  #a6a7a6  167 5  -0.0019
1168  218.930  #a6a7a7  167 6  0.0052
1169  218.720  #a7a7a6  167 7  -0.0010
1170  219.170  #a7a7a7  168 1  0.0021
1171  219.740  #a7a7a8  168 2  0.0026
1172  219.820  #a8a7a7  168 3  0.0004
1173  220.040  #a8a7a8  168 4  0.0010
1174  220.120  #a7a8a7  168 5  0.0004
1175  220.560  #a7a8a8  168 6  0.0020
1176  220.370  #a8a8a7  168 7  -0.0009
1177  220.750  #a8a8a8  169 1  0.0017
1178  221.490  #a8a8a9  169 2  0.0033
1179  221.350  #a9a8a8  169 3  -0.0006
1180  222.480  #a9a8a9  169 4  0.0051
1181  222.300  #a8a9a8  169 5  -0.0008
1182  222.950  #a8a9a9  169 6  0.0029
1183  222.590  #a9a9a8  169 7  -0.0016
1184  222.950  #a9a9a9  170 1  0.0016
1185  223.600  #a9a9aa  170 2  0.0029
1186  223.450  #aaa9a9  170 3  -0.0007
1187  224.070  #aaa9aa  170 4  0.0028
1188  223.910  #a9aaa9  170 5  -0.0007
1189  224.340  #a9aaaa  170 6  0.0019
1190  224.830  #aaaaa9  170 7  0.0022
1191  224.800  #aaaaaa  171 1  -0.0001
1192  225.180  #aaaaab  171 2  0.0017
1193  225.140  #abaaaa  171 3  -0.0002
1194  225.460  #abaaab  171 4  0.0014
1195  226.250  #aaabaa  171 5  0.0035
1196  226.520  #aaabab  171 6  0.0012
1197  226.250  #ababaa  171 7  -0.0012
1198  226.780  #ababab  172 1  0.0023
1199  227.320  #ababac  172 2  0.0024
1200  227.080  #acabab  172 3  -0.0011
1201  227.620  #acabac  172 4  0.0024
1202  227.640  #abacab  172 5  0.0001
1203  228.220  #abacac  172 6  0.0025
1204  228.570  #acacab  172 7  0.0015
1205  228.360  #acacac  173 1  -0.0009
1206  228.830  #acacad  173 2  0.0021
1207  228.790  #adacac  173 3  -0.0002
1208  229.120  #adacad  173 4  0.0014
1209  229.830  #acadac  173 5  0.0031
1210  230.000  #acadad  173 6  0.0007
1211  230.020  #adadac  173 7  0.0001
1212  230.340  #adadad  174 1  0.0014
1213  230.990  #adadae  174 2  0.0028
1214  230.670  #aeadad  174 3  -0.0014
1215  231.330  #aeadae  174 4  0.0029
1216  231.700  #adaead  174 5  0.0016
1217  232.120  #adaeae  174 6  0.0018
1218  232.030  #aeaead  174 7  -0.0004
1219  232.340  #aeaeae  175 1  0.0013
1220  232.920  #aeaeaf  175 2  0.0025
1221  232.850  #afaeae  175 3  -0.0003
1222  233.480  #afaeaf  175 4  0.0027
1223  233.750  #aeafae  175 5  0.0012
1224  234.250  #aeafaf  175 6  0.0021
1225  234.020  #afafae  175 7  -0.0010
1226  234.600  #afafaf  176 1  0.0025
1227  235.300  #afafb0  176 2  0.0030
1228  234.800  #b0afaf  176 3  -0.0021
1229  236.100  #b0afb0  176 4  0.0055
1230  235.810  #afb0af  176 5  -0.0012
1231  236.450  #afb0b0  176 6  0.0027
1232  236.140  #b0b0af  176 7  -0.0013
1233  236.850  #b0b0b0  177 1  0.0030
1234  237.320  #b0b0b1  177 2  0.0020
1235  237.060  #b1b0b0  177 3  -0.0011
1236  237.560  #b1b0b1  177 4  0.0021
1237  237.590  #b0b1b0  177 5  0.0001
1238  237.970  #b0b1b1  177 6  0.0016
1239  238.260  #b1b1b0  177 7  0.0012
1240  238.200  #b1b1b1  178 1  -0.0003
1241  238.240  #b1b1b2  178 2  0.0002
1242  238.670  #b2b1b1  178 3  0.0018
1243  239.110  #b2b1b2  178 4  0.0018
1244  239.510  #b1b2b1  178 5  0.0017
1245  239.560  #b1b2b2  178 6  0.0002
1246  239.850  #b2b2b1  178 7  0.0012
1247  239.700  #b2b2b2  179 1  -0.0006
1248  240.980  #b2b2b3  179 2  0.0053
1249  240.110  #b3b2b2  179 3  -0.0036
1250  241.300  #b3b2b3  179 4  0.0049
1251  241.130  #b2b3b2  179 5  -0.0007
1252  242.250  #b2b3b3  179 6  0.0046
1253  241.800  #b3b3b2  179 7  -0.0019
1254  242.630  #b3b3b3  180 1  0.0034
1255  242.550  #b3b3b4  180 2  -0.0003
1256  242.860  #b4b3b3  180 3  0.0013
1257  243.430  #b4b3b4  180 4  0.0023
1258  243.380  #b3b4b3  180 5  -0.0002
1259  243.790  #b3b4b4  180 6  0.0017
1260  243.750  #b4b4b3  180 7  -0.0002
1261  244.330  #b4b4b4  181 1  0.0024
1262  244.780  #b4b4b5  181 2  0.0018
1263  244.590  #b5b4b4  181 3  -0.0008
1264  245.430  #b5b4b5  181 4  0.0034
1265  245.090  #b4b5b4  181 5  -0.0014
1266  246.150  #b4b5b5  181 6  0.0043
1267  245.790  #b5b5b4  181 7  -0.0015
1268  246.560  #b5b5b5  182 1  0.0031
1269  246.990  #b5b5b6  182 2  0.0017
1270  246.840  #b6b5b5  182 3  -0.0006
1271  247.430  #b6b5b6  182 4  0.0024
1272  247.670  #b5b6b5  182 5  0.0010
1273  248.260  #b5b6b6  182 6  0.0024
1274  248.300  #b6b6b5  182 7  0.0002
1275  248.860  #b6b6b6  183 1  0.0023
1276  249.660  #b6b6b7  183 2  0.0032
1277  249.250  #b7b6b6  183 3  -0.0016
1278  250.570  #b7b6b7  183 4  0.0053
1279  250.500  #b6b7b6  183 5  -0.0003
1280  251.430  #b6b7b7  183 6  0.0037
1281  250.840  #b7b7b6  183 7  -0.0023
1282  251.430  #b7b7b7  184 1  0.0023
1283  252.130  #b7b7b8  184 2  0.0028
1284  251.750  #b8b7b7  184 3  -0.0015
1285  252.300  #b8b7b8  184 4  0.0022
1286  252.850  #b7b8b7  184 5  0.0022
1287  253.400  #b7b8b8  184 6  0.0022
1288  253.700  #b8b8b7  184 7  0.0012
1289  253.740  #b8b8b8  185 1  0.0002
1290  253.600  #b8b8b9  185 2  -0.0006
1291  253.980  #b9b8b8  185 3  0.0015
1292  254.540  #b9b8b9  185 4  0.0022
1293  254.270  #b8b9b8  185 5  -0.0011
1294  255.040  #b8b9b9  185 6  0.0030
1295  254.580  #b9b9b8  185 7  -0.0018
1296  254.660  #b9b9b9  186 1  0.0003
1297  256.140  #b9b9ba  186 2  0.0058
1298  255.140  #bab9b9  186 3  -0.0039
1299  256.440  #bab9ba  186 4  0.0051
1300  255.810  #b9bab9  186 5  -0.0025
1301  257.140  #b9baba  186 6  0.0052
1302  256.820  #babab9  186 7  -0.0012
1303  257.600  #bababa  187 1  0.0030
1304  257.670  #bababb  187 2  0.0003
1305  258.060  #bbbaba  187 3  0.0015
1306  258.630  #bbbabb  187 4  0.0022
1307  258.730  #babbba  187 5  0.0004
1308  259.390  #babbbb  187 6  0.0025
1309  259.310  #bbbbba  187 7  -0.0003
1310  260.010  #bbbbbb  188 1  0.0027
1311  260.500  #bbbbbc  188 2  0.0019
1312  260.020  #bcbbbb  188 3  -0.0018
1313  260.760  #bcbbbc  188 4  0.0028
1314  261.080  #bbbcbb  188 5  0.0012
1315  261.800  #bbbcbc  188 6  0.0028
1316  261.630  #bcbcbb  188 7  -0.0006
1317  262.120  #bcbcbc  189 1  0.0019
1318  262.690  #bcbcbd  189 2  0.0022
1319  262.470  #bdbcbc  189 3  -0.0008
1320  263.020  #bdbcbd  189 4  0.0021
1321  263.560  #bcbdbc  189 5  0.0021
1322  264.000  #bcbdbd  189 6  0.0017
1323  263.940  #bdbdbc  189 7  -0.0002
1324  264.560  #bdbdbd  190 1  0.0023
1325  264.290  #bdbdbe  190 2  -0.0010
1326  264.800  #bebdbd  190 3  0.0019
1327  265.300  #bebdbe  190 4  0.0019
1328  264.930  #bdbebd  190 5  -0.0014
1329  265.980  #bdbebe  190 6  0.0040
1330  265.200  #bebebd  190 7  -0.0029
1331  265.830  #bebebe  191 1  0.0024
1332  266.200  #bebebf  191 2  0.0014
1333  266.340  #bfbebe  191 3  0.0005
1334  266.800  #bfbebf  191 4  0.0017
1335  266.820  #bebfbe  191 5  0.0001
1336  267.210  #bebfbf  191 6  0.0015
1337  267.810  #bfbfbe  191 7  0.0022
1338  267.600  #bfbfbf  192 1  -0.0008
1339  268.100  #bfbfc0  192 2  0.0019
1340  267.980  #c0bfbf  192 3  -0.0004
1341  268.630  #c0bfc0  192 4  0.0024
1342  269.300  #bfc0bf  192 5  0.0025
1343  269.670  #bfc0c0  192 6  0.0014
1344  269.540  #c0c0bf  192 7  -0.0005
1345  269.320  #c0c0c0  193 1  -0.0008
1346  270.790  #c0c0c1  193 2  0.0054
1347  269.720  #c1c0c0  193 3  -0.0040
1348  271.210  #c1c0c1  193 4  0.0055
1349  270.870  #c0c1c0  193 5  -0.0013
1350  272.070  #c0c1c1  193 6  0.0044
1351  271.590  #c1c1c0  193 7  -0.0018
1352  272.310  #c1c1c1  194 1  0.0026
1353  272.890  #c1c1c2  194 2  0.0021
1354  272.970  #c2c1c1  194 3  0.0003
1355  273.260  #c2c1c2  194 4  0.0011
1356  273.600  #c1c2c1  194 5  0.0012
1357  274.140  #c1c2c2  194 6  0.0020
1358  274.040  #c2c2c1  194 7  -0.0004
1359  274.430  #c2c2c2  195 1  0.0014
1360  275.190  #c2c2c3  195 2  0.0028
1361  274.810  #c3c2c2  195 3  -0.0014
1362  275.510  #c3c2c3  195 4  0.0025
1363  275.720  #c2c3c2  195 5  0.0008
1364  276.260  #c2c3c3  195 6  0.0020
1365  276.060  #c3c3c2  195 7  -0.0007
1366  276.620  #c3c3c3  196 1  0.0020
1367  277.140  #c3c3c4  196 2  0.0019
1368  277.050  #c4c3c3  196 3  -0.0003
1369  277.350  #c4c3c4  196 4  0.0011
1370  277.800  #c3c4c3  196 5  0.0016
1371  278.340  #c3c4c4  196 6  0.0019
1372  278.300  #c4c4c3  196 7  -0.0001
1373  278.880  #c4c4c4  197 1  0.0021
1374  278.900  #c4c4c5  197 2  0.0001
1375  279.410  #c5c4c4  197 3  0.0018
1376  279.080  #c5c4c5  197 4  -0.0012
1377  280.130  #c4c5c4  197 5  0.0038
1378  280.210  #c4c5c5  197 6  0.0003
1379  280.390  #c5c5c4  197 7  0.0006
1380  280.290  #c5c5c5  198 1  -0.0004
1381  281.690  #c5c5c6  198 2  0.0050
1382  281.460  #c6c5c5  198 3  -0.0008
1383  282.160  #c6c5c6  198 4  0.0025
1384  281.660  #c5c6c5  198 5  -0.0018
1385  282.180  #c5c6c6  198 6  0.0018
1386  282.650  #c6c6c5  198 7  0.0017
1387  282.720  #c6c6c6  199 1  0.0002
1388  283.160  #c6c6c7  199 2  0.0016
1389  282.950  #c7c6c6  199 3  -0.0007
1390  283.500  #c7c6c7  199 4  0.0019
1391  284.090  #c6c7c6  199 5  0.0021
1392  284.390  #c6c7c7  199 6  0.0011
1393  284.200  #c7c7c6  199 7  -0.0007
1394  284.790  #c7c7c7  200 1  0.0021
1395  285.570  #c7c7c8  200 2  0.0027
1396  285.010  #c8c7c7  200 3  -0.0020
1397  285.750  #c8c7c8  200 4  0.0026
1398  285.690  #c7c8c7  200 5  -0.0002
1399  286.810  #c7c8c8  200 6  0.0039
1400  286.310  #c8c8c7  200 7  -0.0017
1401  287.050  #c8c8c8  201 1  0.0026
1402  287.670  #c8c8c9  201 2  0.0022
1403  287.440  #c9c8c8  201 3  -0.0008
1404  288.030  #c9c8c9  201 4  0.0021
1405  288.310  #c8c9c8  201 5  0.0010
1406  288.910  #c8c9c9  201 6  0.0021
1407  288.650  #c9c9c8  201 7  -0.0009
1408  289.260  #c9c9c9  202 1  0.0021
1409  289.900  #c9c9ca  202 2  0.0022
1410  289.590  #cac9c9  202 3  -0.0011
1411  291.170  #cac9ca  202 4  0.0054
1412  290.350  #c9cac9  202 5  -0.0028
1413  291.250  #c9caca  202 6  0.0031
1414  291.190  #cacac9  202 7  -0.0002
1415  292.160  #cacaca  203 1  0.0033
1416  292.740  #cacacb  203 2  0.0020
1417  292.800  #cbcaca  203 3  0.0002
1418  293.230  #cbcacb  203 4  0.0015
1419  293.430  #cacbca  203 5  0.0007
1420  293.960  #cacbcb  203 6  0.0018
1421  294.000  #cbcbca  203 7  0.0001
1422  294.640  #cbcbcb  204 1  0.0022
1423  294.530  #cbcbcc  204 2  -0.0004
1424  294.760  #cccbcb  204 3  0.0008
1425  295.390  #cccbcc  204 4  0.0021
1426  295.300  #cbcccb  204 5  -0.0003
1427  295.580  #cbcccc  204 6  0.0009
1428  295.660  #cccccb  204 7  0.0003
1429  296.120  #cccccc  205 1  0.0016
1430  296.780  #cccccd  205 2  0.0022
1431  296.550  #cdcccc  205 3  -0.0008
1432  297.020  #cdcccd  205 4  0.0016
1433  296.910  #cccdcc  205 5  -0.0004
1434  297.890  #cccdcd  205 6  0.0033
1435  297.730  #cdcdcc  205 7  -0.0005
1436  298.370  #cdcdcd  206 1  0.0021
1437  298.380  #cdcdce  206 2  0.0000
1438  298.830  #cecdcd  206 3  0.0015
1439  299.430  #cecdce  206 4  0.0020
1440  299.640  #cdcecd  206 5  0.0007
1441  300.430  #cdcece  206 6  0.0026
1442  300.000  #cececd  206 7  -0.0014
1443  300.310  #cecece  207 1  0.0010
1444  301.310  #cececf  207 2  0.0033
1445  300.930  #cfcece  207 3  -0.0013
1446  301.790  #cfcecf  207 4  0.0029
1447  301.590  #cecfce  207 5  -0.0007
1448  302.950  #cecfcf  207 6  0.0045
1449  302.630  #cfcfce  207 7  -0.0011
1450  303.600  #cfcfcf  208 1  0.0032
1451  304.030  #cfcfd0  208 2  0.0014
1452  303.870  #d0cfcf  208 3  -0.0005
1453  304.380  #d0cfd0  208 4  0.0017
1454  304.580  #cfd0cf  208 5  0.0007
1455  305.200  #cfd0d0  208 6  0.0020
1456  305.280  #d0d0cf  208 7  0.0003
1457  305.780  #d0d0d0  209 1  0.0016
1458  306.270  #d0d0d1  209 2  0.0016
1459  306.030  #d1d0d0  209 3  -0.0008
1460  306.730  #d1d0d1  209 4  0.0023
1461  306.370  #d0d1d0  209 5  -0.0012
1462  307.070  #d0d1d1  209 6  0.0023
1463  306.690  #d1d1d0  209 7  -0.0012
1464  307.190  #d1d1d1  210 1  0.0016
1465  307.680  #d1d1d2  210 2  0.0016
1466  307.690  #d2d1d1  210 3  0.0000
1467  308.130  #d2d1d2  210 4  0.0014
1468  308.530  #d1d2d1  210 5  0.0013
1469  309.010  #d1d2d2  210 6  0.0016
1470  309.360  #d2d2d1  210 7  0.0011
1471  309.470  #d2d2d2  211 1  0.0004
1472  309.370  #d2d2d3  211 2  -0.0003
1473  309.970  #d3d2d2  211 3  0.0019
1474  310.460  #d3d2d3  211 4  0.0016
1475  310.660  #d2d3d2  211 5  0.0006
1476  310.790  #d2d3d3  211 6  0.0004
1477  310.960  #d3d3d2  211 7  0.0005
1478  310.850  #d3d3d3  212 1  -0.0004
1479  312.430  #d3d3d4  212 2  0.0051
1480  311.530  #d4d3d3  212 3  -0.0029
1481  312.770  #d4d3d4  212 4  0.0040
1482  312.050  #d3d4d3  212 5  -0.0023
1483  313.540  #d3d4d4  212 6  0.0048
1484  313.280  #d4d4d3  212 7  -0.0008
1485  314.190  #d4d4d4  213 1  0.0029
1486  313.940  #d4d4d5  213 2  -0.0008
1487  314.280  #d5d4d4  213 3  0.0011
1488  314.840  #d5d4d5  213 4  0.0018
1489  314.810  #d4d5d4  213 5  -0.0001
1490  315.470  #d4d5d5  213 6  0.0021
1491  315.140  #d5d5d4  213 7  -0.0010
1492  315.660  #d5d5d5  214 1  0.0016
1493  316.510  #d5d5d6  214 2  0.0027
1494  316.170  #d6d5d5  214 3  -0.0011
1495  316.670  #d6d5d6  214 4  0.0016
1496  316.700  #d5d6d5  214 5  0.0001
1497  318.290  #d5d6d6  214 6  0.0050
1498  317.760  #d6d6d5  214 7  -0.0017
1499  318.450  #d6d6d6  215 1  0.0022
1500  318.990  #d6d6d7  215 2  0.0017
1501  319.010  #d7d6d6  215 3  0.0001
1502  319.500  #d7d6d7  215 4  0.0015
1503  319.660  #d6d7d6  215 5  0.0005
1504  320.110  #d6d7d7  215 6  0.0014
1505  320.110  #d7d7d6  215 7  0.0000
1506  320.800  #d7d7d7  216 1  0.0022
1507  321.500  #d7d7d8  216 2  0.0022
1508  321.030  #d8d7d7  216 3  -0.0015
1509  322.280  #d8d7d8  216 4  0.0039
1510  321.620  #d7d8d7  216 5  -0.0021
1511  322.540  #d7d8d8  216 6  0.0029
1512  322.270  #d8d8d7  216 7  -0.0008
1513  323.020  #d8d8d8  217 1  0.0023
1514  323.690  #d8d8d9  217 2  0.0021
1515  323.280  #d9d8d8  217 3  -0.0013
1516  324.010  #d9d8d9  217 4  0.0023
1517  323.620  #d8d9d8  217 5  -0.0012
1518  324.320  #d8d9d9  217 6  0.0022
1519  324.500  #d9d9d8  217 7  0.0006
1520  324.550  #d9d9d9  218 1  0.0002
1521  325.020  #d9d9da  218 2  0.0014
1522  324.950  #dad9d9  218 3  -0.0002
1523  325.580  #dad9da  218 4  0.0019
1524  325.980  #d9dad9  218 5  0.0012
1525  325.950  #d9dada  218 6  -0.0001
1526  326.120  #dadad9  218 7  0.0005
1527  326.180  #dadada  219 1  0.0002
1528  327.530  #dadadb  219 2  0.0041
1529  326.620  #dbdada  219 3  -0.0028
1530  327.770  #dbdadb  219 4  0.0035
1531  328.020  #dadbda  219 5  0.0008
1532  329.150  #dadbdb  219 6  0.0034
1533  328.940  #dbdbda  219 7  -0.0006
1534  329.850  #dbdbdb  220 1  0.0028
1535  329.850  #dbdbdc  220 2  0.0000
1536  330.270  #dcdbdb  220 3  0.0013
1537  330.850  #dcdbdc  220 4  0.0018
1538  330.950  #dbdcdb  220 5  0.0003
1539  331.560  #dbdcdc  220 6  0.0018
1540  331.430  #dcdcdb  220 7  -0.0004
1541  331.840  #dcdcdc  221 1  0.0012
1542  332.770  #dcdcdd  221 2  0.0028
1543  332.210  #dddcdc  221 3  -0.0017
1544  332.960  #dddcdd  221 4  0.0023
1545  332.490  #dcdddc  221 5  -0.0014
1546  333.780  #dcdddd  221 6  0.0039
1547  333.440  #dddddc  221 7  -0.0010
1548  334.220  #dddddd  222 1  0.0023
1549  334.810  #ddddde  222 2  0.0018
1550  334.500  #dedddd  222 3  -0.0009
1551  335.190  #deddde  222 4  0.0021
1552  335.700  #dddedd  222 5  0.0015
1553  336.240  #dddede  222 6  0.0016
1554  335.930  #dededd  222 7  -0.0009
1555  336.660  #dedede  223 1  0.0022
1556  336.850  #dededf  223 2  0.0006
1557  337.070  #dfdede  223 3  0.0007
1558  338.300  #dfdedf  223 4  0.0036
1559  337.790  #dedfde  223 5  -0.0015
1560  338.240  #dedfdf  223 6  0.0013
1561  338.480  #dfdfde  223 7  0.0007
1562  339.230  #dfdfdf  224 1  0.0022
1563  339.730  #dfdfe0  224 2  0.0015
1564  339.810  #e0dfdf  224 3  0.0002
1565  340.340  #e0dfe0  224 4  0.0016
1566  339.660  #dfe0df  224 5  -0.0020
1567  340.240  #dfe0e0  224 6  0.0017
1568  341.160  #e0e0df  224 7  0.0027
1569  340.910  #e0e0e0  225 1  -0.0007
1570  341.230  #e0e0e1  225 2  0.0009
1571  341.160  #e1e0e0  225 3  -0.0002
1572  341.930  #e1e0e1  225 4  0.0023
1573  342.580  #e0e1e0  225 5  0.0019
1574  342.260  #e0e1e1  225 6  -0.0009
1575  342.670  #e1e1e0  225 7  0.0012
1576  342.640  #e1e1e1  226 1  -0.0001
1577  344.300  #e1e1e2  226 2  0.0048
1578  343.150  #e2e1e1  226 3  -0.0033
1579  344.290  #e2e1e2  226 4  0.0033
1580  344.540  #e1e2e1  226 5  0.0007
1581  345.650  #e1e2e2  226 6  0.0032
1582  345.170  #e2e2e1  226 7  -0.0014
1583  345.890  #e2e2e2  227 1  0.0021
1584  345.930  #e2e2e3  227 2  0.0001
1585  346.300  #e3e2e2  227 3  0.0011
1586  346.880  #e3e2e3  227 4  0.0017
1587  346.390  #e2e3e2  227 5  -0.0014
1588  347.150  #e2e3e3  227 6  0.0022
1589  346.850  #e3e3e2  227 7  -0.0009
1590  347.480  #e3e3e3  228 1  0.0018
1591  348.120  #e3e3e4  228 2  0.0018
1592  347.710  #e4e3e3  228 3  -0.0012
1593  348.510  #e4e3e4  228 4  0.0023
1594  348.990  #e3e4e3  228 5  0.0014
1595  349.640  #e3e4e4  228 6  0.0019
1596  349.240  #e4e4e3  228 7  -0.0011
1597  350.040  #e4e4e4  229 1  0.0023
1598  350.810  #e4e4e5  229 2  0.0022
1599  350.420  #e5e4e4  229 3  -0.0011
1600  351.110  #e5e4e5  229 4  0.0020
1601  351.980  #e4e5e4  229 5  0.0025
1602  352.690  #e4e5e5  229 6  0.0020
1603  352.460  #e5e5e4  229 7  -0.0007
1604  353.080  #e5e5e5  230 1  0.0018
1605  352.800  #e5e5e6  230 2  -0.0008
1606  353.390  #e6e5e5  230 3  0.0017
1607  353.010  #e6e5e6  230 4  -0.0011
1608  353.420  #e5e6e5  230 5  0.0012
1609  354.210  #e5e6e6  230 6  0.0022
1610  353.880  #e6e6e5  230 7  -0.0009
1611  354.520  #e6e6e6  231 1  0.0018
1612  355.170  #e6e6e7  231 2  0.0018
1613  355.050  #e7e6e6  231 3  -0.0003
1614  355.600  #e7e6e7  231 4  0.0015
1615  355.450  #e6e7e6  231 5  -0.0004
1616  356.700  #e6e7e7  231 6  0.0035
1617  356.450  #e7e7e6  231 7  -0.0007
1618  357.200  #e7e7e7  232 1  0.0021
1619  357.290  #e7e7e8  232 2  0.0003
1620  357.680  #e8e7e7  232 3  0.0011
1621  358.210  #e8e7e8  232 4  0.0015
1622  358.220  #e7e8e7  232 5  0.0000
1623  358.580  #e7e8e8  232 6  0.0010
1624  358.570  #e8e8e7  232 7  -0.0000
1625  359.050  #e8e8e8  233 1  0.0013
1626  359.930  #e8e8e9  233 2  0.0024
1627  359.580  #e9e8e8  233 3  -0.0010
1628  360.350  #e9e8e9  233 4  0.0021
1629  359.550  #e8e9e8  233 5  -0.0022
1630  360.640  #e8e9e9  233 6  0.0030
1631  360.610  #e9e9e8  233 7  -0.0001
1632  361.310  #e9e9e9  234 1  0.0019
1633  361.860  #e9e9ea  234 2  0.0015
1634  361.740  #eae9e9  234 3  -0.0003
1635  362.270  #eae9ea  234 4  0.0015
1636  362.760  #e9eae9  234 5  0.0014
1637  363.320  #e9eaea  234 6  0.0015
1638  363.330  #eaeae9  234 7  0.0000
1639  363.880  #eaeaea  235 1  0.0015
1640  364.480  #eaeaeb  235 2  0.0016
1641  363.970  #ebeaea  235 3  -0.0014
1642  364.950  #ebeaeb  235 4  0.0027
1643  364.690  #eaebea  235 5  -0.0007
1644  365.580  #eaebeb  235 6  0.0024
1645  365.220  #ebebea  235 7  -0.0010
1646  365.680  #ebebeb  236 1  0.0013
1647  366.410  #ebebec  236 2  0.0020
1648  366.270  #ecebeb  236 3  -0.0004
1649  366.920  #ecebec  236 4  0.0018
1650  367.390  #ebeceb  236 5  0.0013
1651  368.100  #ebecec  236 6  0.0019
1652  367.700  #ececeb  236 7  -0.0011
1653  368.490  #ececec  237 1  0.0021
1654  368.530  #ececed  237 2  0.0001
1655  368.950  #edecec  237 3  0.0011
1656  369.110  #edeced  237 4  0.0004
1657  370.030  #ecedec  237 5  0.0025
1658  370.010  #eceded  237 6  -0.0001
1659  370.230  #ededec  237 7  0.0006
1660  370.410  #ededed  238 1  0.0005
1661  371.830  #ededee  238 2  0.0038
1662  371.070  #eeeded  238 3  -0.0020
1663  372.200  #eeedee  238 4  0.0030
1664  371.480  #edeeed  238 5  -0.0019
1665  372.630  #edeeee  238 6  0.0031
1666  372.570  #eeeeed  238 7  -0.0002
1667  373.270  #eeeeee  239 1  0.0019
1668  373.460  #eeeeef  239 2  0.0005
1669  374.180  #efeeee  239 3  0.0019
1670  374.580  #efeeef  239 4  0.0011
1671  375.670  #eeefee  239 5  0.0029
1672  376.260  #eeefef  239 6  0.0016
1673  376.220  #efefee  239 7  -0.0001
1674  376.630  #efefef  240 1  0.0011
1675  377.310  #efeff0  240 2  0.0018
1676  376.280  #f0efef  240 3  -0.0027
1677  378.030  #f0eff0  240 4  0.0046
1678  377.370  #eff0ef  240 5  -0.0017
1679  378.230  #eff0f0  240 6  0.0023
1680  377.880  #f0f0ef  240 7  -0.0009
1681  378.590  #f0f0f0  241 1  0.0019
1682  379.240  #f0f0f1  241 2  0.0017
1683  379.140  #f1f0f0  241 3  -0.0003
1684  379.750  #f1f0f1  241 4  0.0016
1685  379.980  #f0f1f0  241 5  0.0006
1686  380.470  #f0f1f1  241 6  0.0013
1687  380.390  #f1f1f0  241 7  -0.0002
1688  381.060  #f1f1f1  242 1  0.0018
1689  381.760  #f1f1f2  242 2  0.0018
1690  381.440  #f2f1f1  242 3  -0.0008
1691  382.700  #f2f1f2  242 4  0.0033
1692  381.680  #f1f2f1  242 5  -0.0027
1693  382.300  #f1f2f2  242 6  0.0016
1694  381.960  #f2f2f1  242 7  -0.0009
1695  382.550  #f2f2f2  243 1  0.0015
1696  383.140  #f2f2f3  243 2  0.0015
1697  383.030  #f3f2f2  243 3  -0.0003
1698  383.540  #f3f2f3  243 4  0.0013
1699  384.680  #f2f3f2  243 5  0.0030
1700  385.320  #f2f3f3  243 6  0.0017
1701  385.700  #f3f3f2  243 7  0.0010
1702  385.790  #f3f3f3  244 1  0.0002
1703  385.330  #f3f3f4  244 2  -0.0012
1704  386.130  #f4f3f3  244 3  0.0021
1705  386.530  #f4f3f4  244 4  0.0010
1706  386.770  #f3f4f3  244 5  0.0006
1707  386.810  #f3f4f4  244 6  0.0001
1708  386.980  #f4f4f3  244 7  0.0004
1709  386.970  #f4f4f4  245 1  -0.0000
1710  388.340  #f4f4f5  245 2  0.0035
1711  387.550  #f5f4f4  245 3  -0.0020
1712  388.740  #f5f4f5  245 4  0.0031
1713  387.550  #f4f5f4  245 5  -0.0031
1714  388.770  #f4f5f5  245 6  0.0031
1715  388.450  #f5f5f4  245 7  -0.0008
1716  389.270  #f5f5f5  246 1  0.0021
1717  389.270  #f5f5f6  246 2  0.0000
1718  389.790  #f6f5f5  246 3  0.0013
1719  390.180  #f6f5f6  246 4  0.0010
1720  390.540  #f5f6f5  246 5  0.0009
1721  391.180  #f5f6f6  246 6  0.0016
1722  391.230  #f6f6f5  246 7  0.0001
1723  391.780  #f6f6f6  247 1  0.0014
1724  392.300  #f6f6f7  247 2  0.0013
1725  392.140  #f7f6f6  247 3  -0.0004
1726  392.830  #f7f6f7  247 4  0.0018
1727  392.460  #f6f7f6  247 5  -0.0009
1728  393.140  #f6f7f7  247 6  0.0017
1729  393.110  #f7f7f6  247 7  -0.0001
1730  393.650  #f7f7f7  248 1  0.0014
1731  394.370  #f7f7f8  248 2  0.0018
1732  394.370  #f8f7f7  248 3  0.0000
1733  394.670  #f8f7f8  248 4  0.0008
1734  395.980  #f7f8f7  248 5  0.0033
1735  396.480  #f7f8f8  248 6  0.0013
1736  396.320  #f8f8f7  248 7  -0.0004
1737  396.980  #f8f8f8  249 1  0.0017
1738  397.410  #f8f8f9  249 2  0.0011
1739  397.470  #f9f8f8  249 3  0.0002
1740  398.390  #f9f8f9  249 4  0.0023
1741  398.200  #f8f9f8  249 5  -0.0005
1742  398.940  #f8f9f9  249 6  0.0019
1743  398.720  #f9f9f8  249 7  -0.0006
1744  399.320  #f9f9f9  250 1  0.0015
1745  399.890  #f9f9fa  250 2  0.0014
1746  400.100  #faf9f9  250 3  0.0005
1747  400.350  #faf9fa  250 4  0.0006
1748  401.410  #f9faf9  250 5  0.0026
1749  401.670  #f9fafa  250 6  0.0006
1750  401.920  #fafaf9  250 7  0.0006
1751  402.470  #fafafa  251 1  0.0014
1752  401.920  #fafafb  251 2  -0.0014
1753  402.970  #fbfafa  251 3  0.0026
1754  403.550  #fbfafb  251 4  0.0014
1755  404.020  #fafbfa  251 5  0.0012
1756  404.380  #fafbfb  251 6  0.0009
1757  404.460  #fbfbfa  251 7  0.0002
1758  404.940  #fbfbfb  252 1  0.0012
1759  405.730  #fbfbfc  252 2  0.0019
1760  405.430  #fcfbfb  252 3  -0.0007
1761  406.000  #fcfbfc  252 4  0.0014
1762  406.180  #fbfcfb  252 5  0.0004
1763  407.530  #fbfcfc  252 6  0.0033
1764  407.390  #fcfcfb  252 7  -0.0003
1765  408.230  #fcfcfc  253 1  0.0021
1766  407.990  #fcfcfd  253 2  -0.0006
1767  408.520  #fdfcfc  253 3  0.0013
1768  409.050  #fdfcfd  253 4  0.0013
1769  409.720  #fcfdfc  253 5  0.0016
1770  410.130  #fcfdfd  253 6  0.0010
1771  410.030  #fdfdfc  253 7  -0.0002
1772  410.470  #fdfdfd  254 1  0.0011
1773  411.340  #fdfdfe  254 2  0.0021
1774  410.950  #fefdfd  254 3  -0.0009
1775  411.820  #fefdfe  254 4  0.0021
1776  411.530  #fdfefd  254 5  -0.0007
1777  412.920  #fdfefe  254 6  0.0034
1778  412.320  #fefefd  254 7  -0.0015
1779  412.930  #fefefe  255 1  0.0015
1780  413.640  #fefeff  255 2  0.0017
1781  413.710  #fffefe  255 3  0.0002
1782  414.400  #fffeff  255 4  0.0017
1783  413.540  #fefffe  255 5  -0.0021
1784  414.480  #feffff  255 6  0.0023
1785  414.130  #fffffe  255 7  -0.0008
1786  415.390  #ffffff  256 1  0.0030
