#  lumResponse - average luminance response
#  Display ID: GENERIC
#  6 files
#    59.9000 #ff0000
#   175.3670 #00ff00
#    24.5000 #0000ff
   1      0.2613  #000000    1   1 
   2      0.2615  #000001    1   2    0.00064
   3      0.2613  #010000    1   3   -0.00064
   4      0.2615  #010001    1   4    0.00064
   5      0.2615  #000100    1   5    0.00000
   6      0.2615  #000101    1   6    0.00000
   7      0.2617  #010100    1   7    0.00064
   8      0.2613  #010101    2   1   -0.00127
   9      0.2655  #010102    2   2    0.01582
  10      0.2735  #020101    2   3    0.02968
  11      0.2777  #020102    2   4    0.01512
  12      0.2872  #010201    2   5    0.03364
  13      0.2917  #010202    2   6    0.01555
  14      0.2998  #020201    2   7    0.02761
  15      0.3047  #020202    3   1    0.01599
  16      0.3057  #020203    3   2    0.00328
  17      0.3073  #030202    3   3    0.00544
  18      0.3083  #030203    3   4    0.00325
  19      0.3108  #020302    3   5    0.00808
  20      0.3118  #020303    3   6    0.00321
  21      0.3135  #030302    3   7    0.00533
  22      0.3145  #030303    4   1    0.00318
  23      0.3157  #030304    4   2    0.00370
  24      0.3173  #040303    4   3    0.00527
  25      0.3185  #040304    4   4    0.00367
  26      0.3218  #030403    4   5    0.01041
  27      0.3230  #030404    4   6    0.00362
  28      0.3245  #040403    4   7    0.00463
  29      0.3258  #040404    5   1    0.00410
  30      0.3270  #040405    5   2    0.00357
  31      0.3297  #050404    5   3    0.00812
  32      0.3305  #050405    5   4    0.00252
  33      0.3340  #040504    5   5    0.01053
  34      0.3355  #040505    5   6    0.00448
  35      0.3378  #050504    5   7    0.00693
  36      0.3393  #050505    6   1    0.00443
  37      0.3407  #050506    6   2    0.00392
  38      0.3433  #060505    6   3    0.00780
  39      0.3447  #060506    6   4    0.00388
  40      0.3487  #050605    6   5    0.01154
  41      0.3502  #050606    6   6    0.00429
  42      0.3528  #060605    6   7    0.00759
  43      0.3543  #060606    7   1    0.00424
  44      0.3560  #060607    7   2    0.00469
  45      0.3588  #070606    7   3    0.00793
  46      0.3608  #070607    7   4    0.00556
  47      0.3658  #060706    7   5    0.01376
  48      0.3675  #060707    7   6    0.00455
  49      0.3700  #070706    7   7    0.00678
  50      0.3723  #070707    8   1    0.00629
  51      0.3740  #070708    8   2    0.00447
  52      0.3778  #080707    8   3    0.01020
  53      0.3800  #080708    8   4    0.00572
  54      0.3857  #070807    8   5    0.01480
  55      0.3877  #070808    8   6    0.00517
  56      0.3912  #080807    8   7    0.00899
  57      0.3935  #080808    9   1    0.00595
  58      0.3962  #080809    9   2    0.00675
  59      0.4000  #090808    9   3    0.00963
  60      0.4028  #090809    9   4    0.00706
  61      0.4100  #080908    9   5    0.01763
  62      0.4125  #080909    9   6    0.00608
  63      0.4168  #090908    9   7    0.01045
  64      0.4192  #090909   10   1    0.00558
  65      0.4223  #09090a   10   2    0.00753
  66      0.4268  #0a0909   10   3    0.01060
  67      0.4298  #0a090a   10   4    0.00700
  68      0.4383  #090a09   10   5    0.01958
  69      0.4413  #090a0a   10   6    0.00682
  70      0.4462  #0a0a09   10   7    0.01089
  71      0.4490  #0a0a0a   11   1    0.00633
  72      0.4522  #0a0a0b   11   2    0.00703
  73      0.4588  #0b0a0a   11   3    0.01464
  74      0.4622  #0b0a0b   11   4    0.00724
  75      0.4718  #0a0b0a   11   5    0.02070
  76      0.4747  #0a0b0b   11   6    0.00599
  77      0.4818  #0b0b0a   11   7    0.01499
  78      0.4850  #0b0b0b   12   1    0.00655
  79      0.4890  #0b0b0c   12   2    0.00821
  80      0.4960  #0c0b0b   12   3    0.01421
  81      0.5002  #0c0b0c   12   4    0.00837
  82      0.5122  #0b0c0b   12   5    0.02371
  83      0.5162  #0b0c0c   12   6    0.00778
  84      0.5232  #0c0c0b   12   7    0.01347
  85      0.5273  #0c0c0c   13   1    0.00793
  86      0.5323  #0c0c0d   13   2    0.00944
  87      0.5402  #0d0c0c   13   3    0.01461
  88      0.5452  #0d0c0d   13   4    0.00921
  89      0.5607  #0c0d0c   13   5    0.02803
  90      0.5657  #0c0d0d   13   6    0.00888
  91      0.5733  #0d0d0c   13   7    0.01346
  92      0.5787  #0d0d0d   14   1    0.00926
  93      0.5845  #0d0d0e   14   2    0.01003
  94      0.5945  #0e0d0d   14   3    0.01696
  95      0.6002  #0e0d0e   14   4    0.00949
  96      0.6172  #0d0e0d   14   5    0.02793
  97      0.6223  #0d0e0e   14   6    0.00834
  98      0.6330  #0e0e0d   14   7    0.01699
  99      0.6390  #0e0e0e   15   1    0.00943
 100      0.6462  #0e0e0f   15   2    0.01115
 101      0.6572  #0f0e0e   15   3    0.01688
 102      0.6647  #0f0e0f   15   4    0.01135
 103      0.6873  #0e0f0e   15   5    0.03353
 104      0.6940  #0e0f0f   15   6    0.00965
 105      0.7060  #0f0f0e   15   7    0.01714
 106      0.7132  #0f0f0f   16   1    0.01010
 107      0.7220  #0f0f10   16   2    0.01231
 108      0.7350  #100f0f   16   3    0.01784
 109      0.7435  #100f10   16   4    0.01150
 110      0.7708  #0f100f   16   5    0.03610
 111      0.7793  #0f1010   16   6    0.01097
 112      0.7925  #10100f   16   7    0.01675
 113      0.8013  #101010   17   1    0.01108
 114      0.8117  #101011   17   2    0.01281
 115      0.8197  #111010   17   3    0.00981
 116      0.8298  #111011   17   4    0.01233
 117      0.8693  #101110   17   5    0.04649
 118      0.8797  #101111   17   6    0.01182
 119      0.8882  #111110   17   7    0.00962
 120      0.8983  #111111   18   1    0.01138
 121      0.9088  #111112   18   2    0.01162
 122      0.9308  #121111   18   3    0.02392
 123      0.9418  #121112   18   4    0.01175
 124      0.9842  #111211   18   5    0.04396
 125      0.9953  #111212   18   6    0.01128
 126      1.0170  #121211   18   7    0.02153
 127      1.0282  #121212   19   1    0.01092
 128      1.0425  #121213   19   2    0.01384
 129      1.0653  #131212   19   3    0.02167
 130      1.0798  #131213   19   4    0.01352
 131      1.1288  #121312   19   5    0.04437
 132      1.1440  #121313   19   6    0.01335
 133      1.1668  #131312   19   7    0.01976
 134      1.1820  #131313   20   1    0.01291
 135      1.1995  #131314   20   2    0.01470
 136      1.2250  #141313   20   3    0.02104
 137      1.2433  #141314   20   4    0.01485
 138      1.3033  #131413   20   5    0.04712
 139      1.3222  #131414   20   6    0.01435
 140      1.3473  #141413   20   7    0.01885
 141      1.3657  #141414   21   1    0.01352
 142      1.3748  #141415   21   2    0.00669
 143      1.3923  #151414   21   3    0.01265
 144      1.4018  #151415   21   4    0.00680
 145      1.5078  #141514   21   5    0.07286
 146      1.5180  #141515   21   6    0.00672
 147      1.5353  #151514   21   7    0.01135
 148      1.5452  #151515   22   1    0.00638
 149      1.5657  #151516   22   2    0.01318
 150      1.5970  #161515   22   3    0.01981
 151      1.6193  #161516   22   4    0.01389
 152      1.7017  #151615   22   5    0.04958
 153      1.7238  #151616   22   6    0.01294
 154      1.7562  #161615   22   7    0.01858
 155      1.7780  #161616   23   1    0.01236
 156      1.8027  #161617   23   2    0.01378
 157      1.8392  #171616   23   3    0.02004
 158      1.8627  #171617   23   4    0.01270
 159      1.9615  #161716   23   5    0.05169
 160      1.9860  #161717   23   6    0.01241
 161      2.0185  #171716   23   7    0.01623
 162      2.0467  #171717   24   1    0.01386
 163      2.0750  #171718   24   2    0.01375
 164      2.1150  #181717   24   3    0.01909
 165      2.1433  #181718   24   4    0.01331
 166      2.2417  #171817   24   5    0.04485
 167      2.2700  #171818   24   6    0.01256
 168      2.3117  #181817   24   7    0.01819
 169      2.3383  #181818   25   1    0.01147
 170      2.3650  #181819   25   2    0.01134
 171      2.4150  #191818   25   3    0.02092
 172      2.4433  #191819   25   4    0.01166
 173      2.5517  #181918   25   5    0.04338
 174      2.5800  #181919   25   6    0.01104
 175      2.6300  #191918   25   7    0.01919
 176      2.6600  #191919   26   1    0.01134
 177      2.6933  #19191a   26   2    0.01245
 178      2.7383  #1a1919   26   3    0.01657
 179      2.7733  #1a191a   26   4    0.01270
 180      2.8950  #191a19   26   5    0.04293
 181      2.9300  #191a1a   26   6    0.01202
 182      2.9750  #1a1a19   26   7    0.01524
 183      3.0083  #1a1a1a   27   1    0.01114
 184      3.0450  #1a1a1b   27   2    0.01211
 185      3.0867  #1b1a1a   27   3    0.01359
 186      3.1200  #1b1a1b   27   4    0.01074
 187      3.1683  #1a1b1a   27   5    0.01537
 188      3.2033  #1a1b1b   27   6    0.01099
 189      3.2450  #1b1b1a   27   7    0.01292
 190      3.2767  #1b1b1b   28   1    0.00971
 191      3.3167  #1b1b1c   28   2    0.01213
 192      3.3583  #1c1b1b   28   3    0.01248
 193      3.3950  #1c1b1c   28   4    0.01086
 194      3.5150  #1b1c1b   28   5    0.03473
 195      3.5533  #1b1c1c   28   6    0.01085
 196      3.5950  #1c1c1b   28   7    0.01166
 197      3.6333  #1c1c1c   29   1    0.01061
 198      3.6517  #1c1c1d   29   2    0.00503
 199      3.7200  #1d1c1c   29   3    0.01854
 200      3.7350  #1d1c1d   29   4    0.00402
 201      3.8833  #1c1d1c   29   5    0.03894
 202      3.9017  #1c1d1d   29   6    0.00471
 203      3.9683  #1d1d1c   29   7    0.01694
 204      3.9850  #1d1d1d   30   1    0.00419
 205      4.0267  #1d1d1e   30   2    0.01040
 206      4.0767  #1e1d1d   30   3    0.01234
 207      4.1200  #1e1d1e   30   4    0.01057
 208      4.2450  #1d1e1d   30   5    0.02989
 209      4.2850  #1d1e1e   30   6    0.00938
 210      4.3367  #1e1e1d   30   7    0.01199
 211      4.3783  #1e1e1e   31   1    0.00956
 212      4.4217  #1e1e1f   31   2    0.00985
 213      4.4767  #1f1e1e   31   3    0.01236
 214      4.5233  #1f1e1f   31   4    0.01037
 215      4.6517  #1e1f1e   31   5    0.02797
 216      4.6950  #1e1f1f   31   6    0.00927
 217      4.7550  #1f1f1e   31   7    0.01270
 218      4.7967  #1f1f1f   32   1    0.00872
 219      4.8183  #1f1f20   32   2    0.00451
 220      4.8767  #201f1f   32   3    0.01203
 221      4.8967  #201f20   32   4    0.00409
 222      5.0800  #1f201f   32   5    0.03675
 223      5.1000  #1f2020   32   6    0.00393
 224      5.1583  #20201f   32   7    0.01137
 225      5.1800  #202020   33   1    0.00419
 226      5.2200  #202021   33   2    0.00769
 227      5.2233  #212020   33   3    0.00064
 228      5.2633  #212021   33   4    0.00763
 229      5.4000  #202120   33   5    0.02563
 230      5.4367  #202121   33   6    0.00677
 231      5.4433  #212120   33   7    0.00123
 232      5.4817  #212121   34   1    0.00702
 233      5.5250  #212122   34   2    0.00787
 234      5.5550  #222121   34   3    0.00542
 235      5.5967  #222122   34   4    0.00747
 236      5.6967  #212221   34   5    0.01771
 237      5.7400  #212222   34   6    0.00758
 238      5.7700  #222221   34   7    0.00521
 239      5.8117  #222222   35   1    0.00720
 240      5.8333  #222223   35   2    0.00372
 241      5.8850  #232222   35   3    0.00882
 242      5.9033  #232223   35   4    0.00311
 243      6.0333  #222322   35   5    0.02178
 244      6.0517  #222323   35   6    0.00303
 245      6.1067  #232322   35   7    0.00905
 246      6.1233  #232323   36   1    0.00273
 247      6.1650  #232324   36   2    0.00678
 248      6.1983  #242323   36   3    0.00539
 249      6.2383  #242324   36   4    0.00643
 250      6.3400  #232423   36   5    0.01617
 251      6.3833  #232424   36   6    0.00681
 252      6.4167  #242423   36   7    0.00521
 253      6.4567  #242424   37   1    0.00621
 254      6.4933  #242425   37   2    0.00566
 255      6.5350  #252424   37   3    0.00640
 256      6.5733  #252425   37   4    0.00585
 257      6.6767  #242524   37   5    0.01560
 258      6.7150  #242525   37   6    0.00572
 259      6.7567  #252524   37   7    0.00619
 260      6.7900  #252525   38   1    0.00492
 261      6.8283  #252526   38   2    0.00563
 262      6.8667  #262525   38   3    0.00560
 263      6.9033  #262526   38   4    0.00533
 264      7.0117  #252625   38   5    0.01557
 265      7.0483  #252626   38   6    0.00522
 266      7.0917  #262625   38   7    0.00613
 267      7.1267  #262626   39   1    0.00492
 268      7.1633  #262627   39   2    0.00513
 269      7.2050  #272626   39   3    0.00580
 270      7.2433  #272627   39   4    0.00531
 271      7.3550  #262726   39   5    0.01530
 272      7.3950  #262727   39   6    0.00542
 273      7.4350  #272726   39   7    0.00539
 274      7.4717  #272727   40   1    0.00492
 275      7.4733  #272728   40   2    0.00022
 276      7.5450  #282727   40   3    0.00954
 277      7.5450  #282728   40   4    0.00000
 278      7.6900  #272827   40   5    0.01904
 279      7.6900  #272828   40   6    0.00000
 280      7.7617  #282827   40   7    0.00928
 281      7.7617  #282828   41   1    0.00000
 282      7.7917  #282829   41   2    0.00386
 283      7.8033  #292828   41   3    0.00150
 284      7.8350  #292829   41   4    0.00405
 285      7.9850  #282928   41   5    0.01896
 286      8.0133  #282929   41   6    0.00354
 287      8.0250  #292928   41   7    0.00145
 288      8.0550  #292929   42   1    0.00373
 289      8.0900  #29292a   42   2    0.00434
 290      8.1300  #2a2929   42   3    0.00493
 291      8.1667  #2a292a   42   4    0.00450
 292      8.2833  #292a29   42   5    0.01418
 293      8.3200  #292a2a   42   6    0.00442
 294      8.3583  #2a2a29   42   7    0.00460
 295      8.3950  #2a2a2a   43   1    0.00438
 296      8.4300  #2a2a2b   43   2    0.00416
 297      8.4783  #2b2a2a   43   3    0.00572
 298      8.5133  #2b2a2b   43   4    0.00412
 299      8.6333  #2a2b2a   43   5    0.01400
 300      8.6667  #2a2b2b   43   6    0.00385
 301      8.7117  #2b2b2a   43   7    0.00518
 302      8.7467  #2b2b2b   44   1    0.00401
 303      8.7833  #2b2b2c   44   2    0.00418
 304      8.8283  #2c2b2b   44   3    0.00511
 305      8.8633  #2c2b2c   44   4    0.00396
 306      8.9883  #2b2c2b   44   5    0.01400
 307      9.0250  #2b2c2c   44   6    0.00407
 308      9.0667  #2c2c2b   44   7    0.00461
 309      9.1067  #2c2c2c   45   1    0.00440
 310      9.1217  #2c2c2d   45   2    0.00165
 311      9.1917  #2d2c2c   45   3    0.00764
 312      9.2100  #2d2c2d   45   4    0.00199
 313      9.3500  #2c2d2c   45   5    0.01509
 314      9.3650  #2c2d2d   45   6    0.00160
 315      9.4383  #2d2d2c   45   7    0.00780
 316      9.4567  #2d2d2d   46   1    0.00194
 317      9.4933  #2d2d2e   46   2    0.00387
 318      9.5383  #2e2d2d   46   3    0.00473
 319      9.5733  #2e2d2e   46   4    0.00366
 320      9.7000  #2d2e2d   46   5    0.01314
 321      9.7350  #2d2e2e   46   6    0.00360
 322      9.7800  #2e2e2d   46   7    0.00461
 323      9.8200  #2e2e2e   47   1    0.00408
 324      9.8583  #2e2e2f   47   2    0.00390
 325      9.9033  #2f2e2e   47   3    0.00455
 326      9.9450  #2f2e2f   47   4    0.00420
 327     10.0700  #2e2f2e   47   5    0.01249
 328     10.1100  #2e2f2f   47   6    0.00396
 329     10.1567  #2f2f2e   47   7    0.00461
 330     10.1950  #2f2f2f   48   1    0.00377
 331     10.2300  #2f2f30   48   2    0.00343
 332     10.2850  #302f2f   48   3    0.00536
 333     10.3200  #302f30   48   4    0.00340
 334     10.4600  #2f302f   48   5    0.01347
 335     10.4967  #2f3030   48   6    0.00350
 336     10.5533  #30302f   48   7    0.00538
 337     10.5867  #303030   49   1    0.00315
 338     10.6300  #303031   49   2    0.00408
 339     10.6900  #313030   49   3    0.00563
 340     10.7350  #313031   49   4    0.00420
 341     10.8583  #303130   49   5    0.01142
 342     10.8983  #303131   49   6    0.00368
 343     10.9617  #313130   49   7    0.00579
 344     11.0033  #313131   50   1    0.00379
 345     11.0250  #313132   50   2    0.00197
 346     11.0950  #323131   50   3    0.00633
 347     11.1167  #323132   50   4    0.00195
 348     11.2667  #313231   50   5    0.01340
 349     11.2883  #313232   50   6    0.00192
 350     11.3567  #323231   50   7    0.00604
 351     11.3767  #323232   51   1    0.00176
 352     11.3983  #323233   51   2    0.00190
 353     11.4683  #333232   51   3    0.00612
 354     11.4917  #333233   51   4    0.00203
 355     11.6483  #323332   51   5    0.01354
 356     11.6700  #323333   51   6    0.00186
 357     11.7400  #333332   51   7    0.00598
 358     11.7617  #333333   52   1    0.00184
 359     11.8067  #333334   52   2    0.00382
 360     11.8617  #343333   52   3    0.00465
 361     11.9033  #343334   52   4    0.00351
 362     12.0350  #333433   52   5    0.01100
 363     12.0783  #333434   52   6    0.00359
 364     12.1350  #343433   52   7    0.00468
 365     12.1767  #343434   53   1    0.00343
 366     12.2200  #343435   53   2    0.00355
 367     12.2717  #353434   53   3    0.00422
 368     12.3150  #353435   53   4    0.00352
 369     12.4550  #343534   53   5    0.01130
 370     12.4983  #343535   53   6    0.00347
 371     12.5500  #353534   53   7    0.00413
 372     12.5900  #353535   54   1    0.00318
 373     12.6317  #353536   54   2    0.00330
 374     12.6867  #363535   54   3    0.00434
 375     12.7300  #363536   54   4    0.00341
 376     12.7533  #353635   54   5    0.00183
 377     12.7967  #353636   54   6    0.00339
 378     12.8467  #363635   54   7    0.00390
 379     12.8917  #363636   55   1    0.00350
 380     12.9133  #363637   55   2    0.00168
 381     12.9833  #373636   55   3    0.00541
 382     13.0100  #373637   55   4    0.00205
 383     13.1650  #363736   55   5    0.01184
 384     13.1917  #363737   55   6    0.00202
 385     13.2683  #373736   55   7    0.00579
 386     13.2900  #373737   56   1    0.00163
 387     13.3317  #373738   56   2    0.00313
 388     13.3883  #383737   56   3    0.00424
 389     13.4300  #383738   56   4    0.00311
 390     13.5717  #373837   56   5    0.01049
 391     13.6117  #373838   56   6    0.00294
 392     13.6733  #383837   56   7    0.00452
 393     13.7133  #383838   57   1    0.00292
 394     13.7533  #383839   57   2    0.00291
 395     13.8067  #393838   57   3    0.00387
 396     13.8417  #393839   57   4    0.00253
 397     14.0017  #383938   57   5    0.01149
 398     14.0400  #383939   57   6    0.00273
 399     14.1033  #393938   57   7    0.00450
 400     14.1367  #393939   58   1    0.00236
 401     14.1717  #39393a   58   2    0.00247
 402     14.2383  #3a3939   58   3    0.00469
 403     14.2733  #3a393a   58   4    0.00246
 404     14.4283  #393a39   58   5    0.01080
 405     14.4700  #393a3a   58   6    0.00288
 406     14.5367  #3a3a39   58   7    0.00460
 407     14.5733  #3a3a3a   59   1    0.00252
 408     14.6250  #3a3a3b   59   2    0.00354
 409     14.6733  #3b3a3a   59   3    0.00330
 410     14.7267  #3b3a3b   59   4    0.00363
 411     14.8600  #3a3b3a   59   5    0.00901
 412     14.9000  #3a3b3b   59   6    0.00269
 413     14.9733  #3b3b3a   59   7    0.00491
 414     15.0167  #3b3b3b   60   1    0.00289
 415     15.0183  #3b3b3c   60   2    0.00011
 416     15.1183  #3c3b3b   60   3    0.00664
 417     15.1200  #3c3b3c   60   4    0.00011
 418     15.3283  #3b3c3b   60   5    0.01368
 419     15.3317  #3b3c3c   60   6    0.00022
 420     15.4300  #3c3c3b   60   7    0.00639
 421     15.4317  #3c3c3c   61   1    0.00011
 422     15.4600  #3c3c3d   61   2    0.00183
 423     15.5217  #3d3c3c   61   3    0.00398
 424     15.5517  #3d3c3d   61   4    0.00193
 425     15.7150  #3c3d3c   61   5    0.01045
 426     15.7767  #3c3d3d   61   6    0.00392
 427     15.8267  #3d3d3c   61   7    0.00316
 428     15.8683  #3d3d3d   62   1    0.00263
 429     15.9167  #3d3d3e   62   2    0.00304
 430     15.9250  #3e3d3d   62   3    0.00052
 431     15.9900  #3e3d3e   62   4    0.00407
 432     16.1900  #3d3e3d   62   5    0.01243
 433     16.2200  #3d3e3e   62   6    0.00185
 434     16.2417  #3e3e3d   62   7    0.00133
 435     16.2733  #3e3e3e   63   1    0.00195
 436     16.3367  #3e3e3f   63   2    0.00388
 437     16.3667  #3f3e3e   63   3    0.00183
 438     16.4300  #3f3e3f   63   4    0.00386
 439     16.5617  #3e3f3e   63   5    0.00798
 440     16.5933  #3e3f3f   63   6    0.00191
 441     16.6583  #3f3f3e   63   7    0.00391
 442     16.7067  #3f3f3f   64   1    0.00290
 443     16.7517  #3f3f40   64   2    0.00269
 444     16.8017  #403f3f   64   3    0.00298
 445     16.8500  #403f40   64   4    0.00287
 446     16.9683  #3f403f   64   5    0.00700
 447     17.0267  #3f4040   64   6    0.00343
 448     17.0800  #40403f   64   7    0.00313
 449     17.1200  #404040   65   1    0.00234
 450     17.1383  #404041   65   2    0.00107
 451     17.1800  #414040   65   3    0.00243
 452     17.2000  #414041   65   4    0.00116
 453     17.4117  #404140   65   5    0.01223
 454     17.4317  #404141   65   6    0.00115
 455     17.4900  #414140   65   7    0.00334
 456     17.5100  #414141   66   1    0.00114
 457     17.5617  #414142   66   2    0.00295
 458     17.6600  #424141   66   3    0.00558
 459     17.6783  #424142   66   4    0.00104
 460     17.8167  #414241   66   5    0.00779
 461     17.8717  #414242   66   6    0.00308
 462     17.9533  #424241   66   7    0.00456
 463     17.9900  #424242   67   1    0.00204
 464     18.0433  #424243   67   2    0.00296
 465     18.1433  #434242   67   3    0.00553
 466     18.1800  #434243   67   4    0.00202
 467     18.3600  #424342   67   5    0.00985
 468     18.4150  #424343   67   6    0.00299
 469     18.5133  #434342   67   7    0.00533
 470     18.5350  #434343   68   1    0.00117
 471     18.6033  #434344   68   2    0.00368
 472     18.6467  #444343   68   3    0.00233
 473     18.7167  #444344   68   4    0.00375
 474     18.9267  #434443   68   5    0.01116
 475     18.9650  #434444   68   6    0.00202
 476     19.0400  #444443   68   7    0.00395
 477     19.0917  #444444   69   1    0.00271
 478     19.1433  #444445   69   2    0.00270
 479     19.2067  #454444   69   3    0.00330
 480     19.2883  #454445   69   4    0.00424
 481     19.4367  #444544   69   5    0.00766
 482     19.5167  #444545   69   6    0.00411
 483     19.5783  #454544   69   7    0.00315
 484     19.6283  #454545   70   1    0.00255
 485     19.6617  #454546   70   2    0.00170
 486     19.7600  #464545   70   3    0.00499
 487     19.7917  #464546   70   4    0.00160
 488     19.9867  #454645   70   5    0.00980
 489     20.0183  #454646   70   6    0.00158
 490     20.1183  #464645   70   7    0.00498
 491     20.1500  #464646   71   1    0.00157
 492     20.1833  #464647   71   2    0.00165
 493     20.2817  #474646   71   3    0.00486
 494     20.3000  #474647   71   4    0.00090
 495     20.5033  #464746   71   5    0.00997
 496     20.5367  #464747   71   6    0.00162
 497     20.6300  #474746   71   7    0.00453
 498     20.6633  #474747   72   1    0.00161
 499     20.6983  #474748   72   2    0.00169
 500     20.7883  #484747   72   3    0.00434
 501     20.8417  #484748   72   4    0.00256
 502     21.0383  #474847   72   5    0.00939
 503     21.0733  #474848   72   6    0.00166
 504     21.1483  #484847   72   7    0.00355
 505     21.2167  #484848   73   1    0.00323
 506     21.2417  #484849   73   2    0.00118
 507     21.3367  #494848   73   3    0.00446
 508     21.3967  #494849   73   4    0.00281
 509     21.5700  #484948   73   5    0.00807
 510     21.6617  #484949   73   6    0.00424
 511     21.7233  #494948   73   7    0.00284
 512     21.7833  #494949   74   1    0.00276
 513     21.8433  #49494a   74   2    0.00275
 514     21.9200  #4a4949   74   3    0.00350
 515     21.9800  #4a494a   74   4    0.00273
 516     22.1700  #494a49   74   5    0.00861
 517     22.2283  #494a4a   74   6    0.00263
 518     22.3083  #4a4a49   74   7    0.00359
 519     22.3667  #4a4a4a   75   1    0.00261
 520     22.3933  #4a4a4b   75   2    0.00119
 521     22.5000  #4b4a4a   75   3    0.00475
 522     22.5167  #4b4a4b   75   4    0.00074
 523     22.7333  #4a4b4a   75   5    0.00958
 524     22.7500  #4a4b4b   75   6    0.00073
 525     22.8667  #4b4b4a   75   7    0.00512
 526     22.9000  #4b4b4b   76   1    0.00146
 527     22.9500  #4b4b4c   76   2    0.00218
 528     23.0500  #4c4b4b   76   3    0.00435
 529     23.1000  #4c4b4c   76   4    0.00217
 530     23.2833  #4b4c4b   76   5    0.00791
 531     23.3833  #4b4c4c   76   6    0.00429
 532     23.4500  #4c4c4b   76   7    0.00285
 533     23.4833  #4c4c4c   77   1    0.00142
 534     23.5667  #4c4c4d   77   2    0.00354
 535     23.6000  #4d4c4c   77   3    0.00141
 536     23.6833  #4d4c4d   77   4    0.00352
 537     23.9000  #4c4d4c   77   5    0.00911
 538     23.9500  #4c4d4d   77   6    0.00209
 539     24.0167  #4d4d4c   77   7    0.00278
 540     24.0833  #4d4d4d   78   1    0.00277
 541     24.1333  #4d4d4e   78   2    0.00207
 542     24.2167  #4e4d4d   78   3    0.00345
 543     24.2667  #4e4d4e   78   4    0.00206
 544     24.4667  #4d4e4d   78   5    0.00821
 545     24.5333  #4d4e4e   78   6    0.00272
 546     24.6000  #4e4e4d   78   7    0.00271
 547     24.6667  #4e4e4e   79   1    0.00271
 548     24.7000  #4e4e4f   79   2    0.00135
 549     24.8000  #4f4e4e   79   3    0.00404
 550     24.8500  #4f4e4f   79   4    0.00201
 551     25.0667  #4e4f4e   79   5    0.00868
 552     25.1333  #4e4f4f   79   6    0.00266
 553     25.2000  #4f4f4e   79   7    0.00265
 554     25.2667  #4f4f4f   80   1    0.00264
 555     25.2500  #4f4f50   80   2   -0.00066
 556     25.4167  #504f4f   80   3    0.00658
 557     25.4167  #504f50   80   4    0.00000
 558     25.6667  #4f504f   80   5    0.00979
 559     25.6667  #4f5050   80   6    0.00000
 560     25.8000  #50504f   80   7    0.00518
 561     25.7833  #505050   81   1   -0.00065
 562     25.8833  #505051   81   2    0.00387
 563     25.8833  #515050   81   3    0.00000
 564     25.9500  #515051   81   4    0.00257
 565     26.0333  #505150   81   5    0.00321
 566     26.1167  #505151   81   6    0.00320
 567     26.1333  #515150   81   7    0.00064
 568     26.2000  #515151   82   1    0.00255
 569     26.2667  #515152   82   2    0.00254
 570     26.2833  #525151   82   3    0.00063
 571     26.3500  #525152   82   4    0.00253
 572     26.6167  #515251   82   5    0.01007
 573     26.6500  #515252   82   6    0.00125
 574     26.7000  #525251   82   7    0.00187
 575     26.7500  #525252   83   1    0.00187
 576     26.8000  #525253   83   2    0.00187
 577     26.8833  #535252   83   3    0.00310
 578     26.9833  #535253   83   4    0.00371
 579     27.1500  #525352   83   5    0.00616
 580     27.2500  #525353   83   6    0.00368
 581     27.3333  #535352   83   7    0.00305
 582     27.3667  #535353   84   1    0.00122
 583     27.4500  #535354   84   2    0.00304
 584     27.6167  #545353   84   3    0.00605
 585     27.6500  #545354   84   4    0.00121
 586     27.8000  #535453   84   5    0.00541
 587     27.8833  #535454   84   6    0.00299
 588     28.0667  #545453   84   7    0.00655
 589     28.1000  #545454   85   1    0.00119
 590     28.1667  #545455   85   2    0.00237
 591     28.2500  #555454   85   3    0.00295
 592     28.3333  #555455   85   4    0.00295
 593     28.5667  #545554   85   5    0.00820
 594     28.6000  #545555   85   6    0.00117
 595     28.6833  #555554   85   7    0.00291
 596     28.7667  #555555   86   1    0.00290
 597     28.7833  #555556   86   2    0.00058
 598     28.9000  #565555   86   3    0.00405
 599     28.9333  #565556   86   4    0.00115
 600     29.1667  #555655   86   5    0.00803
 601     29.2000  #555656   86   6    0.00114
 602     29.3167  #565655   86   7    0.00399
 603     29.3667  #565656   87   1    0.00170
 604     29.4167  #565657   87   2    0.00170
 605     29.5167  #575656   87   3    0.00339
 606     29.5833  #575657   87   4    0.00226
 607     29.7833  #565756   87   5    0.00674
 608     29.8667  #565757   87   6    0.00279
 609     29.9333  #575756   87   7    0.00223
 610     30.0167  #575757   88   1    0.00278
 611     30.1000  #575758   88   2    0.00277
 612     30.1667  #585757   88   3    0.00221
 613     30.2333  #585758   88   4    0.00221
 614     30.4667  #575857   88   5    0.00769
 615     30.5333  #575858   88   6    0.00219
 616     30.6000  #585857   88   7    0.00218
 617     30.6667  #585858   89   1    0.00218
 618     30.7500  #585859   89   2    0.00271
 619     30.8333  #595858   89   3    0.00271
 620     30.8833  #595859   89   4    0.00162
 621     31.1167  #585958   89   5    0.00753
 622     31.2167  #585959   89   6    0.00321
 623     31.2833  #595958   89   7    0.00213
 624     31.3500  #595959   90   1    0.00213
 625     31.4000  #59595a   90   2    0.00159
 626     31.5167  #5a5959   90   3    0.00371
 627     31.5667  #5a595a   90   4    0.00159
 628     31.8000  #595a59   90   5    0.00736
 629     31.8500  #595a5a   90   6    0.00157
 630     31.9667  #5a5a59   90   7    0.00366
 631     32.0000  #5a5a5a   91   1    0.00104
 632     32.0333  #5a5a5b   91   2    0.00104
 633     32.1500  #5b5a5a   91   3    0.00364
 634     32.2000  #5b5a5b   91   4    0.00155
 635     32.4667  #5a5b5a   91   5    0.00825
 636     32.5000  #5a5b5b   91   6    0.00103
 637     32.6333  #5b5b5a   91   7    0.00409
 638     32.6667  #5b5b5b   92   1    0.00102
 639     32.7167  #5b5b5c   92   2    0.00153
 640     32.8833  #5c5b5b   92   3    0.00508
 641     32.9500  #5c5b5c   92   4    0.00203
 642     33.1833  #5b5c5b   92   5    0.00706
 643     33.2167  #5b5c5c   92   6    0.00100
 644     33.3333  #5c5c5b   92   7    0.00351
 645     33.4000  #5c5c5c   93   1    0.00200
 646     33.4833  #5c5c5d   93   2    0.00249
 647     33.5833  #5d5c5c   93   3    0.00298
 648     33.6333  #5d5c5d   93   4    0.00149
 649     33.8667  #5c5d5c   93   5    0.00691
 650     33.9500  #5c5d5d   93   6    0.00246
 651     34.0333  #5d5d5c   93   7    0.00245
 652     34.1167  #5d5d5d   94   1    0.00245
 653     34.1833  #5d5d5e   94   2    0.00195
 654     34.2833  #5e5d5d   94   3    0.00292
 655     34.3167  #5e5d5e   94   4    0.00097
 656     34.5833  #5d5e5d   94   5    0.00774
 657     34.6500  #5d5e5e   94   6    0.00193
 658     34.7500  #5e5e5d   94   7    0.00288
 659     34.8167  #5e5e5e   95   1    0.00192
 660     34.8833  #5e5e5f   95   2    0.00191
 661     35.0000  #5f5e5e   95   3    0.00334
 662     35.0500  #5f5e5f   95   4    0.00143
 663     35.2667  #5e5f5e   95   5    0.00616
 664     35.3667  #5e5f5f   95   6    0.00283
 665     35.4667  #5f5f5e   95   7    0.00282
 666     35.5333  #5f5f5f   96   1    0.00188
 667     35.5833  #5f5f60   96   2    0.00141
 668     35.7167  #605f5f   96   3    0.00374
 669     35.7333  #605f60   96   4    0.00047
 670     36.0167  #5f605f   96   5    0.00790
 671     36.0500  #5f6060   96   6    0.00093
 672     36.1667  #60605f   96   7    0.00323
 673     36.2000  #606060   97   1    0.00092
 674     36.3000  #606061   97   2    0.00276
 675     36.3000  #616060   97   3    0.00000
 676     36.4167  #616061   97   4    0.00321
 677     36.7167  #606160   97   5    0.00820
 678     36.8000  #606161   97   6    0.00227
 679     36.8500  #616160   97   7    0.00136
 680     36.9333  #616161   98   1    0.00226
 681     37.0167  #616162   98   2    0.00225
 682     37.1167  #626161   98   3    0.00270
 683     37.1667  #626162   98   4    0.00135
 684     37.4333  #616261   98   5    0.00715
 685     37.5000  #616262   98   6    0.00178
 686     37.6333  #626261   98   7    0.00355
 687     37.6833  #626262   99   1    0.00133
 688     37.7500  #626263   99   2    0.00177
 689     37.8833  #636262   99   3    0.00353
 690     37.9667  #636263   99   4    0.00220
 691     38.2000  #626362   99   5    0.00613
 692     38.2833  #626363   99   6    0.00218
 693     38.3833  #636362   99   7    0.00261
 694     38.4667  #636363  100   1    0.00217
 695     38.5167  #636364  100   2    0.00130
 696     38.6667  #646363  100   3    0.00389
 697     38.7000  #646364  100   4    0.00086
 698     39.0167  #636463  100   5    0.00815
 699     39.0500  #636464  100   6    0.00085
 700     39.2000  #646463  100   7    0.00383
 701     39.2500  #646464  101   1    0.00127
 702     39.3167  #646465  101   2    0.00170
 703     39.4500  #656464  101   3    0.00339
 704     39.5000  #656465  101   4    0.00127
 705     39.8167  #646564  101   5    0.00798
 706     39.9000  #646565  101   6    0.00209
 707     40.0000  #656564  101   7    0.00250
 708     40.0500  #656565  102   1    0.00125
 709     40.1333  #656566  102   2    0.00208
 710     40.2500  #666565  102   3    0.00290
 711     40.3167  #666566  102   4    0.00165
 712     40.5833  #656665  102   5    0.00659
 713     40.6500  #656666  102   6    0.00164
 714     40.7667  #666665  102   7    0.00287
 715     40.8333  #666666  103   1    0.00163
 716     40.9167  #666667  103   2    0.00204
 717     40.9500  #676666  103   3    0.00081
 718     41.0167  #676667  103   4    0.00163
 719     41.3833  #666766  103   5    0.00890
 720     41.4667  #666767  103   6    0.00201
 721     41.4667  #676766  103   7    0.00000
 722     41.5333  #676767  104   1    0.00161
 723     41.6333  #676768  104   2    0.00240
 724     41.7167  #686767  104   3    0.00200
 725     41.8000  #686768  104   4    0.00200
 726     42.0833  #676867  104   5    0.00676
 727     42.1333  #676868  104   6    0.00119
 728     42.2667  #686867  104   7    0.00316
 729     42.3167  #686868  105   1    0.00118
 730     42.4000  #686869  105   2    0.00197
 731     42.5167  #696868  105   3    0.00275
 732     42.5833  #696869  105   4    0.00157
 733     42.8667  #686968  105   5    0.00663
 734     42.9667  #686969  105   6    0.00233
 735     43.0833  #696968  105   7    0.00271
 736     43.1167  #696969  106   1    0.00077
 737     43.2167  #69696a  106   2    0.00232
 738     43.3500  #6a6969  106   3    0.00308
 739     43.4333  #6a696a  106   4    0.00192
 740     43.7000  #696a69  106   5    0.00612
 741     43.7833  #696a6a  106   6    0.00191
 742     43.9000  #6a6a69  106   7    0.00266
 743     43.9500  #6a6a6a  107   1    0.00114
 744     44.0333  #6a6a6b  107   2    0.00189
 745     44.1333  #6b6a6a  107   3    0.00227
 746     44.2333  #6b6a6b  107   4    0.00226
 747     44.5333  #6a6b6a  107   5    0.00676
 748     44.5833  #6a6b6b  107   6    0.00112
 749     44.7000  #6b6b6a  107   7    0.00261
 750     44.7833  #6b6b6b  108   1    0.00186
 751     44.8500  #6b6b6c  108   2    0.00149
 752     44.9667  #6c6b6b  108   3    0.00260
 753     45.0500  #6c6b6c  108   4    0.00185
 754     45.0833  #6b6c6b  108   5    0.00074
 755     45.1667  #6b6c6c  108   6    0.00185
 756     45.2833  #6c6c6b  108   7    0.00258
 757     45.3667  #6c6c6c  109   1    0.00184
 758     45.4000  #6c6c6d  109   2    0.00073
 759     45.5500  #6d6c6c  109   3    0.00330
 760     45.6167  #6d6c6d  109   4    0.00146
 761     45.9167  #6c6d6c  109   5    0.00655
 762     45.9667  #6c6d6d  109   6    0.00109
 763     46.0833  #6d6d6c  109   7    0.00253
 764     46.1833  #6d6d6d  110   1    0.00217
 765     46.2333  #6d6d6e  110   2    0.00108
 766     46.3500  #6e6d6d  110   3    0.00252
 767     46.4333  #6e6d6e  110   4    0.00180
 768     46.7167  #6d6e6d  110   5    0.00608
 769     46.8000  #6d6e6e  110   6    0.00178
 770     46.9333  #6e6e6d  110   7    0.00284
 771     47.0167  #6e6e6e  111   1    0.00177
 772     47.0833  #6e6e6f  111   2    0.00142
 773     47.2333  #6f6e6e  111   3    0.00318
 774     47.2833  #6f6e6f  111   4    0.00106
 775     47.5333  #6e6f6e  111   5    0.00527
 776     47.6167  #6e6f6f  111   6    0.00175
 777     47.8000  #6f6f6e  111   7    0.00384
 778     47.8500  #6f6f6f  112   1    0.00105
 779     47.8833  #6f6f70  112   2    0.00070
 780     48.0333  #706f6f  112   3    0.00313
 781     48.0667  #706f70  112   4    0.00069
 782     48.4167  #6f706f  112   5    0.00726
 783     48.4500  #6f7070  112   6    0.00069
 784     48.6167  #70706f  112   7    0.00343
 785     48.6500  #707070  113   1    0.00069
 786     48.7333  #707071  113   2    0.00171
 787     48.7833  #717070  113   3    0.00103
 788     48.8667  #717071  113   4    0.00171
 789     49.2333  #707170  113   5    0.00748
 790     49.3000  #707171  113   6    0.00135
 791     49.3333  #717170  113   7    0.00068
 792     49.4500  #717171  114   1    0.00236
 793     49.5000  #717172  114   2    0.00101
 794     49.6167  #727171  114   3    0.00235
 795     49.7000  #727172  114   4    0.00168
 796     50.0000  #717271  114   5    0.00602
 797     50.0833  #717272  114   6    0.00167
 798     50.1833  #727271  114   7    0.00199
 799     50.3000  #727272  115   1    0.00232
 800     50.3167  #727273  115   2    0.00033
 801     50.4833  #737272  115   3    0.00331
 802     50.5167  #737273  115   4    0.00066
 803     50.8333  #727372  115   5    0.00625
 804     50.8833  #727373  115   6    0.00098
 805     51.0500  #737372  115   7    0.00327
 806     51.1000  #737373  116   1    0.00098
 807     51.2000  #737374  116   2    0.00196
 808     51.3333  #747373  116   3    0.00260
 809     51.4167  #747374  116   4    0.00162
 810     51.6667  #737473  116   5    0.00485
 811     51.7333  #737474  116   6    0.00129
 812     51.8333  #747473  116   7    0.00193
 813     51.9500  #747474  117   1    0.00225
 814     52.0500  #747475  117   2    0.00192
 815     52.1833  #757474  117   3    0.00256
 816     52.2500  #757475  117   4    0.00128
 817     52.5833  #747574  117   5    0.00636
 818     52.6833  #747575  117   6    0.00190
 819     52.8000  #757574  117   7    0.00221
 820     52.8833  #757575  118   1    0.00158
 821     52.9500  #757576  118   2    0.00126
 822     53.1000  #767575  118   3    0.00283
 823     53.2000  #767576  118   4    0.00188
 824     53.5167  #757675  118   5    0.00593
 825     53.5833  #757676  118   6    0.00124
 826     53.7167  #767675  118   7    0.00249
 827     53.8167  #767676  119   1    0.00186
 828     53.8667  #767677  119   2    0.00093
 829     54.0167  #777676  119   3    0.00278
 830     54.1000  #777677  119   4    0.00154
 831     54.4000  #767776  119   5    0.00553
 832     54.4833  #767777  119   6    0.00153
 833     54.5833  #777776  119   7    0.00183
 834     54.6667  #777777  120   1    0.00153
 835     54.7500  #777778  120   2    0.00152
 836     54.8500  #787777  120   3    0.00182
 837     54.9667  #787778  120   4    0.00212
 838     55.2333  #777877  120   5    0.00484
 839     55.3667  #777878  120   6    0.00241
 840     55.5000  #787877  120   7    0.00241
 841     55.5833  #787878  121   1    0.00150
 842     55.6167  #787879  121   2    0.00060
 843     55.7833  #797878  121   3    0.00299
 844     55.8333  #797879  121   4    0.00090
 845     56.1833  #787978  121   5    0.00625
 846     56.1833  #787979  121   6    0.00000
 847     56.3667  #797978  121   7    0.00326
 848     56.3833  #797979  122   1    0.00030
 849     56.5000  #79797a  122   2    0.00207
 850     56.6333  #7a7979  122   3    0.00236
 851     56.7000  #7a797a  122   4    0.00118
 852     57.0167  #797a79  122   5    0.00557
 853     57.1000  #797a7a  122   6    0.00146
 854     57.2333  #7a7a79  122   7    0.00233
 855     57.3333  #7a7a7a  123   1    0.00175
 856     57.4000  #7a7a7b  123   2    0.00116
 857     57.4500  #7b7a7a  123   3    0.00087
 858     57.5333  #7b7a7b  123   4    0.00145
 859     57.9167  #7a7b7a  123   5    0.00664
 860     58.0000  #7a7b7b  123   6    0.00144
 861     58.0667  #7b7b7a  123   7    0.00115
 862     58.1500  #7b7b7b  124   1    0.00143
 863     58.2500  #7b7b7c  124   2    0.00172
 864     58.3500  #7c7b7b  124   3    0.00172
 865     58.4667  #7c7b7c  124   4    0.00200
 866     58.7667  #7b7c7b  124   5    0.00512
 867     58.8500  #7b7c7c  124   6    0.00142
 868     58.9667  #7c7c7b  124   7    0.00198
 869     59.0500  #7c7c7c  125   1    0.00141
 870     59.1333  #7c7c7d  125   2    0.00141
 871     59.3000  #7d7c7c  125   3    0.00281
 872     59.3500  #7d7c7d  125   4    0.00084
 873     59.6500  #7c7d7c  125   5    0.00504
 874     59.7333  #7c7d7d  125   6    0.00140
 875     59.8333  #7d7d7c  125   7    0.00167
 876     59.9667  #7d7d7d  126   1    0.00223
 877     60.0500  #7d7d7e  126   2    0.00139
 878     60.2000  #7e7d7d  126   3    0.00249
 879     60.2667  #7e7d7e  126   4    0.00111
 880     60.6000  #7d7e7d  126   5    0.00552
 881     60.6667  #7d7e7e  126   6    0.00110
 882     60.8500  #7e7e7d  126   7    0.00302
 883     60.9167  #7e7e7e  127   1    0.00109
 884     61.0167  #7e7e7f  127   2    0.00164
 885     61.1333  #7f7e7e  127   3    0.00191
 886     61.2000  #7f7e7f  127   4    0.00109
 887     61.5167  #7e7f7e  127   5    0.00516
 888     61.6167  #7e7f7f  127   6    0.00162
 889     61.7667  #7f7f7e  127   7    0.00243
 890     61.8333  #7f7f7f  128   1    0.00108
 891     61.9333  #7f7f80  128   2    0.00162
 892     62.0500  #807f7f  128   3    0.00188
 893     62.1500  #807f80  128   4    0.00161
 894     62.4667  #7f807f  128   5    0.00508
 895     62.5833  #7f8080  128   6    0.00187
 896     62.7500  #80807f  128   7    0.00266
 897     62.8000  #808080  129   1    0.00080
 898     62.8667  #808081  129   2    0.00106
 899     62.9500  #818080  129   3    0.00132
 900     63.0167  #818081  129   4    0.00106
 901     63.4167  #808180  129   5    0.00633
 902     63.5333  #808181  129   6    0.00184
 903     63.5667  #818180  129   7    0.00052
 904     63.6667  #818181  130   1    0.00157
 905     63.7500  #818182  130   2    0.00131
 906     63.8833  #828181  130   3    0.00209
 907     63.9667  #828182  130   4    0.00130
 908     64.2667  #818281  130   5    0.00468
 909     64.3667  #818282  130   6    0.00155
 910     64.5000  #828281  130   7    0.00207
 911     64.6167  #828282  131   1    0.00181
 912     64.7000  #828283  131   2    0.00129
 913     64.8167  #838282  131   3    0.00180
 914     64.9000  #838283  131   4    0.00128
 915     65.2333  #828382  131   5    0.00512
 916     65.3000  #828383  131   6    0.00102
 917     65.5000  #838382  131   7    0.00306
 918     65.5333  #838383  132   1    0.00051
 919     65.6333  #838384  132   2    0.00152
 920     65.7667  #848383  132   3    0.00203
 921     65.8500  #848384  132   4    0.00127
 922     66.1667  #838483  132   5    0.00480
 923     66.2667  #838484  132   6    0.00151
 924     66.4000  #848483  132   7    0.00201
 925     66.4667  #848484  133   1    0.00100
 926     66.5667  #848485  133   2    0.00150
 927     66.7667  #858484  133   3    0.00300
 928     66.8667  #858485  133   4    0.00150
 929     67.1667  #848584  133   5    0.00448
 930     67.2500  #848585  133   6    0.00124
 931     67.3833  #858584  133   7    0.00198
 932     67.4667  #858585  134   1    0.00124
 933     67.5833  #858586  134   2    0.00173
 934     67.7167  #868585  134   3    0.00197
 935     67.8000  #868586  134   4    0.00123
 936     68.1000  #858685  134   5    0.00442
 937     68.2333  #858686  134   6    0.00196
 938     68.4000  #868685  134   7    0.00244
 939     68.5000  #868686  135   1    0.00146
 940     68.5833  #868687  135   2    0.00122
 941     68.7667  #878686  135   3    0.00267
 942     68.8500  #878687  135   4    0.00121
 943     68.8833  #868786  135   5    0.00048
 944     69.0000  #868787  135   6    0.00169
 945     69.1667  #878786  135   7    0.00241
 946     69.2333  #878787  136   1    0.00096
 947     69.3167  #878788  136   2    0.00120
 948     69.4833  #888787  136   3    0.00240
 949     69.5833  #888788  136   4    0.00144
 950     69.9667  #878887  136   5    0.00549
 951     70.0500  #878888  136   6    0.00119
 952     70.2167  #888887  136   7    0.00238
 953     70.3167  #888888  137   1    0.00142
 954     70.3833  #888889  137   2    0.00095
 955     70.5667  #898888  137   3    0.00260
 956     70.6500  #898889  137   4    0.00118
 957     70.9833  #888988  137   5    0.00471
 958     71.0667  #888989  137   6    0.00117
 959     71.2000  #898988  137   7    0.00187
 960     71.3167  #898989  138   1    0.00164
 961     71.4167  #89898a  138   2    0.00140
 962     71.5833  #8a8989  138   3    0.00233
 963     71.6667  #8a898a  138   4    0.00116
 964     72.0333  #898a89  138   5    0.00510
 965     72.1500  #898a8a  138   6    0.00162
 966     72.3000  #8a8a89  138   7    0.00208
 967     72.3833  #8a8a8a  139   1    0.00115
 968     72.4833  #8a8a8b  139   2    0.00138
 969     72.6667  #8b8a8a  139   3    0.00253
 970     72.7500  #8b8a8b  139   4    0.00115
 971     73.1333  #8a8b8a  139   5    0.00526
 972     73.2167  #8a8b8b  139   6    0.00114
 973     73.3833  #8b8b8a  139   7    0.00227
 974     73.4833  #8b8b8b  140   1    0.00136
 975     73.5833  #8b8b8c  140   2    0.00136
 976     73.7167  #8c8b8b  140   3    0.00181
 977     73.8333  #8c8b8c  140   4    0.00158
 978     74.2333  #8b8c8b  140   5    0.00540
 979     74.3167  #8b8c8c  140   6    0.00112
 980     74.4500  #8c8c8b  140   7    0.00179
 981     74.5500  #8c8c8c  141   1    0.00134
 982     74.6000  #8c8c8d  141   2    0.00067
 983     74.8500  #8d8c8c  141   3    0.00335
 984     74.8833  #8d8c8d  141   4    0.00045
 985     75.3000  #8c8d8c  141   5    0.00555
 986     75.3333  #8c8d8d  141   6    0.00044
 987     75.5833  #8d8d8c  141   7    0.00331
 988     75.6333  #8d8d8d  142   1    0.00066
 989     75.7167  #8d8d8e  142   2    0.00110
 990     75.9000  #8e8d8d  142   3    0.00242
 991     75.9833  #8e8d8e  142   4    0.00110
 992     76.3667  #8d8e8d  142   5    0.00503
 993     76.4500  #8d8e8e  142   6    0.00109
 994     76.6333  #8e8e8d  142   7    0.00240
 995     76.7333  #8e8e8e  143   1    0.00130
 996     76.8167  #8e8e8f  143   2    0.00109
 997     76.9833  #8f8e8e  143   3    0.00217
 998     77.1167  #8f8e8f  143   4    0.00173
 999     77.4500  #8e8f8e  143   5    0.00431
1000     77.5667  #8e8f8f  143   6    0.00151
1001     77.6833  #8f8f8e  143   7    0.00150
1002     77.8000  #8f8f8f  144   1    0.00150
1003     77.9333  #8f8f90  144   2    0.00171
1004     77.9333  #908f8f  144   3    0.00000
1005     78.0667  #908f90  144   4    0.00171
1006     78.5167  #8f908f  144   5    0.00575
1007     78.6333  #8f9090  144   6    0.00148
1008     78.6833  #90908f  144   7    0.00064
1009     78.7833  #909090  145   1    0.00127
1010     78.9167  #909091  145   2    0.00169
1011     78.9500  #919090  145   3    0.00042
1012     79.1000  #919091  145   4    0.00190
1013     79.5333  #909190  145   5    0.00546
1014     79.6167  #909191  145   6    0.00105
1015     79.7000  #919190  145   7    0.00105
1016     79.8000  #919191  146   1    0.00125
1017     79.9167  #919192  146   2    0.00146
1018     80.0667  #929191  146   3    0.00188
1019     80.2000  #929192  146   4    0.00166
1020     80.5667  #919291  146   5    0.00456
1021     80.6500  #919292  146   6    0.00103
1022     80.8333  #929291  146   7    0.00227
1023     80.9167  #929292  147   1    0.00103
1024     81.0500  #929293  147   2    0.00165
1025     81.2000  #939292  147   3    0.00185
1026     81.3167  #939293  147   4    0.00144
1027     81.7000  #929392  147   5    0.00470
1028     81.7833  #929393  147   6    0.00102
1029     81.9500  #939392  147   7    0.00204
1030     82.0333  #939393  148   1    0.00102
1031     82.1667  #939394  148   2    0.00162
1032     82.3167  #949393  148   3    0.00182
1033     82.4167  #949394  148   4    0.00121
1034     82.8167  #939493  148   5    0.00484
1035     82.9167  #939494  148   6    0.00121
1036     83.0833  #949493  148   7    0.00201
1037     83.1833  #949494  149   1    0.00120
1038     83.2667  #949495  149   2    0.00100
1039     83.4667  #959494  149   3    0.00240
1040     83.5833  #959495  149   4    0.00140
1041     83.9500  #949594  149   5    0.00438
1042     84.0333  #949595  149   6    0.00099
1043     84.2000  #959594  149   7    0.00198
1044     84.3000  #959595  150   1    0.00119
1045     84.4333  #959596  150   2    0.00158
1046     84.6167  #969595  150   3    0.00217
1047     84.7500  #969596  150   4    0.00157
1048     85.1000  #959695  150   5    0.00412
1049     85.2333  #959696  150   6    0.00157
1050     85.4333  #969695  150   7    0.00234
1051     85.5167  #969696  151   1    0.00097
1052     85.6333  #969697  151   2    0.00136
1053     85.8333  #979696  151   3    0.00233
1054     85.9500  #979697  151   4    0.00136
1055     86.3167  #969796  151   5    0.00426
1056     86.4333  #969797  151   6    0.00135
1057     86.6500  #979796  151   7    0.00250
1058     86.7500  #979797  152   1    0.00115
1059     86.8500  #979798  152   2    0.00115
1060     87.0167  #989797  152   3    0.00192
1061     87.1500  #989798  152   4    0.00153
1062     87.6167  #979897  152   5    0.00534
1063     87.7167  #979898  152   6    0.00114
1064     87.9000  #989897  152   7    0.00209
1065     88.0167  #989898  153   1    0.00133
1066     88.1333  #989899  153   2    0.00132
1067     88.2667  #999898  153   3    0.00151
1068     88.3833  #999899  153   4    0.00132
1069     88.8333  #989998  153   5    0.00508
1070     88.9167  #989999  153   6    0.00094
1071     89.1000  #999998  153   7    0.00206
1072     89.2333  #999999  154   1    0.00150
1073     89.3500  #99999a  154   2    0.00131
1074     89.5333  #9a9999  154   3    0.00205
1075     89.6500  #9a999a  154   4    0.00130
1076     90.1000  #999a99  154   5    0.00501
1077     90.2000  #999a9a  154   6    0.00111
1078     90.4000  #9a9a99  154   7    0.00221
1079     90.4833  #9a9a9a  155   1    0.00092
1080     90.5833  #9a9a9b  155   2    0.00110
1081     90.8000  #9b9a9a  155   3    0.00239
1082     90.9167  #9b9a9b  155   4    0.00128
1083     91.3500  #9a9b9a  155   5    0.00475
1084     91.4667  #9a9b9b  155   6    0.00128
1085     91.6500  #9b9b9a  155   7    0.00200
1086     91.7500  #9b9b9b  156   1    0.00109
1087     91.8667  #9b9b9c  156   2    0.00127
1088     92.0667  #9c9b9b  156   3    0.00217
1089     92.1500  #9c9b9c  156   4    0.00090
1090     92.6000  #9b9c9b  156   5    0.00487
1091     92.7167  #9b9c9c  156   6    0.00126
1092     92.9000  #9c9c9b  156   7    0.00198
1093     93.0333  #9c9c9c  157   1    0.00143
1094     93.1167  #9c9c9d  157   2    0.00090
1095     93.3333  #9d9c9c  157   3    0.00232
1096     93.4167  #9d9c9d  157   4    0.00089
1097     93.8667  #9c9d9c  157   5    0.00481
1098     93.9667  #9c9d9d  157   6    0.00106
1099     94.1500  #9d9d9c  157   7    0.00195
1100     94.2833  #9d9d9d  158   1    0.00142
1101     94.4000  #9d9d9e  158   2    0.00124
1102     94.6333  #9e9d9d  158   3    0.00247
1103     94.7333  #9e9d9e  158   4    0.00106
1104     95.1500  #9d9e9d  158   5    0.00439
1105     95.2667  #9d9e9e  158   6    0.00123
1106     95.4500  #9e9e9d  158   7    0.00192
1107     95.5833  #9e9e9e  159   1    0.00140
1108     95.7167  #9e9e9f  159   2    0.00139
1109     95.8833  #9f9e9e  159   3    0.00174
1110     96.0333  #9f9e9f  159   4    0.00156
1111     96.4667  #9e9f9e  159   5    0.00450
1112     96.5500  #9e9f9f  159   6    0.00086
1113     96.7667  #9f9f9e  159   7    0.00224
1114     96.9167  #9f9f9f  160   1    0.00155
1115     97.0333  #9f9fa0  160   2    0.00120
1116     97.2000  #a09f9f  160   3    0.00172
1117     97.3000  #a09fa0  160   4    0.00103
1118     97.7500  #9fa09f  160   5    0.00461
1119     97.8667  #9fa0a0  160   6    0.00119
1120     98.0500  #a0a09f  160   7    0.00187
1121     98.1833  #a0a0a0  161   1    0.00136
1122     98.3000  #a0a0a1  161   2    0.00119
1123     98.4000  #a1a0a0  161   3    0.00102
1124     98.5167  #a1a0a1  161   4    0.00118
1125     99.0667  #a0a1a0  161   5    0.00557
1126     99.1833  #a0a1a1  161   6    0.00118
1127     99.2833  #a1a1a0  161   7    0.00101
1128     99.4167  #a1a1a1  162   1    0.00134
1129     99.5167  #a1a1a2  162   2    0.00101
1130     99.7333  #a2a1a1  162   3    0.00217
1131     99.8333  #a2a1a2  162   4    0.00100
1132     99.8500  #a1a2a1  162   5    0.00017
1133    100.0000  #a1a2a2  162   6    0.00150
1134    100.2333  #a2a2a1  162   7    0.00233
1135    100.3000  #a2a2a2  163   1    0.00066
1136    100.4333  #a2a2a3  163   2    0.00133
1137    100.6167  #a3a2a2  163   3    0.00182
1138    100.7667  #a3a2a3  163   4    0.00149
1139    101.1833  #a2a3a2  163   5    0.00413
1140    101.3333  #a2a3a3  163   6    0.00148
1141    101.5500  #a3a3a2  163   7    0.00214
1142    101.6500  #a3a3a3  164   1    0.00098
1143    101.7667  #a3a3a4  164   2    0.00115
1144    101.7833  #a4a3a3  164   3    0.00016
1145    101.9000  #a4a3a4  164   4    0.00115
1146    102.5167  #a3a4a3  164   5    0.00603
1147    102.6333  #a3a4a4  164   6    0.00114
1148    102.6667  #a4a4a3  164   7    0.00032
1149    102.7833  #a4a4a4  165   1    0.00114
1150    102.9000  #a4a4a5  165   2    0.00113
1151    103.1500  #a5a4a4  165   3    0.00243
1152    103.2333  #a5a4a5  165   4    0.00081
1153    103.6833  #a4a5a4  165   5    0.00435
1154    103.8000  #a4a5a5  165   6    0.00112
1155    103.9833  #a5a5a4  165   7    0.00176
1156    104.1000  #a5a5a5  166   1    0.00112
1157    104.2167  #a5a5a6  166   2    0.00112
1158    104.4167  #a6a5a5  166   3    0.00192
1159    104.5500  #a6a5a6  166   4    0.00128
1160    104.9833  #a5a6a5  166   5    0.00414
1161    105.0833  #a5a6a6  166   6    0.00095
1162    105.3167  #a6a6a5  166   7    0.00222
1163    105.4667  #a6a6a6  167   1    0.00142
1164    105.5667  #a6a6a7  167   2    0.00095
1165    105.8167  #a7a6a6  167   3    0.00237
1166    105.9333  #a7a6a7  167   4    0.00110
1167    106.4000  #a6a7a6  167   5    0.00440
1168    106.5000  #a6a7a7  167   6    0.00094
1169    106.7500  #a7a7a6  167   7    0.00234
1170    106.8833  #a7a7a7  168   1    0.00125
1171    106.9833  #a7a7a8  168   2    0.00094
1172    107.1833  #a8a7a7  168   3    0.00187
1173    107.3167  #a8a7a8  168   4    0.00124
1174    107.8167  #a7a8a7  168   5    0.00465
1175    107.9167  #a7a8a8  168   6    0.00093
1176    108.0833  #a8a8a7  168   7    0.00154
1177    108.3000  #a8a8a8  169   1    0.00200
1178    108.3667  #a8a8a9  169   2    0.00062
1179    108.5500  #a9a8a8  169   3    0.00169
1180    108.7000  #a9a8a9  169   4    0.00138
1181    109.1167  #a8a9a8  169   5    0.00383
1182    109.2833  #a8a9a9  169   6    0.00153
1183    109.4500  #a9a9a8  169   7    0.00152
1184    109.5833  #a9a9a9  170   1    0.00122
1185    109.7167  #a9a9aa  170   2    0.00122
1186    109.8667  #aaa9a9  170   3    0.00137
1187    110.0167  #aaa9aa  170   4    0.00136
1188    110.4833  #a9aaa9  170   5    0.00423
1189    110.5833  #a9aaaa  170   6    0.00090
1190    110.8167  #aaaaa9  170   7    0.00211
1191    110.9333  #aaaaaa  171   1    0.00105
1192    111.0500  #aaaaab  171   2    0.00105
1193    111.3167  #abaaaa  171   3    0.00240
1194    111.3500  #abaaab  171   4    0.00030
1195    111.8667  #aaabaa  171   5    0.00463
1196    111.9333  #aaabab  171   6    0.00060
1197    112.1167  #ababaa  171   7    0.00164
1198    112.2833  #ababab  172   1    0.00149
1199    112.4167  #ababac  172   2    0.00119
1200    112.5833  #acabab  172   3    0.00148
1201    112.7333  #acabac  172   4    0.00133
1202    113.2167  #abacab  172   5    0.00428
1203    113.3333  #abacac  172   6    0.00103
1204    113.5000  #acacab  172   7    0.00147
1205    113.6500  #acacac  173   1    0.00132
1206    113.8000  #acacad  173   2    0.00132
1207    113.9667  #adacac  173   3    0.00146
1208    114.1167  #adacad  173   4    0.00132
1209    114.5500  #acadac  173   5    0.00379
1210    114.6833  #acadad  173   6    0.00116
1211    114.9000  #adadac  173   7    0.00189
1212    115.0000  #adadad  174   1    0.00087
1213    115.1667  #adadae  174   2    0.00145
1214    115.3333  #aeadad  174   3    0.00145
1215    115.5167  #aeadae  174   4    0.00159
1216    115.9333  #adaead  174   5    0.00360
1217    116.1167  #adaeae  174   6    0.00158
1218    116.2667  #aeaead  174   7    0.00129
1219    116.4333  #aeaeae  175   1    0.00143
1220    116.5500  #aeaeaf  175   2    0.00100
1221    116.7500  #afaeae  175   3    0.00171
1222    116.8667  #afaeaf  175   4    0.00100
1223    117.3333  #aeafae  175   5    0.00399
1224    117.4333  #aeafaf  175   6    0.00085
1225    117.6167  #afafae  175   7    0.00156
1226    117.7833  #afafaf  176   1    0.00142
1227    117.9000  #afafb0  176   2    0.00099
1228    118.1667  #b0afaf  176   3    0.00226
1229    118.2333  #b0afb0  176   4    0.00056
1230    118.7000  #afb0af  176   5    0.00394
1231    118.8167  #afb0b0  176   6    0.00098
1232    119.0500  #b0b0af  176   7    0.00196
1233    119.1500  #b0b0b0  177   1    0.00084
1234    119.3167  #b0b0b1  177   2    0.00140
1235    119.4167  #b1b0b0  177   3    0.00084
1236    119.5167  #b1b0b1  177   4    0.00084
1237    120.1833  #b0b1b0  177   5    0.00556
1238    120.2500  #b0b1b1  177   6    0.00055
1239    120.4500  #b1b1b0  177   7    0.00166
1240    120.5833  #b1b1b1  178   1    0.00111
1241    120.7667  #b1b1b2  178   2    0.00152
1242    120.9333  #b2b1b1  178   3    0.00138
1243    121.0833  #b2b1b2  178   4    0.00124
1244    121.6000  #b1b2b1  178   5    0.00426
1245    121.7000  #b1b2b2  178   6    0.00082
1246    121.9167  #b2b2b1  178   7    0.00178
1247    122.0500  #b2b2b2  179   1    0.00109
1248    122.1667  #b2b2b3  179   2    0.00096
1249    122.4500  #b3b2b2  179   3    0.00232
1250    122.5500  #b3b2b3  179   4    0.00082
1251    123.0333  #b2b3b2  179   5    0.00394
1252    123.1667  #b2b3b3  179   6    0.00108
1253    123.4167  #b3b3b2  179   7    0.00203
1254    123.5000  #b3b3b3  180   1    0.00067
1255    123.6167  #b3b3b4  180   2    0.00094
1256    123.8833  #b4b3b3  180   3    0.00215
1257    124.0167  #b4b3b4  180   4    0.00108
1258    124.5000  #b3b4b3  180   5    0.00389
1259    124.6167  #b3b4b4  180   6    0.00094
1260    124.8667  #b4b4b3  180   7    0.00200
1261    124.9667  #b4b4b4  181   1    0.00080
1262    125.1000  #b4b4b5  181   2    0.00107
1263    125.3333  #b5b4b4  181   3    0.00186
1264    125.4667  #b5b4b5  181   4    0.00106
1265    125.9833  #b4b5b4  181   5    0.00411
1266    126.1333  #b4b5b5  181   6    0.00119
1267    126.3500  #b5b5b4  181   7    0.00172
1268    126.4833  #b5b5b5  182   1    0.00105
1269    126.6000  #b5b5b6  182   2    0.00092
1270    126.8000  #b6b5b5  182   3    0.00158
1271    126.9500  #b6b5b6  182   4    0.00118
1272    127.4667  #b5b6b5  182   5    0.00406
1273    127.6000  #b5b6b6  182   6    0.00105
1274    127.7833  #b6b6b5  182   7    0.00144
1275    127.9167  #b6b6b6  183   1    0.00104
1276    128.0833  #b6b6b7  183   2    0.00130
1277    128.3167  #b7b6b6  183   3    0.00182
1278    128.4667  #b7b6b7  183   4    0.00117
1279    128.9833  #b6b7b6  183   5    0.00401
1280    129.0833  #b6b7b7  183   6    0.00077
1281    129.3000  #b7b7b6  183   7    0.00168
1282    129.4667  #b7b7b7  184   1    0.00129
1283    129.6000  #b7b7b8  184   2    0.00103
1284    129.8167  #b8b7b7  184   3    0.00167
1285    129.9500  #b8b7b8  184   4    0.00103
1286    130.4333  #b7b8b7  184   5    0.00371
1287    130.6000  #b7b8b8  184   6    0.00128
1288    130.8333  #b8b8b7  184   7    0.00179
1289    131.0000  #b8b8b8  185   1    0.00127
1290    131.1000  #b8b8b9  185   2    0.00076
1291    131.1500  #b9b8b8  185   3    0.00038
1292    131.3000  #b9b8b9  185   4    0.00114
1293    132.0000  #b8b9b8  185   5    0.00532
1294    132.1833  #b8b9b9  185   6    0.00139
1295    132.1500  #b9b9b8  185   7   -0.00025
1296    132.3500  #b9b9b9  186   1    0.00151
1297    132.4167  #b9b9ba  186   2    0.00050
1298    132.7000  #bab9b9  186   3    0.00214
1299    132.7833  #bab9ba  186   4    0.00063
1300    133.3500  #b9bab9  186   5    0.00426
1301    133.4833  #b9baba  186   6    0.00100
1302    133.7000  #babab9  186   7    0.00162
1303    133.8333  #bababa  187   1    0.00100
1304    133.9833  #bababb  187   2    0.00112
1305    134.2667  #bbbaba  187   3    0.00211
1306    134.4000  #bbbabb  187   4    0.00099
1307    134.8667  #babbba  187   5    0.00347
1308    135.0500  #babbbb  187   6    0.00136
1309    135.3000  #bbbbba  187   7    0.00185
1310    135.4000  #bbbbbb  188   1    0.00074
1311    135.5667  #bbbbbc  188   2    0.00123
1312    135.8167  #bcbbbb  188   3    0.00184
1313    135.9667  #bcbbbc  188   4    0.00110
1314    136.5000  #bbbcbb  188   5    0.00391
1315    136.6333  #bbbcbc  188   6    0.00098
1316    136.8833  #bcbcbb  188   7    0.00183
1317    137.0667  #bcbcbc  189   1    0.00134
1318    137.1500  #bcbcbd  189   2    0.00061
1319    137.4000  #bdbcbc  189   3    0.00182
1320    137.5167  #bdbcbd  189   4    0.00085
1321    137.5667  #bcbdbc  189   5    0.00036
1322    137.7333  #bcbdbd  189   6    0.00121
1323    137.9333  #bdbdbc  189   7    0.00145
1324    138.0833  #bdbdbd  190   1    0.00109
1325    138.2167  #bdbdbe  190   2    0.00097
1326    138.4833  #bebdbd  190   3    0.00193
1327    138.6333  #bebdbe  190   4    0.00108
1328    139.1500  #bdbebd  190   5    0.00372
1329    139.3167  #bdbebe  190   6    0.00120
1330    139.5833  #bebebd  190   7    0.00191
1331    139.6667  #bebebe  191   1    0.00060
1332    139.8333  #bebebf  191   2    0.00119
1333    140.0833  #bfbebe  191   3    0.00179
1334    140.2167  #bfbebf  191   4    0.00095
1335    140.8000  #bebfbe  191   5    0.00415
1336    140.9333  #bebfbf  191   6    0.00095
1337    141.1833  #bfbfbe  191   7    0.00177
1338    141.3167  #bfbfbf  192   1    0.00094
1339    141.4500  #bfbfc0  192   2    0.00094
1340    141.6667  #c0bfbf  192   3    0.00153
1341    141.8667  #c0bfc0  192   4    0.00141
1342    142.4000  #bfc0bf  192   5    0.00375
1343    142.5333  #bfc0c0  192   6    0.00094
1344    142.7500  #c0c0bf  192   7    0.00152
1345    142.9167  #c0c0c0  193   1    0.00117
1346    143.0500  #c0c0c1  193   2    0.00093
1347    143.1667  #c1c0c0  193   3    0.00082
1348    143.3167  #c1c0c1  193   4    0.00105
1349    143.9000  #c0c1c0  193   5    0.00406
1350    144.0667  #c0c1c1  193   6    0.00116
1351    144.1833  #c1c1c0  193   7    0.00081
1352    144.3333  #c1c1c1  194   1    0.00104
1353    144.4667  #c1c1c2  194   2    0.00092
1354    144.7167  #c2c1c1  194   3    0.00173
1355    144.8500  #c2c1c2  194   4    0.00092
1356    145.2833  #c1c2c1  194   5    0.00299
1357    145.4833  #c1c2c2  194   6    0.00138
1358    145.7167  #c2c2c1  194   7    0.00160
1359    145.8500  #c2c2c2  195   1    0.00091
1360    146.0167  #c2c2c3  195   2    0.00114
1361    146.2333  #c3c2c2  195   3    0.00148
1362    146.4000  #c3c2c3  195   4    0.00114
1363    146.8500  #c2c3c2  195   5    0.00307
1364    147.0167  #c2c3c3  195   6    0.00113
1365    147.2667  #c3c3c2  195   7    0.00170
1366    147.4000  #c3c3c3  196   1    0.00090
1367    147.5500  #c3c3c4  196   2    0.00102
1368    147.8333  #c4c3c3  196   3    0.00192
1369    147.9500  #c4c3c4  196   4    0.00079
1370    148.4500  #c3c4c3  196   5    0.00337
1371    148.6500  #c3c4c4  196   6    0.00135
1372    148.9500  #c4c4c3  196   7    0.00202
1373    149.0500  #c4c4c4  197   1    0.00067
1374    149.2000  #c4c4c5  197   2    0.00101
1375    149.4667  #c5c4c4  197   3    0.00179
1376    149.6167  #c5c4c5  197   4    0.00100
1377    150.1000  #c4c5c4  197   5    0.00323
1378    150.2833  #c4c5c5  197   6    0.00122
1379    150.5333  #c5c5c4  197   7    0.00166
1380    150.6667  #c5c5c5  198   1    0.00089
1381    150.8167  #c5c5c6  198   2    0.00100
1382    151.0500  #c6c5c5  198   3    0.00155
1383    151.2000  #c6c5c6  198   4    0.00099
1384    151.7333  #c5c6c5  198   5    0.00352
1385    151.8833  #c5c6c6  198   6    0.00099
1386    152.1500  #c6c6c5  198   7    0.00175
1387    152.3000  #c6c6c6  199   1    0.00099
1388    152.4500  #c6c6c7  199   2    0.00098
1389    152.6500  #c7c6c6  199   3    0.00131
1390    152.8000  #c7c6c7  199   4    0.00098
1391    153.3167  #c6c7c6  199   5    0.00338
1392    153.5500  #c6c7c7  199   6    0.00152
1393    153.7667  #c7c7c6  199   7    0.00141
1394    153.9167  #c7c7c7  200   1    0.00098
1395    154.0500  #c7c7c8  200   2    0.00087
1396    154.2833  #c8c7c7  200   3    0.00151
1397    154.4167  #c8c7c8  200   4    0.00086
1398    154.9500  #c7c8c7  200   5    0.00345
1399    155.1000  #c7c8c8  200   6    0.00097
1400    155.3500  #c8c8c7  200   7    0.00161
1401    155.4667  #c8c8c8  201   1    0.00075
1402    155.6333  #c8c8c9  201   2    0.00107
1403    155.8833  #c9c8c8  201   3    0.00161
1404    156.0500  #c9c8c9  201   4    0.00107
1405    156.5500  #c8c9c8  201   5    0.00320
1406    156.7333  #c8c9c9  201   6    0.00117
1407    156.9500  #c9c9c8  201   7    0.00138
1408    157.0667  #c9c9c9  202   1    0.00074
1409    157.2500  #c9c9ca  202   2    0.00117
1410    157.4667  #cac9c9  202   3    0.00138
1411    157.6667  #cac9ca  202   4    0.00127
1412    158.1667  #c9cac9  202   5    0.00317
1413    158.3500  #c9caca  202   6    0.00116
1414    158.5833  #cacac9  202   7    0.00147
1415    158.7333  #cacaca  203   1    0.00095
1416    158.8500  #cacacb  203   2    0.00073
1417    159.1500  #cbcaca  203   3    0.00189
1418    159.3000  #cbcacb  203   4    0.00094
1419    159.8167  #cacbca  203   5    0.00324
1420    159.9667  #cacbcb  203   6    0.00094
1421    160.1833  #cbcbca  203   7    0.00135
1422    160.3667  #cbcbcb  204   1    0.00114
1423    160.5000  #cbcbcc  204   2    0.00083
1424    160.7500  #cccbcb  204   3    0.00156
1425    160.9333  #cccbcc  204   4    0.00114
1426    161.4333  #cbcccb  204   5    0.00310
1427    161.5833  #cbcccc  204   6    0.00093
1428    161.8500  #cccccb  204   7    0.00165
1429    161.9833  #cccccc  205   1    0.00082
1430    162.1333  #cccccd  205   2    0.00093
1431    162.1500  #cdcccc  205   3    0.00010
1432    162.3167  #cdcccd  205   4    0.00103
1433    163.0667  #cccdcc  205   5    0.00461
1434    163.2167  #cccdcd  205   6    0.00092
1435    163.2500  #cdcdcc  205   7    0.00020
1436    163.4000  #cdcdcd  206   1    0.00092
1437    163.4667  #cdcdce  206   2    0.00041
1438    163.6333  #cecdcd  206   3    0.00102
1439    163.8833  #cecdce  206   4    0.00153
1440    164.3500  #cdcecd  206   5    0.00284
1441    164.4833  #cdcece  206   6    0.00081
1442    164.6667  #cececd  206   7    0.00111
1443    164.9667  #cecece  207   1    0.00182
1444    165.1000  #cececf  207   2    0.00081
1445    165.3000  #cfcece  207   3    0.00121
1446    165.4333  #cfcecf  207   4    0.00081
1447    166.0167  #cecfce  207   5    0.00352
1448    166.1333  #cecfcf  207   6    0.00070
1449    166.3167  #cfcfce  207   7    0.00110
1450    166.5000  #cfcfcf  208   1    0.00110
1451    166.6000  #cfcfd0  208   2    0.00060
1452    166.9667  #d0cfcf  208   3    0.00220
1453    167.1167  #d0cfd0  208   4    0.00090
1454    167.5667  #cfd0cf  208   5    0.00269
1455    167.8500  #cfd0d0  208   6    0.00169
1456    168.0667  #d0d0cf  208   7    0.00129
1457    168.2333  #d0d0d0  209   1    0.00099
1458    168.3500  #d0d0d1  209   2    0.00069
1459    168.5333  #d1d0d0  209   3    0.00109
1460    168.6333  #d1d0d1  209   4    0.00059
1461    169.1833  #d0d1d0  209   5    0.00326
1462    169.3167  #d0d1d1  209   6    0.00079
1463    169.5000  #d1d1d0  209   7    0.00108
1464    169.6000  #d1d1d1  210   1    0.00059
1465    169.7333  #d1d1d2  210   2    0.00079
1466    170.0667  #d2d1d1  210   3    0.00196
1467    170.3667  #d2d1d2  210   4    0.00176
1468    170.8667  #d1d2d1  210   5    0.00293
1469    171.1500  #d1d2d2  210   6    0.00166
1470    171.3500  #d2d2d1  210   7    0.00117
1471    171.4667  #d2d2d2  211   1    0.00068
1472    171.5667  #d2d2d3  211   2    0.00058
1473    171.7667  #d3d2d2  211   3    0.00117
1474    171.8500  #d3d2d3  211   4    0.00049
1475    172.5500  #d2d3d2  211   5    0.00407
1476    172.6500  #d2d3d3  211   6    0.00058
1477    172.8500  #d3d3d2  211   7    0.00116
1478    173.3167  #d3d3d3  212   1    0.00270
1479    173.4833  #d3d3d4  212   2    0.00096
1480    173.6000  #d4d3d3  212   3    0.00067
1481    173.7833  #d4d3d4  212   4    0.00106
1482    174.4167  #d3d4d3  212   5    0.00364
1483    174.6000  #d3d4d4  212   6    0.00105
1484    174.7500  #d4d4d3  212   7    0.00086
1485    174.9167  #d4d4d4  213   1    0.00095
1486    175.0333  #d4d4d5  213   2    0.00067
1487    175.2333  #d5d4d4  213   3    0.00114
1488    175.5000  #d5d4d5  213   4    0.00152
1489    176.0000  #d4d5d4  213   5    0.00284
1490    176.2833  #d4d5d5  213   6    0.00161
1491    176.6667  #d5d5d4  213   7    0.00217
1492    176.7667  #d5d5d5  214   1    0.00057
1493    176.8833  #d5d5d6  214   2    0.00066
1494    177.1000  #d6d5d5  214   3    0.00122
1495    177.1667  #d6d5d6  214   4    0.00038
1496    177.7000  #d5d6d5  214   5    0.00301
1497    177.9833  #d5d6d6  214   6    0.00159
1498    178.1333  #d6d6d5  214   7    0.00084
1499    178.2167  #d6d6d6  215   1    0.00047
1500    178.7333  #d6d6d7  215   2    0.00289
1501    178.7833  #d7d6d6  215   3    0.00028
1502    178.9667  #d7d6d7  215   4    0.00102
1503    179.3167  #d6d7d6  215   5    0.00195
1504    179.8000  #d6d7d7  215   6    0.00269
1505    179.8500  #d7d7d6  215   7    0.00028
1506    180.2167  #d7d7d7  216   1    0.00204
1507    180.4000  #d7d7d8  216   2    0.00102
1508    180.4333  #d8d7d7  216   3    0.00018
1509    180.6167  #d8d7d8  216   4    0.00102
1510    180.7000  #d7d8d7  216   5    0.00046
1511    180.9000  #d7d8d8  216   6    0.00111
1512    181.2667  #d8d8d7  216   7    0.00202
1513    181.4667  #d8d8d8  217   1    0.00110
1514    181.5500  #d8d8d9  217   2    0.00046
1515    181.8500  #d9d8d8  217   3    0.00165
1516    181.9500  #d9d8d9  217   4    0.00055
1517    182.5000  #d8d9d8  217   5    0.00302
1518    182.5833  #d8d9d9  217   6    0.00046
1519    182.9333  #d9d9d8  217   7    0.00192
1520    183.0000  #d9d9d9  218   1    0.00036
1521    183.4333  #d9d9da  218   2    0.00237
1522    183.5833  #dad9d9  218   3    0.00082
1523    183.6500  #dad9da  218   4    0.00036
1524    184.1167  #d9dad9  218   5    0.00254
1525    184.3500  #d9dada  218   6    0.00127
1526    184.6333  #dadad9  218   7    0.00154
1527    184.8500  #dadada  219   1    0.00117
1528    184.9167  #dadadb  219   2    0.00036
1529    185.2167  #dbdada  219   3    0.00162
1530    185.4333  #dbdadb  219   4    0.00117
1531    185.9500  #dadbda  219   5    0.00278
1532    186.1500  #dadbdb  219   6    0.00107
1533    186.5167  #dbdbda  219   7    0.00197
1534    186.5667  #dbdbdb  220   1    0.00027
1535    186.8000  #dbdbdc  220   2    0.00125
1536    186.9833  #dcdbdb  220   3    0.00098
1537    187.3833  #dcdbdc  220   4    0.00214
1538    187.7667  #dbdcdb  220   5    0.00204
1539    188.1667  #dbdcdc  220   6    0.00213
1540    188.3500  #dcdcdb  220   7    0.00097
1541    188.4167  #dcdcdc  221   1    0.00035
1542    188.6500  #dcdcdd  221   2    0.00124
1543    189.0167  #dddcdc  221   3    0.00194
1544    189.2333  #dddcdd  221   4    0.00115
1545    189.7833  #dcdddc  221   5    0.00290
1546    190.0167  #dcdddd  221   6    0.00123
1547    190.3667  #dddddc  221   7    0.00184
1548    190.6000  #dddddd  222   1    0.00122
1549    190.6333  #ddddde  222   2    0.00017
1550    190.8333  #dedddd  222   3    0.00105
1551    191.0000  #deddde  222   4    0.00087
1552    191.5000  #dddedd  222   5    0.00261
1553    191.6667  #dddede  222   6    0.00087
1554    192.0000  #dededd  222   7    0.00174
1555    192.1667  #dedede  223   1    0.00087
1556    192.5000  #dededf  223   2    0.00173
1557    192.8333  #dfdede  223   3    0.00173
1558    192.8333  #dfdedf  223   4    0.00000
1559    193.3333  #dedfde  223   5    0.00259
1560    193.5000  #dedfdf  223   6    0.00086
1561    193.8333  #dfdfde  223   7    0.00172
1562    194.0000  #dfdfdf  224   1    0.00086
1563    194.1667  #dfdfe0  224   2    0.00086
1564    194.6667  #e0dfdf  224   3    0.00257
1565    195.0000  #e0dfe0  224   4    0.00171
1566    195.3333  #dfe0df  224   5    0.00171
1567    195.5000  #dfe0e0  224   6    0.00085
1568    196.0000  #e0e0df  224   7    0.00255
1569    196.0000  #e0e0e0  225   1    0.00000
1570    196.1667  #e0e0e1  225   2    0.00085
1571    196.3333  #e1e0e0  225   3    0.00085
1572    196.5000  #e1e0e1  225   4    0.00085
1573    197.1667  #e0e1e0  225   5    0.00339
1574    197.5000  #e0e1e1  225   6    0.00169
1575    197.5000  #e1e1e0  225   7    0.00000
1576    197.6667  #e1e1e1  226   1    0.00084
1577    197.8333  #e1e1e2  226   2    0.00084
1578    197.8333  #e2e1e1  226   3    0.00000
1579    198.1667  #e2e1e2  226   4    0.00168
1580    198.6667  #e1e2e1  226   5    0.00252
1581    199.0000  #e1e2e2  226   6    0.00168
1582    199.0000  #e2e2e1  226   7    0.00000
1583    199.5000  #e2e2e2  227   1    0.00251
1584    199.5000  #e2e2e3  227   2    0.00000
1585    199.6667  #e3e2e2  227   3    0.00084
1586    199.6667  #e3e2e3  227   4    0.00000
1587    200.6667  #e2e3e2  227   5    0.00500
1588    200.6667  #e2e3e3  227   6    0.00000
1589    201.0000  #e3e3e2  227   7    0.00166
1590    201.0000  #e3e3e3  228   1    0.00000
1591    201.3333  #e3e3e4  228   2    0.00166
1592    201.5000  #e4e3e3  228   3    0.00083
1593    202.0000  #e4e3e4  228   4    0.00248
1594    202.1667  #e3e4e3  228   5    0.00082
1595    202.6667  #e3e4e4  228   6    0.00247
1596    202.8333  #e4e4e3  228   7    0.00082
1597    203.1667  #e4e4e4  229   1    0.00164
1598    203.3333  #e4e4e5  229   2    0.00082
1599    203.5000  #e5e4e4  229   3    0.00082
1600    203.6667  #e5e4e5  229   4    0.00082
1601    204.1667  #e4e5e4  229   5    0.00245
1602    204.3333  #e4e5e5  229   6    0.00082
1603    204.6667  #e5e5e4  229   7    0.00163
1604    205.0000  #e5e5e5  230   1    0.00163
1605    205.0000  #e5e5e6  230   2    0.00000
1606    205.3333  #e6e5e5  230   3    0.00162
1607    205.3333  #e6e5e6  230   4    0.00000
1608    206.0000  #e5e6e5  230   5    0.00324
1609    206.1667  #e5e6e6  230   6    0.00081
1610    206.5000  #e6e6e5  230   7    0.00162
1611    206.6667  #e6e6e6  231   1    0.00081
1612    207.0000  #e6e6e7  231   2    0.00161
1613    207.3333  #e7e6e6  231   3    0.00161
1614    207.5000  #e7e6e7  231   4    0.00080
1615    207.8333  #e6e7e6  231   5    0.00161
1616    208.1667  #e6e7e7  231   6    0.00160
1617    208.5000  #e7e7e6  231   7    0.00160
1618    208.6667  #e7e7e7  232   1    0.00080
1619    208.8333  #e7e7e8  232   2    0.00080
1620    208.6667  #e8e7e7  232   3   -0.00080
1621    208.8333  #e8e7e8  232   4    0.00080
1622    210.0000  #e7e8e7  232   5    0.00557
1623    210.1667  #e7e8e8  232   6    0.00079
1624    210.1667  #e8e8e7  232   7    0.00000
1625    210.3333  #e8e8e8  233   1    0.00079
1626    210.5000  #e8e8e9  233   2    0.00079
1627    210.6667  #e9e8e8  233   3    0.00079
1628    211.1667  #e9e8e9  233   4    0.00237
1629    211.5000  #e8e9e8  233   5    0.00158
1630    211.6667  #e8e9e9  233   6    0.00079
1631    211.8333  #e9e9e8  233   7    0.00079
1632    212.1667  #e9e9e9  234   1    0.00157
1633    212.5000  #e9e9ea  234   2    0.00157
1634    212.6667  #eae9e9  234   3    0.00078
1635    212.6667  #eae9ea  234   4    0.00000
1636    213.3333  #e9eae9  234   5    0.00313
1637    213.5000  #e9eaea  234   6    0.00078
1638    213.8333  #eaeae9  234   7    0.00156
1639    214.0000  #eaeaea  235   1    0.00078
1640    214.1667  #eaeaeb  235   2    0.00078
1641    214.3333  #ebeaea  235   3    0.00078
1642    214.6667  #ebeaeb  235   4    0.00155
1643    215.0000  #eaebea  235   5    0.00155
1644    215.1667  #eaebeb  235   6    0.00077
1645    215.5000  #ebebea  235   7    0.00155
1646    215.6667  #ebebeb  236   1    0.00077
1647    215.8333  #ebebec  236   2    0.00077
1648    216.0000  #ecebeb  236   3    0.00077
1649    216.5000  #ecebec  236   4    0.00231
1650    216.8333  #ebeceb  236   5    0.00154
1651    217.0000  #ebecec  236   6    0.00077
1652    217.1667  #ececeb  236   7    0.00077
1653    217.6667  #ececec  237   1    0.00230
1654    217.8333  #ececed  237   2    0.00077
1655    218.0000  #edecec  237   3    0.00076
1656    218.0000  #edeced  237   4    0.00000
1657    218.8333  #ecedec  237   5    0.00382
1658    219.0000  #eceded  237   6    0.00076
1659    219.0000  #ededec  237   7    0.00000
1660    219.5000  #ededed  238   1    0.00228
1661    219.8333  #ededee  238   2    0.00152
1662    220.0000  #eeeded  238   3    0.00076
1663    220.1667  #eeedee  238   4    0.00076
1664    220.8333  #edeeed  238   5    0.00302
1665    221.0000  #edeeee  238   6    0.00075
1666    221.1667  #eeeeed  238   7    0.00075
1667    221.3333  #eeeeee  239   1    0.00075
1668    221.6667  #eeeeef  239   2    0.00150
1669    221.6667  #efeeee  239   3    0.00000
1670    222.0000  #efeeef  239   4    0.00150
1671    222.6667  #eeefee  239   5    0.00300
1672    223.0000  #eeefef  239   6    0.00150
1673    223.0000  #efefee  239   7    0.00000
1674    223.5000  #efefef  240   1    0.00224
1675    223.5000  #efeff0  240   2    0.00000
1676    223.8333  #f0efef  240   3    0.00149
1677    223.6667  #f0eff0  240   4   -0.00074
1678    224.6667  #eff0ef  240   5    0.00446
1679    225.0000  #eff0f0  240   6    0.00148
1680    225.0000  #f0f0ef  240   7    0.00000
1681    225.1667  #f0f0f0  241   1    0.00074
1682    225.3333  #f0f0f1  241   2    0.00074
1683    225.6667  #f1f0f0  241   3    0.00148
1684    225.8333  #f1f0f1  241   4    0.00074
1685    226.5000  #f0f1f0  241   5    0.00295
1686    226.8333  #f0f1f1  241   6    0.00147
1687    226.6667  #f1f1f0  241   7   -0.00074
1688    227.1667  #f1f1f1  242   1    0.00220
1689    227.5000  #f1f1f2  242   2    0.00147
1690    227.5000  #f2f1f1  242   3    0.00000
1691    227.5000  #f2f1f2  242   4    0.00000
1692    228.6667  #f1f2f1  242   5    0.00512
1693    228.6667  #f1f2f2  242   6    0.00000
1694    228.5000  #f2f2f1  242   7   -0.00073
1695    228.8333  #f2f2f2  243   1    0.00146
1696    229.1667  #f2f2f3  243   2    0.00146
1697    229.5000  #f3f2f2  243   3    0.00145
1698    229.6667  #f3f2f3  243   4    0.00073
1699    229.6667  #f2f3f2  243   5    0.00000
1700    229.6667  #f2f3f3  243   6    0.00000
1701    230.0000  #f3f3f2  243   7    0.00145
1702    230.3333  #f3f3f3  244   1    0.00145
1703    230.6667  #f3f3f4  244   2    0.00145
1704    231.0000  #f4f3f3  244   3    0.00144
1705    231.0000  #f4f3f4  244   4    0.00000
1706    231.6667  #f3f4f3  244   5    0.00288
1707    231.8333  #f3f4f4  244   6    0.00072
1708    232.0000  #f4f4f3  244   7    0.00072
1709    232.3333  #f4f4f4  245   1    0.00144
1710    232.6667  #f4f4f5  245   2    0.00143
1711    233.0000  #f5f4f4  245   3    0.00143
1712    233.0000  #f5f4f5  245   4    0.00000
1713    233.6667  #f4f5f4  245   5    0.00286
1714    234.0000  #f4f5f5  245   6    0.00143
1715    234.1667  #f5f5f4  245   7    0.00071
1716    234.5000  #f5f5f5  246   1    0.00142
1717    235.0000  #f5f5f6  246   2    0.00213
1718    234.6667  #f6f5f5  246   3   -0.00142
1719    235.1667  #f6f5f6  246   4    0.00213
1720    236.0000  #f5f6f5  246   5    0.00354
1721    236.1667  #f5f6f6  246   6    0.00071
1722    236.3333  #f6f6f5  246   7    0.00071
1723    236.5000  #f6f6f6  247   1    0.00070
1724    236.8333  #f6f6f7  247   2    0.00141
1725    237.1667  #f7f6f6  247   3    0.00141
1726    237.1667  #f7f6f7  247   4    0.00000
1727    237.8333  #f6f7f6  247   5    0.00281
1728    238.5000  #f6f7f7  247   6    0.00280
1729    238.5000  #f7f7f6  247   7    0.00000
1730    238.8333  #f7f7f7  248   1    0.00140
1731    239.1667  #f7f7f8  248   2    0.00139
1732    239.3333  #f8f7f7  248   3    0.00070
1733    239.5000  #f8f7f8  248   4    0.00070
1734    240.5000  #f7f8f7  248   5    0.00417
1735    240.8333  #f7f8f8  248   6    0.00139
1736    240.8333  #f8f8f7  248   7    0.00000
1737    241.1667  #f8f8f8  249   1    0.00138
1738    241.3333  #f8f8f9  249   2    0.00069
1739    241.8333  #f9f8f8  249   3    0.00207
1740    242.1667  #f9f8f9  249   4    0.00138
1741    243.0000  #f8f9f8  249   5    0.00344
1742    242.8333  #f8f9f9  249   6   -0.00069
1743    243.1667  #f9f9f8  249   7    0.00137
1744    243.6667  #f9f9f9  250   1    0.00205
1745    243.8333  #f9f9fa  250   2    0.00068
1746    244.1667  #faf9f9  250   3    0.00137
1747    244.1667  #faf9fa  250   4    0.00000
1748    245.0000  #f9faf9  250   5    0.00341
1749    245.6667  #f9fafa  250   6    0.00272
1750    245.8333  #fafaf9  250   7    0.00068
1751    246.0000  #fafafa  251   1    0.00068
1752    246.5000  #fafafb  251   2    0.00203
1753    246.5000  #fbfafa  251   3    0.00000
1754    246.8333  #fbfafb  251   4    0.00135
1755    247.6667  #fafbfa  251   5    0.00337
1756    248.0000  #fafbfb  251   6    0.00134
1757    248.3333  #fbfbfa  251   7    0.00134
1758    248.5000  #fbfbfb  252   1    0.00067
1759    249.0000  #fbfbfc  252   2    0.00201
1760    249.3333  #fcfbfb  252   3    0.00134
1761    249.5000  #fcfbfc  252   4    0.00067
1762    250.3333  #fbfcfb  252   5    0.00333
1763    250.6667  #fbfcfc  252   6    0.00133
1764    250.6667  #fcfcfb  252   7    0.00000
1765    251.1667  #fcfcfc  253   1    0.00199
1766    251.3333  #fcfcfd  253   2    0.00066
1767    251.5000  #fdfcfc  253   3    0.00066
1768    252.0000  #fdfcfd  253   4    0.00199
1769    253.0000  #fcfdfc  253   5    0.00396
1770    253.0000  #fcfdfd  253   6    0.00000
1771    253.3333  #fdfdfc  253   7    0.00132
1772    253.6667  #fdfdfd  254   1    0.00131
1773    253.8333  #fdfdfe  254   2    0.00066
1774    254.1667  #fefdfd  254   3    0.00131
1775    254.3333  #fefdfe  254   4    0.00066
1776    255.6667  #fdfefd  254   5    0.00523
1777    255.6667  #fdfefe  254   6    0.00000
1778    256.1667  #fefefd  254   7    0.00195
1779    256.1667  #fefefe  255   1    0.00000
1780    256.1667  #fefeff  255   2    0.00000
1781    257.0000  #fffefe  255   3    0.00325
1782    257.0000  #fffeff  255   4    0.00000
1783    258.1667  #fefffe  255   5    0.00453
1784    258.3333  #feffff  255   6    0.00065
1785    258.8333  #fffffe  255   7    0.00193
1786    259.0000  #ffffff  256   1    0.00064
