#  lumResponse vers. 1.6 - 02/05/07 15:38:40
#  Display ID: DELL3007WFPHC_YW2586B8G01L
#  iLdelay=1  avgN=1  ILlimit_plus=0.20 ILlimit_minus=-0.05  R=29.5% G=62.8% B=7.7%
#  91.0  #ff0000
#  194.0  #00ff00
#  23.7  #0000ff
   1    0.328  #000000    1 1  0.0000
   2    0.327  #000001    1 2  -0.0031
   3    0.328  #010000    1 3  0.0031
   4    0.327  #010001    1 4  -0.0031
   5    0.327  #000100    1 5  0.0000
   6    0.327  #000101    1 6  0.0000
   7    0.327  #010100    1 7  0.0000
   8    0.328  #010101    2 1  0.0031
   9    0.328  #010102    2 2  0.0000
  10    0.328  #020101    2 3  0.0000
  11    0.328  #020102    2 4  0.0000
  12    0.328  #010201    2 5  0.0000
  13    0.328  #010202    2 6  0.0000
  14    0.328  #020201    2 7  0.0000
  15    0.328  #020202    3 1  0.0000
  16    0.328  #020203    3 2  0.0000
  17    0.328  #030202    3 3  0.0000
  18    0.329  #030203    3 4  0.0030
  19    0.329  #020302    3 5  0.0000
  20    0.329  #020303    3 6  0.0000
  21    0.329  #030302    3 7  0.0000
  22    0.329  #030303    4 1  0.0000
  23    0.330  #030304    4 2  0.0030
  24    0.330  #040303    4 3  0.0000
  25    0.330  #040304    4 4  0.0000
  26    0.331  #030403    4 5  0.0030
  27    0.331  #030404    4 6  0.0000
  28    0.331  #040403    4 7  0.0000
  29    0.332  #040404    5 1  0.0030
  30    0.332  #040405    5 2  0.0000
  31    0.333  #050404    5 3  0.0030
  32    0.333  #050405    5 4  0.0000
  33    0.334  #040504    5 5  0.0030
  34    0.334  #040505    5 6  0.0000
  35    0.335  #050504    5 7  0.0030
  36    0.335  #050505    6 1  0.0000
  37    0.335  #050506    6 2  0.0000
  38    0.337  #060505    6 3  0.0060
  39    0.337  #060506    6 4  0.0000
  40    0.338  #050605    6 5  0.0030
  41    0.338  #050606    6 6  0.0000
  42    0.340  #060605    6 7  0.0059
  43    0.340  #060606    7 1  0.0000
  44    0.340  #060607    7 2  0.0000
  45    0.342  #070606    7 3  0.0059
  46    0.343  #070607    7 4  0.0029
  47    0.345  #060706    7 5  0.0058
  48    0.345  #060707    7 6  0.0000
  49    0.347  #070706    7 7  0.0058
  50    0.348  #070707    8 1  0.0029
  51    0.349  #070708    8 2  0.0029
  52    0.351  #080707    8 3  0.0057
  53    0.352  #080708    8 4  0.0028
  54    0.354  #070807    8 5  0.0057
  55    0.355  #070808    8 6  0.0028
  56    0.357  #080807    8 7  0.0056
  57    0.358  #080808    9 1  0.0028
  58    0.359  #080809    9 2  0.0028
  59    0.362  #090808    9 3  0.0083
  60    0.363  #090809    9 4  0.0028
  61    0.366  #080908    9 5  0.0082
  62    0.367  #080909    9 6  0.0027
  63    0.370  #090908    9 7  0.0081
  64    0.371  #090909   10 1  0.0027
  65    0.372  #09090a   10 2  0.0027
  66    0.376  #0a0909   10 3  0.0107
  67    0.377  #0a090a   10 4  0.0027
  68    0.381  #090a09   10 5  0.0106
  69    0.382  #090a0a   10 6  0.0026
  70    0.385  #0a0a09   10 7  0.0078
  71    0.386  #0a0a0a   11 1  0.0026
  72    0.388  #0a0a0b   11 2  0.0052
  73    0.392  #0b0a0a   11 3  0.0103
  74    0.394  #0b0a0b   11 4  0.0051
  75    0.398  #0a0b0a   11 5  0.0101
  76    0.400  #0a0b0b   11 6  0.0050
  77    0.404  #0b0b0a   11 7  0.0100
  78    0.406  #0b0b0b   12 1  0.0049
  79    0.407  #0b0b0c   12 2  0.0025
  80    0.412  #0c0b0b   12 3  0.0122
  81    0.414  #0c0b0c   12 4  0.0048
  82    0.419  #0b0c0b   12 5  0.0120
  83    0.421  #0b0c0c   12 6  0.0048
  84    0.426  #0c0c0b   12 7  0.0118
  85    0.428  #0c0c0c   13 1  0.0047
  86    0.429  #0c0c0d   13 2  0.0023
  87    0.435  #0d0c0c   13 3  0.0139
  88    0.437  #0d0c0d   13 4  0.0046
  89    0.444  #0c0d0c   13 5  0.0159
  90    0.446  #0c0d0d   13 6  0.0045
  91    0.452  #0d0d0c   13 7  0.0134
  92    0.454  #0d0d0d   14 1  0.0044
  93    0.456  #0d0d0e   14 2  0.0044
  94    0.463  #0e0d0d   14 3  0.0152
  95    0.465  #0e0d0e   14 4  0.0043
  96    0.472  #0d0e0d   14 5  0.0149
  97    0.475  #0d0e0e   14 6  0.0063
  98    0.482  #0e0e0d   14 7  0.0146
  99    0.484  #0e0e0e   15 1  0.0041
 100    0.487  #0e0e0f   15 2  0.0062
 101    0.495  #0f0e0e   15 3  0.0163
 102    0.498  #0f0e0f   15 4  0.0060
 103    0.507  #0e0f0e   15 5  0.0179
 104    0.510  #0e0f0f   15 6  0.0059
 105    0.518  #0f0f0e   15 7  0.0156
 106    0.521  #0f0f0f   16 1  0.0058
 107    0.524  #0f0f10   16 2  0.0057
 108    0.534  #100f0f   16 3  0.0189
 109    0.537  #100f10   16 4  0.0056
 110    0.548  #0f100f   16 5  0.0203
 111    0.551  #0f1010   16 6  0.0055
 112    0.561  #10100f   16 7  0.0180
 113    0.564  #101010   17 1  0.0053
 114    0.567  #101011   17 2  0.0053
 115    0.579  #111010   17 3  0.0209
 116    0.583  #111011   17 4  0.0069
 117    0.594  #101110   17 5  0.0187
 118    0.597  #101111   17 6  0.0050
 119    0.608  #111110   17 7  0.0183
 120    0.612  #111111   18 1  0.0066
 121    0.616  #111112   18 2  0.0065
 122    0.627  #121111   18 3  0.0177
 123    0.631  #121112   18 4  0.0064
 124    0.643  #111211   18 5  0.0188
 125    0.647  #111212   18 6  0.0062
 126    0.663  #121211   18 7  0.0244
 127    0.665  #121212   19 1  0.0030
 128    0.670  #121213   19 2  0.0075
 129    0.683  #131212   19 3  0.0192
 130    0.686  #131213   19 4  0.0044
 131    0.698  #121312   19 5  0.0173
 132    0.704  #121313   19 6  0.0086
 133    0.715  #131312   19 7  0.0155
 134    0.719  #131313   20 1  0.0056
 135    0.722  #131314   20 2  0.0042
 136    0.735  #141313   20 3  0.0178
 137    0.739  #141314   20 4  0.0054
 138    0.753  #131413   20 5  0.0188
 139    0.757  #131414   20 6  0.0053
 140    0.770  #141413   20 7  0.0170
 141    0.773  #141414   21 1  0.0039
 142    0.778  #141415   21 2  0.0064
 143    0.792  #151414   21 3  0.0178
 144    0.796  #151415   21 4  0.0050
 145    0.811  #141514   21 5  0.0187
 146    0.816  #141515   21 6  0.0061
 147    0.830  #151514   21 7  0.0170
 148    0.834  #151515   22 1  0.0048
 149    0.838  #151516   22 2  0.0048
 150    0.854  #161515   22 3  0.0189
 151    0.859  #161516   22 4  0.0058
 152    0.876  #151615   22 5  0.0196
 153    0.881  #151616   22 6  0.0057
 154    0.897  #161615   22 7  0.0180
 155    0.902  #161616   23 1  0.0056
 156    0.907  #161617   23 2  0.0055
 157    0.925  #171616   23 3  0.0197
 158    0.931  #171617   23 4  0.0065
 159    0.950  #161716   23 5  0.0202
 160    0.955  #161717   23 6  0.0052
 161    0.973  #171716   23 7  0.0187
 162    0.979  #171717   24 1  0.0061
 163    0.985  #171718   24 2  0.0061
 164    1.005  #181717   24 3  0.0201
 165    1.012  #181718   24 4  0.0069
 166    1.034  #171817   24 5  0.0215
 167    1.040  #171818   24 6  0.0058
 168    1.060  #181817   24 7  0.0190
 169    1.067  #181818   25 1  0.0066
 170    1.074  #181819   25 2  0.0065
 171    1.096  #191818   25 3  0.0203
 172    1.103  #191819   25 4  0.0064
 173    1.128  #181918   25 5  0.0224
 174    1.134  #181919   25 6  0.0053
 175    1.157  #191918   25 7  0.0201
 176    1.164  #191919   26 1  0.0060
 177    1.172  #19191a   26 2  0.0068
 178    1.195  #1a1919   26 3  0.0194
 179    1.203  #1a191a   26 4  0.0067
 180    1.229  #191a19   26 5  0.0214
 181    1.237  #191a1a   26 6  0.0065
 182    1.261  #1a1a19   26 7  0.0192
 183    1.268  #1a1a1a   27 1  0.0055
 184    1.276  #1a1a1b   27 2  0.0063
 185    1.302  #1b1a1a   27 3  0.0202
 186    1.310  #1b1a1b   27 4  0.0061
 187    1.337  #1a1b1a   27 5  0.0204
 188    1.345  #1a1b1b   27 6  0.0060
 189    1.371  #1b1b1a   27 7  0.0191
 190    1.379  #1b1b1b   28 1  0.0058
 191    1.387  #1b1b1c   28 2  0.0058
 192    1.413  #1c1b1b   28 3  0.0186
 193    1.422  #1c1b1c   28 4  0.0063
 194    1.450  #1b1c1b   28 5  0.0195
 195    1.458  #1b1c1c   28 6  0.0055
 196    1.484  #1c1c1b   28 7  0.0177
 197    1.493  #1c1c1c   29 1  0.0060
 198    1.501  #1c1c1d   29 2  0.0053
 199    1.530  #1d1c1c   29 3  0.0191
 200    1.538  #1d1c1d   29 4  0.0052
 201    1.569  #1c1d1c   29 5  0.0200
 202    1.577  #1c1d1d   29 6  0.0051
 203    1.605  #1d1d1c   29 7  0.0176
 204    1.613  #1d1d1d   30 1  0.0050
 205    1.623  #1d1d1e   30 2  0.0062
 206    1.654  #1e1d1d   30 3  0.0189
 207    1.662  #1e1d1e   30 4  0.0048
 208    1.695  #1d1e1d   30 5  0.0197
 209    1.705  #1d1e1e   30 6  0.0059
 210    1.734  #1e1e1d   30 7  0.0169
 211    1.744  #1e1e1e   31 1  0.0058
 212    1.754  #1e1e1f   31 2  0.0057
 213    1.786  #1f1e1e   31 3  0.0181
 214    1.790  #1f1e1f   31 4  0.0022
 215    1.830  #1e1f1e   31 5  0.0221
 216    1.840  #1e1f1f   31 6  0.0054
 217    1.870  #1f1f1e   31 7  0.0162
 218    1.880  #1f1f1f   32 1  0.0053
 219    1.890  #1f1f20   32 2  0.0053
 220    1.930  #201f1f   32 3  0.0209
 221    1.940  #201f20   32 4  0.0052
 222    1.980  #1f201f   32 5  0.0204
 223    1.990  #1f2020   32 6  0.0050
 224    2.020  #20201f   32 7  0.0150
 225    2.040  #202020   33 1  0.0099
 226    2.050  #202021   33 2  0.0049
 227    2.090  #212020   33 3  0.0193
 228    2.100  #212021   33 4  0.0048
 229    2.140  #202120   33 5  0.0189
 230    2.150  #202121   33 6  0.0047
 231    2.190  #212120   33 7  0.0184
 232    2.200  #212121   34 1  0.0046
 233    2.210  #212122   34 2  0.0045
 234    2.250  #222121   34 3  0.0179
 235    2.260  #222122   34 4  0.0044
 236    2.310  #212221   34 5  0.0219
 237    2.320  #212222   34 6  0.0043
 238    2.360  #222221   34 7  0.0171
 239    2.370  #222222   35 1  0.0042
 240    2.380  #222223   35 2  0.0042
 241    2.420  #232222   35 3  0.0167
 242    2.440  #232223   35 4  0.0082
 243    2.480  #222322   35 5  0.0163
 244    2.490  #222323   35 6  0.0040
 245    2.530  #232322   35 7  0.0159
 246    2.550  #232323   36 1  0.0079
 247    2.560  #232324   36 2  0.0039
 248    2.600  #242323   36 3  0.0155
 249    2.620  #242324   36 4  0.0077
 250    2.660  #232423   36 5  0.0152
 251    2.670  #232424   36 6  0.0038
 252    2.720  #242423   36 7  0.0186
 253    2.730  #242424   37 1  0.0037
 254    2.740  #242425   37 2  0.0037
 255    2.790  #252424   37 3  0.0181
 256    2.800  #252425   37 4  0.0036
 257    2.850  #242524   37 5  0.0177
 258    2.860  #242525   37 6  0.0035
 259    2.910  #252524   37 7  0.0173
 260    2.920  #252525   38 1  0.0034
 261    2.940  #252526   38 2  0.0068
 262    2.980  #262525   38 3  0.0135
 263    3.000  #262526   38 4  0.0067
 264    3.050  #252625   38 5  0.0165
 265    3.060  #252626   38 6  0.0033
 266    3.110  #262625   38 7  0.0162
 267    3.120  #262626   39 1  0.0032
 268    3.140  #262627   39 2  0.0064
 269    3.180  #272626   39 3  0.0127
 270    3.200  #272627   39 4  0.0063
 271    3.250  #262726   39 5  0.0155
 272    3.270  #262727   39 6  0.0061
 273    3.310  #272726   39 7  0.0122
 274    3.330  #272727   40 1  0.0060
 275    3.340  #272728   40 2  0.0030
 276    3.390  #282727   40 3  0.0149
 277    3.410  #282728   40 4  0.0059
 278    3.460  #272827   40 5  0.0146
 279    3.480  #272828   40 6  0.0058
 280    3.530  #282827   40 7  0.0143
 281    3.550  #282828   41 1  0.0056
 282    3.560  #282829   41 2  0.0028
 283    3.610  #292828   41 3  0.0139
 284    3.630  #292829   41 4  0.0055
 285    3.690  #282928   41 5  0.0164
 286    3.700  #282929   41 6  0.0027
 287    3.760  #292928   41 7  0.0161
 288    3.770  #292929   42 1  0.0027
 289    3.790  #29292a   42 2  0.0053
 290    3.850  #2a2929   42 3  0.0157
 291    3.860  #2a292a   42 4  0.0026
 292    3.930  #292a29   42 5  0.0180
 293    3.940  #292a2a   42 6  0.0025
 294    4.000  #2a2a29   42 7  0.0151
 295    4.020  #2a2a2a   43 1  0.0050
 296    4.030  #2a2a2b   43 2  0.0025
 297    4.090  #2b2a2a   43 3  0.0148
 298    4.110  #2b2a2b   43 4  0.0049
 299    4.180  #2a2b2a   43 5  0.0169
 300    4.200  #2a2b2b   43 6  0.0048
 301    4.250  #2b2b2a   43 7  0.0118
 302    4.270  #2b2b2b   44 1  0.0047
 303    4.290  #2b2b2c   44 2  0.0047
 304    4.350  #2c2b2b   44 3  0.0139
 305    4.370  #2c2b2c   44 4  0.0046
 306    4.440  #2b2c2b   44 5  0.0159
 307    4.460  #2b2c2c   44 6  0.0045
 308    4.520  #2c2c2b   44 7  0.0134
 309    4.540  #2c2c2c   45 1  0.0044
 310    4.560  #2c2c2d   45 2  0.0044
 311    4.620  #2d2c2c   45 3  0.0131
 312    4.640  #2d2c2d   45 4  0.0043
 313    4.710  #2c2d2c   45 5  0.0150
 314    4.730  #2c2d2d   45 6  0.0042
 315    4.800  #2d2d2c   45 7  0.0147
 316    4.820  #2d2d2d   46 1  0.0042
 317    4.840  #2d2d2e   46 2  0.0041
 318    4.910  #2e2d2d   46 3  0.0144
 319    4.930  #2e2d2e   46 4  0.0041
 320    5.000  #2d2e2d   46 5  0.0141
 321    5.020  #2d2e2e   46 6  0.0040
 322    5.090  #2e2e2d   46 7  0.0138
 323    5.110  #2e2e2e   47 1  0.0039
 324    5.130  #2e2e2f   47 2  0.0039
 325    5.200  #2f2e2e   47 3  0.0136
 326    5.230  #2f2e2f   47 4  0.0058
 327    5.300  #2e2f2e   47 5  0.0133
 328    5.330  #2e2f2f   47 6  0.0056
 329    5.400  #2f2f2e   47 7  0.0130
 330    5.420  #2f2f2f   48 1  0.0037
 331    5.440  #2f2f30   48 2  0.0037
 332    5.520  #302f2f   48 3  0.0146
 333    5.540  #302f30   48 4  0.0036
 334    5.620  #2f302f   48 5  0.0143
 335    5.650  #2f3030   48 6  0.0053
 336    5.720  #30302f   48 7  0.0123
 337    5.750  #303030   49 1  0.0052
 338    5.770  #303031   49 2  0.0035
 339    5.850  #313030   49 3  0.0138
 340    5.870  #313031   49 4  0.0034
 341    5.950  #303130   49 5  0.0135
 342    5.980  #303131   49 6  0.0050
 343    6.060  #313130   49 7  0.0133
 344    6.080  #313131   50 1  0.0033
 345    6.100  #313132   50 2  0.0033
 346    6.180  #323131   50 3  0.0130
 347    6.200  #323132   50 4  0.0032
 348    6.290  #313231   50 5  0.0144
 349    6.320  #313232   50 6  0.0048
 350    6.390  #323231   50 7  0.0110
 351    6.420  #323232   51 1  0.0047
 352    6.440  #323233   51 2  0.0031
 353    6.520  #333232   51 3  0.0123
 354    6.550  #333233   51 4  0.0046
 355    6.640  #323332   51 5  0.0136
 356    6.670  #323333   51 6  0.0045
 357    6.750  #333332   51 7  0.0119
 358    6.770  #333333   52 1  0.0030
 359    6.800  #333334   52 2  0.0044
 360    6.880  #343333   52 3  0.0117
 361    6.910  #343334   52 4  0.0044
 362    7.000  #333433   52 5  0.0129
 363    7.030  #333434   52 6  0.0043
 364    7.110  #343433   52 7  0.0113
 365    7.140  #343434   53 1  0.0042
 366    7.170  #343435   53 2  0.0042
 367    7.260  #353434   53 3  0.0125
 368    7.280  #353435   53 4  0.0028
 369    7.380  #343534   53 5  0.0136
 370    7.410  #343535   53 6  0.0041
 371    7.500  #353534   53 7  0.0121
 372    7.530  #353535   54 1  0.0040
 373    7.550  #353536   54 2  0.0027
 374    7.640  #363535   54 3  0.0118
 375    7.670  #363536   54 4  0.0039
 376    7.770  #353635   54 5  0.0130
 377    7.800  #353636   54 6  0.0039
 378    7.890  #363635   54 7  0.0115
 379    7.920  #363636   55 1  0.0038
 380    7.950  #363637   55 2  0.0038
 381    8.040  #373636   55 3  0.0113
 382    8.070  #373637   55 4  0.0037
 383    8.170  #363736   55 5  0.0123
 384    8.200  #363737   55 6  0.0037
 385    8.300  #373736   55 7  0.0121
 386    8.330  #373737   56 1  0.0036
 387    8.350  #373738   56 2  0.0024
 388    8.440  #383737   56 3  0.0107
 389    8.480  #383738   56 4  0.0047
 390    8.590  #373837   56 5  0.0129
 391    8.610  #373838   56 6  0.0023
 392    8.710  #383837   56 7  0.0115
 393    8.740  #383838   57 1  0.0034
 394    8.770  #383839   57 2  0.0034
 395    8.870  #393838   57 3  0.0113
 396    8.900  #393839   57 4  0.0034
 397    9.010  #383938   57 5  0.0123
 398    9.040  #383939   57 6  0.0033
 399    9.140  #393938   57 7  0.0110
 400    9.170  #393939   58 1  0.0033
 401    9.210  #39393a   58 2  0.0044
 402    9.310  #3a3939   58 3  0.0108
 403    9.340  #3a393a   58 4  0.0032
 404    9.460  #393a39   58 5  0.0128
 405    9.490  #393a3a   58 6  0.0032
 406    9.600  #3a3a39   58 7  0.0115
 407    9.630  #3a3a3a   59 1  0.0031
 408    9.660  #3a3a3b   59 2  0.0031
 409    9.770  #3b3a3a   59 3  0.0113
 410    9.800  #3b3a3b   59 4  0.0031
 411    9.920  #3a3b3a   59 5  0.0122
 412    9.960  #3a3b3b   59 6  0.0040
 413   10.060  #3b3b3a   59 7  0.0100
 414   10.100  #3b3b3b   60 1  0.0040
 415   10.130  #3b3b3c   60 2  0.0030
 416   10.240  #3c3b3b   60 3  0.0108
 417   10.280  #3c3b3c   60 4  0.0039
 418   10.410  #3b3c3b   60 5  0.0126
 419   10.440  #3b3c3c   60 6  0.0029
 420   10.550  #3c3c3b   60 7  0.0105
 421   10.610  #3c3c3c   61 1  0.0057
 422   10.650  #3c3c3d   61 2  0.0038
 423   10.740  #3d3c3c   61 3  0.0084
 424   10.790  #3d3c3d   61 4  0.0046
 425   10.920  #3c3d3c   61 5  0.0120
 426   10.960  #3c3d3d   61 6  0.0037
 427   11.070  #3d3d3c   61 7  0.0100
 428   11.110  #3d3d3d   62 1  0.0036
 429   11.150  #3d3d3e   62 2  0.0036
 430   11.260  #3e3d3d   62 3  0.0098
 431   11.300  #3e3d3e   62 4  0.0035
 432   11.440  #3d3e3d   62 5  0.0123
 433   11.480  #3d3e3e   62 6  0.0035
 434   11.600  #3e3e3d   62 7  0.0104
 435   11.640  #3e3e3e   63 1  0.0034
 436   11.670  #3e3e3f   63 2  0.0026
 437   11.800  #3f3e3e   63 3  0.0111
 438   11.840  #3f3e3f   63 4  0.0034
 439   11.980  #3e3f3e   63 5  0.0118
 440   12.030  #3e3f3f   63 6  0.0042
 441   12.150  #3f3f3e   63 7  0.0099
 442   12.190  #3f3f3f   64 1  0.0033
 443   12.220  #3f3f40   64 2  0.0025
 444   12.340  #403f3f   64 3  0.0098
 445   12.370  #403f40   64 4  0.0024
 446   12.510  #3f403f   64 5  0.0113
 447   12.540  #3f4040   64 6  0.0024
 448   12.660  #40403f   64 7  0.0095
 449   12.700  #404040   65 1  0.0032
 450   12.730  #404041   65 2  0.0024
 451   12.840  #414040   65 3  0.0086
 452   12.880  #414041   65 4  0.0031
 453   13.010  #404140   65 5  0.0100
 454   13.050  #404141   65 6  0.0031
 455   13.150  #414140   65 7  0.0076
 456   13.190  #414141   66 1  0.0030
 457   13.230  #414142   66 2  0.0030
 458   13.350  #424141   66 3  0.0090
 459   13.380  #424142   66 4  0.0022
 460   13.520  #414241   66 5  0.0104
 461   13.550  #414242   66 6  0.0022
 462   13.670  #424241   66 7  0.0088
 463   13.710  #424242   67 1  0.0029
 464   13.740  #424243   67 2  0.0022
 465   13.860  #434242   67 3  0.0087
 466   13.900  #434243   67 4  0.0029
 467   14.040  #424342   67 5  0.0100
 468   14.080  #424343   67 6  0.0028
 469   14.200  #434342   67 7  0.0085
 470   14.240  #434343   68 1  0.0028
 471   14.270  #434344   68 2  0.0021
 472   14.390  #444343   68 3  0.0084
 473   14.420  #444344   68 4  0.0021
 474   14.570  #434443   68 5  0.0103
 475   14.610  #434444   68 6  0.0027
 476   14.720  #444443   68 7  0.0075
 477   14.760  #444444   69 1  0.0027
 478   14.810  #444445   69 2  0.0034
 479   14.920  #454444   69 3  0.0074
 480   14.970  #454445   69 4  0.0033
 481   15.110  #444544   69 5  0.0093
 482   15.150  #444545   69 6  0.0026
 483   15.270  #454544   69 7  0.0079
 484   15.310  #454545   70 1  0.0026
 485   15.350  #454546   70 2  0.0026
 486   15.480  #464545   70 3  0.0084
 487   15.510  #464546   70 4  0.0019
 488   15.660  #454645   70 5  0.0096
 489   15.700  #454646   70 6  0.0026
 490   15.830  #464645   70 7  0.0082
 491   15.870  #464646   71 1  0.0025
 492   15.910  #464647   71 2  0.0025
 493   16.040  #474646   71 3  0.0081
 494   16.080  #474647   71 4  0.0025
 495   16.230  #464746   71 5  0.0093
 496   16.280  #464747   71 6  0.0031
 497   16.400  #474746   71 7  0.0073
 498   16.450  #474747   72 1  0.0030
 499   16.490  #474748   72 2  0.0024
 500   16.630  #484747   72 3  0.0085
 501   16.670  #484748   72 4  0.0024
 502   16.820  #474847   72 5  0.0090
 503   16.860  #474848   72 6  0.0024
 504   17.000  #484847   72 7  0.0083
 505   17.040  #484848   73 1  0.0024
 506   17.080  #484849   73 2  0.0023
 507   17.220  #494848   73 3  0.0082
 508   17.260  #494849   73 4  0.0023
 509   17.420  #484948   73 5  0.0092
 510   17.460  #484949   73 6  0.0023
 511   17.600  #494948   73 7  0.0080
 512   17.640  #494949   74 1  0.0023
 513   17.680  #49494a   74 2  0.0023
 514   17.820  #4a4949   74 3  0.0079
 515   17.860  #4a494a   74 4  0.0022
 516   18.000  #494a49   74 5  0.0078
 517   18.000  #494a4a   74 6  0.0000
 518   18.100  #4a4a49   74 7  0.0055
 519   18.200  #4a4a4a   75 1  0.0055
 520   18.200  #4a4a4b   75 2  0.0000
 521   18.400  #4b4a4a   75 3  0.0109
 522   18.400  #4b4a4b   75 4  0.0000
 523   18.600  #4a4b4a   75 5  0.0108
 524   18.700  #4a4b4b   75 6  0.0054
 525   18.800  #4b4b4a   75 7  0.0053
 526   18.800  #4b4b4b   76 1  0.0000
 527   18.900  #4b4b4c   76 2  0.0053
 528   19.000  #4c4b4b   76 3  0.0053
 529   19.100  #4c4b4c   76 4  0.0052
 530   19.300  #4b4c4b   76 5  0.0104
 531   19.300  #4b4c4c   76 6  0.0000
 532   19.400  #4c4c4b   76 7  0.0052
 533   19.500  #4c4c4c   77 1  0.0051
 534   19.600  #4c4c4d   77 2  0.0051
 535   19.700  #4d4c4c   77 3  0.0051
 536   19.700  #4d4c4d   77 4  0.0000
 537   19.900  #4c4d4c   77 5  0.0101
 538   20.000  #4c4d4d   77 6  0.0050
 539   20.100  #4d4d4c   77 7  0.0050
 540   20.200  #4d4d4d   78 1  0.0050
 541   20.200  #4d4d4e   78 2  0.0000
 542   20.400  #4e4d4d   78 3  0.0099
 543   20.400  #4e4d4e   78 4  0.0000
 544   20.600  #4d4e4d   78 5  0.0098
 545   20.700  #4d4e4e   78 6  0.0048
 546   20.800  #4e4e4d   78 7  0.0048
 547   20.900  #4e4e4e   79 1  0.0048
 548   20.900  #4e4e4f   79 2  0.0000
 549   21.100  #4f4e4e   79 3  0.0095
 550   21.100  #4f4e4f   79 4  0.0000
 551   21.300  #4e4f4e   79 5  0.0094
 552   21.300  #4e4f4f   79 6  0.0000
 553   21.500  #4f4f4e   79 7  0.0093
 554   21.500  #4f4f4f   80 1  0.0000
 555   21.600  #4f4f50   80 2  0.0046
 556   21.800  #504f4f   80 3  0.0092
 557   21.800  #504f50   80 4  0.0000
 558   22.000  #4f504f   80 5  0.0091
 559   22.000  #4f5050   80 6  0.0000
 560   22.200  #50504f   80 7  0.0090
 561   22.200  #505050   81 1  0.0000
 562   22.300  #505051   81 2  0.0045
 563   22.500  #515050   81 3  0.0089
 564   22.500  #515051   81 4  0.0000
 565   22.700  #505150   81 5  0.0088
 566   22.700  #505151   81 6  0.0000
 567   22.900  #515150   81 7  0.0088
 568   23.000  #515151   82 1  0.0044
 569   23.000  #515152   82 2  0.0000
 570   23.200  #525151   82 3  0.0087
 571   23.200  #525152   82 4  0.0000
 572   23.400  #515251   82 5  0.0086
 573   23.400  #515252   82 6  0.0000
 574   23.600  #525251   82 7  0.0085
 575   23.600  #525252   83 1  0.0000
 576   23.700  #525253   83 2  0.0042
 577   23.800  #535252   83 3  0.0042
 578   23.900  #535253   83 4  0.0042
 579   24.000  #525352   83 5  0.0042
 580   24.100  #525353   83 6  0.0042
 581   24.300  #535352   83 7  0.0083
 582   24.300  #535353   84 1  0.0000
 583   24.400  #535354   84 2  0.0041
 584   24.500  #545353   84 3  0.0041
 585   24.500  #545354   84 4  0.0000
 586   24.700  #535453   84 5  0.0081
 587   24.800  #535454   84 6  0.0040
 588   24.900  #545453   84 7  0.0040
 589   25.000  #545454   85 1  0.0040
 590   25.000  #545455   85 2  0.0000
 591   25.200  #555454   85 3  0.0080
 592   25.200  #555455   85 4  0.0000
 593   25.400  #545554   85 5  0.0079
 594   25.500  #545555   85 6  0.0039
 595   25.600  #555554   85 7  0.0039
 596   25.700  #555555   86 1  0.0039
 597   25.700  #555556   86 2  0.0000
 598   25.900  #565555   86 3  0.0078
 599   25.900  #565556   86 4  0.0000
 600   26.100  #555655   86 5  0.0077
 601   26.200  #555656   86 6  0.0038
 602   26.300  #565655   86 7  0.0038
 603   26.400  #565656   87 1  0.0038
 604   26.400  #565657   87 2  0.0000
 605   26.600  #575656   87 3  0.0075
 606   26.600  #575657   87 4  0.0000
 607   26.800  #565756   87 5  0.0075
 608   26.900  #565757   87 6  0.0037
 609   27.000  #575756   87 7  0.0037
 610   27.200  #575757   88 1  0.0074
 611   27.300  #575758   88 2  0.0037
 612   27.500  #585757   88 3  0.0073
 613   27.600  #585758   88 4  0.0036
 614   27.700  #575857   88 5  0.0036
 615   27.800  #575858   88 6  0.0036
 616   27.900  #585857   88 7  0.0036
 617   28.000  #585858   89 1  0.0036
 618   28.100  #585859   89 2  0.0036
 619   28.200  #595858   89 3  0.0036
 620   28.300  #595859   89 4  0.0035
 621   28.500  #585958   89 5  0.0070
 622   28.600  #585959   89 6  0.0035
 623   28.700  #595958   89 7  0.0035
 624   28.800  #595959   90 1  0.0035
 625   28.800  #59595a   90 2  0.0000
 626   29.000  #5a5959   90 3  0.0069
 627   29.100  #5a595a   90 4  0.0034
 628   29.300  #595a59   90 5  0.0068
 629   29.300  #595a5a   90 6  0.0000
 630   29.500  #5a5a59   90 7  0.0068
 631   29.600  #5a5a5a   91 1  0.0034
 632   29.600  #5a5a5b   91 2  0.0000
 633   29.800  #5b5a5a   91 3  0.0067
 634   29.900  #5b5a5b   91 4  0.0034
 635   30.100  #5a5b5a   91 5  0.0067
 636   30.100  #5a5b5b   91 6  0.0000
 637   30.300  #5b5b5a   91 7  0.0066
 638   30.400  #5b5b5b   92 1  0.0033
 639   30.400  #5b5b5c   92 2  0.0000
 640   30.600  #5c5b5b   92 3  0.0066
 641   30.700  #5c5b5c   92 4  0.0033
 642   30.900  #5b5c5b   92 5  0.0065
 643   30.900  #5b5c5c   92 6  0.0000
 644   31.100  #5c5c5b   92 7  0.0065
 645   31.200  #5c5c5c   93 1  0.0032
 646   31.200  #5c5c5d   93 2  0.0000
 647   31.400  #5d5c5c   93 3  0.0064
 648   31.500  #5d5c5d   93 4  0.0032
 649   31.700  #5c5d5c   93 5  0.0063
 650   31.700  #5c5d5d   93 6  0.0000
 651   31.900  #5d5d5c   93 7  0.0063
 652   32.000  #5d5d5d   94 1  0.0031
 653   32.000  #5d5d5e   94 2  0.0000
 654   32.300  #5e5d5d   94 3  0.0093
 655   32.300  #5e5d5e   94 4  0.0000
 656   32.500  #5d5e5d   94 5  0.0062
 657   32.600  #5d5e5e   94 6  0.0031
 658   32.700  #5e5e5d   94 7  0.0031
 659   32.800  #5e5e5e   95 1  0.0031
 660   32.900  #5e5e5f   95 2  0.0030
 661   33.100  #5f5e5e   95 3  0.0061
 662   33.100  #5f5e5f   95 4  0.0000
 663   33.300  #5e5f5e   95 5  0.0060
 664   33.400  #5e5f5f   95 6  0.0030
 665   33.600  #5f5f5e   95 7  0.0060
 666   33.700  #5f5f5f   96 1  0.0030
 667   33.700  #5f5f60   96 2  0.0000
 668   33.900  #605f5f   96 3  0.0059
 669   34.000  #605f60   96 4  0.0029
 670   34.200  #5f605f   96 5  0.0059
 671   34.300  #5f6060   96 6  0.0029
 672   34.500  #60605f   96 7  0.0058
 673   34.500  #606060   97 1  0.0000
 674   34.600  #606061   97 2  0.0029
 675   34.900  #616060   97 3  0.0086
 676   34.900  #616061   97 4  0.0000
 677   35.100  #606160   97 5  0.0057
 678   35.200  #606161   97 6  0.0028
 679   35.400  #616160   97 7  0.0057
 680   35.400  #616161   98 1  0.0000
 681   35.500  #616162   98 2  0.0028
 682   35.700  #626161   98 3  0.0056
 683   35.700  #626162   98 4  0.0000
 684   36.000  #616261   98 5  0.0084
 685   36.100  #616262   98 6  0.0028
 686   36.200  #626261   98 7  0.0028
 687   36.300  #626262   99 1  0.0028
 688   36.300  #626263   99 2  0.0000
 689   36.500  #636262   99 3  0.0055
 690   36.600  #636263   99 4  0.0027
 691   36.800  #626362   99 5  0.0054
 692   36.900  #626363   99 6  0.0027
 693   37.100  #636362   99 7  0.0054
 694   37.100  #636363  100 1  0.0000
 695   37.200  #636364  100 2  0.0027
 696   37.400  #646363  100 3  0.0054
 697   37.500  #646364  100 4  0.0027
 698   37.700  #636463  100 5  0.0053
 699   37.800  #636464  100 6  0.0026
 700   37.900  #646463  100 7  0.0026
 701   38.000  #646464  101 1  0.0026
 702   38.100  #646465  101 2  0.0026
 703   38.300  #656464  101 3  0.0052
 704   38.400  #656465  101 4  0.0026
 705   38.600  #646564  101 5  0.0052
 706   38.600  #646565  101 6  0.0000
 707   38.800  #656564  101 7  0.0052
 708   38.900  #656565  102 1  0.0026
 709   38.900  #656566  102 2  0.0000
 710   39.100  #666565  102 3  0.0051
 711   39.300  #666566  102 4  0.0051
 712   39.400  #656665  102 5  0.0025
 713   39.500  #656666  102 6  0.0025
 714   39.700  #666665  102 7  0.0051
 715   39.800  #666666  103 1  0.0025
 716   39.900  #666667  103 2  0.0025
 717   40.100  #676666  103 3  0.0050
 718   40.200  #676667  103 4  0.0025
 719   40.300  #666766  103 5  0.0025
 720   40.500  #666767  103 6  0.0050
 721   40.600  #676766  103 7  0.0025
 722   40.700  #676767  104 1  0.0025
 723   40.800  #676768  104 2  0.0025
 724   41.000  #686767  104 3  0.0049
 725   41.000  #686768  104 4  0.0000
 726   41.300  #676867  104 5  0.0073
 727   41.300  #676868  104 6  0.0000
 728   41.500  #686867  104 7  0.0048
 729   41.600  #686868  105 1  0.0024
 730   41.700  #686869  105 2  0.0024
 731   41.900  #696868  105 3  0.0048
 732   42.000  #696869  105 4  0.0024
 733   42.200  #686968  105 5  0.0048
 734   42.200  #686969  105 6  0.0000
 735   42.500  #696968  105 7  0.0071
 736   42.500  #696969  106 1  0.0000
 737   42.600  #69696a  106 2  0.0024
 738   42.900  #6a6969  106 3  0.0070
 739   42.800  #6a696a  106 4  -0.0023
 740   43.100  #696a69  106 5  0.0070
 741   43.100  #696a6a  106 6  0.0000
 742   43.300  #6a6a69  106 7  0.0046
 743   43.400  #6a6a6a  107 1  0.0023
 744   43.600  #6a6a6b  107 2  0.0046
 745   43.700  #6b6a6a  107 3  0.0023
 746   43.800  #6b6a6b  107 4  0.0023
 747   44.000  #6a6b6a  107 5  0.0046
 748   44.100  #6a6b6b  107 6  0.0023
 749   44.300  #6b6b6a  107 7  0.0045
 750   44.400  #6b6b6b  108 1  0.0023
 751   44.400  #6b6b6c  108 2  0.0000
 752   44.600  #6c6b6b  108 3  0.0045
 753   44.600  #6c6b6c  108 4  0.0000
 754   44.900  #6b6c6b  108 5  0.0067
 755   45.000  #6b6c6c  108 6  0.0022
 756   45.200  #6c6c6b  108 7  0.0044
 757   45.200  #6c6c6c  109 1  0.0000
 758   45.300  #6c6c6d  109 2  0.0022
 759   45.500  #6d6c6c  109 3  0.0044
 760   45.500  #6d6c6d  109 4  0.0000
 761   45.800  #6c6d6c  109 5  0.0066
 762   46.000  #6c6d6d  109 6  0.0044
 763   46.100  #6d6d6c  109 7  0.0022
 764   46.100  #6d6d6d  110 1  0.0000
 765   46.200  #6d6d6e  110 2  0.0022
 766   46.400  #6e6d6d  110 3  0.0043
 767   46.500  #6e6d6e  110 4  0.0022
 768   46.700  #6d6e6d  110 5  0.0043
 769   46.900  #6d6e6e  110 6  0.0043
 770   46.900  #6e6e6d  110 7  0.0000
 771   47.100  #6e6e6e  111 1  0.0043
 772   47.100  #6e6e6f  111 2  0.0000
 773   47.400  #6f6e6e  111 3  0.0063
 774   47.500  #6f6e6f  111 4  0.0021
 775   47.600  #6e6f6e  111 5  0.0021
 776   47.700  #6e6f6f  111 6  0.0021
 777   47.900  #6f6f6e  111 7  0.0042
 778   47.900  #6f6f6f  112 1  0.0000
 779   48.000  #6f6f70  112 2  0.0021
 780   48.200  #706f6f  112 3  0.0042
 781   48.300  #706f70  112 4  0.0021
 782   48.500  #6f706f  112 5  0.0041
 783   48.600  #6f7070  112 6  0.0021
 784   48.900  #70706f  112 7  0.0062
 785   48.800  #707070  113 1  -0.0020
 786   48.900  #707071  113 2  0.0020
 787   49.200  #717070  113 3  0.0061
 788   49.200  #717071  113 4  0.0000
 789   49.400  #707170  113 5  0.0041
 790   49.500  #707171  113 6  0.0020
 791   49.700  #717170  113 7  0.0040
 792   49.800  #717171  114 1  0.0020
 793   49.800  #717172  114 2  0.0000
 794   50.000  #727171  114 3  0.0040
 795   50.100  #727172  114 4  0.0020
 796   50.300  #717271  114 5  0.0040
 797   50.500  #717272  114 6  0.0040
 798   50.600  #727271  114 7  0.0020
 799   50.800  #727272  115 1  0.0039
 800   50.700  #727273  115 2  -0.0020
 801   51.000  #737272  115 3  0.0059
 802   51.000  #737273  115 4  0.0000
 803   51.200  #727372  115 5  0.0039
 804   51.400  #727373  115 6  0.0039
 805   51.500  #737372  115 7  0.0019
 806   51.600  #737373  116 1  0.0019
 807   51.700  #737374  116 2  0.0019
 808   51.900  #747373  116 3  0.0039
 809   51.900  #747374  116 4  0.0000
 810   52.200  #737473  116 5  0.0058
 811   52.200  #737474  116 6  0.0000
 812   52.400  #747473  116 7  0.0038
 813   52.500  #747474  117 1  0.0019
 814   52.700  #747475  117 2  0.0038
 815   52.800  #757474  117 3  0.0019
 816   52.900  #757475  117 4  0.0019
 817   53.100  #747574  117 5  0.0038
 818   53.200  #747575  117 6  0.0019
 819   53.400  #757574  117 7  0.0038
 820   53.500  #757575  118 1  0.0019
 821   53.500  #757576  118 2  0.0000
 822   53.700  #767575  118 3  0.0037
 823   53.800  #767576  118 4  0.0019
 824   54.100  #757675  118 5  0.0056
 825   54.100  #757676  118 6  0.0000
 826   54.300  #767675  118 7  0.0037
 827   54.400  #767676  119 1  0.0018
 828   54.400  #767677  119 2  0.0000
 829   54.600  #777676  119 3  0.0037
 830   54.700  #777677  119 4  0.0018
 831   54.900  #767776  119 5  0.0036
 832   55.000  #767777  119 6  0.0018
 833   55.300  #777776  119 7  0.0054
 834   55.300  #777777  120 1  0.0000
 835   55.300  #777778  120 2  0.0000
 836   55.500  #787777  120 3  0.0036
 837   55.700  #787778  120 4  0.0036
 838   55.900  #777877  120 5  0.0036
 839   55.900  #777878  120 6  0.0000
 840   56.100  #787877  120 7  0.0036
 841   56.200  #787878  121 1  0.0018
 842   56.400  #787879  121 2  0.0036
 843   56.400  #797878  121 3  0.0000
 844   56.500  #797879  121 4  0.0018
 845   56.700  #787978  121 5  0.0035
 846   56.800  #787979  121 6  0.0018
 847   57.100  #797978  121 7  0.0053
 848   57.300  #797979  122 1  0.0035
 849   57.100  #79797a  122 2  -0.0035
 850   57.400  #7a7979  122 3  0.0052
 851   57.500  #7a797a  122 4  0.0017
 852   57.800  #797a79  122 5  0.0052
 853   57.900  #797a7a  122 6  0.0017
 854   58.000  #7a7a79  122 7  0.0017
 855   58.100  #7a7a7a  123 1  0.0017
 856   58.200  #7a7a7b  123 2  0.0017
 857   58.300  #7b7a7a  123 3  0.0017
 858   58.400  #7b7a7b  123 4  0.0017
 859   58.600  #7a7b7a  123 5  0.0034
 860   58.700  #7a7b7b  123 6  0.0017
 861   59.000  #7b7b7a  123 7  0.0051
 862   59.000  #7b7b7b  124 1  0.0000
 863   59.000  #7b7b7c  124 2  0.0000
 864   59.200  #7c7b7b  124 3  0.0034
 865   59.300  #7c7b7c  124 4  0.0017
 866   59.500  #7b7c7b  124 5  0.0034
 867   59.600  #7b7c7c  124 6  0.0017
 868   59.800  #7c7c7b  124 7  0.0034
 869   60.000  #7c7c7c  125 1  0.0033
 870   60.000  #7c7c7d  125 2  0.0000
 871   60.100  #7d7c7c  125 3  0.0017
 872   60.300  #7d7c7d  125 4  0.0033
 873   60.600  #7c7d7c  125 5  0.0050
 874   60.500  #7c7d7d  125 6  -0.0017
 875   60.800  #7d7d7c  125 7  0.0049
 876   61.100  #7d7d7d  126 1  0.0049
 877   61.000  #7d7d7e  126 2  -0.0016
 878   61.200  #7e7d7d  126 3  0.0033
 879   61.300  #7e7d7e  126 4  0.0016
 880   61.500  #7d7e7d  126 5  0.0033
 881   61.800  #7d7e7e  126 6  0.0049
 882   61.800  #7e7e7d  126 7  0.0000
 883   61.900  #7e7e7e  127 1  0.0016
 884   62.000  #7e7e7f  127 2  0.0016
 885   62.200  #7f7e7e  127 3  0.0032
 886   62.300  #7f7e7f  127 4  0.0016
 887   62.500  #7e7f7e  127 5  0.0032
 888   62.600  #7e7f7f  127 6  0.0016
 889   62.600  #7f7f7e  127 7  0.0000
 890   63.100  #7f7f7f  128 1  0.0080
 891   63.100  #7f7f80  128 2  0.0000
 892   63.500  #807f7f  128 3  0.0063
 893   63.500  #807f80  128 4  0.0000
 894   63.900  #7f807f  128 5  0.0063
 895   64.000  #7f8080  128 6  0.0016
 896   64.300  #80807f  128 7  0.0047
 897   64.400  #808080  129 1  0.0016
 898   64.500  #808081  129 2  0.0016
 899   64.700  #818080  129 3  0.0031
 900   64.900  #818081  129 4  0.0031
 901   65.200  #808180  129 5  0.0046
 902   65.300  #808181  129 6  0.0015
 903   65.600  #818180  129 7  0.0046
 904   65.700  #818181  130 1  0.0015
 905   65.800  #818182  130 2  0.0015
 906   66.100  #828181  130 3  0.0045
 907   66.200  #828182  130 4  0.0015
 908   66.500  #818281  130 5  0.0045
 909   66.700  #818282  130 6  0.0030
 910   67.000  #828281  130 7  0.0045
 911   67.100  #828282  131 1  0.0015
 912   67.200  #828283  131 2  0.0015
 913   67.400  #838282  131 3  0.0030
 914   67.600  #838283  131 4  0.0030
 915   67.900  #828382  131 5  0.0044
 916   68.000  #828383  131 6  0.0015
 917   68.300  #838382  131 7  0.0044
 918   68.400  #838383  132 1  0.0015
 919   68.500  #838384  132 2  0.0015
 920   68.800  #848383  132 3  0.0044
 921   68.900  #848384  132 4  0.0015
 922   69.300  #838483  132 5  0.0058
 923   69.400  #838484  132 6  0.0014
 924   69.600  #848483  132 7  0.0029
 925   69.800  #848484  133 1  0.0029
 926   69.800  #848485  133 2  0.0000
 927   70.100  #858484  133 3  0.0043
 928   70.200  #858485  133 4  0.0014
 929   70.500  #848584  133 5  0.0043
 930   70.600  #848585  133 6  0.0014
 931   70.900  #858584  133 7  0.0042
 932   71.100  #858585  134 1  0.0028
 933   71.200  #858586  134 2  0.0014
 934   71.400  #868585  134 3  0.0028
 935   71.500  #868586  134 4  0.0014
 936   71.900  #858685  134 5  0.0056
 937   71.900  #858686  134 6  0.0000
 938   72.200  #868685  134 7  0.0042
 939   72.300  #868686  135 1  0.0014
 940   72.500  #868687  135 2  0.0028
 941   72.800  #878686  135 3  0.0041
 942   72.800  #878687  135 4  0.0000
 943   73.200  #868786  135 5  0.0055
 944   73.300  #868787  135 6  0.0014
 945   73.600  #878786  135 7  0.0041
 946   73.700  #878787  136 1  0.0014
 947   73.800  #878788  136 2  0.0014
 948   74.100  #888787  136 3  0.0041
 949   74.200  #888788  136 4  0.0013
 950   74.500  #878887  136 5  0.0040
 951   74.600  #878888  136 6  0.0013
 952   74.900  #888887  136 7  0.0040
 953   75.000  #888888  137 1  0.0013
 954   75.100  #888889  137 2  0.0013
 955   75.400  #898888  137 3  0.0040
 956   75.500  #898889  137 4  0.0013
 957   75.900  #888988  137 5  0.0053
 958   75.900  #888989  137 6  0.0000
 959   76.200  #898988  137 7  0.0039
 960   76.400  #898989  138 1  0.0026
 961   76.500  #89898a  138 2  0.0013
 962   76.800  #8a8989  138 3  0.0039
 963   76.800  #8a898a  138 4  0.0000
 964   77.200  #898a89  138 5  0.0052
 965   77.300  #898a8a  138 6  0.0013
 966   77.600  #8a8a89  138 7  0.0039
 967   77.700  #8a8a8a  139 1  0.0013
 968   77.800  #8a8a8b  139 2  0.0013
 969   78.100  #8b8a8a  139 3  0.0038
 970   78.200  #8b8a8b  139 4  0.0013
 971   78.600  #8a8b8a  139 5  0.0051
 972   78.700  #8a8b8b  139 6  0.0013
 973   79.000  #8b8b8a  139 7  0.0038
 974   79.100  #8b8b8b  140 1  0.0013
 975   79.200  #8b8b8c  140 2  0.0013
 976   79.500  #8c8b8b  140 3  0.0038
 977   79.600  #8c8b8c  140 4  0.0013
 978   80.000  #8b8c8b  140 5  0.0050
 979   80.100  #8b8c8c  140 6  0.0012
 980   80.400  #8c8c8b  140 7  0.0037
 981   80.500  #8c8c8c  141 1  0.0012
 982   80.600  #8c8c8d  141 2  0.0012
 983   80.900  #8d8c8c  141 3  0.0037
 984   81.000  #8d8c8d  141 4  0.0012
 985   81.400  #8c8d8c  141 5  0.0049
 986   81.500  #8c8d8d  141 6  0.0012
 987   81.800  #8d8d8c  141 7  0.0037
 988   81.900  #8d8d8d  142 1  0.0012
 989   82.000  #8d8d8e  142 2  0.0012
 990   82.300  #8e8d8d  142 3  0.0037
 991   82.400  #8e8d8e  142 4  0.0012
 992   82.800  #8d8e8d  142 5  0.0048
 993   82.900  #8d8e8e  142 6  0.0012
 994   83.200  #8e8e8d  142 7  0.0036
 995   83.300  #8e8e8e  143 1  0.0012
 996   83.400  #8e8e8f  143 2  0.0012
 997   83.700  #8f8e8e  143 3  0.0036
 998   83.800  #8f8e8f  143 4  0.0012
 999   84.200  #8e8f8e  143 5  0.0048
1000   84.300  #8e8f8f  143 6  0.0012
1001   84.600  #8f8f8e  143 7  0.0036
1002   84.700  #8f8f8f  144 1  0.0012
1003   84.800  #8f8f90  144 2  0.0012
1004   85.100  #908f8f  144 3  0.0035
1005   85.200  #908f90  144 4  0.0012
1006   85.600  #8f908f  144 5  0.0047
1007   85.800  #8f9090  144 6  0.0023
1008   86.000  #90908f  144 7  0.0023
1009   86.200  #909090  145 1  0.0023
1010   86.300  #909091  145 2  0.0012
1011   86.600  #919090  145 3  0.0035
1012   86.700  #919091  145 4  0.0012
1013   87.100  #909190  145 5  0.0046
1014   87.200  #909191  145 6  0.0011
1015   87.600  #919190  145 7  0.0046
1016   87.600  #919191  146 1  0.0000
1017   87.800  #919192  146 2  0.0023
1018   88.100  #929191  146 3  0.0034
1019   88.200  #929192  146 4  0.0011
1020   88.600  #919291  146 5  0.0045
1021   88.700  #919292  146 6  0.0011
1022   89.000  #929291  146 7  0.0034
1023   89.200  #929292  147 1  0.0022
1024   89.300  #929293  147 2  0.0011
1025   89.600  #939292  147 3  0.0034
1026   89.600  #939293  147 4  0.0000
1027   90.100  #929392  147 5  0.0056
1028   90.200  #929393  147 6  0.0011
1029   90.500  #939392  147 7  0.0033
1030   90.600  #939393  148 1  0.0011
1031   90.800  #939394  148 2  0.0022
1032   91.000  #949393  148 3  0.0022
1033   91.200  #949394  148 4  0.0022
1034   91.600  #939493  148 5  0.0044
1035   91.700  #939494  148 6  0.0011
1036   92.000  #949493  148 7  0.0033
1037   92.100  #949494  149 1  0.0011
1038   92.200  #949495  149 2  0.0011
1039   92.600  #959494  149 3  0.0043
1040   92.700  #959495  149 4  0.0011
1041   93.100  #949594  149 5  0.0043
1042   93.200  #949595  149 6  0.0011
1043   93.500  #959594  149 7  0.0032
1044   93.600  #959595  150 1  0.0011
1045   93.700  #959596  150 2  0.0011
1046   94.100  #969595  150 3  0.0043
1047   94.200  #969596  150 4  0.0011
1048   94.600  #959695  150 5  0.0042
1049   94.700  #959696  150 6  0.0011
1050   95.000  #969695  150 7  0.0032
1051   95.200  #969696  151 1  0.0021
1052   95.300  #969697  151 2  0.0010
1053   95.700  #979696  151 3  0.0042
1054   95.800  #979697  151 4  0.0010
1055   96.200  #969796  151 5  0.0042
1056   96.300  #969797  151 6  0.0010
1057   96.600  #979796  151 7  0.0031
1058   96.700  #979797  152 1  0.0010
1059   96.900  #979798  152 2  0.0021
1060   97.200  #989797  152 3  0.0031
1061   97.300  #989798  152 4  0.0010
1062   97.700  #979897  152 5  0.0041
1063   97.800  #979898  152 6  0.0010
1064   98.100  #989897  152 7  0.0031
1065   98.300  #989898  153 1  0.0020
1066   98.400  #989899  153 2  0.0010
1067   98.800  #999898  153 3  0.0041
1068   98.900  #999899  153 4  0.0010
1069   99.300  #989998  153 5  0.0040
1070   99.400  #989999  153 6  0.0010
1071   99.700  #999998  153 7  0.0030
1072   99.800  #999999  154 1  0.0010
1073  100.000  #99999a  154 2  0.0020
1074  100.300  #9a9999  154 3  0.0030
1075  100.400  #9a999a  154 4  0.0010
1076  100.800  #999a99  154 5  0.0040
1077  101.000  #999a9a  154 6  0.0020
1078  101.300  #9a9a99  154 7  0.0030
1079  101.400  #9a9a9a  155 1  0.0010
1080  101.600  #9a9a9b  155 2  0.0020
1081  101.900  #9b9a9a  155 3  0.0029
1082  102.000  #9b9a9b  155 4  0.0010
1083  102.500  #9a9b9a  155 5  0.0049
1084  102.800  #9a9b9b  155 6  0.0029
1085  102.900  #9b9b9a  155 7  0.0010
1086  103.100  #9b9b9b  156 1  0.0019
1087  103.200  #9b9b9c  156 2  0.0010
1088  103.500  #9c9b9b  156 3  0.0029
1089  103.700  #9c9b9c  156 4  0.0019
1090  104.000  #9b9c9b  156 5  0.0029
1091  104.200  #9b9c9c  156 6  0.0019
1092  104.500  #9c9c9b  156 7  0.0029
1093  104.700  #9c9c9c  157 1  0.0019
1094  105.000  #9c9c9d  157 2  0.0029
1095  105.100  #9d9c9c  157 3  0.0010
1096  105.200  #9d9c9d  157 4  0.0010
1097  105.700  #9c9d9c  157 5  0.0047
1098  105.800  #9c9d9d  157 6  0.0009
1099  106.100  #9d9d9c  157 7  0.0028
1100  106.300  #9d9d9d  158 1  0.0019
1101  106.400  #9d9d9e  158 2  0.0009
1102  106.700  #9e9d9d  158 3  0.0028
1103  106.900  #9e9d9e  158 4  0.0019
1104  107.300  #9d9e9d  158 5  0.0037
1105  107.400  #9d9e9e  158 6  0.0009
1106  107.700  #9e9e9d  158 7  0.0028
1107  107.900  #9e9e9e  159 1  0.0019
1108  108.000  #9e9e9f  159 2  0.0009
1109  108.600  #9f9e9e  159 3  0.0055
1110  108.500  #9f9e9f  159 4  -0.0009
1111  109.000  #9e9f9e  159 5  0.0046
1112  109.100  #9e9f9f  159 6  0.0009
1113  109.400  #9f9f9e  159 7  0.0027
1114  109.500  #9f9f9f  160 1  0.0009
1115  109.600  #9f9fa0  160 2  0.0009
1116  110.000  #a09f9f  160 3  0.0036
1117  110.200  #a09fa0  160 4  0.0018
1118  110.600  #9fa09f  160 5  0.0036
1119  110.800  #9fa0a0  160 6  0.0018
1120  111.100  #a0a09f  160 7  0.0027
1121  111.200  #a0a0a0  161 1  0.0009
1122  111.400  #a0a0a1  161 2  0.0018
1123  111.800  #a1a0a0  161 3  0.0036
1124  111.900  #a1a0a1  161 4  0.0009
1125  112.300  #a0a1a0  161 5  0.0036
1126  112.500  #a0a1a1  161 6  0.0018
1127  112.800  #a1a1a0  161 7  0.0027
1128  112.900  #a1a1a1  162 1  0.0009
1129  113.000  #a1a1a2  162 2  0.0009
1130  113.400  #a2a1a1  162 3  0.0035
1131  113.500  #a2a1a2  162 4  0.0009
1132  113.900  #a1a2a1  162 5  0.0035
1133  114.100  #a1a2a2  162 6  0.0018
1134  114.400  #a2a2a1  162 7  0.0026
1135  114.600  #a2a2a2  163 1  0.0017
1136  114.700  #a2a2a3  163 2  0.0009
1137  115.000  #a3a2a2  163 3  0.0026
1138  115.200  #a3a2a3  163 4  0.0017
1139  115.700  #a2a3a2  163 5  0.0043
1140  115.700  #a2a3a3  163 6  0.0000
1141  116.100  #a3a3a2  163 7  0.0035
1142  116.200  #a3a3a3  164 1  0.0009
1143  116.300  #a3a3a4  164 2  0.0009
1144  116.700  #a4a3a3  164 3  0.0034
1145  116.800  #a4a3a4  164 4  0.0009
1146  117.200  #a3a4a3  164 5  0.0034
1147  117.400  #a3a4a4  164 6  0.0017
1148  117.700  #a4a4a3  164 7  0.0026
1149  117.900  #a4a4a4  165 1  0.0017
1150  118.000  #a4a4a5  165 2  0.0008
1151  118.400  #a5a4a4  165 3  0.0034
1152  118.500  #a5a4a5  165 4  0.0008
1153  119.000  #a4a5a4  165 5  0.0042
1154  119.100  #a4a5a5  165 6  0.0008
1155  119.500  #a5a5a4  165 7  0.0034
1156  119.600  #a5a5a5  166 1  0.0008
1157  119.800  #a5a5a6  166 2  0.0017
1158  120.100  #a6a5a5  166 3  0.0025
1159  120.200  #a6a5a6  166 4  0.0008
1160  120.900  #a5a6a5  166 5  0.0058
1161  120.800  #a5a6a6  166 6  -0.0008
1162  121.100  #a6a6a5  166 7  0.0025
1163  121.300  #a6a6a6  167 1  0.0017
1164  121.400  #a6a6a7  167 2  0.0008
1165  121.900  #a7a6a6  167 3  0.0041
1166  121.900  #a7a6a7  167 4  0.0000
1167  122.300  #a6a7a6  167 5  0.0033
1168  122.400  #a6a7a7  167 6  0.0008
1169  123.100  #a7a7a6  167 7  0.0057
1170  123.000  #a7a7a7  168 1  -0.0008
1171  123.100  #a7a7a8  168 2  0.0008
1172  123.500  #a8a7a7  168 3  0.0032
1173  123.500  #a8a7a8  168 4  0.0000
1174  124.300  #a7a8a7  168 5  0.0065
1175  124.100  #a7a8a8  168 6  -0.0016
1176  124.500  #a8a8a7  168 7  0.0032
1177  125.000  #a8a8a8  169 1  0.0040
1178  124.900  #a8a8a9  169 2  -0.0008
1179  125.200  #a9a8a8  169 3  0.0024
1180  125.500  #a9a8a9  169 4  0.0024
1181  125.700  #a8a9a8  169 5  0.0016
1182  125.900  #a8a9a9  169 6  0.0016
1183  126.200  #a9a9a8  169 7  0.0024
1184  126.300  #a9a9a9  170 1  0.0008
1185  126.400  #a9a9aa  170 2  0.0008
1186  126.800  #aaa9a9  170 3  0.0032
1187  126.900  #aaa9aa  170 4  0.0008
1188  127.600  #a9aaa9  170 5  0.0055
1189  127.500  #a9aaaa  170 6  -0.0008
1190  127.900  #aaaaa9  170 7  0.0031
1191  128.000  #aaaaaa  171 1  0.0008
1192  128.100  #aaaaab  171 2  0.0008
1193  128.500  #abaaaa  171 3  0.0031
1194  128.600  #abaaab  171 4  0.0008
1195  129.100  #aaabaa  171 5  0.0039
1196  129.200  #aaabab  171 6  0.0008
1197  129.700  #ababaa  171 7  0.0039
1198  129.700  #ababab  172 1  0.0000
1199  129.800  #ababac  172 2  0.0008
1200  130.200  #acabab  172 3  0.0031
1201  130.500  #acabac  172 4  0.0023
1202  130.900  #abacab  172 5  0.0031
1203  130.900  #abacac  172 6  0.0000
1204  131.300  #acacab  172 7  0.0031
1205  131.500  #acacac  173 1  0.0015
1206  131.800  #acacad  173 2  0.0023
1207  132.000  #adacac  173 3  0.0015
1208  132.100  #adacad  173 4  0.0008
1209  132.500  #acadac  173 5  0.0030
1210  132.600  #acadad  173 6  0.0008
1211  133.300  #adadac  173 7  0.0053
1212  133.100  #adadad  174 1  -0.0015
1213  133.600  #adadae  174 2  0.0037
1214  133.600  #aeadad  174 3  0.0000
1215  133.600  #aeadae  174 4  0.0000
1216  134.400  #adaead  174 5  0.0060
1217  134.500  #adaeae  174 6  0.0007
1218  134.900  #aeaead  174 7  0.0030
1219  135.000  #aeaeae  175 1  0.0007
1220  135.100  #aeaeaf  175 2  0.0007
1221  135.500  #afaeae  175 3  0.0030
1222  135.700  #afaeaf  175 4  0.0015
1223  136.100  #aeafae  175 5  0.0029
1224  136.200  #aeafaf  175 6  0.0007
1225  136.600  #afafae  175 7  0.0029
1226  136.700  #afafaf  176 1  0.0007
1227  136.800  #afafb0  176 2  0.0007
1228  137.200  #b0afaf  176 3  0.0029
1229  137.300  #b0afb0  176 4  0.0007
1230  137.800  #afb0af  176 5  0.0036
1231  137.900  #afb0b0  176 6  0.0007
1232  138.300  #b0b0af  176 7  0.0029
1233  138.400  #b0b0b0  177 1  0.0007
1234  138.500  #b0b0b1  177 2  0.0007
1235  138.900  #b1b0b0  177 3  0.0029
1236  139.100  #b1b0b1  177 4  0.0014
1237  139.500  #b0b1b0  177 5  0.0029
1238  139.700  #b0b1b1  177 6  0.0014
1239  140.000  #b1b1b0  177 7  0.0021
1240  140.100  #b1b1b1  178 1  0.0007
1241  140.300  #b1b1b2  178 2  0.0014
1242  140.600  #b2b1b1  178 3  0.0021
1243  140.800  #b2b1b2  178 4  0.0014
1244  141.100  #b1b2b1  178 5  0.0021
1245  141.300  #b1b2b2  178 6  0.0014
1246  141.600  #b2b2b1  178 7  0.0021
1247  141.800  #b2b2b2  179 1  0.0014
1248  142.000  #b2b2b3  179 2  0.0014
1249  142.300  #b3b2b2  179 3  0.0021
1250  142.500  #b3b2b3  179 4  0.0014
1251  142.800  #b2b3b2  179 5  0.0021
1252  143.000  #b2b3b3  179 6  0.0014
1253  143.300  #b3b3b2  179 7  0.0021
1254  143.500  #b3b3b3  180 1  0.0014
1255  143.600  #b3b3b4  180 2  0.0007
1256  143.900  #b4b3b3  180 3  0.0021
1257  144.100  #b4b3b4  180 4  0.0014
1258  144.600  #b3b4b3  180 5  0.0035
1259  144.700  #b3b4b4  180 6  0.0007
1260  145.100  #b4b4b3  180 7  0.0028
1261  145.200  #b4b4b4  181 1  0.0007
1262  145.400  #b4b4b5  181 2  0.0014
1263  145.700  #b5b4b4  181 3  0.0021
1264  145.900  #b5b4b5  181 4  0.0014
1265  146.300  #b4b5b4  181 5  0.0027
1266  146.400  #b4b5b5  181 6  0.0007
1267  146.800  #b5b5b4  181 7  0.0027
1268  146.900  #b5b5b5  182 1  0.0007
1269  147.100  #b5b5b6  182 2  0.0014
1270  147.400  #b6b5b5  182 3  0.0020
1271  147.600  #b6b5b6  182 4  0.0014
1272  148.000  #b5b6b5  182 5  0.0027
1273  148.100  #b5b6b6  182 6  0.0007
1274  148.500  #b6b6b5  182 7  0.0027
1275  148.700  #b6b6b6  183 1  0.0013
1276  148.700  #b6b6b7  183 2  0.0000
1277  149.100  #b7b6b6  183 3  0.0027
1278  149.200  #b7b6b7  183 4  0.0007
1279  149.700  #b6b7b6  183 5  0.0033
1280  149.800  #b6b7b7  183 6  0.0007
1281  150.200  #b7b7b6  183 7  0.0027
1282  150.400  #b7b7b7  184 1  0.0013
1283  150.500  #b7b7b8  184 2  0.0007
1284  150.900  #b8b7b7  184 3  0.0027
1285  151.000  #b8b7b8  184 4  0.0007
1286  151.400  #b7b8b7  184 5  0.0026
1287  151.500  #b7b8b8  184 6  0.0007
1288  151.900  #b8b8b7  184 7  0.0026
1289  152.000  #b8b8b8  185 1  0.0007
1290  152.200  #b8b8b9  185 2  0.0013
1291  152.500  #b9b8b8  185 3  0.0020
1292  152.700  #b9b8b9  185 4  0.0013
1293  153.100  #b8b9b8  185 5  0.0026
1294  153.200  #b8b9b9  185 6  0.0007
1295  153.600  #b9b9b8  185 7  0.0026
1296  153.800  #b9b9b9  186 1  0.0013
1297  153.900  #b9b9ba  186 2  0.0006
1298  154.200  #bab9b9  186 3  0.0019
1299  154.400  #bab9ba  186 4  0.0013
1300  154.800  #b9bab9  186 5  0.0026
1301  155.000  #b9baba  186 6  0.0013
1302  155.300  #babab9  186 7  0.0019
1303  155.500  #bababa  187 1  0.0013
1304  155.600  #bababb  187 2  0.0006
1305  156.000  #bbbaba  187 3  0.0026
1306  156.100  #bbbabb  187 4  0.0006
1307  156.600  #babbba  187 5  0.0032
1308  156.700  #babbbb  187 6  0.0006
1309  157.000  #bbbbba  187 7  0.0019
1310  157.200  #bbbbbb  188 1  0.0013
1311  157.300  #bbbbbc  188 2  0.0006
1312  157.700  #bcbbbb  188 3  0.0025
1313  157.800  #bcbbbc  188 4  0.0006
1314  158.300  #bbbcbb  188 5  0.0032
1315  158.400  #bbbcbc  188 6  0.0006
1316  158.800  #bcbcbb  188 7  0.0025
1317  158.900  #bcbcbc  189 1  0.0006
1318  159.100  #bcbcbd  189 2  0.0013
1319  159.400  #bdbcbc  189 3  0.0019
1320  159.600  #bdbcbd  189 4  0.0013
1321  160.000  #bcbdbc  189 5  0.0025
1322  160.100  #bcbdbd  189 6  0.0006
1323  160.600  #bdbdbc  189 7  0.0031
1324  160.700  #bdbdbd  190 1  0.0006
1325  160.800  #bdbdbe  190 2  0.0006
1326  161.200  #bebdbd  190 3  0.0025
1327  161.300  #bebdbe  190 4  0.0006
1328  161.800  #bdbebd  190 5  0.0031
1329  162.000  #bdbebe  190 6  0.0012
1330  162.300  #bebebd  190 7  0.0019
1331  162.500  #bebebe  191 1  0.0012
1332  162.600  #bebebf  191 2  0.0006
1333  163.000  #bfbebe  191 3  0.0025
1334  163.100  #bfbebf  191 4  0.0006
1335  163.900  #bebfbe  191 5  0.0049
1336  163.700  #bebfbf  191 6  -0.0012
1337  164.100  #bfbfbe  191 7  0.0024
1338  164.500  #bfbfbf  192 1  0.0024
1339  164.400  #bfbfc0  192 2  -0.0006
1340  164.900  #c0bfbf  192 3  0.0030
1341  165.000  #c0bfc0  192 4  0.0006
1342  165.700  #bfc0bf  192 5  0.0042
1343  165.800  #bfc0c0  192 6  0.0006
1344  166.200  #c0c0bf  192 7  0.0024
1345  166.400  #c0c0c0  193 1  0.0012
1346  166.700  #c0c0c1  193 2  0.0018
1347  167.100  #c1c0c0  193 3  0.0024
1348  167.200  #c1c0c1  193 4  0.0006
1349  167.800  #c0c1c0  193 5  0.0036
1350  168.100  #c0c1c1  193 6  0.0018
1351  168.500  #c1c1c0  193 7  0.0024
1352  168.600  #c1c1c1  194 1  0.0006
1353  168.800  #c1c1c2  194 2  0.0012
1354  169.300  #c2c1c1  194 3  0.0030
1355  169.400  #c2c1c2  194 4  0.0006
1356  170.000  #c1c2c1  194 5  0.0035
1357  170.200  #c1c2c2  194 6  0.0012
1358  170.600  #c2c2c1  194 7  0.0023
1359  170.800  #c2c2c2  195 1  0.0012
1360  171.000  #c2c2c3  195 2  0.0012
1361  171.500  #c3c2c2  195 3  0.0029
1362  171.700  #c3c2c3  195 4  0.0012
1363  172.200  #c2c3c2  195 5  0.0029
1364  172.400  #c2c3c3  195 6  0.0012
1365  172.900  #c3c3c2  195 7  0.0029
1366  173.100  #c3c3c3  196 1  0.0012
1367  173.200  #c3c3c4  196 2  0.0006
1368  173.700  #c4c3c3  196 3  0.0029
1369  174.000  #c4c3c4  196 4  0.0017
1370  174.500  #c3c4c3  196 5  0.0029
1371  174.700  #c3c4c4  196 6  0.0011
1372  175.100  #c4c4c3  196 7  0.0023
1373  175.300  #c4c4c4  197 1  0.0011
1374  175.500  #c4c4c5  197 2  0.0011
1375  175.900  #c5c4c4  197 3  0.0023
1376  176.100  #c5c4c5  197 4  0.0011
1377  176.900  #c4c5c4  197 5  0.0045
1378  176.900  #c4c5c5  197 6  0.0000
1379  177.300  #c5c5c4  197 7  0.0023
1380  177.600  #c5c5c5  198 1  0.0017
1381  177.700  #c5c5c6  198 2  0.0006
1382  178.200  #c6c5c5  198 3  0.0028
1383  178.300  #c6c5c6  198 4  0.0006
1384  178.000  #c5c6c5  198 5  -0.0017
1385  179.000  #c5c6c6  198 6  0.0056
1386  179.000  #c6c6c5  198 7  0.0000
1387  179.000  #c6c6c6  199 1  0.0000
1388  179.000  #c6c6c7  199 2  0.0000
1389  180.000  #c7c6c6  199 3  0.0056
1390  180.000  #c7c6c7  199 4  0.0000
1391  181.000  #c6c7c6  199 5  0.0055
1392  181.000  #c6c7c7  199 6  0.0000
1393  181.000  #c7c7c6  199 7  0.0000
1394  182.000  #c7c7c7  200 1  0.0055
1395  182.000  #c7c7c8  200 2  0.0000
1396  182.000  #c8c7c7  200 3  0.0000
1397  182.000  #c8c7c8  200 4  0.0000
1398  183.000  #c7c8c7  200 5  0.0055
1399  183.000  #c7c8c8  200 6  0.0000
1400  184.000  #c8c8c7  200 7  0.0054
1401  184.000  #c8c8c8  201 1  0.0000
1402  184.000  #c8c8c9  201 2  0.0000
1403  185.000  #c9c8c8  201 3  0.0054
1404  185.000  #c9c8c9  201 4  0.0000
1405  185.000  #c8c9c8  201 5  0.0000
1406  186.000  #c8c9c9  201 6  0.0054
1407  186.000  #c9c9c8  201 7  0.0000
1408  186.000  #c9c9c9  202 1  0.0000
1409  186.000  #c9c9ca  202 2  0.0000
1410  187.000  #cac9c9  202 3  0.0054
1411  187.000  #cac9ca  202 4  0.0000
1412  188.000  #c9cac9  202 5  0.0053
1413  188.000  #c9caca  202 6  0.0000
1414  188.000  #cacac9  202 7  0.0000
1415  188.000  #cacaca  203 1  0.0000
1416  189.000  #cacacb  203 2  0.0053
1417  189.000  #cbcaca  203 3  0.0000
1418  189.000  #cbcacb  203 4  0.0000
1419  190.000  #cacbca  203 5  0.0053
1420  190.000  #cacbcb  203 6  0.0000
1421  191.000  #cbcbca  203 7  0.0052
1422  191.000  #cbcbcb  204 1  0.0000
1423  191.000  #cbcbcc  204 2  0.0000
1424  192.000  #cccbcb  204 3  0.0052
1425  192.000  #cccbcc  204 4  0.0000
1426  193.000  #cbcccb  204 5  0.0052
1427  192.000  #cbcccc  204 6  -0.0052
1428  193.000  #cccccb  204 7  0.0052
1429  193.000  #cccccc  205 1  0.0000
1430  193.000  #cccccd  205 2  0.0000
1431  194.000  #cdcccc  205 3  0.0052
1432  194.000  #cdcccd  205 4  0.0000
1433  194.000  #cccdcc  205 5  0.0000
1434  195.000  #cccdcd  205 6  0.0051
1435  195.000  #cdcdcc  205 7  0.0000
1436  195.000  #cdcdcd  206 1  0.0000
1437  195.000  #cdcdce  206 2  0.0000
1438  196.000  #cecdcd  206 3  0.0051
1439  196.000  #cecdce  206 4  0.0000
1440  197.000  #cdcecd  206 5  0.0051
1441  197.000  #cdcece  206 6  0.0000
1442  197.000  #cececd  206 7  0.0000
1443  198.000  #cecece  207 1  0.0051
1444  198.000  #cececf  207 2  0.0000
1445  198.000  #cfcece  207 3  0.0000
1446  198.000  #cfcecf  207 4  0.0000
1447  199.000  #cecfce  207 5  0.0050
1448  199.000  #cecfcf  207 6  0.0000
1449  200.000  #cfcfce  207 7  0.0050
1450  200.000  #cfcfcf  208 1  0.0000
1451  200.000  #cfcfd0  208 2  0.0000
1452  200.000  #d0cfcf  208 3  0.0000
1453  201.000  #d0cfd0  208 4  0.0050
1454  201.000  #cfd0cf  208 5  0.0000
1455  201.000  #cfd0d0  208 6  0.0000
1456  202.000  #d0d0cf  208 7  0.0050
1457  202.000  #d0d0d0  209 1  0.0000
1458  202.000  #d0d0d1  209 2  0.0000
1459  203.000  #d1d0d0  209 3  0.0049
1460  203.000  #d1d0d1  209 4  0.0000
1461  203.000  #d0d1d0  209 5  0.0000
1462  203.000  #d0d1d1  209 6  0.0000
1463  204.000  #d1d1d0  209 7  0.0049
1464  205.000  #d1d1d1  210 1  0.0049
1465  204.000  #d1d1d2  210 2  -0.0049
1466  205.000  #d2d1d1  210 3  0.0049
1467  205.000  #d2d1d2  210 4  0.0000
1468  206.000  #d1d2d1  210 5  0.0049
1469  206.000  #d1d2d2  210 6  0.0000
1470  206.000  #d2d2d1  210 7  0.0000
1471  207.000  #d2d2d2  211 1  0.0048
1472  206.000  #d2d2d3  211 2  -0.0048
1473  207.000  #d3d2d2  211 3  0.0048
1474  207.000  #d3d2d3  211 4  0.0000
1475  208.000  #d2d3d2  211 5  0.0048
1476  208.000  #d2d3d3  211 6  0.0000
1477  209.000  #d3d3d2  211 7  0.0048
1478  209.000  #d3d3d3  212 1  0.0000
1479  209.000  #d3d3d4  212 2  0.0000
1480  210.000  #d4d3d3  212 3  0.0048
1481  210.000  #d4d3d4  212 4  0.0000
1482  210.000  #d3d4d3  212 5  0.0000
1483  210.000  #d3d4d4  212 6  0.0000
1484  211.000  #d4d4d3  212 7  0.0048
1485  211.000  #d4d4d4  213 1  0.0000
1486  211.000  #d4d4d5  213 2  0.0000
1487  211.000  #d5d4d4  213 3  0.0000
1488  212.000  #d5d4d5  213 4  0.0047
1489  212.000  #d4d5d4  213 5  0.0000
1490  213.000  #d4d5d5  213 6  0.0047
1491  213.000  #d5d5d4  213 7  0.0000
1492  213.000  #d5d5d5  214 1  0.0000
1493  213.000  #d5d5d6  214 2  0.0000
1494  214.000  #d6d5d5  214 3  0.0047
1495  214.000  #d6d5d6  214 4  0.0000
1496  215.000  #d5d6d5  214 5  0.0047
1497  215.000  #d5d6d6  214 6  0.0000
1498  215.000  #d6d6d5  214 7  0.0000
1499  215.000  #d6d6d6  215 1  0.0000
1500  216.000  #d6d6d7  215 2  0.0046
1501  216.000  #d7d6d6  215 3  0.0000
1502  216.000  #d7d6d7  215 4  0.0000
1503  217.000  #d6d7d6  215 5  0.0046
1504  217.000  #d6d7d7  215 6  0.0000
1505  218.000  #d7d7d6  215 7  0.0046
1506  218.000  #d7d7d7  216 1  0.0000
1507  218.000  #d7d7d8  216 2  0.0000
1508  218.000  #d8d7d7  216 3  0.0000
1509  218.000  #d8d7d8  216 4  0.0000
1510  219.000  #d7d8d7  216 5  0.0046
1511  219.000  #d7d8d8  216 6  0.0000
1512  220.000  #d8d8d7  216 7  0.0046
1513  220.000  #d8d8d8  217 1  0.0000
1514  220.000  #d8d8d9  217 2  0.0000
1515  221.000  #d9d8d8  217 3  0.0045
1516  221.000  #d9d8d9  217 4  0.0000
1517  221.000  #d8d9d8  217 5  0.0000
1518  222.000  #d8d9d9  217 6  0.0045
1519  222.000  #d9d9d8  217 7  0.0000
1520  222.000  #d9d9d9  218 1  0.0000
1521  222.000  #d9d9da  218 2  0.0000
1522  223.000  #dad9d9  218 3  0.0045
1523  223.000  #dad9da  218 4  0.0000
1524  223.000  #d9dad9  218 5  0.0000
1525  224.000  #d9dada  218 6  0.0045
1526  224.000  #dadad9  218 7  0.0000
1527  224.000  #dadada  219 1  0.0000
1528  224.000  #dadadb  219 2  0.0000
1529  225.000  #dbdada  219 3  0.0045
1530  225.000  #dbdadb  219 4  0.0000
1531  226.000  #dadbda  219 5  0.0044
1532  226.000  #dadbdb  219 6  0.0000
1533  226.000  #dbdbda  219 7  0.0000
1534  227.000  #dbdbdb  220 1  0.0044
1535  227.000  #dbdbdc  220 2  0.0000
1536  227.000  #dcdbdb  220 3  0.0000
1537  227.000  #dcdbdc  220 4  0.0000
1538  228.000  #dbdcdb  220 5  0.0044
1539  228.000  #dbdcdc  220 6  0.0000
1540  228.000  #dcdcdb  220 7  0.0000
1541  229.000  #dcdcdc  221 1  0.0044
1542  229.000  #dcdcdd  221 2  0.0000
1543  229.000  #dddcdc  221 3  0.0000
1544  229.000  #dddcdd  221 4  0.0000
1545  230.000  #dcdddc  221 5  0.0044
1546  230.000  #dcdddd  221 6  0.0000
1547  231.000  #dddddc  221 7  0.0043
1548  231.000  #dddddd  222 1  0.0000
1549  231.000  #ddddde  222 2  0.0000
1550  231.000  #dedddd  222 3  0.0000
1551  232.000  #deddde  222 4  0.0043
1552  232.000  #dddedd  222 5  0.0000
1553  232.000  #dddede  222 6  0.0000
1554  233.000  #dededd  222 7  0.0043
1555  233.000  #dedede  223 1  0.0000
1556  233.000  #dededf  223 2  0.0000
1557  233.000  #dfdede  223 3  0.0000
1558  233.000  #dfdedf  223 4  0.0000
1559  234.000  #dedfde  223 5  0.0043
1560  234.000  #dedfdf  223 6  0.0000
1561  235.000  #dfdfde  223 7  0.0043
1562  235.000  #dfdfdf  224 1  0.0000
1563  235.000  #dfdfe0  224 2  0.0000
1564  235.000  #e0dfdf  224 3  0.0000
1565  236.000  #e0dfe0  224 4  0.0042
1566  236.000  #dfe0df  224 5  0.0000
1567  236.000  #dfe0e0  224 6  0.0000
1568  237.000  #e0e0df  224 7  0.0042
1569  237.000  #e0e0e0  225 1  0.0000
1570  237.000  #e0e0e1  225 2  0.0000
1571  237.000  #e1e0e0  225 3  0.0000
1572  238.000  #e1e0e1  225 4  0.0042
1573  238.000  #e0e1e0  225 5  0.0000
1574  238.000  #e0e1e1  225 6  0.0000
1575  239.000  #e1e1e0  225 7  0.0042
1576  239.000  #e1e1e1  226 1  0.0000
1577  239.000  #e1e1e2  226 2  0.0000
1578  239.000  #e2e1e1  226 3  0.0000
1579  240.000  #e2e1e2  226 4  0.0042
1580  240.000  #e1e2e1  226 5  0.0000
1581  240.000  #e1e2e2  226 6  0.0000
1582  240.000  #e2e2e1  226 7  0.0000
1583  241.000  #e2e2e2  227 1  0.0042
1584  241.000  #e2e2e3  227 2  0.0000
1585  241.000  #e3e2e2  227 3  0.0000
1586  241.000  #e3e2e3  227 4  0.0000
1587  242.000  #e2e3e2  227 5  0.0041
1588  242.000  #e2e3e3  227 6  0.0000
1589  242.000  #e3e3e2  227 7  0.0000
1590  243.000  #e3e3e3  228 1  0.0041
1591  243.000  #e3e3e4  228 2  0.0000
1592  243.000  #e4e3e3  228 3  0.0000
1593  243.000  #e4e3e4  228 4  0.0000
1594  244.000  #e3e4e3  228 5  0.0041
1595  244.000  #e3e4e4  228 6  0.0000
1596  244.000  #e4e4e3  228 7  0.0000
1597  244.000  #e4e4e4  229 1  0.0000
1598  245.000  #e4e4e5  229 2  0.0041
1599  245.000  #e5e4e4  229 3  0.0000
1600  245.000  #e5e4e5  229 4  0.0000
1601  246.000  #e4e5e4  229 5  0.0041
1602  246.000  #e4e5e5  229 6  0.0000
1603  246.000  #e5e5e4  229 7  0.0000
1604  246.000  #e5e5e5  230 1  0.0000
1605  247.000  #e5e5e6  230 2  0.0041
1606  247.000  #e6e5e5  230 3  0.0000
1607  247.000  #e6e5e6  230 4  0.0000
1608  248.000  #e5e6e5  230 5  0.0040
1609  248.000  #e5e6e6  230 6  0.0000
1610  248.000  #e6e6e5  230 7  0.0000
1611  248.000  #e6e6e6  231 1  0.0000
1612  249.000  #e6e6e7  231 2  0.0040
1613  249.000  #e7e6e6  231 3  0.0000
1614  249.000  #e7e6e7  231 4  0.0000
1615  250.000  #e6e7e6  231 5  0.0040
1616  250.000  #e6e7e7  231 6  0.0000
1617  250.000  #e7e7e6  231 7  0.0000
1618  250.000  #e7e7e7  232 1  0.0000
1619  250.000  #e7e7e8  232 2  0.0000
1620  251.000  #e8e7e7  232 3  0.0040
1621  251.000  #e8e7e8  232 4  0.0000
1622  252.000  #e7e8e7  232 5  0.0040
1623  252.000  #e7e8e8  232 6  0.0000
1624  252.000  #e8e8e7  232 7  0.0000
1625  252.000  #e8e8e8  233 1  0.0000
1626  252.000  #e8e8e9  233 2  0.0000
1627  253.000  #e9e8e8  233 3  0.0040
1628  253.000  #e9e8e9  233 4  0.0000
1629  254.000  #e8e9e8  233 5  0.0039
1630  254.000  #e8e9e9  233 6  0.0000
1631  254.000  #e9e9e8  233 7  0.0000
1632  254.000  #e9e9e9  234 1  0.0000
1633  254.000  #e9e9ea  234 2  0.0000
1634  255.000  #eae9e9  234 3  0.0039
1635  255.000  #eae9ea  234 4  0.0000
1636  255.000  #e9eae9  234 5  0.0000
1637  255.000  #e9eaea  234 6  0.0000
1638  256.000  #eaeae9  234 7  0.0039
1639  256.000  #eaeaea  235 1  0.0000
1640  256.000  #eaeaeb  235 2  0.0000
1641  257.000  #ebeaea  235 3  0.0039
1642  257.000  #ebeaeb  235 4  0.0000
1643  257.000  #eaebea  235 5  0.0000
1644  257.000  #eaebeb  235 6  0.0000
1645  258.000  #ebebea  235 7  0.0039
1646  258.000  #ebebeb  236 1  0.0000
1647  258.000  #ebebec  236 2  0.0000
1648  258.000  #ecebeb  236 3  0.0000
1649  259.000  #ecebec  236 4  0.0039
1650  259.000  #ebeceb  236 5  0.0000
1651  259.000  #ebecec  236 6  0.0000
1652  260.000  #ececeb  236 7  0.0039
1653  260.000  #ececec  237 1  0.0000
1654  260.000  #ececed  237 2  0.0000
1655  260.000  #edecec  237 3  0.0000
1656  260.000  #edeced  237 4  0.0000
1657  261.000  #ecedec  237 5  0.0038
1658  261.000  #eceded  237 6  0.0000
1659  261.000  #ededec  237 7  0.0000
1660  262.000  #ededed  238 1  0.0038
1661  262.000  #ededee  238 2  0.0000
1662  262.000  #eeeded  238 3  0.0000
1663  262.000  #eeedee  238 4  0.0000
1664  263.000  #edeeed  238 5  0.0038
1665  263.000  #edeeee  238 6  0.0000
1666  263.000  #eeeeed  238 7  0.0000
1667  263.000  #eeeeee  239 1  0.0000
1668  263.000  #eeeeef  239 2  0.0000
1669  264.000  #efeeee  239 3  0.0038
1670  264.000  #efeeef  239 4  0.0000
1671  264.000  #eeefee  239 5  0.0000
1672  265.000  #eeefef  239 6  0.0038
1673  265.000  #efefee  239 7  0.0000
1674  265.000  #efefef  240 1  0.0000
1675  265.000  #efeff0  240 2  0.0000
1676  265.000  #f0efef  240 3  0.0000
1677  265.000  #f0eff0  240 4  0.0000
1678  266.000  #eff0ef  240 5  0.0038
1679  266.000  #eff0f0  240 6  0.0000
1680  266.000  #f0f0ef  240 7  0.0000
1681  267.000  #f0f0f0  241 1  0.0038
1682  267.000  #f0f0f1  241 2  0.0000
1683  267.000  #f1f0f0  241 3  0.0000
1684  267.000  #f1f0f1  241 4  0.0000
1685  267.000  #f0f1f0  241 5  0.0000
1686  268.000  #f0f1f1  241 6  0.0037
1687  268.000  #f1f1f0  241 7  0.0000
1688  268.000  #f1f1f1  242 1  0.0000
1689  268.000  #f1f1f2  242 2  0.0000
1690  268.000  #f2f1f1  242 3  0.0000
1691  269.000  #f2f1f2  242 4  0.0037
1692  269.000  #f1f2f1  242 5  0.0000
1693  269.000  #f1f2f2  242 6  0.0000
1694  269.000  #f2f2f1  242 7  0.0000
1695  270.000  #f2f2f2  243 1  0.0037
1696  270.000  #f2f2f3  243 2  0.0000
1697  270.000  #f3f2f2  243 3  0.0000
1698  270.000  #f3f2f3  243 4  0.0000
1699  271.000  #f2f3f2  243 5  0.0037
1700  271.000  #f2f3f3  243 6  0.0000
1701  271.000  #f3f3f2  243 7  0.0000
1702  271.000  #f3f3f3  244 1  0.0000
1703  271.000  #f3f3f4  244 2  0.0000
1704  271.000  #f4f3f3  244 3  0.0000
1705  272.000  #f4f3f4  244 4  0.0037
1706  272.000  #f3f4f3  244 5  0.0000
1707  272.000  #f3f4f4  244 6  0.0000
1708  272.000  #f4f4f3  244 7  0.0000
1709  273.000  #f4f4f4  245 1  0.0037
1710  273.000  #f4f4f5  245 2  0.0000
1711  273.000  #f5f4f4  245 3  0.0000
1712  273.000  #f5f4f5  245 4  0.0000
1713  274.000  #f4f5f4  245 5  0.0037
1714  274.000  #f4f5f5  245 6  0.0000
1715  274.000  #f5f5f4  245 7  0.0000
1716  274.000  #f5f5f5  246 1  0.0000
1717  274.000  #f5f5f6  246 2  0.0000
1718  274.000  #f6f5f5  246 3  0.0000
1719  275.000  #f6f5f6  246 4  0.0036
1720  275.000  #f5f6f5  246 5  0.0000
1721  275.000  #f5f6f6  246 6  0.0000
1722  275.000  #f6f6f5  246 7  0.0000
1723  276.000  #f6f6f6  247 1  0.0036
1724  276.000  #f6f6f7  247 2  0.0000
1725  276.000  #f7f6f6  247 3  0.0000
1726  276.000  #f7f6f7  247 4  0.0000
1727  276.000  #f6f7f6  247 5  0.0000
1728  277.000  #f6f7f7  247 6  0.0036
1729  277.000  #f7f7f6  247 7  0.0000
1730  277.000  #f7f7f7  248 1  0.0000
1731  277.000  #f7f7f8  248 2  0.0000
1732  277.000  #f8f7f7  248 3  0.0000
1733  277.000  #f8f7f8  248 4  0.0000
1734  278.000  #f7f8f7  248 5  0.0036
1735  278.000  #f7f8f8  248 6  0.0000
1736  278.000  #f8f8f7  248 7  0.0000
1737  278.000  #f8f8f8  249 1  0.0000
1738  278.000  #f8f8f9  249 2  0.0000
1739  279.000  #f9f8f8  249 3  0.0036
1740  279.000  #f9f8f9  249 4  0.0000
1741  279.000  #f8f9f8  249 5  0.0000
1742  279.000  #f8f9f9  249 6  0.0000
1743  280.000  #f9f9f8  249 7  0.0036
1744  279.000  #f9f9f9  250 1  -0.0036
1745  279.000  #f9f9fa  250 2  0.0000
1746  280.000  #faf9f9  250 3  0.0036
1747  280.000  #faf9fa  250 4  0.0000
1748  280.000  #f9faf9  250 5  0.0000
1749  281.000  #f9fafa  250 6  0.0036
1750  281.000  #fafaf9  250 7  0.0000
1751  281.000  #fafafa  251 1  0.0000
1752  281.000  #fafafb  251 2  0.0000
1753  281.000  #fbfafa  251 3  0.0000
1754  282.000  #fbfafb  251 4  0.0036
1755  281.000  #fafbfa  251 5  -0.0036
1756  281.000  #fafbfb  251 6  0.0000
1757  282.000  #fbfbfa  251 7  0.0036
1758  282.000  #fbfbfb  252 1  0.0000
1759  282.000  #fbfbfc  252 2  0.0000
1760  282.000  #fcfbfb  252 3  0.0000
1761  282.000  #fcfbfc  252 4  0.0000
1762  282.000  #fbfcfb  252 5  0.0000
1763  282.000  #fbfcfc  252 6  0.0000
1764  283.000  #fcfcfb  252 7  0.0035
1765  283.000  #fcfcfc  253 1  0.0000
1766  283.000  #fcfcfd  253 2  0.0000
1767  283.000  #fdfcfc  253 3  0.0000
1768  283.000  #fdfcfd  253 4  0.0000
1769  283.000  #fcfdfc  253 5  0.0000
1770  283.000  #fcfdfd  253 6  0.0000
1771  283.000  #fdfdfc  253 7  0.0000
1772  284.000  #fdfdfd  254 1  0.0035
1773  284.000  #fdfdfe  254 2  0.0000
1774  284.000  #fefdfd  254 3  0.0000
1775  284.000  #fefdfe  254 4  0.0000
1776  285.000  #fdfefd  254 5  0.0035
1777  285.000  #fdfefe  254 6  0.0000
1778  285.000  #fefefd  254 7  0.0000
1779  285.000  #fefefe  255 1  0.0000
1780  285.000  #fefeff  255 2  0.0000
1781  285.000  #fffefe  255 3  0.0000
1782  285.000  #fffeff  255 4  0.0000
1783  285.000  #fefffe  255 5  0.0000
1784  285.000  #feffff  255 6  0.0000
1785  285.000  #fffffe  255 7  0.0000
1786  285.000  #ffffff  256 1  0.0000
