#  lumResponse vers. 1.8 - 12/16/09 15:30:53
#  Display ID: HP_LP2065_CNG933003J
#  iLdelay=1  avgN=1  ILlimit_plus=0.20 ILlimit_minus=-0.05  R=24.7% G=66.1% B=9.1%
#  49.1804  #ff0000
#  131.625  #00ff00
#  18.1899  #0000ff
   1    0.284  #000000    1 1  0.0000
   2    0.284  #000001    1 2  -0.0007
   3    0.289  #010000    1 3  0.0184
   4    0.291  #010001    1 4  0.0071
   5    0.290  #000100    1 5  -0.0039
   6    0.283  #000101    1 6  -0.0252
   7    0.283  #010100    1 7  0.0013
   8    0.291  #010101    2 1  0.0273
   9    0.281  #010102    2 2  -0.0353
  10    0.298  #020101    2 3  0.0578
  11    0.294  #020102    2 4  -0.0116
  12    0.280  #010201    2 5  -0.0492
  13    0.279  #010202    2 6  -0.0032
  14    0.287  #020201    2 7  0.0292
  15    0.290  #020202    3 1  0.0098
  16    0.289  #020203    3 2  -0.0033
  17    0.281  #030202    3 3  -0.0273
  18    0.283  #030203    3 4  0.0044
  19    0.274  #020302    3 5  -0.0298
  20    0.283  #020303    3 6  0.0297
  21    0.283  #030302    3 7  0.0018
  22    0.288  #030303    4 1  0.0175
  23    0.284  #030304    4 2  -0.0136
  24    0.283  #040303    4 3  -0.0031
  25    0.283  #040304    4 4  -0.0027
  26    0.284  #030403    4 5  0.0034
  27    0.289  #030404    4 6  0.0180
  28    0.284  #040403    4 7  -0.0181
  29    0.283  #040404    5 1  -0.0035
  30    0.277  #040405    5 2  -0.0209
  31    0.289  #050404    5 3  0.0434
  32    0.289  #050405    5 4  0.0001
  33    0.301  #040504    5 5  0.0421
  34    0.289  #040505    5 6  -0.0404
  35    0.293  #050504    5 7  0.0127
  36    0.278  #050505    6 1  -0.0534
  37    0.286  #050506    6 2  0.0297
  38    0.285  #060505    6 3  -0.0054
  39    0.286  #060506    6 4  0.0029
  40    0.287  #050605    6 5  0.0066
  41    0.286  #050606    6 6  -0.0045
  42    0.292  #060605    6 7  0.0208
  43    0.286  #060606    7 1  -0.0209
  44    0.292  #060607    7 2  0.0194
  45    0.286  #070606    7 3  -0.0200
  46    0.289  #070607    7 4  0.0089
  47    0.289  #060706    7 5  0.0021
  48    0.292  #060707    7 6  0.0090
  49    0.290  #070706    7 7  -0.0053
  50    0.285  #070707    8 1  -0.0184
  51    0.287  #070708    8 2  0.0081
  52    0.290  #080707    8 3  0.0095
  53    0.289  #080708    8 4  -0.0048
  54    0.288  #070807    8 5  -0.0010
  55    0.288  #070808    8 6  -0.0010
  56    0.293  #080807    8 7  0.0161
  57    0.294  #080808    9 1  0.0042
  58    0.293  #080809    9 2  -0.0043
  59    0.291  #090808    9 3  -0.0053
  60    0.285  #090809    9 4  -0.0218
  61    0.287  #080908    9 5  0.0074
  62    0.291  #080909    9 6  0.0146
  63    0.299  #090908    9 7  0.0252
  64    0.300  #090909   10 1  0.0050
  65    0.300  #09090a   10 2  -0.0010
  66    0.303  #0a0909   10 3  0.0098
  67    0.291  #0a090a   10 4  -0.0402
  68    0.303  #090a09   10 5  0.0407
  69    0.298  #090a0a   10 6  -0.0173
  70    0.301  #0a0a09   10 7  0.0111
  71    0.308  #0a0a0a   11 1  0.0231
  72    0.313  #0a0a0b   11 2  0.0144
  73    0.306  #0b0a0a   11 3  -0.0206
  74    0.306  #0b0a0b   11 4  0.0003
  75    0.317  #0a0b0a   11 5  0.0329
  76    0.312  #0a0b0b   11 6  -0.0137
  77    0.308  #0b0b0a   11 7  -0.0140
  78    0.315  #0b0b0b   12 1  0.0224
  79    0.319  #0b0b0c   12 2  0.0133
  80    0.321  #0c0b0b   12 3  0.0058
  81    0.315  #0c0b0c   12 4  -0.0185
  82    0.328  #0b0c0b   12 5  0.0411
  83    0.318  #0b0c0c   12 6  -0.0316
  84    0.323  #0c0c0b   12 7  0.0168
  85    0.329  #0c0c0c   13 1  0.0158
  86    0.322  #0c0c0d   13 2  -0.0206
  87    0.334  #0d0c0c   13 3  0.0364
  88    0.326  #0d0c0d   13 4  -0.0252
  89    0.328  #0c0d0c   13 5  0.0065
  90    0.331  #0c0d0d   13 6  0.0085
  91    0.329  #0d0d0c   13 7  -0.0032
  92    0.333  #0d0d0d   14 1  0.0098
  93    0.330  #0d0d0e   14 2  -0.0079
  94    0.335  #0e0d0d   14 3  0.0142
  95    0.339  #0e0d0e   14 4  0.0114
  96    0.347  #0d0e0d   14 5  0.0239
  97    0.340  #0d0e0e   14 6  -0.0194
  98    0.341  #0e0e0d   14 7  0.0025
  99    0.348  #0e0e0e   15 1  0.0204
 100    0.348  #0e0e0f   15 2  -0.0014
 101    0.351  #0f0e0e   15 3  0.0102
 102    0.358  #0f0e0f   15 4  0.0195
 103    0.356  #0e0f0e   15 5  -0.0055
 104    0.359  #0e0f0f   15 6  0.0090
 105    0.374  #0f0f0e   15 7  0.0407
 106    0.372  #0f0f0f   16 1  -0.0049
 107    0.373  #0f0f10   16 2  0.0009
 108    0.386  #100f0f   16 3  0.0344
 109    0.398  #100f10   16 4  0.0317
 110    0.394  #0f100f   16 5  -0.0097
 111    0.394  #0f1010   16 6  -0.0019
 112    0.392  #10100f   16 7  -0.0031
 113    0.399  #101010   17 1  0.0177
 114    0.402  #101011   17 2  0.0065
 115    0.391  #111010   17 3  -0.0288
 116    0.409  #111011   17 4  0.0452
 117    0.409  #101110   17 5  0.0006
 118    0.422  #101111   17 6  0.0320
 119    0.428  #111110   17 7  0.0135
 120    0.440  #111111   18 1  0.0276
 121    0.427  #111112   18 2  -0.0306
 122    0.440  #121111   18 3  0.0310
 123    0.449  #121112   18 4  0.0196
 124    0.457  #111211   18 5  0.0175
 125    0.456  #111212   18 6  -0.0006
 126    0.479  #121211   18 7  0.0485
 127    0.464  #121212   19 1  -0.0317
 128    0.471  #121213   19 2  0.0149
 129    0.459  #131212   19 3  -0.0260
 130    0.467  #131213   19 4  0.0169
 131    0.459  #121312   19 5  -0.0173
 132    0.462  #121313   19 6  0.0069
 133    0.470  #131312   19 7  0.0174
 134    0.471  #131313   20 1  0.0018
 135    0.469  #131314   20 2  -0.0043
 136    0.487  #141313   20 3  0.0381
 137    0.491  #141314   20 4  0.0087
 138    0.499  #131413   20 5  0.0151
 139    0.502  #131414   20 6  0.0069
 140    0.500  #141413   20 7  -0.0050
 141    0.515  #141414   21 1  0.0305
 142    0.529  #141415   21 2  0.0270
 143    0.535  #151414   21 3  0.0104
 144    0.540  #151415   21 4  0.0095
 145    0.557  #141514   21 5  0.0307
 146    0.568  #141515   21 6  0.0198
 147    0.568  #151514   21 7  -0.0004
 148    0.566  #151515   22 1  -0.0038
 149    0.570  #151516   22 2  0.0073
 150    0.586  #161515   22 3  0.0284
 151    0.589  #161516   22 4  0.0055
 152    0.616  #151615   22 5  0.0438
 153    0.615  #151616   22 6  -0.0006
 154    0.619  #161615   22 7  0.0056
 155    0.626  #161616   23 1  0.0109
 156    0.633  #161617   23 2  0.0119
 157    0.644  #171616   23 3  0.0164
 158    0.649  #171617   23 4  0.0076
 159    0.669  #161716   23 5  0.0304
 160    0.660  #161717   23 6  -0.0133
 161    0.676  #171716   23 7  0.0246
 162    0.677  #171717   24 1  0.0015
 163    0.693  #171718   24 2  0.0230
 164    0.703  #181717   24 3  0.0147
 165    0.707  #181718   24 4  0.0052
 166    0.731  #171817   24 5  0.0332
 167    0.735  #171818   24 6  0.0053
 168    0.741  #181817   24 7  0.0081
 169    0.746  #181818   25 1  0.0070
 170    0.754  #181819   25 2  0.0103
 171    0.768  #191818   25 3  0.0187
 172    0.773  #191819   25 4  0.0061
 173    0.746  #181918   25 5  -0.0346
 174    0.760  #181919   25 6  0.0187
 175    0.771  #191918   25 7  0.0135
 176    0.765  #191919   26 1  -0.0073
 177    0.773  #19191a   26 2  0.0101
 178    0.790  #1a1919   26 3  0.0213
 179    0.793  #1a191a   26 4  0.0045
 180    0.820  #191a19   26 5  0.0329
 181    0.823  #191a1a   26 6  0.0040
 182    0.851  #1a1a19   26 7  0.0332
 183    0.841  #1a1a1a   27 1  -0.0112
 184    0.847  #1a1a1b   27 2  0.0065
 185    0.855  #1b1a1a   27 3  0.0102
 186    0.864  #1b1a1b   27 4  0.0100
 187    0.900  #1a1b1a   27 5  0.0405
 188    0.900  #1a1b1b   27 6  0.0004
 189    0.920  #1b1b1a   27 7  0.0223
 190    0.925  #1b1b1b   28 1  0.0049
 191    0.936  #1b1b1c   28 2  0.0116
 192    0.928  #1c1b1b   28 3  -0.0082
 193    0.935  #1c1b1c   28 4  0.0075
 194    0.987  #1b1c1b   28 5  0.0538
 195    0.997  #1b1c1c   28 6  0.0101
 196    0.994  #1c1c1b   28 7  -0.0032
 197    0.998  #1c1c1c   29 1  0.0047
 198    1.005  #1c1c1d   29 2  0.0065
 199    1.023  #1d1c1c   29 3  0.0181
 200    1.048  #1d1c1d   29 4  0.0243
 201    1.067  #1c1d1c   29 5  0.0175
 202    1.077  #1c1d1d   29 6  0.0092
 203    1.102  #1d1d1c   29 7  0.0231
 204    1.109  #1d1d1d   30 1  0.0060
 205    1.112  #1d1d1e   30 2  0.0034
 206    1.126  #1e1d1d   30 3  0.0125
 207    1.148  #1e1d1e   30 4  0.0191
 208    1.184  #1d1e1d   30 5  0.0309
 209    1.200  #1d1e1e   30 6  0.0136
 210    1.219  #1e1e1d   30 7  0.0156
 211    1.229  #1e1e1e   31 1  0.0081
 212    1.227  #1e1e1f   31 2  -0.0015
 213    1.251  #1f1e1e   31 3  0.0190
 214    1.249  #1f1e1f   31 4  -0.0012
 215    1.226  #1e1f1e   31 5  -0.0191
 216    1.224  #1e1f1f   31 6  -0.0011
 217    1.263  #1f1f1e   31 7  0.0314
 218    1.262  #1f1f1f   32 1  -0.0006
 219    1.260  #1f1f20   32 2  -0.0024
 220    1.275  #201f1f   32 3  0.0123
 221    1.297  #201f20   32 4  0.0174
 222    1.338  #1f201f   32 5  0.0305
 223    1.344  #1f2020   32 6  0.0045
 224    1.377  #20201f   32 7  0.0246
 225    1.386  #202020   33 1  0.0062
 226    1.400  #202021   33 2  0.0101
 227    1.411  #212020   33 3  0.0082
 228    1.436  #212021   33 4  0.0172
 229    1.476  #202120   33 5  0.0275
 230    1.494  #202121   33 6  0.0121
 231    1.524  #212120   33 7  0.0199
 232    1.522  #212121   34 1  -0.0010
 233    1.548  #212122   34 2  0.0168
 234    1.582  #222121   34 3  0.0215
 235    1.575  #222122   34 4  -0.0042
 236    1.634  #212221   34 5  0.0364
 237    1.636  #212222   34 6  0.0012
 238    1.664  #222221   34 7  0.0171
 239    1.682  #222222   35 1  0.0110
 240    1.695  #222223   35 2  0.0073
 241    1.740  #232222   35 3  0.0262
 242    1.745  #232223   35 4  0.0031
 243    1.786  #222322   35 5  0.0231
 244    1.800  #222323   35 6  0.0082
 245    1.835  #232322   35 7  0.0190
 246    1.839  #232323   36 1  0.0025
 247    1.862  #232324   36 2  0.0123
 248    1.883  #242323   36 3  0.0110
 249    1.892  #242324   36 4  0.0048
 250    1.958  #232423   36 5  0.0341
 251    1.980  #232424   36 6  0.0114
 252    2.006  #242423   36 7  0.0128
 253    2.008  #242424   37 1  0.0011
 254    2.014  #242425   37 2  0.0029
 255    2.014  #252424   37 3  0.0001
 256    2.019  #252425   37 4  0.0025
 257    2.013  #242524   37 5  -0.0030
 258    2.011  #242525   37 6  -0.0010
 259    2.017  #252524   37 7  0.0030
 260    2.010  #252525   38 1  -0.0033
 261    2.030  #252526   38 2  0.0098
 262    2.047  #262525   38 3  0.0082
 263    2.062  #262526   38 4  0.0071
 264    2.139  #252625   38 5  0.0370
 265    2.153  #252626   38 6  0.0064
 266    2.173  #262625   38 7  0.0093
 267    2.190  #262626   39 1  0.0079
 268    2.197  #262627   39 2  0.0031
 269    2.218  #272626   39 3  0.0096
 270    2.235  #272627   39 4  0.0074
 271    2.289  #262726   39 5  0.0239
 272    2.309  #262727   39 6  0.0088
 273    2.322  #272726   39 7  0.0055
 274    2.333  #272727   40 1  0.0049
 275    2.356  #272728   40 2  0.0096
 276    2.378  #282727   40 3  0.0093
 277    2.383  #282728   40 4  0.0023
 278    2.446  #272827   40 5  0.0261
 279    2.465  #272828   40 6  0.0076
 280    2.483  #282827   40 7  0.0074
 281    2.503  #282828   41 1  0.0078
 282    2.506  #282829   41 2  0.0012
 283    2.533  #292828   41 3  0.0110
 284    2.546  #292829   41 4  0.0049
 285    2.612  #282928   41 5  0.0256
 286    2.614  #282929   41 6  0.0008
 287    2.646  #292928   41 7  0.0120
 288    2.656  #292929   42 1  0.0041
 289    2.671  #29292a   42 2  0.0055
 290    2.690  #2a2929   42 3  0.0072
 291    2.701  #2a292a   42 4  0.0039
 292    2.767  #292a29   42 5  0.0240
 293    2.789  #292a2a   42 6  0.0080
 294    2.805  #2a2a29   42 7  0.0057
 295    2.820  #2a2a2a   43 1  0.0054
 296    2.836  #2a2a2b   43 2  0.0055
 297    2.865  #2b2a2a   43 3  0.0104
 298    2.875  #2b2a2b   43 4  0.0033
 299    2.824  #2a2b2a   43 5  -0.0177
 300    2.820  #2a2b2b   43 6  -0.0017
 301    2.866  #2b2b2a   43 7  0.0164
 302    2.867  #2b2b2b   44 1  0.0001
 303    2.874  #2b2b2c   44 2  0.0025
 304    2.898  #2c2b2b   44 3  0.0084
 305    2.918  #2c2b2c   44 4  0.0067
 306    2.971  #2b2c2b   44 5  0.0182
 307    2.995  #2b2c2c   44 6  0.0079
 308    3.016  #2c2c2b   44 7  0.0071
 309    3.029  #2c2c2c   45 1  0.0044
 310    3.049  #2c2c2d   45 2  0.0065
 311    3.075  #2d2c2c   45 3  0.0085
 312    3.094  #2d2c2d   45 4  0.0061
 313    3.158  #2c2d2c   45 5  0.0203
 314    3.167  #2c2d2d   45 6  0.0028
 315    3.198  #2d2d2c   45 7  0.0100
 316    3.206  #2d2d2d   46 1  0.0025
 317    3.232  #2d2d2e   46 2  0.0081
 318    3.217  #2e2d2d   46 3  -0.0047
 319    3.230  #2e2d2e   46 4  0.0038
 320    3.338  #2d2e2d   46 5  0.0329
 321    3.349  #2d2e2e   46 6  0.0032
 322    3.339  #2e2e2d   46 7  -0.0028
 323    3.345  #2e2e2e   47 1  0.0019
 324    3.366  #2e2e2f   47 2  0.0062
 325    3.392  #2f2e2e   47 3  0.0077
 326    3.412  #2f2e2f   47 4  0.0057
 327    3.475  #2e2f2e   47 5  0.0185
 328    3.500  #2e2f2f   47 6  0.0070
 329    3.546  #2f2f2e   47 7  0.0132
 330    3.552  #2f2f2f   48 1  0.0016
 331    3.568  #2f2f30   48 2  0.0045
 332    3.595  #302f2f   48 3  0.0075
 333    3.622  #302f30   48 4  0.0075
 334    3.698  #2f302f   48 5  0.0207
 335    3.694  #2f3030   48 6  -0.0009
 336    3.722  #30302f   48 7  0.0076
 337    3.765  #303030   49 1  0.0115
 338    3.752  #303031   49 2  -0.0036
 339    3.808  #313030   49 3  0.0150
 340    3.806  #313031   49 4  -0.0006
 341    3.750  #303130   49 5  -0.0148
 342    3.751  #303131   49 6  0.0002
 343    3.795  #313130   49 7  0.0117
 344    3.811  #313131   50 1  0.0041
 345    3.820  #313132   50 2  0.0026
 346    3.849  #323131   50 3  0.0076
 347    3.875  #323132   50 4  0.0066
 348    3.942  #313231   50 5  0.0171
 349    3.958  #313232   50 6  0.0041
 350    3.998  #323231   50 7  0.0100
 351    4.028  #323232   51 1  0.0074
 352    4.034  #323233   51 2  0.0015
 353    4.059  #333232   51 3  0.0063
 354    4.081  #333233   51 4  0.0054
 355    4.150  #323332   51 5  0.0168
 356    4.173  #323333   51 6  0.0055
 357    4.203  #333332   51 7  0.0072
 358    4.232  #333333   52 1  0.0069
 359    4.240  #333334   52 2  0.0019
 360    4.276  #343333   52 3  0.0085
 361    4.296  #343334   52 4  0.0047
 362    4.365  #333433   52 5  0.0159
 363    4.396  #333434   52 6  0.0071
 364    4.427  #343433   52 7  0.0068
 365    4.447  #343434   53 1  0.0045
 366    4.463  #343435   53 2  0.0037
 367    4.502  #353434   53 3  0.0087
 368    4.519  #353435   53 4  0.0038
 369    4.604  #343534   53 5  0.0186
 370    4.615  #343535   53 6  0.0024
 371    4.660  #353534   53 7  0.0097
 372    4.681  #353535   54 1  0.0044
 373    4.693  #353536   54 2  0.0027
 374    4.728  #363535   54 3  0.0073
 375    4.764  #363536   54 4  0.0075
 376    4.838  #353635   54 5  0.0155
 377    4.863  #353636   54 6  0.0052
 378    4.901  #363635   54 7  0.0077
 379    4.914  #363636   55 1  0.0026
 380    4.919  #363637   55 2  0.0010
 381    4.924  #373636   55 3  0.0010
 382    4.909  #373637   55 4  -0.0029
 383    4.917  #363736   55 5  0.0016
 384    4.928  #363737   55 6  0.0021
 385    4.926  #373736   55 7  -0.0003
 386    4.926  #373737   56 1  -0.0001
 387    4.944  #373738   56 2  0.0037
 388    4.977  #383737   56 3  0.0066
 389    4.992  #383738   56 4  0.0031
 390    5.085  #373837   56 5  0.0185
 391    5.109  #373838   56 6  0.0046
 392    5.141  #383837   56 7  0.0062
 393    5.165  #383838   57 1  0.0048
 394    5.187  #383839   57 2  0.0043
 395    5.225  #393838   57 3  0.0071
 396    5.260  #393839   57 4  0.0067
 397    5.345  #383938   57 5  0.0161
 398    5.361  #383939   57 6  0.0030
 399    5.405  #393938   57 7  0.0080
 400    5.432  #393939   58 1  0.0050
 401    5.455  #39393a   58 2  0.0043
 402    5.491  #3a3939   58 3  0.0064
 403    5.513  #3a393a   58 4  0.0040
 404    5.608  #393a39   58 5  0.0172
 405    5.637  #393a3a   58 6  0.0051
 406    5.681  #3a3a39   58 7  0.0078
 407    5.704  #3a3a3a   59 1  0.0040
 408    5.723  #3a3a3b   59 2  0.0033
 409    5.769  #3b3a3a   59 3  0.0080
 410    5.785  #3b3a3b   59 4  0.0028
 411    5.889  #3a3b3a   59 5  0.0179
 412    5.916  #3a3b3b   59 6  0.0045
 413    5.963  #3b3b3a   59 7  0.0079
 414    5.988  #3b3b3b   60 1  0.0043
 415    6.003  #3b3b3c   60 2  0.0025
 416    6.054  #3c3b3b   60 3  0.0084
 417    6.075  #3c3b3c   60 4  0.0035
 418    6.162  #3b3c3b   60 5  0.0141
 419    6.196  #3b3c3c   60 6  0.0056
 420    6.250  #3c3c3b   60 7  0.0086
 421    6.258  #3c3c3c   61 1  0.0012
 422    6.259  #3c3c3d   61 2  0.0002
 423    6.327  #3d3c3c   61 3  0.0108
 424    6.335  #3d3c3d   61 4  0.0013
 425    6.265  #3c3d3c   61 5  -0.0111
 426    6.254  #3c3d3d   61 6  -0.0019
 427    6.328  #3d3d3c   61 7  0.0118
 428    6.327  #3d3d3d   62 1  -0.0001
 429    6.348  #3d3d3e   62 2  0.0033
 430    6.394  #3e3d3d   62 3  0.0072
 431    6.416  #3e3d3e   62 4  0.0034
 432    6.523  #3d3e3d   62 5  0.0166
 433    6.541  #3d3e3e   62 6  0.0029
 434    6.579  #3e3e3d   62 7  0.0057
 435    6.610  #3e3e3e   63 1  0.0047
 436    6.646  #3e3e3f   63 2  0.0053
 437    6.688  #3f3e3e   63 3  0.0063
 438    6.716  #3f3e3f   63 4  0.0043
 439    6.822  #3e3f3e   63 5  0.0157
 440    6.845  #3e3f3f   63 6  0.0034
 441    6.878  #3f3f3e   63 7  0.0047
 442    6.912  #3f3f3f   64 1  0.0050
 443    6.934  #3f3f40   64 2  0.0033
 444    7.001  #403f3f   64 3  0.0096
 445    7.009  #403f40   64 4  0.0011
 446    7.109  #3f403f   64 5  0.0142
 447    7.145  #3f4040   64 6  0.0050
 448    7.187  #40403f   64 7  0.0059
 449    7.215  #404040   65 1  0.0039
 450    7.246  #404041   65 2  0.0043
 451    7.213  #414040   65 3  -0.0046
 452    7.242  #414041   65 4  0.0040
 453    7.426  #404140   65 5  0.0252
 454    7.454  #404141   65 6  0.0037
 455    7.424  #414140   65 7  -0.0041
 456    7.459  #414141   66 1  0.0047
 457    7.494  #414142   66 2  0.0047
 458    7.536  #424141   66 3  0.0055
 459    7.579  #424142   66 4  0.0058
 460    7.696  #414241   66 5  0.0153
 461    7.721  #414242   66 6  0.0032
 462    7.757  #424241   66 7  0.0046
 463    7.795  #424242   67 1  0.0049
 464    7.794  #424243   67 2  -0.0002
 465    7.871  #434242   67 3  0.0098
 466    7.861  #434243   67 4  -0.0012
 467    7.806  #424342   67 5  -0.0070
 468    7.784  #424343   67 6  -0.0029
 469    7.858  #434342   67 7  0.0095
 470    7.858  #434343   68 1  0.0000
 471    7.884  #434344   68 2  0.0034
 472    7.938  #444343   68 3  0.0068
 473    7.975  #444344   68 4  0.0047
 474    8.084  #434443   68 5  0.0135
 475    8.130  #434444   68 6  0.0057
 476    8.166  #444443   68 7  0.0044
 477    8.201  #444444   69 1  0.0043
 478    8.232  #444445   69 2  0.0038
 479    8.279  #454444   69 3  0.0057
 480    8.299  #454445   69 4  0.0024
 481    8.415  #444544   69 5  0.0138
 482    8.453  #444545   69 6  0.0046
 483    8.486  #454544   69 7  0.0038
 484    8.535  #454545   70 1  0.0058
 485    8.556  #454546   70 2  0.0025
 486    8.611  #464545   70 3  0.0064
 487    8.643  #464546   70 4  0.0037
 488    8.766  #454645   70 5  0.0141
 489    8.787  #454646   70 6  0.0024
 490    8.861  #464645   70 7  0.0084
 491    8.877  #464646   71 1  0.0018
 492    8.915  #464647   71 2  0.0043
 493    8.965  #474646   71 3  0.0055
 494    8.992  #474647   71 4  0.0030
 495    9.115  #464746   71 5  0.0136
 496    9.148  #464747   71 6  0.0036
 497    9.193  #474746   71 7  0.0049
 498    9.237  #474747   72 1  0.0047
 499    9.266  #474748   72 2  0.0032
 500    9.332  #484747   72 3  0.0070
 501    9.357  #484748   72 4  0.0027
 502    9.478  #474847   72 5  0.0129
 503    9.514  #474848   72 6  0.0038
 504    9.591  #484847   72 7  0.0080
 505    9.620  #484848   73 1  0.0031
 506    9.621  #484849   73 2  0.0001
 507    9.722  #494848   73 3  0.0104
 508    9.725  #494849   73 4  0.0003
 509    9.621  #484948   73 5  -0.0107
 510    9.620  #484949   73 6  -0.0002
 511    9.719  #494948   73 7  0.0103
 512    9.736  #494949   74 1  0.0017
 513    9.756  #49494a   74 2  0.0021
 514    9.729  #4a4949   74 3  -0.0028
 515    9.773  #4a494a   74 4  0.0046
 516    9.970  #494a49   74 5  0.0199
 517   10.005  #494a4a   74 6  0.0035
 518    9.969  #4a4a49   74 7  -0.0036
 519   10.010  #4a4a4a   75 1  0.0041
 520   10.040  #4a4a4b   75 2  0.0030
 521   10.118  #4b4a4a   75 3  0.0077
 522   10.145  #4b4a4b   75 4  0.0026
 523   10.281  #4a4b4a   75 5  0.0133
 524   10.296  #4a4b4b   75 6  0.0014
 525   10.365  #4b4b4a   75 7  0.0067
 526   10.401  #4b4b4b   76 1  0.0035
 527   10.443  #4b4b4c   76 2  0.0040
 528   10.534  #4c4b4b   76 3  0.0087
 529   10.542  #4c4b4c   76 4  0.0007
 530   10.663  #4b4c4b   76 5  0.0114
 531   10.710  #4b4c4c   76 6  0.0044
 532   10.770  #4c4c4b   76 7  0.0056
 533   10.812  #4c4c4c   77 1  0.0038
 534   10.861  #4c4c4d   77 2  0.0045
 535   10.931  #4d4c4c   77 3  0.0064
 536   10.978  #4d4c4d   77 4  0.0043
 537   11.123  #4c4d4c   77 5  0.0132
 538   11.181  #4c4d4d   77 6  0.0052
 539   11.242  #4d4d4c   77 7  0.0054
 540   11.271  #4d4d4d   78 1  0.0026
 541   11.322  #4d4d4e   78 2  0.0045
 542   11.384  #4e4d4d   78 3  0.0055
 543   11.438  #4e4d4e   78 4  0.0047
 544   11.611  #4d4e4d   78 5  0.0150
 545   11.644  #4d4e4e   78 6  0.0029
 546   11.722  #4e4e4d   78 7  0.0067
 547   11.765  #4e4e4e   79 1  0.0037
 548   11.763  #4e4e4f   79 2  -0.0002
 549   11.879  #4f4e4e   79 3  0.0098
 550   11.882  #4f4e4f   79 4  0.0002
 551   11.757  #4e4f4e   79 5  -0.0106
 552   11.765  #4e4f4f   79 6  0.0007
 553   11.883  #4f4f4e   79 7  0.0100
 554   11.885  #4f4f4f   80 1  0.0002
 555   11.924  #4f4f50   80 2  0.0032
 556   12.006  #504f4f   80 3  0.0069
 557   12.052  #504f50   80 4  0.0038
 558   12.205  #4f504f   80 5  0.0126
 559   12.265  #4f5050   80 6  0.0049
 560   12.323  #50504f   80 7  0.0047
 561   12.384  #505050   81 1  0.0049
 562   12.419  #505051   81 2  0.0029
 563   12.486  #515050   81 3  0.0054
 564   12.538  #515051   81 4  0.0042
 565   12.701  #505150   81 5  0.0129
 566   12.746  #505151   81 6  0.0036
 567   12.827  #515150   81 7  0.0063
 568   12.882  #515151   82 1  0.0043
 569   12.915  #515152   82 2  0.0025
 570   13.011  #525151   82 3  0.0074
 571   13.071  #525152   82 4  0.0046
 572   13.227  #515251   82 5  0.0119
 573   13.291  #515252   82 6  0.0048
 574   13.365  #525251   82 7  0.0055
 575   13.401  #525252   83 1  0.0027
 576   13.465  #525253   83 2  0.0048
 577   13.409  #535252   83 3  -0.0042
 578   13.459  #535253   83 4  0.0037
 579   13.782  #525352   83 5  0.0238
 580   13.833  #525353   83 6  0.0036
 581   13.792  #535352   83 7  -0.0029
 582   13.820  #535353   84 1  0.0020
 583   13.876  #535354   84 2  0.0040
 584   13.963  #545353   84 3  0.0062
 585   14.007  #545354   84 4  0.0032
 586   14.189  #535453   84 5  0.0129
 587   14.241  #535454   84 6  0.0037
 588   14.332  #545453   84 7  0.0064
 589   14.372  #545454   85 1  0.0028
 590   14.387  #545455   85 2  0.0011
 591   14.524  #555454   85 3  0.0095
 592   14.520  #555455   85 4  -0.0003
 593   14.370  #545554   85 5  -0.0104
 594   14.381  #545555   85 6  0.0008
 595   14.506  #555554   85 7  0.0086
 596   14.518  #555555   86 1  0.0008
 597   14.560  #555556   86 2  0.0029
 598   14.659  #565555   86 3  0.0068
 599   14.725  #565556   86 4  0.0045
 600   14.889  #555655   86 5  0.0111
 601   14.944  #555656   86 6  0.0037
 602   15.056  #565655   86 7  0.0074
 603   15.118  #565656   87 1  0.0041
 604   15.142  #565657   87 2  0.0016
 605   15.242  #575656   87 3  0.0066
 606   15.303  #575657   87 4  0.0040
 607   15.475  #565756   87 5  0.0112
 608   15.547  #565757   87 6  0.0046
 609   15.642  #575756   87 7  0.0061
 610   15.688  #575757   88 1  0.0029
 611   15.759  #575758   88 2  0.0045
 612   15.835  #585757   88 3  0.0048
 613   15.898  #585758   88 4  0.0040
 614   16.081  #575857   88 5  0.0115
 615   16.134  #575858   88 6  0.0033
 616   16.238  #585857   88 7  0.0064
 617   16.280  #585858   89 1  0.0026
 618   16.347  #585859   89 2  0.0041
 619   16.444  #595858   89 3  0.0059
 620   16.503  #595859   89 4  0.0036
 621   16.713  #585958   89 5  0.0126
 622   16.781  #585959   89 6  0.0041
 623   16.870  #595958   89 7  0.0053
 624   16.931  #595959   90 1  0.0036
 625   16.986  #59595a   90 2  0.0033
 626   17.095  #5a5959   90 3  0.0064
 627   17.138  #5a595a   90 4  0.0025
 628   17.353  #595a59   90 5  0.0125
 629   17.403  #595a5a   90 6  0.0029
 630   17.510  #5a5a59   90 7  0.0062
 631   17.555  #5a5a5a   91 1  0.0026
 632   17.583  #5a5a5b   91 2  0.0016
 633   17.722  #5b5a5a   91 3  0.0079
 634   17.717  #5b5a5b   91 4  -0.0003
 635   17.574  #5a5b5a   91 5  -0.0081
 636   17.562  #5a5b5b   91 6  -0.0007
 637   17.734  #5b5b5a   91 7  0.0098
 638   17.750  #5b5b5b   92 1  0.0009
 639   17.802  #5b5b5c   92 2  0.0029
 640   17.739  #5c5b5b   92 3  -0.0035
 641   17.799  #5c5b5c   92 4  0.0034
 642   18.157  #5b5c5b   92 5  0.0199
 643   18.246  #5b5c5c   92 6  0.0049
 644   18.157  #5c5c5b   92 7  -0.0049
 645   18.222  #5c5c5c   93 1  0.0035
 646   18.278  #5c5c5d   93 2  0.0031
 647   18.380  #5d5c5c   93 3  0.0056
 648   18.441  #5d5c5d   93 4  0.0033
 649   18.691  #5c5d5c   93 5  0.0135
 650   18.737  #5c5d5d   93 6  0.0025
 651   18.856  #5d5d5c   93 7  0.0063
 652   18.917  #5d5d5d   94 1  0.0033
 653   18.997  #5d5d5e   94 2  0.0042
 654   19.070  #5e5d5d   94 3  0.0039
 655   19.132  #5e5d5e   94 4  0.0032
 656   19.403  #5d5e5d   94 5  0.0141
 657   19.472  #5d5e5e   94 6  0.0035
 658   19.561  #5e5e5d   94 7  0.0045
 659   19.609  #5e5e5e   95 1  0.0025
 660   19.680  #5e5e5f   95 2  0.0036
 661   19.776  #5f5e5e   95 3  0.0049
 662   19.859  #5f5e5f   95 4  0.0042
 663   20.126  #5e5f5e   95 5  0.0133
 664   20.176  #5e5f5f   95 6  0.0025
 665   20.275  #5f5f5e   95 7  0.0049
 666   20.324  #5f5f5f   96 1  0.0024
 667   20.381  #5f5f60   96 2  0.0028
 668   20.502  #605f5f   96 3  0.0059
 669   20.574  #605f60   96 4  0.0035
 670   20.836  #5f605f   96 5  0.0127
 671   20.881  #5f6060   96 6  0.0021
 672   20.987  #60605f   96 7  0.0051
 673   21.067  #606060   97 1  0.0038
 674   21.070  #606061   97 2  0.0001
 675   21.218  #616060   97 3  0.0070
 676   21.247  #616061   97 4  0.0014
 677   21.042  #606160   97 5  -0.0097
 678   21.035  #606161   97 6  -0.0003
 679   21.233  #616160   97 7  0.0094
 680   21.233  #616161   98 1  0.0000
 681   21.285  #616162   98 2  0.0024
 682   21.387  #626161   98 3  0.0048
 683   21.466  #626162   98 4  0.0037
 684   21.733  #616261   98 5  0.0124
 685   21.798  #616262   98 6  0.0030
 686   21.905  #626261   98 7  0.0049
 687   21.947  #626262   99 1  0.0019
 688   22.041  #626263   99 2  0.0042
 689   22.124  #636262   99 3  0.0038
 690   22.184  #636263   99 4  0.0027
 691   22.450  #626362   99 5  0.0119
 692   22.534  #626363   99 6  0.0038
 693   22.626  #636362   99 7  0.0040
 694   22.706  #636363  100 1  0.0035
 695   22.774  #636364  100 2  0.0030
 696   22.886  #646363  100 3  0.0049
 697   22.957  #646364  100 4  0.0031
 698   23.196  #636463  100 5  0.0103
 699   23.264  #636464  100 6  0.0029
 700   23.386  #646463  100 7  0.0052
 701   23.478  #646464  101 1  0.0039
 702   23.523  #646465  101 2  0.0019
 703   23.475  #656464  101 3  -0.0021
 704   23.535  #656465  101 4  0.0025
 705   23.965  #646564  101 5  0.0181
 706   24.047  #646565  101 6  0.0034
 707   23.968  #656564  101 7  -0.0033
 708   24.033  #656565  102 1  0.0027
 709   24.104  #656566  102 2  0.0029
 710   24.222  #666565  102 3  0.0049
 711   24.302  #666566  102 4  0.0033
 712   24.554  #656665  102 5  0.0103
 713   24.627  #656666  102 6  0.0030
 714   24.740  #666665  102 7  0.0046
 715   24.783  #666666  103 1  0.0017
 716   24.793  #666667  103 2  0.0004
 717   24.990  #676666  103 3  0.0079
 718   24.977  #676667  103 4  -0.0005
 719   24.799  #666766  103 5  -0.0072
 720   24.798  #666767  103 6  -0.0000
 721   24.984  #676766  103 7  0.0074
 722   24.994  #676767  104 1  0.0004
 723   25.048  #676768  104 2  0.0022
 724   25.161  #686767  104 3  0.0045
 725   25.241  #686768  104 4  0.0032
 726   25.512  #676867  104 5  0.0107
 727   25.590  #676868  104 6  0.0030
 728   25.659  #686867  104 7  0.0027
 729   25.761  #686868  105 1  0.0039
 730   25.817  #686869  105 2  0.0022
 731   25.932  #696868  105 3  0.0044
 732   26.003  #696869  105 4  0.0027
 733   26.277  #686968  105 5  0.0105
 734   26.355  #686969  105 6  0.0030
 735   26.455  #696968  105 7  0.0038
 736   26.529  #696969  106 1  0.0028
 737   26.603  #69696a  106 2  0.0028
 738   26.701  #6a6969  106 3  0.0037
 739   26.777  #6a696a  106 4  0.0029
 740   27.074  #696a69  106 5  0.0110
 741   27.149  #696a6a  106 6  0.0027
 742   27.240  #6a6a69  106 7  0.0034
 743   27.335  #6a6a6a  107 1  0.0035
 744   27.414  #6a6a6b  107 2  0.0029
 745   27.517  #6b6a6a  107 3  0.0037
 746   27.590  #6b6a6b  107 4  0.0027
 747   27.851  #6a6b6a  107 5  0.0094
 748   27.921  #6a6b6b  107 6  0.0025
 749   28.042  #6b6b6a  107 7  0.0043
 750   28.107  #6b6b6b  108 1  0.0023
 751   28.202  #6b6b6c  108 2  0.0034
 752   28.289  #6c6b6b  108 3  0.0031
 753   28.381  #6c6b6c  108 4  0.0033
 754   28.666  #6b6c6b  108 5  0.0100
 755   28.755  #6b6c6c  108 6  0.0031
 756   28.851  #6c6c6b  108 7  0.0034
 757   28.934  #6c6c6c  109 1  0.0029
 758   29.003  #6c6c6d  109 2  0.0024
 759   29.111  #6d6c6c  109 3  0.0037
 760   29.158  #6d6c6d  109 4  0.0016
 761   29.447  #6c6d6c  109 5  0.0099
 762   29.507  #6c6d6d  109 6  0.0020
 763   29.636  #6d6d6c  109 7  0.0044
 764   29.733  #6d6d6d  110 1  0.0033
 765   29.752  #6d6d6e  110 2  0.0007
 766   29.726  #6e6d6d  110 3  -0.0009
 767   29.743  #6e6d6e  110 4  0.0006
 768   29.707  #6d6e6d  110 5  -0.0012
 769   29.735  #6d6e6e  110 6  0.0010
 770   29.725  #6e6e6d  110 7  -0.0003
 771   29.729  #6e6e6e  111 1  0.0001
 772   29.778  #6e6e6f  111 2  0.0016
 773   29.892  #6f6e6e  111 3  0.0038
 774   29.993  #6f6e6f  111 4  0.0034
 775   30.260  #6e6f6e  111 5  0.0089
 776   30.338  #6e6f6f  111 6  0.0026
 777   30.473  #6f6f6e  111 7  0.0044
 778   30.542  #6f6f6f  112 1  0.0023
 779   30.620  #6f6f70  112 2  0.0025
 780   30.733  #706f6f  112 3  0.0037
 781   30.813  #706f70  112 4  0.0026
 782   31.087  #6f706f  112 5  0.0088
 783   31.166  #6f7070  112 6  0.0025
 784   31.272  #70706f  112 7  0.0034
 785   31.357  #707070  113 1  0.0027
 786   31.431  #707071  113 2  0.0024
 787   31.535  #717070  113 3  0.0033
 788   31.622  #717071  113 4  0.0028
 789   31.909  #707170  113 5  0.0090
 790   32.002  #707171  113 6  0.0029
 791   32.087  #717170  113 7  0.0027
 792   32.190  #717171  114 1  0.0032
 793   32.268  #717172  114 2  0.0024
 794   32.373  #727171  114 3  0.0032
 795   32.453  #727172  114 4  0.0025
 796   32.745  #717271  114 5  0.0090
 797   32.832  #717272  114 6  0.0027
 798   32.954  #727271  114 7  0.0037
 799   33.025  #727272  115 1  0.0022
 800   33.104  #727273  115 2  0.0024
 801   33.221  #737272  115 3  0.0035
 802   33.299  #737273  115 4  0.0024
 803   33.588  #727372  115 5  0.0086
 804   33.671  #727373  115 6  0.0025
 805   33.782  #737372  115 7  0.0033
 806   33.883  #737373  116 1  0.0030
 807   33.848  #737374  116 2  -0.0010
 808   34.059  #747373  116 3  0.0062
 809   34.060  #747374  116 4  0.0000
 810   33.864  #737473  116 5  -0.0058
 811   33.878  #737474  116 6  0.0004
 812   34.073  #747473  116 7  0.0057
 813   34.072  #747474  117 1  -0.0000
 814   34.122  #747475  117 2  0.0015
 815   34.268  #757474  117 3  0.0043
 816   34.326  #757475  117 4  0.0017
 817   34.632  #747574  117 5  0.0089
 818   34.732  #747575  117 6  0.0029
 819   34.827  #757574  117 7  0.0027
 820   34.918  #757575  118 1  0.0026
 821   35.014  #757576  118 2  0.0028
 822   35.140  #767575  118 3  0.0036
 823   35.253  #767576  118 4  0.0032
 824   35.580  #757675  118 5  0.0092
 825   35.664  #757676  118 6  0.0023
 826   35.794  #767675  118 7  0.0036
 827   35.882  #767676  119 1  0.0024
 828   35.965  #767677  119 2  0.0023
 829   35.895  #777676  119 3  -0.0019
 830   35.967  #777677  119 4  0.0020
 831   36.498  #767776  119 5  0.0147
 832   36.581  #767777  119 6  0.0023
 833   36.486  #777776  119 7  -0.0026
 834   36.575  #777777  120 1  0.0024
 835   36.668  #777778  120 2  0.0025
 836   36.773  #787777  120 3  0.0029
 837   36.850  #787778  120 4  0.0021
 838   37.161  #777877  120 5  0.0084
 839   37.256  #777878  120 6  0.0026
 840   37.356  #787877  120 7  0.0027
 841   37.438  #787878  121 1  0.0022
 842   37.540  #787879  121 2  0.0027
 843   37.645  #797878  121 3  0.0028
 844   37.730  #797879  121 4  0.0023
 845   38.039  #787978  121 5  0.0081
 846   38.125  #787979  121 6  0.0023
 847   38.241  #797978  121 7  0.0030
 848   38.315  #797979  122 1  0.0019
 849   38.309  #79797a  122 2  -0.0001
 850   38.534  #7a7979  122 3  0.0058
 851   38.525  #7a797a  122 4  -0.0002
 852   38.327  #797a79  122 5  -0.0052
 853   38.309  #797a7a  122 6  -0.0005
 854   38.504  #7a7a79  122 7  0.0051
 855   38.498  #7a7a7a  123 1  -0.0002
 856   38.605  #7a7a7b  123 2  0.0028
 857   38.729  #7b7a7a  123 3  0.0032
 858   38.815  #7b7a7b  123 4  0.0022
 859   39.122  #7a7b7a  123 5  0.0079
 860   39.209  #7a7b7b  123 6  0.0022
 861   39.340  #7b7b7a  123 7  0.0033
 862   39.408  #7b7b7b  124 1  0.0017
 863   39.477  #7b7b7c  124 2  0.0018
 864   39.608  #7c7b7b  124 3  0.0033
 865   39.704  #7c7b7c  124 4  0.0024
 866   40.019  #7b7c7b  124 5  0.0079
 867   40.094  #7b7c7c  124 6  0.0019
 868   40.206  #7c7c7b  124 7  0.0028
 869   40.321  #7c7c7c  125 1  0.0029
 870   40.386  #7c7c7d  125 2  0.0016
 871   40.501  #7d7c7c  125 3  0.0028
 872   40.568  #7d7c7d  125 4  0.0017
 873   40.887  #7c7d7c  125 5  0.0078
 874   40.999  #7c7d7d  125 6  0.0027
 875   41.105  #7d7d7c  125 7  0.0026
 876   41.189  #7d7d7d  126 1  0.0020
 877   41.288  #7d7d7e  126 2  0.0024
 878   41.415  #7e7d7d  126 3  0.0031
 879   41.479  #7e7d7e  126 4  0.0016
 880   41.816  #7d7e7d  126 5  0.0081
 881   41.907  #7d7e7e  126 6  0.0022
 882   42.035  #7e7e7d  126 7  0.0031
 883   42.103  #7e7e7e  127 1  0.0016
 884   42.197  #7e7e7f  127 2  0.0022
 885   42.303  #7f7e7e  127 3  0.0025
 886   42.400  #7f7e7f  127 4  0.0023
 887   42.707  #7e7f7e  127 5  0.0072
 888   42.796  #7e7f7f  127 6  0.0021
 889   42.897  #7f7f7e  127 7  0.0024
 890   43.002  #7f7f7f  128 1  0.0024
 891   43.009  #7f7f80  128 2  0.0002
 892   43.194  #807f7f  128 3  0.0043
 893   43.203  #807f80  128 4  0.0002
 894   42.998  #7f807f  128 5  -0.0047
 895   43.008  #7f8080  128 6  0.0002
 896   43.216  #80807f  128 7  0.0048
 897   43.207  #808080  129 1  -0.0002
 898   43.288  #808081  129 2  0.0019
 899   43.207  #818080  129 3  -0.0019
 900   43.295  #818081  129 4  0.0021
 901   43.831  #808180  129 5  0.0123
 902   43.919  #808181  129 6  0.0020
 903   43.812  #818180  129 7  -0.0024
 904   43.894  #818181  130 1  0.0019
 905   43.984  #818182  130 2  0.0021
 906   44.121  #828181  130 3  0.0031
 907   44.234  #828182  130 4  0.0025
 908   44.565  #818281  130 5  0.0075
 909   44.658  #818282  130 6  0.0021
 910   44.774  #828281  130 7  0.0026
 911   44.889  #828282  131 1  0.0026
 912   44.964  #828283  131 2  0.0017
 913   45.111  #838282  131 3  0.0033
 914   45.198  #838283  131 4  0.0019
 915   45.524  #828382  131 5  0.0072
 916   45.621  #828383  131 6  0.0021
 917   45.743  #838382  131 7  0.0027
 918   45.831  #838383  132 1  0.0019
 919   45.936  #838384  132 2  0.0023
 920   46.026  #848383  132 3  0.0020
 921   46.118  #848384  132 4  0.0020
 922   46.460  #838483  132 5  0.0074
 923   46.545  #838484  132 6  0.0018
 924   46.654  #848483  132 7  0.0024
 925   46.744  #848484  133 1  0.0019
 926   46.827  #848485  133 2  0.0018
 927   46.926  #858484  133 3  0.0021
 928   47.046  #858485  133 4  0.0026
 929   47.369  #848584  133 5  0.0068
 930   47.438  #848585  133 6  0.0015
 931   47.570  #858584  133 7  0.0028
 932   47.677  #858585  134 1  0.0022
 933   47.666  #858586  134 2  -0.0002
 934   47.855  #868585  134 3  0.0040
 935   47.857  #868586  134 4  0.0000
 936   47.649  #858685  134 5  -0.0043
 937   47.656  #858686  134 6  0.0001
 938   47.838  #868685  134 7  0.0038
 939   47.850  #868686  135 1  0.0003
 940   47.945  #868687  135 2  0.0020
 941   48.051  #878686  135 3  0.0022
 942   48.145  #878687  135 4  0.0019
 943   48.471  #868786  135 5  0.0068
 944   48.556  #868787  135 6  0.0018
 945   48.679  #878786  135 7  0.0025
 946   48.766  #878787  136 1  0.0018
 947   48.834  #878788  136 2  0.0014
 948   48.977  #888787  136 3  0.0029
 949   49.058  #888788  136 4  0.0017
 950   49.394  #878887  136 5  0.0068
 951   49.468  #878888  136 6  0.0015
 952   49.588  #888887  136 7  0.0024
 953   49.661  #888888  137 1  0.0015
 954   49.781  #888889  137 2  0.0024
 955   49.874  #898888  137 3  0.0019
 956   49.949  #898889  137 4  0.0015
 957   50.282  #888988  137 5  0.0066
 958   50.381  #888989  137 6  0.0020
 959   50.493  #898988  137 7  0.0022
 960   50.556  #898989  138 1  0.0012
 961   50.670  #89898a  138 2  0.0023
 962   50.579  #8a8989  138 3  -0.0018
 963   50.666  #8a898a  138 4  0.0017
 964   51.193  #898a89  138 5  0.0104
 965   51.313  #898a8a  138 6  0.0023
 966   51.182  #8a8a89  138 7  -0.0026
 967   51.289  #8a8a8a  139 1  0.0021
 968   51.378  #8a8a8b  139 2  0.0017
 969   51.498  #8b8a8a  139 3  0.0023
 970   51.562  #8b8a8b  139 4  0.0012
 971   51.904  #8a8b8a  139 5  0.0066
 972   51.991  #8a8b8b  139 6  0.0017
 973   52.126  #8b8b8a  139 7  0.0026
 974   52.216  #8b8b8b  140 1  0.0017
 975   52.201  #8b8b8c  140 2  -0.0003
 976   52.421  #8c8b8b  140 3  0.0042
 977   52.419  #8c8b8c  140 4  -0.0000
 978   52.192  #8b8c8b  140 5  -0.0043
 979   52.204  #8b8c8c  140 6  0.0002
 980   52.396  #8c8c8b  140 7  0.0037
 981   52.415  #8c8c8c  141 1  0.0004
 982   52.504  #8c8c8d  141 2  0.0017
 983   52.614  #8d8c8c  141 3  0.0021
 984   52.704  #8d8c8d  141 4  0.0017
 985   53.052  #8c8d8c  141 5  0.0066
 986   53.156  #8c8d8d  141 6  0.0020
 987   53.273  #8d8d8c  141 7  0.0022
 988   53.384  #8d8d8d  142 1  0.0021
 989   53.471  #8d8d8e  142 2  0.0016
 990   53.596  #8e8d8d  142 3  0.0023
 991   53.718  #8e8d8e  142 4  0.0023
 992   54.021  #8d8e8d  142 5  0.0056
 993   54.135  #8d8e8e  142 6  0.0021
 994   54.293  #8e8e8d  142 7  0.0029
 995   54.346  #8e8e8e  143 1  0.0010
 996   54.429  #8e8e8f  143 2  0.0015
 997   54.592  #8f8e8e  143 3  0.0030
 998   54.689  #8f8e8f  143 4  0.0018
 999   54.993  #8e8f8e  143 5  0.0055
1000   55.071  #8e8f8f  143 6  0.0014
1001   55.219  #8f8f8e  143 7  0.0027
1002   55.303  #8f8f8f  144 1  0.0015
1003   55.399  #8f8f90  144 2  0.0017
1004   55.529  #908f8f  144 3  0.0023
1005   55.626  #908f90  144 4  0.0017
1006   55.913  #8f908f  144 5  0.0052
1007   56.008  #8f9090  144 6  0.0017
1008   56.149  #90908f  144 7  0.0025
1009   56.254  #909090  145 1  0.0019
1010   56.332  #909091  145 2  0.0014
1011   56.504  #919090  145 3  0.0031
1012   56.588  #919091  145 4  0.0015
1013   56.872  #909190  145 5  0.0050
1014   56.960  #909191  145 6  0.0015
1015   57.131  #919190  145 7  0.0030
1016   57.209  #919191  146 1  0.0014
1017   57.214  #919192  146 2  0.0001
1018   57.468  #929191  146 3  0.0044
1019   57.458  #929192  146 4  -0.0002
1020   57.195  #919291  146 5  -0.0046
1021   57.183  #919292  146 6  -0.0002
1022   57.462  #929291  146 7  0.0049
1023   57.448  #929292  147 1  -0.0002
1024   57.524  #929293  147 2  0.0013
1025   57.431  #939292  147 3  -0.0016
1026   57.544  #939293  147 4  0.0020
1027   58.075  #929392  147 5  0.0092
1028   58.145  #929393  147 6  0.0012
1029   58.042  #939392  147 7  -0.0018
1030   58.145  #939393  148 1  0.0018
1031   58.243  #939394  148 2  0.0017
1032   58.375  #949393  148 3  0.0023
1033   58.492  #949394  148 4  0.0020
1034   58.780  #939493  148 5  0.0049
1035   58.877  #939494  148 6  0.0017
1036   59.026  #949493  148 7  0.0025
1037   59.095  #949494  149 1  0.0012
1038   59.187  #949495  149 2  0.0016
1039   59.353  #959494  149 3  0.0028
1040   59.439  #959495  149 4  0.0015
1041   59.720  #949594  149 5  0.0047
1042   59.820  #949595  149 6  0.0017
1043   59.984  #959594  149 7  0.0027
1044   60.091  #959595  150 1  0.0018
1045   60.173  #959596  150 2  0.0014
1046   60.351  #969595  150 3  0.0030
1047   60.419  #969596  150 4  0.0011
1048   60.737  #959695  150 5  0.0053
1049   60.820  #959696  150 6  0.0014
1050   60.991  #969695  150 7  0.0028
1051   61.090  #969696  151 1  0.0016
1052   61.155  #969697  151 2  0.0011
1053   61.356  #979696  151 3  0.0033
1054   61.432  #979697  151 4  0.0012
1055   61.748  #969796  151 5  0.0051
1056   61.858  #969797  151 6  0.0018
1057   62.021  #979796  151 7  0.0026
1058   62.140  #979797  152 1  0.0019
1059   62.137  #979798  152 2  -0.0000
1060   62.440  #989797  152 3  0.0049
1061   62.422  #989798  152 4  -0.0003
1062   62.104  #979897  152 5  -0.0051
1063   62.111  #979898  152 6  0.0001
1064   62.411  #989897  152 7  0.0048
1065   62.396  #989898  153 1  -0.0002
1066   62.513  #989899  153 2  0.0019
1067   62.696  #999898  153 3  0.0029
1068   62.769  #999899  153 4  0.0012
1069   63.145  #989998  153 5  0.0060
1070   63.249  #989999  153 6  0.0016
1071   63.406  #999998  153 7  0.0025
1072   63.536  #999999  154 1  0.0020
1073   63.604  #99999a  154 2  0.0011
1074   63.787  #9a9999  154 3  0.0029
1075   63.889  #9a999a  154 4  0.0016
1076   64.219  #999a99  154 5  0.0052
1077   64.352  #999a9a  154 6  0.0021
1078   64.547  #9a9a99  154 7  0.0030
1079   64.637  #9a9a9a  155 1  0.0014
1080   64.733  #9a9a9b  155 2  0.0015
1081   64.887  #9b9a9a  155 3  0.0024
1082   65.029  #9b9a9b  155 4  0.0022
1083   65.401  #9a9b9a  155 5  0.0057
1084   65.501  #9a9b9b  155 6  0.0015
1085   65.657  #9b9b9a  155 7  0.0024
1086   65.763  #9b9b9b  156 1  0.0016
1087   65.885  #9b9b9c  156 2  0.0019
1088   65.751  #9c9b9b  156 3  -0.0020
1089   65.879  #9c9b9c  156 4  0.0019
1090   66.553  #9b9c9b  156 5  0.0102
1091   66.680  #9b9c9c  156 6  0.0019
1092   66.548  #9c9c9b  156 7  -0.0020
1093   66.663  #9c9c9c  157 1  0.0017
1094   66.778  #9c9c9d  157 2  0.0017
1095   66.919  #9d9c9c  157 3  0.0021
1096   67.043  #9d9c9d  157 4  0.0019
1097   67.451  #9c9d9c  157 5  0.0061
1098   67.549  #9c9d9d  157 6  0.0014
1099   67.704  #9d9d9c  157 7  0.0023
1100   67.832  #9d9d9d  158 1  0.0019
1101   67.826  #9d9d9e  158 2  -0.0001
1102   68.092  #9e9d9d  158 3  0.0039
1103   68.088  #9e9d9e  158 4  -0.0001
1104   67.822  #9d9e9d  158 5  -0.0039
1105   67.814  #9d9e9e  158 6  -0.0001
1106   68.080  #9e9e9d  158 7  0.0039
1107   68.079  #9e9e9e  159 1  -0.0000
1108   68.179  #9e9e9f  159 2  0.0015
1109   68.368  #9f9e9e  159 3  0.0028
1110   68.492  #9f9e9f  159 4  0.0018
1111   68.874  #9e9f9e  159 5  0.0056
1112   68.998  #9e9f9f  159 6  0.0018
1113   69.192  #9f9f9e  159 7  0.0028
1114   69.274  #9f9f9f  160 1  0.0012
1115   69.414  #9f9fa0  160 2  0.0020
1116   69.576  #a09f9f  160 3  0.0023
1117   69.683  #a09fa0  160 4  0.0015
1118   70.079  #9fa09f  160 5  0.0057
1119   70.204  #9fa0a0  160 6  0.0018
1120   70.361  #a0a09f  160 7  0.0022
1121   70.499  #a0a0a0  161 1  0.0019
1122   70.578  #a0a0a1  161 2  0.0011
1123   70.750  #a1a0a0  161 3  0.0024
1124   70.887  #a1a0a1  161 4  0.0019
1125   71.276  #a0a1a0  161 5  0.0055
1126   71.394  #a0a1a1  161 6  0.0016
1127   71.572  #a1a1a0  161 7  0.0025
1128   71.702  #a1a1a1  162 1  0.0018
1129   71.793  #a1a1a2  162 2  0.0013
1130   71.978  #a2a1a1  162 3  0.0026
1131   72.079  #a2a1a2  162 4  0.0014
1132   72.507  #a1a2a1  162 5  0.0059
1133   72.597  #a1a2a2  162 6  0.0012
1134   72.776  #a2a2a1  162 7  0.0025
1135   72.885  #a2a2a2  163 1  0.0015
1136   72.976  #a2a2a3  163 2  0.0012
1137   73.166  #a3a2a2  163 3  0.0026
1138   73.322  #a3a2a3  163 4  0.0021
1139   73.688  #a2a3a2  163 5  0.0050
1140   73.800  #a2a3a3  163 6  0.0015
1141   73.987  #a3a3a2  163 7  0.0025
1142   74.087  #a3a3a3  164 1  0.0013
1143   74.111  #a3a3a4  164 2  0.0003
1144   74.393  #a4a3a3  164 3  0.0038
1145   74.409  #a4a3a4  164 4  0.0002
1146   74.075  #a3a4a3  164 5  -0.0045
1147   74.094  #a3a4a4  164 6  0.0003
1148   74.379  #a4a4a3  164 7  0.0038
1149   74.408  #a4a4a4  165 1  0.0004
1150   74.484  #a4a4a5  165 2  0.0010
1151   74.374  #a5a4a4  165 3  -0.0015
1152   74.497  #a5a4a5  165 4  0.0017
1153   75.192  #a4a5a4  165 5  0.0093
1154   75.322  #a4a5a5  165 6  0.0017
1155   75.190  #a5a5a4  165 7  -0.0018
1156   75.310  #a5a5a5  166 1  0.0016
1157   75.422  #a5a5a6  166 2  0.0015
1158   75.593  #a6a5a5  166 3  0.0023
1159   75.727  #a6a5a6  166 4  0.0018
1160   76.103  #a5a6a5  166 5  0.0050
1161   76.260  #a5a6a6  166 6  0.0021
1162   76.425  #a6a6a5  166 7  0.0022
1163   76.571  #a6a6a6  167 1  0.0019
1164   76.674  #a6a6a7  167 2  0.0013
1165   76.837  #a7a6a6  167 3  0.0021
1166   76.977  #a7a6a7  167 4  0.0018
1167   77.365  #a6a7a6  167 5  0.0050
1168   77.487  #a6a7a7  167 6  0.0016
1169   77.669  #a7a7a6  167 7  0.0023
1170   77.790  #a7a7a7  168 1  0.0016
1171   77.915  #a7a7a8  168 2  0.0016
1172   78.112  #a8a7a7  168 3  0.0025
1173   78.199  #a8a7a8  168 4  0.0011
1174   78.628  #a7a8a7  168 5  0.0055
1175   78.762  #a7a8a8  168 6  0.0017
1176   78.921  #a8a8a7  168 7  0.0020
1177   79.091  #a8a8a8  169 1  0.0021
1178   79.200  #a8a8a9  169 2  0.0014
1179   79.369  #a9a8a8  169 3  0.0021
1180   79.496  #a9a8a9  169 4  0.0016
1181   79.964  #a8a9a8  169 5  0.0059
1182   80.080  #a8a9a9  169 6  0.0014
1183   80.258  #a9a9a8  169 7  0.0022
1184   80.398  #a9a9a9  170 1  0.0017
1185   80.400  #a9a9aa  170 2  0.0000
1186   80.727  #aaa9a9  170 3  0.0041
1187   80.700  #aaa9aa  170 4  -0.0003
1188   80.412  #a9aaa9  170 5  -0.0036
1189   80.377  #a9aaaa  170 6  -0.0004
1190   80.700  #aaaaa9  170 7  0.0040
1191   80.668  #aaaaaa  171 1  -0.0004
1192   80.824  #aaaaab  171 2  0.0019
1193   81.018  #abaaaa  171 3  0.0024
1194   81.126  #abaaab  171 4  0.0013
1195   81.613  #aaabaa  171 5  0.0060
1196   81.736  #aaabab  171 6  0.0015
1197   81.886  #ababaa  171 7  0.0018
1198   82.038  #ababab  172 1  0.0019
1199   82.177  #ababac  172 2  0.0017
1200   82.321  #acabab  172 3  0.0017
1201   82.443  #acabac  172 4  0.0015
1202   82.898  #abacab  172 5  0.0055
1203   83.033  #abacac  172 6  0.0016
1204   83.215  #acacab  172 7  0.0022
1205   83.296  #acacac  173 1  0.0010
1206   83.459  #acacad  173 2  0.0020
1207   83.647  #adacac  173 3  0.0023
1208   83.751  #adacad  173 4  0.0012
1209   84.209  #acadac  173 5  0.0055
1210   84.311  #acadad  173 6  0.0012
1211   84.515  #adadac  173 7  0.0024
1212   84.647  #adadad  174 1  0.0016
1213   84.795  #adadae  174 2  0.0017
1214   84.661  #aeadad  174 3  -0.0016
1215   84.793  #aeadae  174 4  0.0016
1216   85.509  #adaead  174 5  0.0084
1217   85.664  #adaeae  174 6  0.0018
1218   85.534  #aeaead  174 7  -0.0015
1219   85.618  #aeaeae  175 1  0.0010
1220   85.785  #aeaeaf  175 2  0.0019
1221   85.958  #afaeae  175 3  0.0020
1222   86.079  #afaeaf  175 4  0.0014
1223   86.527  #aeafae  175 5  0.0052
1224   86.672  #aeafaf  175 6  0.0017
1225   86.859  #afafae  175 7  0.0022
1226   86.978  #afafaf  176 1  0.0014
1227   86.991  #afafb0  176 2  0.0002
1228   87.284  #b0afaf  176 3  0.0034
1229   87.320  #b0afb0  176 4  0.0004
1230   87.004  #afb0af  176 5  -0.0036
1231   86.984  #afb0b0  176 6  -0.0002
1232   87.293  #b0b0af  176 7  0.0035
1233   87.296  #b0b0b0  177 1  0.0000
1234   87.448  #b0b0b1  177 2  0.0017
1235   87.610  #b1b0b0  177 3  0.0019
1236   87.728  #b1b0b1  177 4  0.0013
1237   88.154  #b0b1b0  177 5  0.0048
1238   88.356  #b0b1b1  177 6  0.0023
1239   88.536  #b1b1b0  177 7  0.0020
1240   88.701  #b1b1b1  178 1  0.0019
1241   88.817  #b1b1b2  178 2  0.0013
1242   89.072  #b2b1b1  178 3  0.0029
1243   89.192  #b2b1b2  178 4  0.0013
1244   89.617  #b1b2b1  178 5  0.0048
1245   89.807  #b1b2b2  178 6  0.0021
1246   90.048  #b2b2b1  178 7  0.0027
1247   90.163  #b2b2b2  179 1  0.0013
1248   90.293  #b2b2b3  179 2  0.0014
1249   90.519  #b3b2b2  179 3  0.0025
1250   90.641  #b3b2b3  179 4  0.0013
1251   91.092  #b2b3b2  179 5  0.0050
1252   91.260  #b2b3b3  179 6  0.0018
1253   91.439  #b3b3b2  179 7  0.0020
1254   91.527  #b3b3b3  180 1  0.0010
1255   91.723  #b3b3b4  180 2  0.0021
1256   91.933  #b4b3b3  180 3  0.0023
1257   92.029  #b4b3b4  180 4  0.0010
1258   92.482  #b3b4b3  180 5  0.0049
1259   92.635  #b3b4b4  180 6  0.0017
1260   92.820  #b4b4b3  180 7  0.0020
1261   92.950  #b4b4b4  181 1  0.0014
1262   93.092  #b4b4b5  181 2  0.0015
1263   93.249  #b5b4b4  181 3  0.0017
1264   93.372  #b5b4b5  181 4  0.0013
1265   93.886  #b4b5b4  181 5  0.0055
1266   94.040  #b4b5b5  181 6  0.0016
1267   94.201  #b5b5b4  181 7  0.0017
1268   94.341  #b5b5b5  182 1  0.0015
1269   94.299  #b5b5b6  182 2  -0.0004
1270   94.658  #b6b5b5  182 3  0.0038
1271   94.647  #b6b5b6  182 4  -0.0001
1272   94.335  #b5b6b5  182 5  -0.0033
1273   94.353  #b5b6b6  182 6  0.0002
1274   94.653  #b6b6b5  182 7  0.0032
1275   94.626  #b6b6b6  183 1  -0.0003
1276   94.778  #b6b6b7  183 2  0.0016
1277   94.630  #b7b6b6  183 3  -0.0016
1278   94.744  #b7b6b7  183 4  0.0012
1279   95.573  #b6b7b6  183 5  0.0087
1280   95.683  #b6b7b7  183 6  0.0011
1281   95.553  #b7b7b6  183 7  -0.0014
1282   95.706  #b7b7b7  184 1  0.0016
1283   95.826  #b7b7b8  184 2  0.0012
1284   96.019  #b8b7b7  184 3  0.0020
1285   96.138  #b8b7b8  184 4  0.0012
1286   96.632  #b7b8b7  184 5  0.0051
1287   96.787  #b7b8b8  184 6  0.0016
1288   96.991  #b8b8b7  184 7  0.0021
1289   97.094  #b8b8b8  185 1  0.0011
1290   97.265  #b8b8b9  185 2  0.0018
1291   97.482  #b9b8b8  185 3  0.0022
1292   97.599  #b9b8b9  185 4  0.0012
1293   98.097  #b8b9b8  185 5  0.0051
1294   98.248  #b8b9b9  185 6  0.0015
1295   98.465  #b9b9b8  185 7  0.0022
1296   98.602  #b9b9b9  186 1  0.0014
1297   98.726  #b9b9ba  186 2  0.0013
1298   98.945  #bab9b9  186 3  0.0022
1299   99.111  #bab9ba  186 4  0.0017
1300   99.593  #b9bab9  186 5  0.0048
1301   99.750  #b9baba  186 6  0.0016
1302   99.921  #babab9  186 7  0.0017
1303  100.084  #bababa  187 1  0.0016
1304  100.211  #bababb  187 2  0.0013
1305  100.401  #bbbaba  187 3  0.0019
1306  100.570  #bbbabb  187 4  0.0017
1307  101.040  #babbba  187 5  0.0047
1308  101.152  #babbbb  187 6  0.0011
1309  101.381  #bbbbba  187 7  0.0023
1310  101.463  #bbbbbb  188 1  0.0008
1311  101.534  #bbbbbc  188 2  0.0007
1312  101.839  #bcbbbb  188 3  0.0030
1313  101.813  #bcbbbc  188 4  -0.0003
1314  101.470  #bbbcbb  188 5  -0.0034
1315  101.499  #bbbcbc  188 6  0.0003
1316  101.793  #bcbcbb  188 7  0.0029
1317  101.849  #bcbcbc  189 1  0.0005
1318  101.947  #bcbcbd  189 2  0.0010
1319  102.129  #bdbcbc  189 3  0.0018
1320  102.302  #bdbcbd  189 4  0.0017
1321  102.766  #bcbdbc  189 5  0.0045
1322  102.949  #bcbdbd  189 6  0.0018
1323  103.109  #bdbdbc  189 7  0.0016
1324  103.229  #bdbdbd  190 1  0.0012
1325  103.372  #bdbdbe  190 2  0.0014
1326  103.599  #bebdbd  190 3  0.0022
1327  103.737  #bebdbe  190 4  0.0013
1328  104.225  #bdbebd  190 5  0.0047
1329  104.360  #bdbebe  190 6  0.0013
1330  104.554  #bebebd  190 7  0.0019
1331  104.706  #bebebe  191 1  0.0015
1332  104.851  #bebebf  191 2  0.0014
1333  105.046  #bfbebe  191 3  0.0019
1334  105.226  #bfbebf  191 4  0.0017
1335  105.690  #bebfbe  191 5  0.0044
1336  105.789  #bebfbf  191 6  0.0009
1337  106.023  #bfbfbe  191 7  0.0022
1338  106.127  #bfbfbf  192 1  0.0010
1339  106.272  #bfbfc0  192 2  0.0014
1340  106.474  #c0bfbf  192 3  0.0019
1341  106.651  #c0bfc0  192 4  0.0017
1342  107.166  #bfc0bf  192 5  0.0048
1343  107.383  #bfc0c0  192 6  0.0020
1344  107.564  #c0c0bf  192 7  0.0017
1345  107.682  #c0c0c0  193 1  0.0011
1346  107.848  #c0c0c1  193 2  0.0015
1347  107.676  #c1c0c0  193 3  -0.0016
1348  107.866  #c1c0c1  193 4  0.0018
1349  108.751  #c0c1c0  193 5  0.0082
1350  108.897  #c0c1c1  193 6  0.0013
1351  108.721  #c1c1c0  193 7  -0.0016
1352  108.890  #c1c1c1  194 1  0.0016
1353  108.859  #c1c1c2  194 2  -0.0003
1354  109.202  #c2c1c1  194 3  0.0031
1355  109.233  #c2c1c2  194 4  0.0003
1356  108.835  #c1c2c1  194 5  -0.0037
1357  108.808  #c1c2c2  194 6  -0.0002
1358  109.219  #c2c2c1  194 7  0.0038
1359  109.238  #c2c2c2  195 1  0.0002
1360  109.384  #c2c2c3  195 2  0.0013
1361  109.535  #c3c2c2  195 3  0.0014
1362  109.658  #c3c2c3  195 4  0.0011
1363  110.168  #c2c3c2  195 5  0.0046
1364  110.321  #c2c3c3  195 6  0.0014
1365  110.498  #c3c3c2  195 7  0.0016
1366  110.658  #c3c3c3  196 1  0.0014
1367  110.782  #c3c3c4  196 2  0.0011
1368  110.995  #c4c3c3  196 3  0.0019
1369  111.176  #c4c3c4  196 4  0.0016
1370  111.619  #c3c4c3  196 5  0.0040
1371  111.824  #c3c4c4  196 6  0.0018
1372  111.919  #c4c4c3  196 7  0.0008
1373  112.113  #c4c4c4  197 1  0.0017
1374  112.288  #c4c4c5  197 2  0.0016
1375  112.462  #c5c4c4  197 3  0.0015
1376  112.569  #c5c4c5  197 4  0.0010
1377  113.124  #c4c5c4  197 5  0.0049
1378  113.265  #c4c5c5  197 6  0.0012
1379  113.439  #c5c5c4  197 7  0.0015
1380  113.602  #c5c5c5  198 1  0.0014
1381  113.753  #c5c5c6  198 2  0.0013
1382  113.982  #c6c5c5  198 3  0.0020
1383  114.113  #c6c5c6  198 4  0.0011
1384  114.573  #c5c6c5  198 5  0.0040
1385  114.710  #c5c6c6  198 6  0.0012
1386  114.938  #c6c6c5  198 7  0.0020
1387  115.067  #c6c6c6  199 1  0.0011
1388  115.177  #c6c6c7  199 2  0.0010
1389  115.430  #c7c6c6  199 3  0.0022
1390  115.578  #c7c6c7  199 4  0.0013
1391  116.097  #c6c7c6  199 5  0.0045
1392  116.238  #c6c7c7  199 6  0.0012
1393  116.477  #c7c7c6  199 7  0.0021
1394  116.627  #c7c7c7  200 1  0.0013
1395  116.598  #c7c7c8  200 2  -0.0002
1396  116.984  #c8c7c7  200 3  0.0033
1397  116.930  #c8c7c8  200 4  -0.0005
1398  116.572  #c7c8c7  200 5  -0.0031
1399  116.557  #c7c8c8  200 6  -0.0001
1400  116.905  #c8c8c7  200 7  0.0030
1401  116.960  #c8c8c8  201 1  0.0005
1402  117.067  #c8c8c9  201 2  0.0009
1403  117.279  #c9c8c8  201 3  0.0018
1404  117.440  #c9c8c9  201 4  0.0014
1405  117.965  #c8c9c8  201 5  0.0045
1406  118.090  #c8c9c9  201 6  0.0011
1407  118.278  #c9c9c8  201 7  0.0016
1408  118.424  #c9c9c9  202 1  0.0012
1409  118.602  #c9c9ca  202 2  0.0015
1410  118.462  #cac9c9  202 3  -0.0012
1411  118.617  #cac9ca  202 4  0.0013
1412  119.443  #c9cac9  202 5  0.0069
1413  119.630  #c9caca  202 6  0.0016
1414  119.441  #cacac9  202 7  -0.0016
1415  119.569  #cacaca  203 1  0.0011
1416  119.736  #cacacb  203 2  0.0014
1417  119.899  #cbcaca  203 3  0.0014
1418  120.114  #cbcacb  203 4  0.0018
1419  120.571  #cacbca  203 5  0.0038
1420  120.758  #cacbcb  203 6  0.0015
1421  120.946  #cbcbca  203 7  0.0016
1422  121.079  #cbcbcb  204 1  0.0011
1423  121.221  #cbcbcc  204 2  0.0012
1424  121.416  #cccbcb  204 3  0.0016
1425  121.571  #cccbcc  204 4  0.0013
1426  122.125  #cbcccb  204 5  0.0045
1427  122.245  #cbcccc  204 6  0.0010
1428  122.452  #cccccb  204 7  0.0017
1429  122.592  #cccccc  205 1  0.0011
1430  122.728  #cccccd  205 2  0.0011
1431  122.925  #cdcccc  205 3  0.0016
1432  123.081  #cdcccd  205 4  0.0013
1433  123.564  #cccdcc  205 5  0.0039
1434  123.770  #cccdcd  205 6  0.0017
1435  123.939  #cdcdcc  205 7  0.0014
1436  124.089  #cdcdcd  206 1  0.0012
1437  124.235  #cdcdce  206 2  0.0012
1438  124.465  #cecdcd  206 3  0.0018
1439  124.619  #cecdce  206 4  0.0012
1440  125.157  #cdcecd  206 5  0.0043
1441  125.270  #cdcece  206 6  0.0009
1442  125.491  #cececd  206 7  0.0018
1443  125.638  #cecece  207 1  0.0012
1444  125.582  #cececf  207 2  -0.0004
1445  126.018  #cfcece  207 3  0.0035
1446  125.964  #cfcecf  207 4  -0.0004
1447  125.575  #cecfce  207 5  -0.0031
1448  125.585  #cecfcf  207 6  0.0001
1449  125.951  #cfcfce  207 7  0.0029
1450  125.996  #cfcfcf  208 1  0.0004
1451  126.121  #cfcfd0  208 2  0.0010
1452  126.309  #d0cfcf  208 3  0.0015
1453  126.461  #d0cfd0  208 4  0.0012
1454  126.990  #cfd0cf  208 5  0.0042
1455  127.189  #cfd0d0  208 6  0.0016
1456  127.332  #d0d0cf  208 7  0.0011
1457  127.484  #d0d0d0  209 1  0.0012
1458  127.647  #d0d0d1  209 2  0.0013
1459  127.827  #d1d0d0  209 3  0.0014
1460  127.982  #d1d0d1  209 4  0.0012
1461  128.502  #d0d1d0  209 5  0.0041
1462  128.620  #d0d1d1  209 6  0.0009
1463  128.860  #d1d1d0  209 7  0.0019
1464  128.994  #d1d1d1  210 1  0.0010
1465  129.126  #d1d1d2  210 2  0.0010
1466  129.314  #d2d1d1  210 3  0.0015
1467  129.463  #d2d1d2  210 4  0.0012
1468  130.008  #d1d2d1  210 5  0.0042
1469  130.169  #d1d2d2  210 6  0.0012
1470  130.296  #d2d2d1  210 7  0.0010
1471  130.481  #d2d2d2  211 1  0.0014
1472  130.640  #d2d2d3  211 2  0.0012
1473  130.489  #d3d2d2  211 3  -0.0012
1474  130.612  #d3d2d3  211 4  0.0009
1475  131.497  #d2d3d2  211 5  0.0068
1476  131.692  #d2d3d3  211 6  0.0015
1477  131.490  #d3d3d2  211 7  -0.0015
1478  131.612  #d3d3d3  212 1  0.0009
1479  131.769  #d3d3d4  212 2  0.0012
1480  131.967  #d4d3d3  212 3  0.0015
1481  132.096  #d4d3d4  212 4  0.0010
1482  132.656  #d3d4d3  212 5  0.0042
1483  132.743  #d3d4d4  212 6  0.0007
1484  132.993  #d4d4d3  212 7  0.0019
1485  133.111  #d4d4d4  213 1  0.0009
1486  133.133  #d4d4d5  213 2  0.0002
1487  133.403  #d5d4d4  213 3  0.0020
1488  133.476  #d5d4d5  213 4  0.0005
1489  133.108  #d4d5d4  213 5  -0.0028
1490  133.077  #d4d5d5  213 6  -0.0002
1491  133.505  #d5d5d4  213 7  0.0032
1492  133.478  #d5d5d5  214 1  -0.0002
1493  133.559  #d5d5d6  214 2  0.0006
1494  133.799  #d6d5d5  214 3  0.0018
1495  133.955  #d6d5d6  214 4  0.0012
1496  134.483  #d5d6d5  214 5  0.0039
1497  134.669  #d5d6d6  214 6  0.0014
1498  134.821  #d6d6d5  214 7  0.0011
1499  134.973  #d6d6d6  215 1  0.0011
1500  135.125  #d6d6d7  215 2  0.0011
1501  135.296  #d7d6d6  215 3  0.0013
1502  135.434  #d7d6d7  215 4  0.0010
1503  136.054  #d6d7d6  215 5  0.0046
1504  136.156  #d6d7d7  215 6  0.0007
1505  136.335  #d7d7d6  215 7  0.0013
1506  136.501  #d7d7d7  216 1  0.0012
1507  136.573  #d7d7d8  216 2  0.0005
1508  136.790  #d8d7d7  216 3  0.0016
1509  136.984  #d8d7d8  216 4  0.0014
1510  137.509  #d7d8d7  216 5  0.0038
1511  137.660  #d7d8d8  216 6  0.0011
1512  137.835  #d8d8d7  216 7  0.0013
1513  137.986  #d8d8d8  217 1  0.0011
1514  138.144  #d8d8d9  217 2  0.0011
1515  138.289  #d9d8d8  217 3  0.0010
1516  138.396  #d9d8d9  217 4  0.0008
1517  139.017  #d8d9d8  217 5  0.0045
1518  139.117  #d8d9d9  217 6  0.0007
1519  139.282  #d9d9d8  217 7  0.0012
1520  139.483  #d9d9d9  218 1  0.0014
1521  139.649  #d9d9da  218 2  0.0012
1522  139.754  #dad9d9  218 3  0.0008
1523  139.881  #dad9da  218 4  0.0009
1524  140.477  #d9dad9  218 5  0.0043
1525  140.604  #d9dada  218 6  0.0009
1526  140.777  #dadad9  218 7  0.0012
1527  140.936  #dadada  219 1  0.0011
1528  140.899  #dadadb  219 2  -0.0003
1529  141.087  #dbdada  219 3  0.0013
1530  141.066  #dbdadb  219 4  -0.0001
1531  140.695  #dadbda  219 5  -0.0026
1532  140.723  #dadbdb  219 6  0.0002
1533  141.069  #dbdbda  219 7  0.0025
1534  141.051  #dbdbdb  220 1  -0.0001
1535  141.177  #dbdbdc  220 2  0.0009
1536  141.028  #dcdbdb  220 3  -0.0011
1537  141.162  #dcdbdc  220 4  0.0009
1538  142.061  #dbdcdb  220 5  0.0063
1539  142.211  #dbdcdc  220 6  0.0011
1540  142.018  #dcdcdb  220 7  -0.0014
1541  142.177  #dcdcdc  221 1  0.0011
1542  142.330  #dcdcdd  221 2  0.0011
1543  142.529  #dddcdc  221 3  0.0014
1544  142.642  #dddcdd  221 4  0.0008
1545  143.277  #dcdddc  221 5  0.0044
1546  143.363  #dcdddd  221 6  0.0006
1547  143.535  #dddddc  221 7  0.0012
1548  143.705  #dddddd  222 1  0.0012
1549  143.765  #ddddde  222 2  0.0004
1550  144.068  #dedddd  222 3  0.0021
1551  144.233  #deddde  222 4  0.0011
1552  144.716  #dddedd  222 5  0.0033
1553  144.802  #dddede  222 6  0.0006
1554  145.029  #dededd  222 7  0.0016
1555  145.188  #dedede  223 1  0.0011
1556  145.360  #dededf  223 2  0.0012
1557  145.498  #dfdede  223 3  0.0009
1558  145.689  #dfdedf  223 4  0.0013
1559  146.155  #dedfde  223 5  0.0032
1560  146.290  #dedfdf  223 6  0.0009
1561  146.497  #dfdfde  223 7  0.0014
1562  146.659  #dfdfdf  224 1  0.0011
1563  146.781  #dfdfe0  224 2  0.0008
1564  147.030  #e0dfdf  224 3  0.0017
1565  147.153  #e0dfe0  224 4  0.0008
1566  147.696  #dfe0df  224 5  0.0037
1567  147.812  #dfe0e0  224 6  0.0008
1568  147.974  #e0e0df  224 7  0.0011
1569  148.212  #e0e0e0  225 1  0.0016
1570  148.187  #e0e0e1  225 2  -0.0002
1571  148.563  #e1e0e0  225 3  0.0025
1572  148.550  #e1e0e1  225 4  -0.0001
1573  148.159  #e0e1e0  225 5  -0.0026
1574  148.131  #e0e1e1  225 6  -0.0002
1575  148.573  #e1e1e0  225 7  0.0030
1576  148.520  #e1e1e1  226 1  -0.0004
1577  148.678  #e1e1e2  226 2  0.0011
1578  148.846  #e2e1e1  226 3  0.0011
1579  149.025  #e2e1e2  226 4  0.0012
1580  149.537  #e1e2e1  226 5  0.0034
1581  149.679  #e1e2e2  226 6  0.0009
1582  149.867  #e2e2e1  226 7  0.0013
1583  150.049  #e2e2e2  227 1  0.0012
1584  150.174  #e2e2e3  227 2  0.0008
1585  150.435  #e3e2e2  227 3  0.0017
1586  150.485  #e3e2e3  227 4  0.0003
1587  150.968  #e2e3e2  227 5  0.0032
1588  151.143  #e2e3e3  227 6  0.0012
1589  151.423  #e3e3e2  227 7  0.0019
1590  151.524  #e3e3e3  228 1  0.0007
1591  151.704  #e3e3e4  228 2  0.0012
1592  151.921  #e4e3e3  228 3  0.0014
1593  152.075  #e4e3e4  228 4  0.0010
1594  152.511  #e3e4e3  228 5  0.0029
1595  152.723  #e3e4e4  228 6  0.0014
1596  152.899  #e4e4e3  228 7  0.0012
1597  153.025  #e4e4e4  229 1  0.0008
1598  153.147  #e4e4e5  229 2  0.0008
1599  153.024  #e5e4e4  229 3  -0.0008
1600  153.178  #e5e4e5  229 4  0.0010
1601  154.057  #e4e5e4  229 5  0.0057
1602  154.212  #e4e5e5  229 6  0.0010
1603  154.020  #e5e5e4  229 7  -0.0012
1604  154.192  #e5e5e5  230 1  0.0011
1605  154.293  #e5e5e6  230 2  0.0007
1606  154.487  #e6e5e5  230 3  0.0013
1607  154.738  #e6e5e6  230 4  0.0016
1608  155.162  #e5e6e5  230 5  0.0027
1609  155.267  #e5e6e6  230 6  0.0007
1610  155.465  #e6e6e5  230 7  0.0013
1611  155.683  #e6e6e6  231 1  0.0014
1612  155.671  #e6e6e7  231 2  -0.0001
1613  155.964  #e7e6e6  231 3  0.0019
1614  155.954  #e7e6e7  231 4  -0.0001
1615  155.619  #e6e7e6  231 5  -0.0022
1616  155.605  #e6e7e7  231 6  -0.0001
1617  155.943  #e7e7e6  231 7  0.0022
1618  155.960  #e7e7e7  232 1  0.0001
1619  156.055  #e7e7e8  232 2  0.0006
1620  156.310  #e8e7e7  232 3  0.0016
1621  156.420  #e8e7e8  232 4  0.0007
1622  156.849  #e7e8e7  232 5  0.0027
1623  157.012  #e7e8e8  232 6  0.0010
1624  157.300  #e8e8e7  232 7  0.0018
1625  157.402  #e8e8e8  233 1  0.0006
1626  157.572  #e8e8e9  233 2  0.0011
1627  157.716  #e9e8e8  233 3  0.0009
1628  157.912  #e9e8e9  233 4  0.0012
1629  158.372  #e8e9e8  233 5  0.0029
1630  158.497  #e8e9e9  233 6  0.0008
1631  158.743  #e9e9e8  233 7  0.0016
1632  158.893  #e9e9e9  234 1  0.0009
1633  159.067  #e9e9ea  234 2  0.0011
1634  159.190  #eae9e9  234 3  0.0008
1635  159.387  #eae9ea  234 4  0.0012
1636  159.930  #e9eae9  234 5  0.0034
1637  160.077  #e9eaea  234 6  0.0009
1638  160.229  #eaeae9  234 7  0.0009
1639  160.417  #eaeaea  235 1  0.0012
1640  160.579  #eaeaeb  235 2  0.0010
1641  160.734  #ebeaea  235 3  0.0010
1642  160.900  #ebeaeb  235 4  0.0010
1643  161.486  #eaebea  235 5  0.0036
1644  161.651  #eaebeb  235 6  0.0010
1645  161.827  #ebebea  235 7  0.0011
1646  161.939  #ebebeb  236 1  0.0007
1647  162.091  #ebebec  236 2  0.0009
1648  162.249  #ecebeb  236 3  0.0010
1649  162.458  #ecebec  236 4  0.0013
1650  162.970  #ebeceb  236 5  0.0031
1651  163.139  #ebecec  236 6  0.0010
1652  163.322  #ececeb  236 7  0.0011
1653  163.503  #ececec  237 1  0.0011
1654  163.422  #ececed  237 2  -0.0005
1655  163.866  #edecec  237 3  0.0027
1656  163.860  #edeced  237 4  -0.0000
1657  163.460  #ecedec  237 5  -0.0024
1658  163.512  #eceded  237 6  0.0003
1659  163.792  #ededec  237 7  0.0017
1660  163.871  #ededed  238 1  0.0005
1661  163.992  #ededee  238 2  0.0007
1662  163.801  #eeeded  238 3  -0.0012
1663  163.999  #eeedee  238 4  0.0012
1664  165.155  #edeeed  238 5  0.0070
1665  165.317  #edeeee  238 6  0.0010
1666  165.072  #eeeeed  238 7  -0.0015
1667  165.296  #eeeeee  239 1  0.0014
1668  165.568  #eeeeef  239 2  0.0016
1669  165.729  #efeeee  239 3  0.0010
1670  165.940  #efeeef  239 4  0.0013
1671  166.551  #eeefee  239 5  0.0037
1672  166.799  #eeefef  239 6  0.0015
1673  167.094  #efefee  239 7  0.0018
1674  167.162  #efefef  240 1  0.0004
1675  167.397  #efeff0  240 2  0.0014
1676  167.573  #f0efef  240 3  0.0011
1677  167.736  #f0eff0  240 4  0.0010
1678  168.315  #eff0ef  240 5  0.0034
1679  168.493  #eff0f0  240 6  0.0011
1680  168.674  #f0f0ef  240 7  0.0011
1681  168.782  #f0f0f0  241 1  0.0006
1682  168.961  #f0f0f1  241 2  0.0011
1683  169.137  #f1f0f0  241 3  0.0010
1684  169.349  #f1f0f1  241 4  0.0013
1685  169.893  #f0f1f0  241 5  0.0032
1686  170.023  #f0f1f1  241 6  0.0008
1687  170.278  #f1f1f0  241 7  0.0015
1688  170.388  #f1f1f1  242 1  0.0006
1689  170.559  #f1f1f2  242 2  0.0010
1690  170.749  #f2f1f1  242 3  0.0011
1691  170.933  #f2f1f2  242 4  0.0011
1692  171.472  #f1f2f1  242 5  0.0031
1693  171.592  #f1f2f2  242 6  0.0007
1694  171.814  #f2f2f1  242 7  0.0013
1695  172.006  #f2f2f2  243 1  0.0011
1696  171.991  #f2f2f3  243 2  -0.0001
1697  172.369  #f3f2f2  243 3  0.0022
1698  172.400  #f3f2f3  243 4  0.0002
1699  171.957  #f2f3f2  243 5  -0.0026
1700  171.970  #f2f3f3  243 6  0.0001
1701  172.320  #f3f3f2  243 7  0.0020
1702  172.271  #f3f3f3  244 1  -0.0003
1703  172.533  #f3f3f4  244 2  0.0015
1704  172.695  #f4f3f3  244 3  0.0009
1705  172.855  #f4f3f4  244 4  0.0009
1706  173.309  #f3f4f3  244 5  0.0026
1707  173.558  #f3f4f4  244 6  0.0014
1708  173.751  #f4f4f3  244 7  0.0011
1709  173.938  #f4f4f4  245 1  0.0011
1710  174.075  #f4f4f5  245 2  0.0008
1711  174.313  #f5f4f4  245 3  0.0014
1712  174.371  #f5f4f5  245 4  0.0003
1713  174.968  #f4f5f4  245 5  0.0034
1714  175.088  #f4f5f5  245 6  0.0007
1715  175.289  #f5f5f4  245 7  0.0011
1716  175.478  #f5f5f5  246 1  0.0011
1717  175.594  #f5f5f6  246 2  0.0007
1718  175.838  #f6f5f5  246 3  0.0014
1719  175.945  #f6f5f6  246 4  0.0006
1720  176.492  #f5f6f5  246 5  0.0031
1721  176.663  #f5f6f6  246 6  0.0010
1722  176.906  #f6f6f5  246 7  0.0014
1723  176.987  #f6f6f6  247 1  0.0005
1724  177.172  #f6f6f7  247 2  0.0010
1725  177.061  #f7f6f6  247 3  -0.0006
1726  177.169  #f7f6f7  247 4  0.0006
1727  178.090  #f6f7f6  247 5  0.0052
1728  178.201  #f6f7f7  247 6  0.0006
1729  178.037  #f7f7f6  247 7  -0.0009
1730  178.164  #f7f7f7  248 1  0.0007
1731  178.359  #f7f7f8  248 2  0.0011
1732  178.582  #f8f7f7  248 3  0.0012
1733  178.647  #f8f7f8  248 4  0.0004
1734  179.257  #f7f8f7  248 5  0.0034
1735  179.400  #f7f8f8  248 6  0.0008
1736  179.659  #f8f8f7  248 7  0.0014
1737  179.806  #f8f8f8  249 1  0.0008
1738  179.776  #f8f8f9  249 2  -0.0002
1739  180.087  #f9f8f8  249 3  0.0017
1740  180.036  #f9f8f9  249 4  -0.0003
1741  179.802  #f8f9f8  249 5  -0.0013
1742  179.720  #f8f9f9  249 6  -0.0005
1743  180.148  #f9f9f8  249 7  0.0024
1744  180.057  #f9f9f9  250 1  -0.0005
1745  180.237  #f9f9fa  250 2  0.0010
1746  180.388  #faf9f9  250 3  0.0008
1747  180.632  #faf9fa  250 4  0.0014
1748  181.221  #f9faf9  250 5  0.0033
1749  181.325  #f9fafa  250 6  0.0006
1750  181.503  #fafaf9  250 7  0.0010
1751  181.635  #fafafa  251 1  0.0007
1752  181.767  #fafafb  251 2  0.0007
1753  181.951  #fbfafa  251 3  0.0010
1754  182.115  #fbfafb  251 4  0.0009
1755  182.640  #fafbfa  251 5  0.0029
1756  182.819  #fafbfb  251 6  0.0010
1757  182.976  #fbfbfa  251 7  0.0009
1758  183.060  #fbfbfb  252 1  0.0005
1759  183.376  #fbfbfc  252 2  0.0017
1760  183.550  #fcfbfb  252 3  0.0009
1761  183.586  #fcfbfc  252 4  0.0002
1762  184.202  #fbfcfb  252 5  0.0033
1763  184.366  #fbfcfc  252 6  0.0009
1764  184.492  #fcfcfb  252 7  0.0007
1765  184.691  #fcfcfc  253 1  0.0011
1766  184.886  #fcfcfd  253 2  0.0011
1767  185.004  #fdfcfc  253 3  0.0006
1768  185.226  #fdfcfd  253 4  0.0012
1769  185.769  #fcfdfc  253 5  0.0029
1770  185.825  #fcfdfd  253 6  0.0003
1771  186.089  #fdfdfc  253 7  0.0014
1772  186.235  #fdfdfd  254 1  0.0008
1773  186.347  #fdfdfe  254 2  0.0006
1774  186.589  #fefdfd  254 3  0.0013
1775  186.721  #fefdfe  254 4  0.0007
1776  187.204  #fdfefd  254 5  0.0026
1777  187.385  #fdfefe  254 6  0.0010
1778  187.573  #fefefd  254 7  0.0010
1779  187.755  #fefefe  255 1  0.0010
1780  187.723  #fefeff  255 2  -0.0002
1781  188.060  #fffefe  255 3  0.0018
1782  188.100  #fffeff  255 4  0.0002
1783  187.738  #fefffe  255 5  -0.0019
1784  187.778  #feffff  255 6  0.0002
1785  188.036  #fffffe  255 7  0.0014
1786  188.019  #ffffff  256 1  -0.0001
