#  lumResponse vers. 1.9 - 08/11/11 12:15:56
#  Display ID: EA231WMi_04104072NA
#  iLdelay=0  avgN=1  ILlimit_plus=0.20 ILlimit_minus=-0.05  Meter=LXcan
#  0.22505  #000000
#  0.23242  #000000
#  0.22514  #000000
   1    0.229  #000000    1 1  0.0000
   2    0.239  #000001    1 2  0.0430
   3    0.243  #010000    1 3  0.0190
   4    0.242  #010001    1 4  -0.0054
   5    0.278  #000100    1 5  0.1363
   6    0.294  #000101    1 6  0.0586
   7    0.289  #010100    1 7  -0.0171
   8    0.306  #010101    2 1  0.0563
   9    0.298  #010102    2 2  -0.0257
  10    0.311  #020101    2 3  0.0422
  11    0.316  #020102    2 4  0.0171
  12    0.329  #010201    2 5  0.0400
  13    0.339  #010202    2 6  0.0282
  14    0.341  #020201    2 7  0.0073
  15    0.345  #020202    3 1  0.0121
  16    0.350  #020203    3 2  0.0128
  17    0.355  #030202    3 3  0.0141
  18    0.357  #030203    3 4  0.0046
  19    0.369  #020302    3 5  0.0356
  20    0.378  #020303    3 6  0.0221
  21    0.385  #030302    3 7  0.0181
  22    0.385  #030303    4 1  0.0008
  23    0.386  #030304    4 2  0.0021
  24    0.397  #040303    4 3  0.0282
  25    0.394  #040304    4 4  -0.0072
  26    0.418  #030403    4 5  0.0589
  27    0.414  #030404    4 6  -0.0101
  28    0.420  #040403    4 7  0.0149
  29    0.420  #040404    5 1  0.0017
  30    0.428  #040405    5 2  0.0174
  31    0.437  #050404    5 3  0.0205
  32    0.452  #050405    5 4  0.0344
  33    0.460  #040504    5 5  0.0168
  34    0.465  #040505    5 6  0.0119
  35    0.473  #050504    5 7  0.0173
  36    0.476  #050505    6 1  0.0065
  37    0.479  #050506    6 2  0.0056
  38    0.490  #060505    6 3  0.0232
  39    0.495  #060506    6 4  0.0106
  40    0.517  #050605    6 5  0.0425
  41    0.512  #050606    6 6  -0.0102
  42    0.520  #060605    6 7  0.0166
  43    0.525  #060606    7 1  0.0091
  44    0.537  #060607    7 2  0.0223
  45    0.537  #070606    7 3  0.0010
  46    0.545  #070607    7 4  0.0138
  47    0.565  #060706    7 5  0.0355
  48    0.568  #060707    7 6  0.0056
  49    0.580  #070706    7 7  0.0209
  50    0.579  #070707    8 1  -0.0013
  51    0.587  #070708    8 2  0.0131
  52    0.603  #080707    8 3  0.0273
  53    0.599  #080708    8 4  -0.0073
  54    0.625  #070807    8 5  0.0438
  55    0.629  #070808    8 6  0.0063
  56    0.633  #080807    8 7  0.0059
  57    0.638  #080808    9 1  0.0075
  58    0.640  #080809    9 2  0.0036
  59    0.655  #090808    9 3  0.0236
  60    0.655  #090809    9 4  -0.0001
  61    0.682  #080908    9 5  0.0399
  62    0.684  #080909    9 6  0.0035
  63    0.692  #090908    9 7  0.0115
  64    0.698  #090909   10 1  0.0079
  65    0.700  #09090a   10 2  0.0026
  66    0.713  #0a0909   10 3  0.0191
  67    0.719  #0a090a   10 4  0.0080
  68    0.750  #090a09   10 5  0.0428
  69    0.757  #090a0a   10 6  0.0090
  70    0.765  #0a0a09   10 7  0.0104
  71    0.770  #0a0a0a   11 1  0.0065
  72    0.774  #0a0a0b   11 2  0.0048
  73    0.791  #0b0a0a   11 3  0.0222
  74    0.796  #0b0a0b   11 4  0.0067
  75    0.824  #0a0b0a   11 5  0.0336
  76    0.828  #0a0b0b   11 6  0.0053
  77    0.839  #0b0b0a   11 7  0.0131
  78    0.848  #0b0b0b   12 1  0.0108
  79    0.850  #0b0b0c   12 2  0.0027
  80    0.864  #0c0b0b   12 3  0.0161
  81    0.867  #0c0b0c   12 4  0.0036
  82    0.908  #0b0c0b   12 5  0.0459
  83    0.912  #0b0c0c   12 6  0.0049
  84    0.918  #0c0c0b   12 7  0.0066
  85    0.940  #0c0c0c   13 1  0.0231
  86    0.936  #0c0c0d   13 2  -0.0038
  87    0.934  #0d0c0c   13 3  -0.0026
  88    0.944  #0d0c0d   13 4  0.0106
  89    0.979  #0c0d0c   13 5  0.0365
  90    0.996  #0c0d0d   13 6  0.0169
  91    1.019  #0d0d0c   13 7  0.0232
  92    1.012  #0d0d0d   14 1  -0.0066
  93    1.017  #0d0d0e   14 2  0.0050
  94    1.033  #0e0d0d   14 3  0.0151
  95    1.037  #0e0d0e   14 4  0.0040
  96    1.065  #0d0e0d   14 5  0.0263
  97    1.077  #0d0e0e   14 6  0.0117
  98    1.090  #0e0e0d   14 7  0.0115
  99    1.096  #0e0e0e   15 1  0.0062
 100    1.107  #0e0e0f   15 2  0.0101
 101    1.119  #0f0e0e   15 3  0.0106
 102    1.124  #0f0e0f   15 4  0.0044
 103    1.171  #0e0f0e   15 5  0.0404
 104    1.183  #0e0f0f   15 6  0.0108
 105    1.198  #0f0f0e   15 7  0.0124
 106    1.206  #0f0f0f   16 1  0.0065
 107    1.207  #0f0f10   16 2  0.0009
 108    1.224  #100f0f   16 3  0.0139
 109    1.236  #100f10   16 4  0.0102
 110    1.276  #0f100f   16 5  0.0313
 111    1.288  #0f1010   16 6  0.0094
 112    1.319  #10100f   16 7  0.0238
 113    1.308  #101010   17 1  -0.0082
 114    1.311  #101011   17 2  0.0021
 115    1.330  #111010   17 3  0.0149
 116    1.332  #111011   17 4  0.0009
 117    1.371  #101110   17 5  0.0295
 118    1.381  #101111   17 6  0.0068
 119    1.381  #111110   17 7  0.0001
 120    1.394  #111111   18 1  0.0094
 121    1.413  #111112   18 2  0.0133
 122    1.429  #121111   18 3  0.0116
 123    1.439  #121112   18 4  0.0070
 124    1.477  #111211   18 5  0.0261
 125    1.487  #111212   18 6  0.0067
 126    1.505  #121211   18 7  0.0118
 127    1.518  #121212   19 1  0.0089
 128    1.528  #121213   19 2  0.0067
 129    1.551  #131212   19 3  0.0145
 130    1.558  #131213   19 4  0.0044
 131    1.605  #121312   19 5  0.0297
 132    1.622  #121313   19 6  0.0110
 133    1.635  #131312   19 7  0.0076
 134    1.646  #131313   20 1  0.0066
 135    1.664  #131314   20 2  0.0113
 136    1.677  #141313   20 3  0.0074
 137    1.701  #141314   20 4  0.0146
 138    1.748  #131413   20 5  0.0271
 139    1.755  #131414   20 6  0.0043
 140    1.774  #141413   20 7  0.0103
 141    1.787  #141414   21 1  0.0075
 142    1.790  #141415   21 2  0.0017
 143    1.813  #151414   21 3  0.0127
 144    1.824  #151415   21 4  0.0064
 145    1.877  #141514   21 5  0.0285
 146    1.889  #141515   21 6  0.0064
 147    1.908  #151514   21 7  0.0100
 148    1.915  #151515   22 1  0.0033
 149    1.927  #151516   22 2  0.0067
 150    1.945  #161515   22 3  0.0091
 151    1.962  #161516   22 4  0.0087
 152    2.018  #151615   22 5  0.0280
 153    2.032  #151616   22 6  0.0068
 154    2.046  #161615   22 7  0.0073
 155    2.066  #161616   23 1  0.0095
 156    2.080  #161617   23 2  0.0069
 157    2.097  #171616   23 3  0.0080
 158    2.112  #171617   23 4  0.0070
 159    2.186  #161716   23 5  0.0347
 160    2.195  #161717   23 6  0.0038
 161    2.209  #171716   23 7  0.0064
 162    2.232  #171717   24 1  0.0104
 163    2.239  #171718   24 2  0.0033
 164    2.259  #181717   24 3  0.0090
 165    2.278  #181718   24 4  0.0082
 166    2.341  #171817   24 5  0.0272
 167    2.353  #171818   24 6  0.0053
 168    2.376  #181817   24 7  0.0096
 169    2.387  #181818   25 1  0.0047
 170    2.399  #181819   25 2  0.0049
 171    2.419  #191818   25 3  0.0083
 172    2.427  #191819   25 4  0.0035
 173    2.494  #181918   25 5  0.0270
 174    2.516  #181919   25 6  0.0088
 175    2.528  #191918   25 7  0.0049
 176    2.539  #191919   26 1  0.0042
 177    2.554  #19191a   26 2  0.0058
 178    2.576  #1a1919   26 3  0.0087
 179    2.585  #1a191a   26 4  0.0036
 180    2.660  #191a19   26 5  0.0285
 181    2.681  #191a1a   26 6  0.0078
 182    2.688  #1a1a19   26 7  0.0029
 183    2.725  #1a1a1a   27 1  0.0137
 184    2.720  #1a1a1b   27 2  -0.0020
 185    2.750  #1b1a1a   27 3  0.0108
 186    2.765  #1b1a1b   27 4  0.0057
 187    2.846  #1a1b1a   27 5  0.0288
 188    2.872  #1a1b1b   27 6  0.0091
 189    2.893  #1b1b1a   27 7  0.0074
 190    2.910  #1b1b1b   28 1  0.0057
 191    2.927  #1b1b1c   28 2  0.0058
 192    2.951  #1c1b1b   28 3  0.0084
 193    2.962  #1c1b1c   28 4  0.0037
 194    3.041  #1b1c1b   28 5  0.0261
 195    3.055  #1b1c1c   28 6  0.0047
 196    3.092  #1c1c1b   28 7  0.0122
 197    3.104  #1c1c1c   29 1  0.0039
 198    3.113  #1c1c1d   29 2  0.0027
 199    3.129  #1d1c1c   29 3  0.0052
 200    3.143  #1d1c1d   29 4  0.0044
 201    3.222  #1c1d1c   29 5  0.0249
 202    3.242  #1c1d1d   29 6  0.0061
 203    3.263  #1d1d1c   29 7  0.0065
 204    3.273  #1d1d1d   30 1  0.0030
 205    3.294  #1d1d1e   30 2  0.0063
 206    3.326  #1e1d1d   30 3  0.0098
 207    3.345  #1e1d1e   30 4  0.0057
 208    3.420  #1d1e1d   30 5  0.0221
 209    3.448  #1d1e1e   30 6  0.0081
 210    3.464  #1e1e1d   30 7  0.0046
 211    3.484  #1e1e1e   31 1  0.0058
 212    3.509  #1e1e1f   31 2  0.0071
 213    3.530  #1f1e1e   31 3  0.0061
 214    3.552  #1f1e1f   31 4  0.0062
 215    3.673  #1e1f1e   31 5  0.0333
 216    3.683  #1e1f1f   31 6  0.0028
 217    3.720  #1f1f1e   31 7  0.0099
 218    3.733  #1f1f1f   32 1  0.0037
 219    3.757  #1f1f20   32 2  0.0062
 220    3.781  #201f1f   32 3  0.0063
 221    3.800  #201f20   32 4  0.0050
 222    3.897  #1f201f   32 5  0.0252
 223    3.908  #1f2020   32 6  0.0028
 224    3.941  #20201f   32 7  0.0084
 225    3.966  #202020   33 1  0.0065
 226    3.976  #202021   33 2  0.0024
 227    4.006  #212020   33 3  0.0076
 228    4.024  #212021   33 4  0.0045
 229    4.110  #202120   33 5  0.0210
 230    4.123  #202121   33 6  0.0033
 231    4.156  #212120   33 7  0.0079
 232    4.172  #212121   34 1  0.0039
 233    4.187  #212122   34 2  0.0036
 234    4.223  #222121   34 3  0.0084
 235    4.233  #222122   34 4  0.0025
 236    4.335  #212221   34 5  0.0237
 237    4.364  #212222   34 6  0.0068
 238    4.382  #222221   34 7  0.0041
 239    4.403  #222222   35 1  0.0047
 240    4.425  #222223   35 2  0.0050
 241    4.458  #232222   35 3  0.0076
 242    4.489  #232223   35 4  0.0068
 243    4.582  #222322   35 5  0.0207
 244    4.625  #222323   35 6  0.0092
 245    4.646  #232322   35 7  0.0046
 246    4.663  #232323   36 1  0.0036
 247    4.681  #232324   36 2  0.0040
 248    4.713  #242323   36 3  0.0067
 249    4.741  #242324   36 4  0.0060
 250    4.838  #232423   36 5  0.0201
 251    4.859  #232424   36 6  0.0045
 252    4.888  #242423   36 7  0.0060
 253    4.909  #242424   37 1  0.0041
 254    4.928  #242425   37 2  0.0039
 255    4.961  #252424   37 3  0.0067
 256    4.983  #252425   37 4  0.0044
 257    5.085  #242524   37 5  0.0204
 258    5.114  #242525   37 6  0.0055
 259    5.128  #252524   37 7  0.0029
 260    5.153  #252525   38 1  0.0047
 261    5.174  #252526   38 2  0.0042
 262    5.207  #262525   38 3  0.0062
 263    5.222  #262526   38 4  0.0030
 264    5.338  #252625   38 5  0.0220
 265    5.360  #252626   38 6  0.0041
 266    5.389  #262625   38 7  0.0054
 267    5.412  #262626   39 1  0.0043
 268    5.433  #262627   39 2  0.0040
 269    5.478  #272626   39 3  0.0081
 270    5.500  #272627   39 4  0.0040
 271    5.632  #262726   39 5  0.0238
 272    5.659  #262727   39 6  0.0048
 273    5.694  #272726   39 7  0.0062
 274    5.717  #272727   40 1  0.0039
 275    5.738  #272728   40 2  0.0037
 276    5.785  #282727   40 3  0.0081
 277    5.800  #282728   40 4  0.0027
 278    5.922  #272827   40 5  0.0207
 279    5.939  #272828   40 6  0.0029
 280    5.981  #282827   40 7  0.0071
 281    5.997  #282828   41 1  0.0027
 282    6.018  #282829   41 2  0.0035
 283    6.057  #292828   41 3  0.0064
 284    6.076  #292829   41 4  0.0031
 285    6.210  #282928   41 5  0.0219
 286    6.207  #282929   41 6  -0.0006
 287    6.245  #292928   41 7  0.0062
 288    6.257  #292929   42 1  0.0018
 289    6.284  #29292a   42 2  0.0043
 290    6.333  #2a2929   42 3  0.0078
 291    6.354  #2a292a   42 4  0.0033
 292    6.473  #292a29   42 5  0.0186
 293    6.497  #292a2a   42 6  0.0038
 294    6.547  #2a2a29   42 7  0.0076
 295    6.547  #2a2a2a   43 1  -0.0000
 296    6.584  #2a2a2b   43 2  0.0057
 297    6.625  #2b2a2a   43 3  0.0062
 298    6.651  #2b2a2b   43 4  0.0039
 299    6.757  #2a2b2a   43 5  0.0159
 300    6.785  #2a2b2b   43 6  0.0041
 301    6.827  #2b2b2a   43 7  0.0061
 302    6.855  #2b2b2b   44 1  0.0042
 303    6.872  #2b2b2c   44 2  0.0025
 304    6.917  #2c2b2b   44 3  0.0065
 305    6.939  #2c2b2c   44 4  0.0032
 306    7.077  #2b2c2b   44 5  0.0196
 307    7.098  #2b2c2c   44 6  0.0030
 308    7.127  #2c2c2b   44 7  0.0041
 309    7.154  #2c2c2c   45 1  0.0038
 310    7.185  #2c2c2d   45 2  0.0043
 311    7.219  #2d2c2c   45 3  0.0047
 312    7.245  #2d2c2d   45 4  0.0036
 313    7.362  #2c2d2c   45 5  0.0160
 314    7.400  #2c2d2d   45 6  0.0052
 315    7.442  #2d2d2c   45 7  0.0057
 316    7.477  #2d2d2d   46 1  0.0047
 317    7.499  #2d2d2e   46 2  0.0029
 318    7.531  #2e2d2d   46 3  0.0042
 319    7.570  #2e2d2e   46 4  0.0053
 320    7.667  #2d2e2d   46 5  0.0127
 321    7.692  #2d2e2e   46 6  0.0033
 322    7.732  #2e2e2d   46 7  0.0052
 323    7.757  #2e2e2e   47 1  0.0032
 324    7.791  #2e2e2f   47 2  0.0044
 325    7.837  #2f2e2e   47 3  0.0059
 326    7.865  #2f2e2f   47 4  0.0035
 327    8.014  #2e2f2e   47 5  0.0188
 328    8.039  #2e2f2f   47 6  0.0032
 329    8.078  #2f2f2e   47 7  0.0048
 330    8.116  #2f2f2f   48 1  0.0046
 331    8.147  #2f2f30   48 2  0.0039
 332    8.180  #302f2f   48 3  0.0040
 333    8.211  #302f30   48 4  0.0037
 334    8.351  #2f302f   48 5  0.0169
 335    8.383  #2f3030   48 6  0.0039
 336    8.433  #30302f   48 7  0.0059
 337    8.449  #303030   49 1  0.0020
 338    8.473  #303031   49 2  0.0028
 339    8.521  #313030   49 3  0.0055
 340    8.540  #313031   49 4  0.0023
 341    8.648  #303130   49 5  0.0125
 342    8.683  #303131   49 6  0.0041
 343    8.727  #313130   49 7  0.0051
 344    8.750  #313131   50 1  0.0026
 345    8.762  #313132   50 2  0.0014
 346    8.814  #323131   50 3  0.0059
 347    8.844  #323132   50 4  0.0033
 348    8.985  #313231   50 5  0.0158
 349    9.013  #313232   50 6  0.0032
 350    9.058  #323231   50 7  0.0050
 351    9.085  #323232   51 1  0.0030
 352    9.128  #323233   51 2  0.0047
 353    9.174  #333232   51 3  0.0050
 354    9.197  #333233   51 4  0.0025
 355    9.315  #323332   51 5  0.0127
 356    9.341  #323333   51 6  0.0028
 357    9.395  #333332   51 7  0.0057
 358    9.435  #333333   52 1  0.0043
 359    9.458  #333334   52 2  0.0024
 360    9.518  #343333   52 3  0.0063
 361    9.537  #343334   52 4  0.0021
 362    9.714  #333433   52 5  0.0183
 363    9.736  #333434   52 6  0.0023
 364    9.784  #343433   52 7  0.0049
 365    9.810  #343434   53 1  0.0027
 366    9.845  #343435   53 2  0.0035
 367    9.881  #353434   53 3  0.0037
 368    9.911  #353435   53 4  0.0030
 369   10.061  #343534   53 5  0.0150
 370   10.094  #343535   53 6  0.0033
 371   10.140  #353534   53 7  0.0045
 372   10.167  #353535   54 1  0.0027
 373   10.199  #353536   54 2  0.0031
 374   10.251  #363535   54 3  0.0051
 375   10.272  #363536   54 4  0.0020
 376   10.391  #353635   54 5  0.0115
 377   10.418  #353636   54 6  0.0026
 378   10.469  #363635   54 7  0.0049
 379   10.500  #363636   55 1  0.0030
 380   10.526  #363637   55 2  0.0025
 381   10.592  #373636   55 3  0.0063
 382   10.631  #373637   55 4  0.0037
 383   10.778  #363736   55 5  0.0137
 384   10.813  #363737   55 6  0.0032
 385   10.860  #373736   55 7  0.0043
 386   10.894  #373737   56 1  0.0031
 387   10.925  #373738   56 2  0.0028
 388   10.977  #383737   56 3  0.0047
 389   11.004  #383738   56 4  0.0025
 390   11.187  #373837   56 5  0.0165
 391   11.215  #373838   56 6  0.0025
 392   11.265  #383837   56 7  0.0044
 393   11.301  #383838   57 1  0.0032
 394   11.332  #383839   57 2  0.0027
 395   11.373  #393838   57 3  0.0036
 396   11.415  #393839   57 4  0.0037
 397   11.552  #383938   57 5  0.0119
 398   11.584  #383939   57 6  0.0028
 399   11.630  #393938   57 7  0.0040
 400   11.656  #393939   58 1  0.0022
 401   11.683  #39393a   58 2  0.0023
 402   11.744  #3a3939   58 3  0.0052
 403   11.778  #3a393a   58 4  0.0029
 404   11.934  #393a39   58 5  0.0132
 405   11.964  #393a3a   58 6  0.0025
 406   12.015  #3a3a39   58 7  0.0043
 407   12.049  #3a3a3a   59 1  0.0028
 408   12.090  #3a3a3b   59 2  0.0034
 409   12.139  #3b3a3a   59 3  0.0040
 410   12.174  #3b3a3b   59 4  0.0029
 411   12.299  #3a3b3a   59 5  0.0102
 412   12.329  #3a3b3b   59 6  0.0024
 413   12.387  #3b3b3a   59 7  0.0047
 414   12.423  #3b3b3b   60 1  0.0029
 415   12.464  #3b3b3c   60 2  0.0033
 416   12.519  #3c3b3b   60 3  0.0044
 417   12.551  #3c3b3c   60 4  0.0026
 418   12.740  #3b3c3b   60 5  0.0149
 419   12.767  #3b3c3c   60 6  0.0021
 420   12.827  #3c3c3b   60 7  0.0047
 421   12.865  #3c3c3c   61 1  0.0030
 422   12.887  #3c3c3d   61 2  0.0017
 423   12.942  #3d3c3c   61 3  0.0043
 424   12.968  #3d3c3d   61 4  0.0020
 425   13.151  #3c3d3c   61 5  0.0140
 426   13.190  #3c3d3d   61 6  0.0030
 427   13.242  #3d3d3c   61 7  0.0039
 428   13.277  #3d3d3d   62 1  0.0026
 429   13.317  #3d3d3e   62 2  0.0030
 430   13.369  #3e3d3d   62 3  0.0039
 431   13.402  #3e3d3e   62 4  0.0025
 432   13.556  #3d3e3d   62 5  0.0114
 433   13.589  #3d3e3e   62 6  0.0024
 434   13.648  #3e3e3d   62 7  0.0043
 435   13.692  #3e3e3e   63 1  0.0032
 436   13.716  #3e3e3f   63 2  0.0018
 437   13.781  #3f3e3e   63 3  0.0047
 438   13.807  #3f3e3f   63 4  0.0019
 439   13.982  #3e3f3e   63 5  0.0126
 440   14.017  #3e3f3f   63 6  0.0025
 441   14.085  #3f3f3e   63 7  0.0048
 442   14.115  #3f3f3f   64 1  0.0021
 443   14.164  #3f3f40   64 2  0.0035
 444   14.210  #403f3f   64 3  0.0032
 445   14.249  #403f40   64 4  0.0027
 446   14.460  #3f403f   64 5  0.0147
 447   14.487  #3f4040   64 6  0.0019
 448   14.550  #40403f   64 7  0.0043
 449   14.587  #404040   65 1  0.0025
 450   14.613  #404041   65 2  0.0018
 451   14.657  #414040   65 3  0.0030
 452   14.707  #414041   65 4  0.0034
 453   14.900  #404140   65 5  0.0130
 454   14.943  #404141   65 6  0.0029
 455   14.974  #414140   65 7  0.0021
 456   15.004  #414141   66 1  0.0020
 457   15.042  #414142   66 2  0.0025
 458   15.093  #424141   66 3  0.0034
 459   15.131  #424142   66 4  0.0025
 460   15.316  #414241   66 5  0.0122
 461   15.342  #414242   66 6  0.0017
 462   15.402  #424241   66 7  0.0039
 463   15.433  #424242   67 1  0.0020
 464   15.472  #424243   67 2  0.0025
 465   15.531  #434242   67 3  0.0038
 466   15.575  #434243   67 4  0.0028
 467   15.744  #424342   67 5  0.0108
 468   15.790  #424343   67 6  0.0029
 469   15.843  #434342   67 7  0.0034
 470   15.892  #434343   68 1  0.0031
 471   15.927  #434344   68 2  0.0022
 472   15.986  #444343   68 3  0.0037
 473   16.025  #444344   68 4  0.0024
 474   16.235  #434443   68 5  0.0130
 475   16.281  #434444   68 6  0.0028
 476   16.329  #444443   68 7  0.0029
 477   16.363  #444444   69 1  0.0021
 478   16.400  #444445   69 2  0.0023
 479   16.445  #454444   69 3  0.0027
 480   16.491  #454445   69 4  0.0028
 481   16.691  #444544   69 5  0.0121
 482   16.721  #444545   69 6  0.0018
 483   16.771  #454544   69 7  0.0030
 484   16.815  #454545   70 1  0.0026
 485   16.848  #454546   70 2  0.0020
 486   16.903  #464545   70 3  0.0033
 487   16.944  #464546   70 4  0.0024
 488   17.128  #454645   70 5  0.0108
 489   17.165  #454646   70 6  0.0022
 490   17.227  #464645   70 7  0.0036
 491   17.261  #464646   71 1  0.0020
 492   17.316  #464647   71 2  0.0032
 493   17.369  #474646   71 3  0.0031
 494   17.428  #474647   71 4  0.0034
 495   17.608  #464746   71 5  0.0103
 496   17.650  #464747   71 6  0.0024
 497   17.715  #474746   71 7  0.0037
 498   17.755  #474747   72 1  0.0023
 499   17.809  #474748   72 2  0.0030
 500   17.854  #484747   72 3  0.0025
 501   17.905  #484748   72 4  0.0029
 502   18.125  #474847   72 5  0.0122
 503   18.159  #474848   72 6  0.0019
 504   18.225  #484847   72 7  0.0036
 505   18.267  #484848   73 1  0.0023
 506   18.303  #484849   73 2  0.0020
 507   18.354  #494848   73 3  0.0028
 508   18.383  #494849   73 4  0.0016
 509   18.604  #484948   73 5  0.0120
 510   18.643  #484949   73 6  0.0021
 511   18.687  #494948   73 7  0.0024
 512   18.727  #494949   74 1  0.0021
 513   18.761  #49494a   74 2  0.0018
 514   18.831  #4a4949   74 3  0.0037
 515   18.865  #4a494a   74 4  0.0018
 516   19.072  #494a49   74 5  0.0109
 517   19.105  #494a4a   74 6  0.0017
 518   19.184  #4a4a49   74 7  0.0041
 519   19.227  #4a4a4a   75 1  0.0022
 520   19.274  #4a4a4b   75 2  0.0024
 521   19.337  #4b4a4a   75 3  0.0033
 522   19.383  #4b4a4b   75 4  0.0024
 523   19.585  #4a4b4a   75 5  0.0104
 524   19.621  #4a4b4b   75 6  0.0018
 525   19.694  #4b4b4a   75 7  0.0037
 526   19.734  #4b4b4b   76 1  0.0020
 527   19.771  #4b4b4c   76 2  0.0019
 528   19.848  #4c4b4b   76 3  0.0039
 529   19.891  #4c4b4c   76 4  0.0022
 530   20.120  #4b4c4b   76 5  0.0114
 531   20.172  #4b4c4c   76 6  0.0026
 532   20.234  #4c4c4b   76 7  0.0031
 533   20.267  #4c4c4c   77 1  0.0016
 534   20.311  #4c4c4d   77 2  0.0022
 535   20.364  #4d4c4c   77 3  0.0026
 536   20.404  #4d4c4d   77 4  0.0020
 537   20.621  #4c4d4c   77 5  0.0106
 538   20.666  #4c4d4d   77 6  0.0022
 539   20.721  #4d4d4c   77 7  0.0027
 540   20.761  #4d4d4d   78 1  0.0019
 541   20.801  #4d4d4e   78 2  0.0019
 542   20.875  #4e4d4d   78 3  0.0036
 543   20.902  #4e4d4e   78 4  0.0013
 544   21.118  #4d4e4d   78 5  0.0103
 545   21.170  #4d4e4e   78 6  0.0025
 546   21.238  #4e4e4d   78 7  0.0032
 547   21.272  #4e4e4e   79 1  0.0016
 548   21.321  #4e4e4f   79 2  0.0023
 549   21.394  #4f4e4e   79 3  0.0034
 550   21.436  #4f4e4f   79 4  0.0020
 551   21.649  #4e4f4e   79 5  0.0099
 552   21.690  #4e4f4f   79 6  0.0019
 553   21.765  #4f4f4e   79 7  0.0035
 554   21.814  #4f4f4f   80 1  0.0022
 555   21.851  #4f4f50   80 2  0.0017
 556   21.913  #504f4f   80 3  0.0028
 557   21.959  #504f50   80 4  0.0021
 558   22.206  #4f504f   80 5  0.0112
 559   22.251  #4f5050   80 6  0.0020
 560   22.328  #50504f   80 7  0.0035
 561   22.369  #505050   81 1  0.0018
 562   22.405  #505051   81 2  0.0016
 563   22.465  #515050   81 3  0.0027
 564   22.503  #515051   81 4  0.0017
 565   22.739  #505150   81 5  0.0104
 566   22.786  #505151   81 6  0.0021
 567   22.836  #515150   81 7  0.0022
 568   22.892  #515151   82 1  0.0024
 569   22.929  #515152   82 2  0.0016
 570   23.006  #525151   82 3  0.0034
 571   23.045  #525152   82 4  0.0017
 572   23.284  #515251   82 5  0.0103
 573   23.322  #515252   82 6  0.0016
 574   23.380  #525251   82 7  0.0025
 575   23.430  #525252   83 1  0.0021
 576   23.475  #525253   83 2  0.0019
 577   23.544  #535252   83 3  0.0029
 578   23.592  #535253   83 4  0.0020
 579   23.811  #525352   83 5  0.0092
 580   23.858  #525353   83 6  0.0020
 581   23.926  #535352   83 7  0.0028
 582   23.972  #535353   84 1  0.0019
 583   24.022  #535354   84 2  0.0021
 584   24.096  #545353   84 3  0.0031
 585   24.145  #545354   84 4  0.0020
 586   24.393  #535453   84 5  0.0102
 587   24.440  #535454   84 6  0.0019
 588   24.515  #545453   84 7  0.0031
 589   24.556  #545454   85 1  0.0017
 590   24.606  #545455   85 2  0.0020
 591   24.661  #555454   85 3  0.0022
 592   24.715  #555455   85 4  0.0022
 593   24.951  #545554   85 5  0.0095
 594   25.018  #545555   85 6  0.0027
 595   25.075  #555554   85 7  0.0023
 596   25.120  #555555   86 1  0.0018
 597   25.162  #555556   86 2  0.0017
 598   25.232  #565555   86 3  0.0028
 599   25.280  #565556   86 4  0.0019
 600   25.463  #555655   86 5  0.0072
 601   25.499  #555656   86 6  0.0014
 602   25.581  #565655   86 7  0.0032
 603   25.618  #565656   87 1  0.0014
 604   25.678  #565657   87 2  0.0023
 605   25.743  #575656   87 3  0.0025
 606   25.793  #575657   87 4  0.0019
 607   26.015  #565756   87 5  0.0086
 608   26.069  #565757   87 6  0.0021
 609   26.138  #575756   87 7  0.0026
 610   26.188  #575757   88 1  0.0019
 611   26.237  #575758   88 2  0.0019
 612   26.321  #585757   88 3  0.0032
 613   26.369  #585758   88 4  0.0018
 614   26.621  #575857   88 5  0.0095
 615   26.670  #575858   88 6  0.0018
 616   26.762  #585857   88 7  0.0034
 617   26.804  #585858   89 1  0.0016
 618   26.857  #585859   89 2  0.0020
 619   26.916  #595858   89 3  0.0022
 620   26.962  #595859   89 4  0.0017
 621   27.171  #585958   89 5  0.0077
 622   27.212  #585959   89 6  0.0015
 623   27.276  #595958   89 7  0.0023
 624   27.320  #595959   90 1  0.0016
 625   27.363  #59595a   90 2  0.0016
 626   27.445  #5a5959   90 3  0.0030
 627   27.495  #5a595a   90 4  0.0018
 628   27.727  #595a59   90 5  0.0084
 629   27.772  #595a5a   90 6  0.0016
 630   27.846  #5a5a59   90 7  0.0027
 631   27.896  #5a5a5a   91 1  0.0018
 632   27.946  #5a5a5b   91 2  0.0018
 633   28.020  #5b5a5a   91 3  0.0026
 634   28.076  #5b5a5b   91 4  0.0020
 635   28.254  #5a5b5a   91 5  0.0063
 636   28.307  #5a5b5b   91 6  0.0019
 637   28.376  #5b5b5a   91 7  0.0024
 638   28.432  #5b5b5b   92 1  0.0020
 639   28.495  #5b5b5c   92 2  0.0022
 640   28.575  #5c5b5b   92 3  0.0028
 641   28.617  #5c5b5c   92 4  0.0015
 642   28.883  #5b5c5b   92 5  0.0093
 643   28.931  #5b5c5c   92 6  0.0017
 644   29.018  #5c5c5b   92 7  0.0030
 645   29.074  #5c5c5c   93 1  0.0019
 646   29.116  #5c5c5d   93 2  0.0014
 647   29.179  #5d5c5c   93 3  0.0022
 648   29.232  #5d5c5d   93 4  0.0018
 649   29.504  #5c5d5c   93 5  0.0093
 650   29.558  #5c5d5d   93 6  0.0018
 651   29.621  #5d5d5c   93 7  0.0021
 652   29.665  #5d5d5d   94 1  0.0015
 653   29.713  #5d5d5e   94 2  0.0016
 654   29.788  #5e5d5d   94 3  0.0025
 655   29.840  #5e5d5e   94 4  0.0017
 656   30.031  #5d5e5d   94 5  0.0064
 657   30.080  #5d5e5e   94 6  0.0016
 658   30.158  #5e5e5d   94 7  0.0026
 659   30.209  #5e5e5e   95 1  0.0017
 660   30.269  #5e5e5f   95 2  0.0020
 661   30.342  #5f5e5e   95 3  0.0024
 662   30.391  #5f5e5f   95 4  0.0016
 663   30.637  #5e5f5e   95 5  0.0081
 664   30.694  #5e5f5f   95 6  0.0019
 665   30.764  #5f5f5e   95 7  0.0023
 666   30.824  #5f5f5f   96 1  0.0019
 667   30.867  #5f5f60   96 2  0.0014
 668   30.967  #605f5f   96 3  0.0032
 669   31.004  #605f60   96 4  0.0012
 670   31.268  #5f605f   96 5  0.0085
 671   31.317  #5f6060   96 6  0.0016
 672   31.412  #60605f   96 7  0.0030
 673   31.449  #606060   97 1  0.0012
 674   31.504  #606061   97 2  0.0017
 675   31.602  #616060   97 3  0.0031
 676   31.632  #616061   97 4  0.0009
 677   31.863  #606160   97 5  0.0073
 678   31.906  #606161   97 6  0.0013
 679   31.985  #616160   97 7  0.0025
 680   32.039  #616161   98 1  0.0017
 681   32.095  #616162   98 2  0.0017
 682   32.163  #626161   98 3  0.0021
 683   32.212  #626162   98 4  0.0015
 684   32.473  #616261   98 5  0.0081
 685   32.528  #616262   98 6  0.0017
 686   32.605  #626261   98 7  0.0024
 687   32.648  #626262   99 1  0.0013
 688   32.713  #626263   99 2  0.0020
 689   32.797  #636262   99 3  0.0026
 690   32.836  #636263   99 4  0.0012
 691   33.042  #626362   99 5  0.0063
 692   33.093  #626363   99 6  0.0015
 693   33.174  #636362   99 7  0.0024
 694   33.229  #636363  100 1  0.0017
 695   33.273  #636364  100 2  0.0013
 696   33.380  #646363  100 3  0.0032
 697   33.423  #646364  100 4  0.0013
 698   33.681  #636463  100 5  0.0077
 699   33.740  #636464  100 6  0.0018
 700   33.828  #646463  100 7  0.0026
 701   33.884  #646464  101 1  0.0017
 702   33.926  #646465  101 2  0.0012
 703   34.016  #656464  101 3  0.0026
 704   34.079  #656465  101 4  0.0019
 705   34.364  #646564  101 5  0.0083
 706   34.435  #646565  101 6  0.0021
 707   34.497  #656564  101 7  0.0018
 708   34.538  #656565  102 1  0.0012
 709   34.598  #656566  102 2  0.0017
 710   34.673  #666565  102 3  0.0022
 711   34.736  #666566  102 4  0.0018
 712   34.958  #656665  102 5  0.0064
 713   34.991  #656666  102 6  0.0009
 714   35.069  #666665  102 7  0.0022
 715   35.126  #666666  103 1  0.0016
 716   35.191  #666667  103 2  0.0018
 717   35.269  #676666  103 3  0.0022
 718   35.343  #676667  103 4  0.0021
 719   35.674  #666766  103 5  0.0093
 720   35.730  #666767  103 6  0.0016
 721   35.815  #676766  103 7  0.0024
 722   35.884  #676767  104 1  0.0019
 723   35.934  #676768  104 2  0.0014
 724   36.027  #686767  104 3  0.0026
 725   36.081  #686768  104 4  0.0015
 726   36.345  #676867  104 5  0.0073
 727   36.401  #676868  104 6  0.0015
 728   36.493  #686867  104 7  0.0025
 729   36.552  #686868  105 1  0.0016
 730   36.602  #686869  105 2  0.0014
 731   36.682  #696868  105 3  0.0022
 732   36.738  #696869  105 4  0.0015
 733   36.999  #686968  105 5  0.0071
 734   37.057  #686969  105 6  0.0016
 735   37.136  #696968  105 7  0.0021
 736   37.195  #696969  106 1  0.0016
 737   37.240  #69696a  106 2  0.0012
 738   37.325  #6a6969  106 3  0.0023
 739   37.373  #6a696a  106 4  0.0013
 740   37.652  #696a69  106 5  0.0074
 741   37.705  #696a6a  106 6  0.0014
 742   37.784  #6a6a69  106 7  0.0021
 743   37.844  #6a6a6a  107 1  0.0016
 744   37.902  #6a6a6b  107 2  0.0015
 745   37.973  #6b6a6a  107 3  0.0019
 746   38.034  #6b6a6b  107 4  0.0016
 747   38.293  #6a6b6a  107 5  0.0068
 748   38.351  #6a6b6b  107 6  0.0015
 749   38.437  #6b6b6a  107 7  0.0022
 750   38.503  #6b6b6b  108 1  0.0017
 751   38.560  #6b6b6c  108 2  0.0015
 752   38.649  #6c6b6b  108 3  0.0023
 753   38.714  #6c6b6c  108 4  0.0017
 754   38.966  #6b6c6b  108 5  0.0065
 755   39.017  #6b6c6c  108 6  0.0013
 756   39.117  #6c6c6b  108 7  0.0026
 757   39.181  #6c6c6c  109 1  0.0016
 758   39.230  #6c6c6d  109 2  0.0012
 759   39.314  #6d6c6c  109 3  0.0021
 760   39.382  #6d6c6d  109 4  0.0017
 761   39.691  #6c6d6c  109 5  0.0078
 762   39.742  #6c6d6d  109 6  0.0013
 763   39.824  #6d6d6c  109 7  0.0021
 764   39.883  #6d6d6d  110 1  0.0015
 765   39.939  #6d6d6e  110 2  0.0014
 766   40.017  #6e6d6d  110 3  0.0020
 767   40.067  #6e6d6e  110 4  0.0012
 768   40.358  #6d6e6d  110 5  0.0072
 769   40.426  #6d6e6e  110 6  0.0017
 770   40.495  #6e6e6d  110 7  0.0017
 771   40.547  #6e6e6e  111 1  0.0013
 772   40.615  #6e6e6f  111 2  0.0017
 773   40.693  #6f6e6e  111 3  0.0019
 774   40.757  #6f6e6f  111 4  0.0016
 775   41.023  #6e6f6e  111 5  0.0065
 776   41.084  #6e6f6f  111 6  0.0015
 777   41.152  #6f6f6e  111 7  0.0017
 778   41.219  #6f6f6f  112 1  0.0016
 779   41.280  #6f6f70  112 2  0.0015
 780   41.385  #706f6f  112 3  0.0025
 781   41.434  #706f70  112 4  0.0012
 782   41.706  #6f706f  112 5  0.0065
 783   41.760  #6f7070  112 6  0.0013
 784   41.875  #70706f  112 7  0.0028
 785   41.922  #707070  113 1  0.0011
 786   41.991  #707071  113 2  0.0016
 787   42.065  #717070  113 3  0.0018
 788   42.114  #717071  113 4  0.0012
 789   42.448  #707170  113 5  0.0079
 790   42.499  #707171  113 6  0.0012
 791   42.593  #717170  113 7  0.0022
 792   42.649  #717171  114 1  0.0013
 793   42.707  #717172  114 2  0.0014
 794   42.784  #727171  114 3  0.0018
 795   42.838  #727172  114 4  0.0013
 796   43.141  #717271  114 5  0.0070
 797   43.180  #717272  114 6  0.0009
 798   43.275  #727271  114 7  0.0022
 799   43.333  #727272  115 1  0.0013
 800   43.392  #727273  115 2  0.0014
 801   43.470  #737272  115 3  0.0018
 802   43.534  #737273  115 4  0.0015
 803   43.806  #727372  115 5  0.0062
 804   43.882  #727373  115 6  0.0017
 805   43.963  #737372  115 7  0.0018
 806   44.020  #737373  116 1  0.0013
 807   44.076  #737374  116 2  0.0013
 808   44.187  #747373  116 3  0.0025
 809   44.245  #747374  116 4  0.0013
 810   44.575  #737473  116 5  0.0074
 811   44.639  #737474  116 6  0.0014
 812   44.764  #747473  116 7  0.0028
 813   44.825  #747474  117 1  0.0014
 814   44.887  #747475  117 2  0.0014
 815   44.984  #757474  117 3  0.0022
 816   45.044  #757475  117 4  0.0013
 817   45.369  #747574  117 5  0.0072
 818   45.435  #747575  117 6  0.0015
 819   45.535  #757574  117 7  0.0022
 820   45.578  #757575  118 1  0.0009
 821   45.626  #757576  118 2  0.0011
 822   45.721  #767575  118 3  0.0021
 823   45.788  #767576  118 4  0.0015
 824   46.081  #757675  118 5  0.0064
 825   46.150  #757676  118 6  0.0015
 826   46.219  #767675  118 7  0.0015
 827   46.282  #767676  119 1  0.0014
 828   46.347  #767677  119 2  0.0014
 829   46.455  #777676  119 3  0.0023
 830   46.483  #777677  119 4  0.0006
 831   46.759  #767776  119 5  0.0059
 832   46.826  #767777  119 6  0.0014
 833   46.908  #777776  119 7  0.0017
 834   46.978  #777777  120 1  0.0015
 835   47.031  #777778  120 2  0.0011
 836   47.138  #787777  120 3  0.0023
 837   47.204  #787778  120 4  0.0014
 838   47.485  #777877  120 5  0.0059
 839   47.547  #777878  120 6  0.0013
 840   47.643  #787877  120 7  0.0020
 841   47.711  #787878  121 1  0.0014
 842   47.770  #787879  121 2  0.0012
 843   47.864  #797878  121 3  0.0020
 844   47.921  #797879  121 4  0.0012
 845   48.248  #787978  121 5  0.0068
 846   48.309  #787979  121 6  0.0013
 847   48.413  #797978  121 7  0.0022
 848   48.464  #797979  122 1  0.0011
 849   48.529  #79797a  122 2  0.0013
 850   48.607  #7a7979  122 3  0.0016
 851   48.664  #7a797a  122 4  0.0012
 852   48.989  #797a79  122 5  0.0067
 853   49.026  #797a7a  122 6  0.0008
 854   49.120  #7a7a79  122 7  0.0019
 855   49.169  #7a7a7a  123 1  0.0010
 856   49.231  #7a7a7b  123 2  0.0013
 857   49.320  #7b7a7a  123 3  0.0018
 858   49.383  #7b7a7b  123 4  0.0013
 859   49.672  #7a7b7a  123 5  0.0058
 860   49.736  #7a7b7b  123 6  0.0013
 861   49.823  #7b7b7a  123 7  0.0017
 862   49.893  #7b7b7b  124 1  0.0014
 863   49.948  #7b7b7c  124 2  0.0011
 864   50.063  #7c7b7b  124 3  0.0023
 865   50.115  #7c7b7c  124 4  0.0010
 866   50.398  #7b7c7b  124 5  0.0056
 867   50.460  #7b7c7c  124 6  0.0012
 868   50.559  #7c7c7b  124 7  0.0020
 869   50.635  #7c7c7c  125 1  0.0015
 870   50.667  #7c7c7d  125 2  0.0006
 871   50.784  #7d7c7c  125 3  0.0023
 872   50.841  #7d7c7d  125 4  0.0011
 873   51.181  #7c7d7c  125 5  0.0067
 874   51.246  #7c7d7d  125 6  0.0013
 875   51.355  #7d7d7c  125 7  0.0021
 876   51.397  #7d7d7d  126 1  0.0008
 877   51.455  #7d7d7e  126 2  0.0011
 878   51.561  #7e7d7d  126 3  0.0021
 879   51.604  #7e7d7e  126 4  0.0008
 880   51.900  #7d7e7d  126 5  0.0057
 881   51.955  #7d7e7e  126 6  0.0011
 882   52.060  #7e7e7d  126 7  0.0020
 883   52.130  #7e7e7e  127 1  0.0013
 884   52.189  #7e7e7f  127 2  0.0011
 885   52.280  #7f7e7e  127 3  0.0017
 886   52.346  #7f7e7f  127 4  0.0013
 887   52.632  #7e7f7e  127 5  0.0054
 888   52.694  #7e7f7f  127 6  0.0012
 889   52.798  #7f7f7e  127 7  0.0020
 890   52.860  #7f7f7f  128 1  0.0012
 891   52.909  #7f7f80  128 2  0.0009
 892   53.026  #807f7f  128 3  0.0022
 893   53.088  #807f80  128 4  0.0012
 894   53.421  #7f807f  128 5  0.0063
 895   53.504  #7f8080  128 6  0.0016
 896   53.627  #80807f  128 7  0.0023
 897   53.698  #808080  129 1  0.0013
 898   53.776  #808081  129 2  0.0015
 899   53.836  #818080  129 3  0.0011
 900   53.930  #818081  129 4  0.0017
 901   54.214  #808180  129 5  0.0053
 902   54.275  #808181  129 6  0.0011
 903   54.356  #818180  129 7  0.0015
 904   54.402  #818181  130 1  0.0008
 905   54.495  #818182  130 2  0.0017
 906   54.605  #828181  130 3  0.0020
 907   54.685  #828182  130 4  0.0015
 908   54.950  #818281  130 5  0.0048
 909   55.020  #818282  130 6  0.0013
 910   55.135  #828281  130 7  0.0021
 911   55.222  #828282  131 1  0.0016
 912   55.311  #828283  131 2  0.0016
 913   55.439  #838282  131 3  0.0023
 914   55.511  #838283  131 4  0.0013
 915   55.762  #828382  131 5  0.0045
 916   55.852  #828383  131 6  0.0016
 917   55.965  #838382  131 7  0.0020
 918   56.054  #838383  132 1  0.0016
 919   56.140  #838384  132 2  0.0015
 920   56.286  #848383  132 3  0.0026
 921   56.368  #848384  132 4  0.0015
 922   56.760  #838483  132 5  0.0069
 923   56.825  #838484  132 6  0.0011
 924   56.964  #848483  132 7  0.0024
 925   57.049  #848484  133 1  0.0015
 926   57.148  #848485  133 2  0.0017
 927   57.225  #858484  133 3  0.0013
 928   57.302  #858485  133 4  0.0013
 929   57.781  #848584  133 5  0.0083
 930   57.865  #848585  133 6  0.0015
 931   57.961  #858584  133 7  0.0017
 932   58.037  #858585  134 1  0.0013
 933   58.127  #858586  134 2  0.0015
 934   58.243  #868585  134 3  0.0020
 935   58.322  #868586  134 4  0.0014
 936   58.665  #858685  134 5  0.0059
 937   58.738  #858686  134 6  0.0012
 938   58.866  #868685  134 7  0.0022
 939   58.954  #868686  135 1  0.0015
 940   59.059  #868687  135 2  0.0018
 941   59.157  #878686  135 3  0.0017
 942   59.240  #878687  135 4  0.0014
 943   59.629  #868786  135 5  0.0065
 944   59.727  #868787  135 6  0.0016
 945   59.849  #878786  135 7  0.0020
 946   59.945  #878787  136 1  0.0016
 947   60.027  #878788  136 2  0.0014
 948   60.164  #888787  136 3  0.0023
 949   60.261  #888788  136 4  0.0016
 950   60.623  #878887  136 5  0.0060
 951   60.707  #878888  136 6  0.0014
 952   60.849  #888887  136 7  0.0023
 953   60.934  #888888  137 1  0.0014
 954   61.006  #888889  137 2  0.0012
 955   61.120  #898888  137 3  0.0019
 956   61.196  #898889  137 4  0.0012
 957   61.586  #888988  137 5  0.0064
 958   61.659  #888989  137 6  0.0012
 959   61.776  #898988  137 7  0.0019
 960   61.851  #898989  138 1  0.0012
 961   61.919  #89898a  138 2  0.0011
 962   62.055  #8a8989  138 3  0.0022
 963   62.138  #8a898a  138 4  0.0013
 964   62.658  #898a89  138 5  0.0083
 965   62.746  #898a8a  138 6  0.0014
 966   62.883  #8a8a89  138 7  0.0022
 967   62.964  #8a8a8a  139 1  0.0013
 968   63.060  #8a8a8b  139 2  0.0015
 969   63.181  #8b8a8a  139 3  0.0019
 970   63.280  #8b8a8b  139 4  0.0016
 971   63.583  #8a8b8a  139 5  0.0048
 972   63.683  #8a8b8b  139 6  0.0016
 973   63.818  #8b8b8a  139 7  0.0021
 974   63.899  #8b8b8b  140 1  0.0013
 975   63.992  #8b8b8c  140 2  0.0015
 976   64.134  #8c8b8b  140 3  0.0022
 977   64.209  #8c8b8c  140 4  0.0012
 978   64.605  #8b8c8b  140 5  0.0061
 979   64.677  #8b8c8c  140 6  0.0011
 980   64.821  #8c8c8b  140 7  0.0022
 981   64.911  #8c8c8c  141 1  0.0014
 982   65.003  #8c8c8d  141 2  0.0014
 983   65.122  #8d8c8c  141 3  0.0018
 984   65.192  #8d8c8d  141 4  0.0011
 985   65.648  #8c8d8c  141 5  0.0070
 986   65.734  #8c8d8d  141 6  0.0013
 987   65.844  #8d8d8c  141 7  0.0017
 988   65.935  #8d8d8d  142 1  0.0014
 989   66.019  #8d8d8e  142 2  0.0013
 990   66.140  #8e8d8d  142 3  0.0018
 991   66.232  #8e8d8e  142 4  0.0014
 992   66.610  #8d8e8d  142 5  0.0057
 993   66.689  #8d8e8e  142 6  0.0012
 994   66.831  #8e8e8d  142 7  0.0021
 995   66.903  #8e8e8e  143 1  0.0011
 996   67.003  #8e8e8f  143 2  0.0015
 997   67.121  #8f8e8e  143 3  0.0018
 998   67.206  #8f8e8f  143 4  0.0013
 999   67.608  #8e8f8e  143 5  0.0060
1000   67.724  #8e8f8f  143 6  0.0017
1001   67.857  #8f8f8e  143 7  0.0020
1002   67.927  #8f8f8f  144 1  0.0010
1003   68.027  #8f8f90  144 2  0.0015
1004   68.164  #908f8f  144 3  0.0020
1005   68.250  #908f90  144 4  0.0013
1006   68.652  #8f908f  144 5  0.0059
1007   68.741  #8f9090  144 6  0.0013
1008   68.871  #90908f  144 7  0.0019
1009   68.958  #909090  145 1  0.0013
1010   69.038  #909091  145 2  0.0012
1011   69.169  #919090  145 3  0.0019
1012   69.245  #919091  145 4  0.0011
1013   69.591  #909190  145 5  0.0050
1014   69.673  #909191  145 6  0.0012
1015   69.815  #919190  145 7  0.0020
1016   69.883  #919191  146 1  0.0010
1017   69.972  #919192  146 2  0.0013
1018   70.111  #929191  146 3  0.0020
1019   70.186  #929192  146 4  0.0011
1020   70.657  #919291  146 5  0.0067
1021   70.739  #919292  146 6  0.0012
1022   70.875  #929291  146 7  0.0019
1023   70.974  #929292  147 1  0.0014
1024   71.051  #929293  147 2  0.0011
1025   71.198  #939292  147 3  0.0021
1026   71.295  #939293  147 4  0.0014
1027   71.639  #929392  147 5  0.0048
1028   71.729  #929393  147 6  0.0013
1029   71.842  #939392  147 7  0.0016
1030   71.955  #939393  148 1  0.0016
1031   72.051  #939394  148 2  0.0013
1032   72.171  #949393  148 3  0.0017
1033   72.287  #949394  148 4  0.0016
1034   72.700  #939493  148 5  0.0057
1035   72.775  #939494  148 6  0.0010
1036   72.923  #949493  148 7  0.0020
1037   73.003  #949494  149 1  0.0011
1038   73.095  #949495  149 2  0.0013
1039   73.214  #959494  149 3  0.0016
1040   73.303  #959495  149 4  0.0012
1041   73.754  #949594  149 5  0.0061
1042   73.846  #949595  149 6  0.0012
1043   73.955  #959594  149 7  0.0015
1044   74.038  #959595  150 1  0.0011
1045   74.121  #959596  150 2  0.0011
1046   74.253  #969595  150 3  0.0018
1047   74.365  #969596  150 4  0.0015
1048   74.871  #959695  150 5  0.0068
1049   74.937  #959696  150 6  0.0009
1050   75.077  #969695  150 7  0.0019
1051   75.170  #969696  151 1  0.0012
1052   75.268  #969697  151 2  0.0013
1053   75.391  #979696  151 3  0.0016
1054   75.490  #979697  151 4  0.0013
1055   75.917  #969796  151 5  0.0056
1056   76.011  #969797  151 6  0.0012
1057   76.154  #979796  151 7  0.0019
1058   76.231  #979797  152 1  0.0010
1059   76.342  #979798  152 2  0.0015
1060   76.474  #989797  152 3  0.0017
1061   76.564  #989798  152 4  0.0012
1062   76.997  #979897  152 5  0.0056
1063   77.066  #979898  152 6  0.0009
1064   77.226  #989897  152 7  0.0021
1065   77.304  #989898  153 1  0.0010
1066   77.379  #989899  153 2  0.0010
1067   77.524  #999898  153 3  0.0019
1068   77.605  #999899  153 4  0.0010
1069   78.069  #989998  153 5  0.0060
1070   78.154  #989999  153 6  0.0011
1071   78.287  #999998  153 7  0.0017
1072   78.370  #999999  154 1  0.0011
1073   78.474  #99999a  154 2  0.0013
1074   78.586  #9a9999  154 3  0.0014
1075   78.677  #9a999a  154 4  0.0012
1076   79.184  #999a99  154 5  0.0064
1077   79.291  #999a9a  154 6  0.0014
1078   79.407  #9a9a99  154 7  0.0015
1079   79.493  #9a9a9a  155 1  0.0011
1080   79.599  #9a9a9b  155 2  0.0013
1081   79.734  #9b9a9a  155 3  0.0017
1082   79.849  #9b9a9b  155 4  0.0014
1083   80.290  #9a9b9a  155 5  0.0055
1084   80.404  #9a9b9b  155 6  0.0014
1085   80.550  #9b9b9a  155 7  0.0018
1086   80.666  #9b9b9b  156 1  0.0014
1087   80.773  #9b9b9c  156 2  0.0013
1088   80.908  #9c9b9b  156 3  0.0017
1089   81.032  #9c9b9c  156 4  0.0015
1090   81.461  #9b9c9b  156 5  0.0053
1091   81.557  #9b9c9c  156 6  0.0012
1092   81.687  #9c9c9b  156 7  0.0016
1093   81.797  #9c9c9c  157 1  0.0013
1094   81.883  #9c9c9d  157 2  0.0011
1095   82.021  #9d9c9c  157 3  0.0017
1096   82.112  #9d9c9d  157 4  0.0011
1097   82.571  #9c9d9c  157 5  0.0056
1098   82.662  #9c9d9d  157 6  0.0011
1099   82.805  #9d9d9c  157 7  0.0017
1100   82.891  #9d9d9d  158 1  0.0010
1101   82.986  #9d9d9e  158 2  0.0011
1102   83.148  #9e9d9d  158 3  0.0020
1103   83.220  #9e9d9e  158 4  0.0009
1104   83.759  #9d9e9d  158 5  0.0065
1105   83.841  #9d9e9e  158 6  0.0010
1106   83.972  #9e9e9d  158 7  0.0016
1107   84.080  #9e9e9e  159 1  0.0013
1108   84.165  #9e9e9f  159 2  0.0010
1109   84.294  #9f9e9e  159 3  0.0015
1110   84.401  #9f9e9f  159 4  0.0013
1111   84.842  #9e9f9e  159 5  0.0052
1112   84.943  #9e9f9f  159 6  0.0012
1113   85.100  #9f9f9e  159 7  0.0018
1114   85.177  #9f9f9f  160 1  0.0009
1115   85.293  #9f9fa0  160 2  0.0014
1116   85.430  #a09f9f  160 3  0.0016
1117   85.519  #a09fa0  160 4  0.0010
1118   85.974  #9fa09f  160 5  0.0053
1119   86.063  #9fa0a0  160 6  0.0010
1120   86.194  #a0a09f  160 7  0.0015
1121   86.296  #a0a0a0  161 1  0.0012
1122   86.390  #a0a0a1  161 2  0.0011
1123   86.562  #a1a0a0  161 3  0.0020
1124   86.631  #a1a0a1  161 4  0.0008
1125   87.073  #a0a1a0  161 5  0.0051
1126   87.153  #a0a1a1  161 6  0.0009
1127   87.370  #a1a1a0  161 7  0.0025
1128   87.414  #a1a1a1  162 1  0.0005
1129   87.517  #a1a1a2  162 2  0.0012
1130   87.648  #a2a1a1  162 3  0.0015
1131   87.770  #a2a1a2  162 4  0.0014
1132   88.285  #a1a2a1  162 5  0.0059
1133   88.379  #a1a2a2  162 6  0.0011
1134   88.530  #a2a2a1  162 7  0.0017
1135   88.620  #a2a2a2  163 1  0.0010
1136   88.728  #a2a2a3  163 2  0.0012
1137   88.845  #a3a2a2  163 3  0.0013
1138   88.951  #a3a2a3  163 4  0.0012
1139   89.521  #a2a3a2  163 5  0.0064
1140   89.683  #a2a3a3  163 6  0.0018
1141   89.819  #a3a3a2  163 7  0.0015
1142   89.940  #a3a3a3  164 1  0.0013
1143   90.053  #a3a3a4  164 2  0.0013
1144   90.188  #a4a3a3  164 3  0.0015
1145   90.288  #a4a3a4  164 4  0.0011
1146   90.738  #a3a4a3  164 5  0.0050
1147   90.827  #a3a4a4  164 6  0.0010
1148   90.976  #a4a4a3  164 7  0.0016
1149   91.082  #a4a4a4  165 1  0.0012
1150   91.189  #a4a4a5  165 2  0.0012
1151   91.363  #a5a4a4  165 3  0.0019
1152   91.462  #a5a4a5  165 4  0.0011
1153   91.905  #a4a5a4  165 5  0.0048
1154   91.991  #a4a5a5  165 6  0.0009
1155   92.165  #a5a5a4  165 7  0.0019
1156   92.280  #a5a5a5  166 1  0.0012
1157   92.372  #a5a5a6  166 2  0.0010
1158   92.496  #a6a5a5  166 3  0.0013
1159   92.596  #a6a5a6  166 4  0.0011
1160   93.138  #a5a6a5  166 5  0.0058
1161   93.240  #a5a6a6  166 6  0.0011
1162   93.378  #a6a6a5  166 7  0.0015
1163   93.494  #a6a6a6  167 1  0.0012
1164   93.602  #a6a6a7  167 2  0.0012
1165   93.741  #a7a6a6  167 3  0.0015
1166   93.842  #a7a6a7  167 4  0.0011
1167   94.286  #a6a7a6  167 5  0.0047
1168   94.396  #a6a7a7  167 6  0.0012
1169   94.534  #a7a7a6  167 7  0.0015
1170   94.619  #a7a7a7  168 1  0.0009
1171   94.745  #a7a7a8  168 2  0.0013
1172   94.908  #a8a7a7  168 3  0.0017
1173   95.007  #a8a7a8  168 4  0.0010
1174   95.462  #a7a8a7  168 5  0.0048
1175   95.575  #a7a8a8  168 6  0.0012
1176   95.724  #a8a8a7  168 7  0.0016
1177   95.834  #a8a8a8  169 1  0.0011
1178   95.923  #a8a8a9  169 2  0.0009
1179   96.093  #a9a8a8  169 3  0.0018
1180   96.175  #a9a8a9  169 4  0.0009
1181   96.648  #a8a9a8  169 5  0.0049
1182   96.741  #a8a9a9  169 6  0.0010
1183   96.921  #a9a9a8  169 7  0.0019
1184   97.030  #a9a9a9  170 1  0.0011
1185   97.133  #a9a9aa  170 2  0.0011
1186   97.277  #aaa9a9  170 3  0.0015
1187   97.364  #aaa9aa  170 4  0.0009
1188   97.922  #a9aaa9  170 5  0.0057
1189   98.040  #a9aaaa  170 6  0.0012
1190   98.189  #aaaaa9  170 7  0.0015
1191   98.300  #aaaaaa  171 1  0.0011
1192   98.405  #aaaaab  171 2  0.0011
1193   98.586  #abaaaa  171 3  0.0018
1194   98.722  #abaaab  171 4  0.0014
1195   99.109  #aaabaa  171 5  0.0039
1196   99.220  #aaabab  171 6  0.0011
1197   99.380  #ababaa  171 7  0.0016
1198   99.490  #ababab  172 1  0.0011
1199   99.595  #ababac  172 2  0.0011
1200   99.761  #acabab  172 3  0.0017
1201   99.865  #acabac  172 4  0.0010
1202  100.310  #abacab  172 5  0.0044
1203  100.420  #abacac  172 6  0.0011
1204  100.560  #acacab  172 7  0.0014
1205  100.690  #acacac  173 1  0.0013
1206  100.810  #acacad  173 2  0.0012
1207  100.980  #adacac  173 3  0.0017
1208  101.090  #adacad  173 4  0.0011
1209  101.560  #acadac  173 5  0.0046
1210  101.670  #acadad  173 6  0.0011
1211  101.840  #adadac  173 7  0.0017
1212  101.920  #adadad  174 1  0.0008
1213  102.040  #adadae  174 2  0.0012
1214  102.180  #aeadad  174 3  0.0014
1215  102.290  #aeadae  174 4  0.0011
1216  102.720  #adaead  174 5  0.0042
1217  102.830  #adaeae  174 6  0.0011
1218  102.990  #aeaead  174 7  0.0016
1219  103.100  #aeaeae  175 1  0.0011
1220  103.190  #aeaeaf  175 2  0.0009
1221  103.350  #afaeae  175 3  0.0015
1222  103.470  #afaeaf  175 4  0.0012
1223  103.980  #aeafae  175 5  0.0049
1224  104.090  #aeafaf  175 6  0.0011
1225  104.220  #afafae  175 7  0.0012
1226  104.330  #afafaf  176 1  0.0011
1227  104.450  #afafb0  176 2  0.0011
1228  104.620  #b0afaf  176 3  0.0016
1229  104.710  #b0afb0  176 4  0.0009
1230  105.210  #afb0af  176 5  0.0048
1231  105.320  #afb0b0  176 6  0.0010
1232  105.470  #b0b0af  176 7  0.0014
1233  105.590  #b0b0b0  177 1  0.0011
1234  105.680  #b0b0b1  177 2  0.0009
1235  105.890  #b1b0b0  177 3  0.0020
1236  105.970  #b1b0b1  177 4  0.0008
1237  106.380  #b0b1b0  177 5  0.0039
1238  106.480  #b0b1b1  177 6  0.0009
1239  106.680  #b1b1b0  177 7  0.0019
1240  106.760  #b1b1b1  178 1  0.0007
1241  106.890  #b1b1b2  178 2  0.0012
1242  107.060  #b2b1b1  178 3  0.0016
1243  107.170  #b2b1b2  178 4  0.0010
1244  107.830  #b1b2b1  178 5  0.0061
1245  107.960  #b1b2b2  178 6  0.0012
1246  108.100  #b2b2b1  178 7  0.0013
1247  108.210  #b2b2b2  179 1  0.0010
1248  108.340  #b2b2b3  179 2  0.0012
1249  108.490  #b3b2b2  179 3  0.0014
1250  108.610  #b3b2b3  179 4  0.0011
1251  109.030  #b2b3b2  179 5  0.0039
1252  109.150  #b2b3b3  179 6  0.0011
1253  109.280  #b3b3b2  179 7  0.0012
1254  109.420  #b3b3b3  180 1  0.0013
1255  109.530  #b3b3b4  180 2  0.0010
1256  109.690  #b4b3b3  180 3  0.0015
1257  109.810  #b4b3b4  180 4  0.0011
1258  110.300  #b3b4b3  180 5  0.0045
1259  110.430  #b3b4b4  180 6  0.0012
1260  110.590  #b4b4b3  180 7  0.0014
1261  110.710  #b4b4b4  181 1  0.0011
1262  110.840  #b4b4b5  181 2  0.0012
1263  111.020  #b5b4b4  181 3  0.0016
1264  111.130  #b5b4b5  181 4  0.0010
1265  111.640  #b4b5b4  181 5  0.0046
1266  111.760  #b4b5b5  181 6  0.0011
1267  111.960  #b5b5b4  181 7  0.0018
1268  112.050  #b5b5b5  182 1  0.0008
1269  112.170  #b5b5b6  182 2  0.0011
1270  112.340  #b6b5b5  182 3  0.0015
1271  112.460  #b6b5b6  182 4  0.0011
1272  112.890  #b5b6b5  182 5  0.0038
1273  113.020  #b5b6b6  182 6  0.0012
1274  113.180  #b6b6b5  182 7  0.0014
1275  113.280  #b6b6b6  183 1  0.0009
1276  113.410  #b6b6b7  183 2  0.0011
1277  113.580  #b7b6b6  183 3  0.0015
1278  113.700  #b7b6b7  183 4  0.0011
1279  114.310  #b6b7b6  183 5  0.0054
1280  114.400  #b6b7b7  183 6  0.0008
1281  114.570  #b7b7b6  183 7  0.0015
1282  114.670  #b7b7b7  184 1  0.0009
1283  114.800  #b7b7b8  184 2  0.0011
1284  114.960  #b8b7b7  184 3  0.0014
1285  115.110  #b8b7b8  184 4  0.0013
1286  115.620  #b7b8b7  184 5  0.0044
1287  115.750  #b7b8b8  184 6  0.0011
1288  115.890  #b8b8b7  184 7  0.0012
1289  116.040  #b8b8b8  185 1  0.0013
1290  116.160  #b8b8b9  185 2  0.0010
1291  116.380  #b9b8b8  185 3  0.0019
1292  116.510  #b9b8b9  185 4  0.0011
1293  116.980  #b8b9b8  185 5  0.0040
1294  117.100  #b8b9b9  185 6  0.0010
1295  117.290  #b9b9b8  185 7  0.0016
1296  117.430  #b9b9b9  186 1  0.0012
1297  117.540  #b9b9ba  186 2  0.0009
1298  117.700  #bab9b9  186 3  0.0014
1299  117.810  #bab9ba  186 4  0.0009
1300  118.400  #b9bab9  186 5  0.0050
1301  118.520  #b9baba  186 6  0.0010
1302  118.680  #babab9  186 7  0.0013
1303  118.810  #bababa  187 1  0.0011
1304  118.940  #bababb  187 2  0.0011
1305  119.090  #bbbaba  187 3  0.0013
1306  119.210  #bbbabb  187 4  0.0010
1307  119.710  #babbba  187 5  0.0042
1308  119.800  #babbbb  187 6  0.0008
1309  119.990  #bbbbba  187 7  0.0016
1310  120.120  #bbbbbb  188 1  0.0011
1311  120.260  #bbbbbc  188 2  0.0012
1312  120.430  #bcbbbb  188 3  0.0014
1313  120.560  #bcbbbc  188 4  0.0011
1314  121.080  #bbbcbb  188 5  0.0043
1315  121.230  #bbbcbc  188 6  0.0012
1316  121.390  #bcbcbb  188 7  0.0013
1317  121.510  #bcbcbc  189 1  0.0010
1318  121.650  #bcbcbd  189 2  0.0012
1319  121.870  #bdbcbc  189 3  0.0018
1320  121.990  #bdbcbd  189 4  0.0010
1321  122.510  #bcbdbc  189 5  0.0043
1322  122.640  #bcbdbd  189 6  0.0011
1323  122.890  #bdbdbc  189 7  0.0020
1324  122.980  #bdbdbd  190 1  0.0007
1325  123.110  #bdbdbe  190 2  0.0011
1326  123.310  #bebdbd  190 3  0.0016
1327  123.420  #bebdbe  190 4  0.0009
1328  123.900  #bdbebd  190 5  0.0039
1329  124.050  #bdbebe  190 6  0.0012
1330  124.200  #bebebd  190 7  0.0012
1331  124.330  #bebebe  191 1  0.0010
1332  124.460  #bebebf  191 2  0.0010
1333  124.660  #bfbebe  191 3  0.0016
1334  124.800  #bfbebf  191 4  0.0011
1335  125.540  #bebfbe  191 5  0.0059
1336  125.670  #bebfbf  191 6  0.0010
1337  125.870  #bfbfbe  191 7  0.0016
1338  126.010  #bfbfbf  192 1  0.0011
1339  126.150  #bfbfc0  192 2  0.0011
1340  126.320  #c0bfbf  192 3  0.0013
1341  126.460  #c0bfc0  192 4  0.0011
1342  127.010  #bfc0bf  192 5  0.0043
1343  127.190  #bfc0c0  192 6  0.0014
1344  127.350  #c0c0bf  192 7  0.0013
1345  127.460  #c0c0c0  193 1  0.0009
1346  127.600  #c0c0c1  193 2  0.0011
1347  127.780  #c1c0c0  193 3  0.0014
1348  127.900  #c1c0c1  193 4  0.0009
1349  128.510  #c0c1c0  193 5  0.0048
1350  128.640  #c0c1c1  193 6  0.0010
1351  128.810  #c1c1c0  193 7  0.0013
1352  128.910  #c1c1c1  194 1  0.0008
1353  129.070  #c1c1c2  194 2  0.0012
1354  129.250  #c2c1c1  194 3  0.0014
1355  129.400  #c2c1c2  194 4  0.0012
1356  130.000  #c1c2c1  194 5  0.0046
1357  130.140  #c1c2c2  194 6  0.0011
1358  130.330  #c2c2c1  194 7  0.0015
1359  130.430  #c2c2c2  195 1  0.0008
1360  130.590  #c2c2c3  195 2  0.0012
1361  130.770  #c3c2c2  195 3  0.0014
1362  130.910  #c3c2c3  195 4  0.0011
1363  131.580  #c2c3c2  195 5  0.0051
1364  131.730  #c2c3c3  195 6  0.0011
1365  131.890  #c3c3c2  195 7  0.0012
1366  132.060  #c3c3c3  196 1  0.0013
1367  132.200  #c3c3c4  196 2  0.0011
1368  132.400  #c4c3c3  196 3  0.0015
1369  132.550  #c4c3c4  196 4  0.0011
1370  133.110  #c3c4c3  196 5  0.0042
1371  133.250  #c3c4c4  196 6  0.0011
1372  133.410  #c4c4c3  196 7  0.0012
1373  133.590  #c4c4c4  197 1  0.0013
1374  133.710  #c4c4c5  197 2  0.0009
1375  133.920  #c5c4c4  197 3  0.0016
1376  134.040  #c5c4c5  197 4  0.0009
1377  134.760  #c4c5c4  197 5  0.0054
1378  134.910  #c4c5c5  197 6  0.0011
1379  135.080  #c5c5c4  197 7  0.0013
1380  135.230  #c5c5c5  198 1  0.0011
1381  135.380  #c5c5c6  198 2  0.0011
1382  135.560  #c6c5c5  198 3  0.0013
1383  135.710  #c6c5c6  198 4  0.0011
1384  136.340  #c5c6c5  198 5  0.0046
1385  136.470  #c5c6c6  198 6  0.0010
1386  136.690  #c6c6c5  198 7  0.0016
1387  136.820  #c6c6c6  199 1  0.0010
1388  136.980  #c6c6c7  199 2  0.0012
1389  137.140  #c7c6c6  199 3  0.0012
1390  137.310  #c7c6c7  199 4  0.0012
1391  138.010  #c6c7c6  199 5  0.0051
1392  138.190  #c6c7c7  199 6  0.0013
1393  138.380  #c7c7c6  199 7  0.0014
1394  138.510  #c7c7c7  200 1  0.0009
1395  138.670  #c7c7c8  200 2  0.0012
1396  138.870  #c8c7c7  200 3  0.0014
1397  139.020  #c8c7c8  200 4  0.0011
1398  139.610  #c7c8c7  200 5  0.0042
1399  139.750  #c7c8c8  200 6  0.0010
1400  139.940  #c8c8c7  200 7  0.0014
1401  140.100  #c8c8c8  201 1  0.0011
1402  140.250  #c8c8c9  201 2  0.0011
1403  140.410  #c9c8c8  201 3  0.0011
1404  140.580  #c9c8c9  201 4  0.0012
1405  141.280  #c8c9c8  201 5  0.0050
1406  141.380  #c8c9c9  201 6  0.0007
1407  141.600  #c9c9c8  201 7  0.0016
1408  141.730  #c9c9c9  202 1  0.0009
1409  141.870  #c9c9ca  202 2  0.0010
1410  142.090  #cac9c9  202 3  0.0015
1411  142.170  #cac9ca  202 4  0.0006
1412  142.750  #c9cac9  202 5  0.0041
1413  142.920  #c9caca  202 6  0.0012
1414  143.150  #cacac9  202 7  0.0016
1415  143.320  #cacaca  203 1  0.0012
1416  143.480  #cacacb  203 2  0.0011
1417  143.670  #cbcaca  203 3  0.0013
1418  143.810  #cbcacb  203 4  0.0010
1419  144.590  #cacbca  203 5  0.0054
1420  144.740  #cacbcb  203 6  0.0010
1421  144.920  #cbcbca  203 7  0.0012
1422  145.050  #cbcbcb  204 1  0.0009
1423  145.210  #cbcbcc  204 2  0.0011
1424  145.420  #cccbcb  204 3  0.0014
1425  145.600  #cccbcc  204 4  0.0012
1426  146.200  #cbcccb  204 5  0.0041
1427  146.340  #cbcccc  204 6  0.0010
1428  146.600  #cccccb  204 7  0.0018
1429  146.780  #cccccc  205 1  0.0012
1430  146.940  #cccccd  205 2  0.0011
1431  147.140  #cdcccc  205 3  0.0014
1432  147.260  #cdcccd  205 4  0.0008
1433  147.950  #cccdcc  205 5  0.0047
1434  148.100  #cccdcd  205 6  0.0010
1435  148.310  #cdcdcc  205 7  0.0014
1436  148.480  #cdcdcd  206 1  0.0011
1437  148.640  #cdcdce  206 2  0.0011
1438  148.840  #cecdcd  206 3  0.0013
1439  149.000  #cecdce  206 4  0.0011
1440  149.730  #cdcecd  206 5  0.0049
1441  149.870  #cdcece  206 6  0.0009
1442  150.080  #cececd  206 7  0.0014
1443  150.230  #cecece  207 1  0.0010
1444  150.370  #cececf  207 2  0.0009
1445  150.610  #cfcece  207 3  0.0016
1446  150.790  #cfcecf  207 4  0.0012
1447  151.560  #cecfce  207 5  0.0051
1448  151.720  #cecfcf  207 6  0.0011
1449  151.950  #cfcfce  207 7  0.0015
1450  152.130  #cfcfcf  208 1  0.0012
1451  152.320  #cfcfd0  208 2  0.0012
1452  152.540  #d0cfcf  208 3  0.0014
1453  152.710  #d0cfd0  208 4  0.0011
1454  153.300  #cfd0cf  208 5  0.0039
1455  153.500  #cfd0d0  208 6  0.0013
1456  153.730  #d0d0cf  208 7  0.0015
1457  153.920  #d0d0d0  209 1  0.0012
1458  154.070  #d0d0d1  209 2  0.0010
1459  154.240  #d1d0d0  209 3  0.0011
1460  154.420  #d1d0d1  209 4  0.0012
1461  155.180  #d0d1d0  209 5  0.0049
1462  155.340  #d0d1d1  209 6  0.0010
1463  155.510  #d1d1d0  209 7  0.0011
1464  155.650  #d1d1d1  210 1  0.0009
1465  155.800  #d1d1d2  210 2  0.0010
1466  156.060  #d2d1d1  210 3  0.0017
1467  156.230  #d2d1d2  210 4  0.0011
1468  156.980  #d1d2d1  210 5  0.0048
1469  157.160  #d1d2d2  210 6  0.0011
1470  157.440  #d2d2d1  210 7  0.0018
1471  157.590  #d2d2d2  211 1  0.0010
1472  157.730  #d2d2d3  211 2  0.0009
1473  157.910  #d3d2d2  211 3  0.0011
1474  158.100  #d3d2d3  211 4  0.0012
1475  159.000  #d2d3d2  211 5  0.0057
1476  159.140  #d2d3d3  211 6  0.0009
1477  159.340  #d3d3d2  211 7  0.0013
1478  159.510  #d3d3d3  212 1  0.0011
1479  159.720  #d3d3d4  212 2  0.0013
1480  159.960  #d4d3d3  212 3  0.0015
1481  160.140  #d4d3d4  212 4  0.0011
1482  160.780  #d3d4d3  212 5  0.0040
1483  160.960  #d3d4d4  212 6  0.0011
1484  161.190  #d4d4d3  212 7  0.0014
1485  161.390  #d4d4d4  213 1  0.0012
1486  161.540  #d4d4d5  213 2  0.0009
1487  161.740  #d5d4d4  213 3  0.0012
1488  161.890  #d5d4d5  213 4  0.0009
1489  162.760  #d4d5d4  213 5  0.0054
1490  162.920  #d4d5d5  213 6  0.0010
1491  163.100  #d5d5d4  213 7  0.0011
1492  163.250  #d5d5d5  214 1  0.0009
1493  163.440  #d5d5d6  214 2  0.0012
1494  163.660  #d6d5d5  214 3  0.0013
1495  163.870  #d6d5d6  214 4  0.0013
1496  164.500  #d5d6d5  214 5  0.0038
1497  164.660  #d5d6d6  214 6  0.0010
1498  165.030  #d6d6d5  214 7  0.0022
1499  165.330  #d6d6d6  215 1  0.0018
1500  165.640  #d6d6d7  215 2  0.0019
1501  165.950  #d7d6d6  215 3  0.0019
1502  166.200  #d7d6d7  215 4  0.0015
1503  167.120  #d6d7d6  215 5  0.0055
1504  167.300  #d6d7d7  215 6  0.0011
1505  167.560  #d7d7d6  215 7  0.0016
1506  167.750  #d7d7d7  216 1  0.0011
1507  167.960  #d7d7d8  216 2  0.0013
1508  168.160  #d8d7d7  216 3  0.0012
1509  168.330  #d8d7d8  216 4  0.0010
1510  169.070  #d7d8d7  216 5  0.0044
1511  169.260  #d7d8d8  216 6  0.0011
1512  169.500  #d8d8d7  216 7  0.0014
1513  169.680  #d8d8d8  217 1  0.0011
1514  169.840  #d8d8d9  217 2  0.0009
1515  170.060  #d9d8d8  217 3  0.0013
1516  170.250  #d9d8d9  217 4  0.0011
1517  170.870  #d8d9d8  217 5  0.0036
1518  171.000  #d8d9d9  217 6  0.0008
1519  171.220  #d9d9d8  217 7  0.0013
1520  171.370  #d9d9d9  218 1  0.0009
1521  171.570  #d9d9da  218 2  0.0012
1522  171.860  #dad9d9  218 3  0.0017
1523  172.020  #dad9da  218 4  0.0009
1524  172.830  #d9dad9  218 5  0.0047
1525  173.000  #d9dada  218 6  0.0010
1526  173.320  #dadad9  218 7  0.0018
1527  173.480  #dadada  219 1  0.0009
1528  173.640  #dadadb  219 2  0.0009
1529  173.850  #dbdada  219 3  0.0012
1530  174.040  #dbdadb  219 4  0.0011
1531  174.790  #dadbda  219 5  0.0043
1532  174.950  #dadbdb  219 6  0.0009
1533  175.190  #dbdbda  219 7  0.0014
1534  175.350  #dbdbdb  220 1  0.0009
1535  175.590  #dbdbdc  220 2  0.0014
1536  175.810  #dcdbdb  220 3  0.0013
1537  175.990  #dcdbdc  220 4  0.0010
1538  176.730  #dbdcdb  220 5  0.0042
1539  176.960  #dbdcdc  220 6  0.0013
1540  177.190  #dcdcdb  220 7  0.0013
1541  177.380  #dcdcdc  221 1  0.0011
1542  177.570  #dcdcdd  221 2  0.0011
1543  177.800  #dddcdc  221 3  0.0013
1544  177.990  #dddcdd  221 4  0.0011
1545  178.790  #dcdddc  221 5  0.0045
1546  178.970  #dcdddd  221 6  0.0010
1547  179.200  #dddddc  221 7  0.0013
1548  179.370  #dddddd  222 1  0.0009
1549  179.570  #ddddde  222 2  0.0011
1550  179.890  #dedddd  222 3  0.0018
1551  180.080  #deddde  222 4  0.0011
1552  180.680  #dddedd  222 5  0.0033
1553  180.870  #dddede  222 6  0.0011
1554  181.170  #dededd  222 7  0.0017
1555  181.370  #dedede  223 1  0.0011
1556  181.540  #dededf  223 2  0.0009
1557  181.740  #dfdede  223 3  0.0011
1558  181.940  #dfdedf  223 4  0.0011
1559  182.850  #dedfde  223 5  0.0050
1560  183.020  #dedfdf  223 6  0.0009
1561  183.270  #dfdfde  223 7  0.0014
1562  183.490  #dfdfdf  224 1  0.0012
1563  183.730  #dfdfe0  224 2  0.0013
1564  183.960  #e0dfdf  224 3  0.0013
1565  184.130  #e0dfe0  224 4  0.0009
1566  184.970  #dfe0df  224 5  0.0046
1567  185.220  #dfe0e0  224 6  0.0014
1568  185.410  #e0e0df  224 7  0.0010
1569  185.650  #e0e0e0  225 1  0.0013
1570  185.840  #e0e0e1  225 2  0.0010
1571  186.130  #e1e0e0  225 3  0.0016
1572  186.290  #e1e0e1  225 4  0.0009
1573  186.870  #e0e1e0  225 5  0.0031
1574  187.060  #e0e1e1  225 6  0.0010
1575  187.360  #e1e1e0  225 7  0.0016
1576  187.520  #e1e1e1  226 1  0.0009
1577  187.690  #e1e1e2  226 2  0.0009
1578  187.980  #e2e1e1  226 3  0.0015
1579  188.190  #e2e1e2  226 4  0.0011
1580  189.050  #e1e2e1  226 5  0.0046
1581  189.220  #e1e2e2  226 6  0.0009
1582  189.500  #e2e2e1  226 7  0.0015
1583  189.690  #e2e2e2  227 1  0.0010
1584  189.900  #e2e2e3  227 2  0.0011
1585  190.170  #e3e2e2  227 3  0.0014
1586  190.350  #e3e2e3  227 4  0.0009
1587  191.080  #e2e3e2  227 5  0.0038
1588  191.260  #e2e3e3  227 6  0.0009
1589  191.510  #e3e3e2  227 7  0.0013
1590  191.670  #e3e3e3  228 1  0.0008
1591  191.860  #e3e3e4  228 2  0.0010
1592  192.070  #e4e3e3  228 3  0.0011
1593  192.300  #e4e3e4  228 4  0.0012
1594  193.260  #e3e4e3  228 5  0.0050
1595  193.440  #e3e4e4  228 6  0.0009
1596  193.720  #e4e4e3  228 7  0.0014
1597  193.890  #e4e4e4  229 1  0.0009
1598  194.090  #e4e4e5  229 2  0.0010
1599  194.340  #e5e4e4  229 3  0.0013
1600  194.500  #e5e4e5  229 4  0.0008
1601  195.310  #e4e5e4  229 5  0.0042
1602  195.460  #e4e5e5  229 6  0.0008
1603  195.750  #e5e5e4  229 7  0.0015
1604  195.930  #e5e5e5  230 1  0.0009
1605  196.070  #e5e5e6  230 2  0.0007
1606  196.410  #e6e5e5  230 3  0.0017
1607  196.590  #e6e5e6  230 4  0.0009
1608  197.110  #e5e6e5  230 5  0.0026
1609  197.270  #e5e6e6  230 6  0.0008
1610  197.580  #e6e6e5  230 7  0.0016
1611  197.780  #e6e6e6  231 1  0.0010
1612  197.940  #e6e6e7  231 2  0.0008
1613  198.140  #e7e6e6  231 3  0.0010
1614  198.320  #e7e6e7  231 4  0.0009
1615  199.240  #e6e7e6  231 5  0.0046
1616  199.380  #e6e7e7  231 6  0.0007
1617  199.590  #e7e7e6  231 7  0.0011
1618  199.770  #e7e7e7  232 1  0.0009
1619  199.940  #e7e7e8  232 2  0.0009
1620  200.210  #e8e7e7  232 3  0.0013
1621  200.380  #e8e7e8  232 4  0.0008
1622  201.310  #e7e8e7  232 5  0.0046
1623  201.500  #e7e8e8  232 6  0.0009
1624  201.750  #e8e8e7  232 7  0.0012
1625  201.940  #e8e8e8  233 1  0.0009
1626  202.100  #e8e8e9  233 2  0.0008
1627  202.360  #e9e8e8  233 3  0.0013
1628  202.500  #e9e8e9  233 4  0.0007
1629  203.110  #e8e9e8  233 5  0.0030
1630  203.270  #e8e9e9  233 6  0.0008
1631  203.530  #e9e9e8  233 7  0.0013
1632  203.710  #e9e9e9  234 1  0.0009
1633  203.910  #e9e9ea  234 2  0.0010
1634  204.190  #eae9e9  234 3  0.0014
1635  204.370  #eae9ea  234 4  0.0009
1636  205.120  #e9eae9  234 5  0.0037
1637  205.270  #e9eaea  234 6  0.0007
1638  205.580  #eaeae9  234 7  0.0015
1639  205.740  #eaeaea  235 1  0.0008
1640  205.940  #eaeaeb  235 2  0.0010
1641  206.190  #ebeaea  235 3  0.0012
1642  206.340  #ebeaeb  235 4  0.0007
1643  207.430  #eaebea  235 5  0.0053
1644  207.720  #eaebeb  235 6  0.0014
1645  208.060  #ebebea  235 7  0.0016
1646  208.250  #ebebeb  236 1  0.0009
1647  208.480  #ebebec  236 2  0.0011
1648  208.710  #ecebeb  236 3  0.0011
1649  208.890  #ecebec  236 4  0.0009
1650  209.850  #ebeceb  236 5  0.0046
1651  210.020  #ebecec  236 6  0.0008
1652  210.240  #ececeb  236 7  0.0010
1653  210.430  #ececec  237 1  0.0009
1654  210.590  #ececed  237 2  0.0008
1655  210.890  #edecec  237 3  0.0014
1656  211.050  #edeced  237 4  0.0008
1657  211.800  #ecedec  237 5  0.0035
1658  211.940  #eceded  237 6  0.0007
1659  212.230  #ededec  237 7  0.0014
1660  212.410  #ededed  238 1  0.0008
1661  212.540  #ededee  238 2  0.0006
1662  212.810  #eeeded  238 3  0.0013
1663  212.960  #eeedee  238 4  0.0007
1664  213.740  #edeeed  238 5  0.0037
1665  213.910  #edeeee  238 6  0.0008
1666  214.210  #eeeeed  238 7  0.0014
1667  214.400  #eeeeee  239 1  0.0009
1668  214.610  #eeeeef  239 2  0.0010
1669  214.820  #efeeee  239 3  0.0010
1670  214.990  #efeeef  239 4  0.0008
1671  215.860  #eeefee  239 5  0.0040
1672  216.060  #eeefef  239 6  0.0009
1673  216.270  #efefee  239 7  0.0010
1674  216.440  #efefef  240 1  0.0008
1675  216.650  #efeff0  240 2  0.0010
1676  216.850  #f0efef  240 3  0.0009
1677  217.040  #f0eff0  240 4  0.0009
1678  217.960  #eff0ef  240 5  0.0042
1679  218.120  #eff0f0  240 6  0.0007
1680  218.350  #f0f0ef  240 7  0.0011
1681  218.560  #f0f0f0  241 1  0.0010
1682  218.730  #f0f0f1  241 2  0.0008
1683  218.990  #f1f0f0  241 3  0.0012
1684  219.140  #f1f0f1  241 4  0.0007
1685  219.900  #f0f1f0  241 5  0.0035
1686  220.050  #f0f1f1  241 6  0.0007
1687  220.330  #f1f1f0  241 7  0.0013
1688  220.430  #f1f1f1  242 1  0.0005
1689  220.600  #f1f1f2  242 2  0.0008
1690  220.860  #f2f1f1  242 3  0.0012
1691  221.050  #f2f1f2  242 4  0.0009
1692  221.840  #f1f2f1  242 5  0.0036
1693  222.010  #f1f2f2  242 6  0.0008
1694  222.280  #f2f2f1  242 7  0.0012
1695  222.460  #f2f2f2  243 1  0.0008
1696  222.640  #f2f2f3  243 2  0.0008
1697  222.840  #f3f2f2  243 3  0.0009
1698  223.020  #f3f2f3  243 4  0.0008
1699  223.860  #f2f3f2  243 5  0.0038
1700  224.010  #f2f3f3  243 6  0.0007
1701  224.190  #f3f3f2  243 7  0.0008
1702  224.370  #f3f3f3  244 1  0.0008
1703  224.590  #f3f3f4  244 2  0.0010
1704  224.820  #f4f3f3  244 3  0.0010
1705  224.990  #f4f3f4  244 4  0.0008
1706  225.910  #f3f4f3  244 5  0.0041
1707  226.070  #f3f4f4  244 6  0.0007
1708  226.270  #f4f4f3  244 7  0.0009
1709  226.490  #f4f4f4  245 1  0.0010
1710  226.590  #f4f4f5  245 2  0.0004
1711  226.890  #f5f4f4  245 3  0.0013
1712  227.040  #f5f4f5  245 4  0.0007
1713  227.760  #f4f5f4  245 5  0.0032
1714  227.910  #f4f5f5  245 6  0.0007
1715  228.180  #f5f5f4  245 7  0.0012
1716  228.340  #f5f5f5  246 1  0.0007
1717  228.480  #f5f5f6  246 2  0.0006
1718  228.700  #f6f5f5  246 3  0.0010
1719  228.880  #f6f5f6  246 4  0.0008
1720  229.590  #f5f6f5  246 5  0.0031
1721  229.750  #f5f6f6  246 6  0.0007
1722  230.010  #f6f6f5  246 7  0.0011
1723  230.230  #f6f6f6  247 1  0.0010
1724  230.430  #f6f6f7  247 2  0.0009
1725  230.600  #f7f6f6  247 3  0.0007
1726  230.750  #f7f6f7  247 4  0.0007
1727  231.560  #f6f7f6  247 5  0.0035
1728  231.740  #f6f7f7  247 6  0.0008
1729  231.940  #f7f7f6  247 7  0.0009
1730  232.160  #f7f7f7  248 1  0.0009
1731  232.350  #f7f7f8  248 2  0.0008
1732  232.550  #f8f7f7  248 3  0.0009
1733  232.760  #f8f7f8  248 4  0.0009
1734  233.560  #f7f8f7  248 5  0.0034
1735  233.760  #f7f8f8  248 6  0.0009
1736  233.950  #f8f8f7  248 7  0.0008
1737  234.140  #f8f8f8  249 1  0.0008
1738  234.290  #f8f8f9  249 2  0.0006
1739  234.600  #f9f8f8  249 3  0.0013
1740  234.740  #f9f8f9  249 4  0.0006
1741  235.320  #f8f9f8  249 5  0.0025
1742  235.510  #f8f9f9  249 6  0.0008
1743  235.830  #f9f9f8  249 7  0.0014
1744  235.980  #f9f9f9  250 1  0.0006
1745  236.160  #f9f9fa  250 2  0.0008
1746  236.410  #faf9f9  250 3  0.0011
1747  236.610  #faf9fa  250 4  0.0008
1748  237.350  #f9faf9  250 5  0.0031
1749  237.550  #f9fafa  250 6  0.0008
1750  237.820  #fafaf9  250 7  0.0011
1751  237.970  #fafafa  251 1  0.0006
1752  238.180  #fafafb  251 2  0.0009
1753  238.360  #fbfafa  251 3  0.0008
1754  238.560  #fbfafb  251 4  0.0008
1755  239.440  #fafbfa  251 5  0.0037
1756  239.660  #fafbfb  251 6  0.0009
1757  239.810  #fbfbfa  251 7  0.0006
1758  240.020  #fbfbfb  252 1  0.0009
1759  240.210  #fbfbfc  252 2  0.0008
1760  240.460  #fcfbfb  252 3  0.0010
1761  240.730  #fcfbfc  252 4  0.0011
1762  241.520  #fbfcfb  252 5  0.0033
1763  241.730  #fbfcfc  252 6  0.0009
1764  241.960  #fcfcfb  252 7  0.0010
1765  242.200  #fcfcfc  253 1  0.0010
1766  242.420  #fcfcfd  253 2  0.0009
1767  242.730  #fdfcfc  253 3  0.0013
1768  242.920  #fdfcfd  253 4  0.0008
1769  243.420  #fcfdfc  253 5  0.0021
1770  243.620  #fcfdfd  253 6  0.0008
1771  243.930  #fdfdfc  253 7  0.0013
1772  244.120  #fdfdfd  254 1  0.0008
1773  244.300  #fdfdfe  254 2  0.0007
1774  244.570  #fefdfd  254 3  0.0011
1775  244.840  #fefdfe  254 4  0.0011
1776  245.620  #fdfefd  254 5  0.0032
1777  245.860  #fdfefe  254 6  0.0010
1778  246.160  #fefefd  254 7  0.0012
1779  246.400  #fefefe  255 1  0.0010
1780  246.640  #fefeff  255 2  0.0010
1781  246.910  #fffefe  255 3  0.0011
1782  247.110  #fffeff  255 4  0.0008
1783  248.020  #fefffe  255 5  0.0037
1784  248.230  #feffff  255 6  0.0008
1785  248.650  #fffffe  255 7  0.0017
1786  249.010  #ffffff  256 1  0.0014
