#  lumResponse vers. 1.9 - 08/09/11 12:21:47
#  Display ID: EA231WMi_9Y100974NA
#  iLdelay=0  avgN=1  ILlimit_plus=0.20 ILlimit_minus=-0.05  Meter=LXcan
#  0.19947  #000000
#  0.19486  #000000
#  0.20292  #000000
   1    0.193  #000000    1 1  0.0000
   2    0.201  #000001    1 2  0.0444
   3    0.207  #010000    1 3  0.0294
   4    0.211  #010001    1 4  0.0154
   5    0.242  #000100    1 5  0.1394
   6    0.235  #000101    1 6  -0.0285
   7    0.245  #010100    1 7  0.0400
   8    0.243  #010101    2 1  -0.0093
   9    0.257  #010102    2 2  0.0586
  10    0.254  #020101    2 3  -0.0141
  11    0.269  #020102    2 4  0.0580
  12    0.282  #010201    2 5  0.0487
  13    0.277  #010202    2 6  -0.0212
  14    0.288  #020201    2 7  0.0418
  15    0.289  #020202    3 1  0.0028
  16    0.298  #020203    3 2  0.0310
  17    0.294  #030202    3 3  -0.0158
  18    0.297  #030203    3 4  0.0114
  19    0.310  #020302    3 5  0.0441
  20    0.311  #020303    3 6  0.0006
  21    0.316  #030302    3 7  0.0174
  22    0.323  #030303    4 1  0.0234
  23    0.334  #030304    4 2  0.0328
  24    0.332  #040303    4 3  -0.0081
  25    0.339  #040304    4 4  0.0213
  26    0.341  #030403    4 5  0.0079
  27    0.348  #030404    4 6  0.0185
  28    0.359  #040403    4 7  0.0312
  29    0.357  #040404    5 1  -0.0057
  30    0.359  #040405    5 2  0.0073
  31    0.359  #050404    5 3  -0.0004
  32    0.374  #050405    5 4  0.0390
  33    0.381  #040504    5 5  0.0198
  34    0.384  #040505    5 6  0.0077
  35    0.393  #050504    5 7  0.0242
  36    0.396  #050505    6 1  0.0069
  37    0.392  #050506    6 2  -0.0101
  38    0.408  #060505    6 3  0.0389
  39    0.415  #060506    6 4  0.0184
  40    0.422  #050605    6 5  0.0172
  41    0.425  #050606    6 6  0.0057
  42    0.429  #060605    6 7  0.0091
  43    0.437  #060606    7 1  0.0186
  44    0.438  #060607    7 2  0.0039
  45    0.450  #070606    7 3  0.0250
  46    0.444  #070607    7 4  -0.0121
  47    0.462  #060706    7 5  0.0388
  48    0.468  #060707    7 6  0.0134
  49    0.481  #070706    7 7  0.0268
  50    0.490  #070707    8 1  0.0192
  51    0.480  #070708    8 2  -0.0202
  52    0.488  #080707    8 3  0.0172
  53    0.499  #080708    8 4  0.0220
  54    0.517  #070807    8 5  0.0350
  55    0.519  #070808    8 6  0.0044
  56    0.524  #080807    8 7  0.0086
  57    0.533  #080808    9 1  0.0171
  58    0.525  #080809    9 2  -0.0146
  59    0.547  #090808    9 3  0.0412
  60    0.545  #090809    9 4  -0.0049
  61    0.561  #080908    9 5  0.0299
  62    0.565  #080909    9 6  0.0073
  63    0.570  #090908    9 7  0.0082
  64    0.576  #090909   10 1  0.0104
  65    0.586  #09090a   10 2  0.0175
  66    0.588  #0a0909   10 3  0.0025
  67    0.597  #0a090a   10 4  0.0160
  68    0.613  #090a09   10 5  0.0267
  69    0.621  #090a0a   10 6  0.0126
  70    0.640  #0a0a09   10 7  0.0294
  71    0.650  #0a0a0a   11 1  0.0158
  72    0.646  #0a0a0b   11 2  -0.0058
  73    0.657  #0b0a0a   11 3  0.0171
  74    0.660  #0b0a0b   11 4  0.0044
  75    0.700  #0a0b0a   11 5  0.0586
  76    0.693  #0a0b0b   11 6  -0.0104
  77    0.707  #0b0b0a   11 7  0.0202
  78    0.721  #0b0b0b   12 1  0.0192
  79    0.722  #0b0b0c   12 2  0.0013
  80    0.730  #0c0b0b   12 3  0.0111
  81    0.727  #0c0b0c   12 4  -0.0029
  82    0.772  #0b0c0b   12 5  0.0592
  83    0.774  #0b0c0c   12 6  0.0026
  84    0.782  #0c0c0b   12 7  0.0110
  85    0.784  #0c0c0c   13 1  0.0025
  86    0.791  #0c0c0d   13 2  0.0085
  87    0.806  #0d0c0c   13 3  0.0179
  88    0.807  #0d0c0d   13 4  0.0018
  89    0.831  #0c0d0c   13 5  0.0297
  90    0.835  #0c0d0d   13 6  0.0048
  91    0.853  #0d0d0c   13 7  0.0215
  92    0.857  #0d0d0d   14 1  0.0047
  93    0.866  #0d0d0e   14 2  0.0095
  94    0.877  #0e0d0d   14 3  0.0127
  95    0.886  #0e0d0e   14 4  0.0103
  96    0.906  #0d0e0d   14 5  0.0231
  97    0.921  #0d0e0e   14 6  0.0159
  98    0.937  #0e0e0d   14 7  0.0170
  99    0.936  #0e0e0e   15 1  -0.0004
 100    0.949  #0e0e0f   15 2  0.0137
 101    0.954  #0f0e0e   15 3  0.0053
 102    0.971  #0f0e0f   15 4  0.0169
 103    1.006  #0e0f0e   15 5  0.0359
 104    1.013  #0e0f0f   15 6  0.0066
 105    1.026  #0f0f0e   15 7  0.0132
 106    1.036  #0f0f0f   16 1  0.0096
 107    1.045  #0f0f10   16 2  0.0084
 108    1.059  #100f0f   16 3  0.0134
 109    1.061  #100f10   16 4  0.0016
 110    1.106  #0f100f   16 5  0.0414
 111    1.111  #0f1010   16 6  0.0043
 112    1.127  #10100f   16 7  0.0144
 113    1.133  #101010   17 1  0.0057
 114    1.141  #101011   17 2  0.0069
 115    1.146  #111010   17 3  0.0048
 116    1.154  #111011   17 4  0.0065
 117    1.196  #101110   17 5  0.0362
 118    1.205  #101111   17 6  0.0072
 119    1.216  #111110   17 7  0.0088
 120    1.215  #111111   18 1  -0.0008
 121    1.228  #111112   18 2  0.0104
 122    1.240  #121111   18 3  0.0101
 123    1.249  #121112   18 4  0.0070
 124    1.289  #111211   18 5  0.0318
 125    1.302  #111212   18 6  0.0103
 126    1.319  #121211   18 7  0.0130
 127    1.329  #121212   19 1  0.0068
 128    1.330  #121213   19 2  0.0014
 129    1.354  #131212   19 3  0.0174
 130    1.369  #131213   19 4  0.0113
 131    1.393  #121312   19 5  0.0175
 132    1.407  #121313   19 6  0.0095
 133    1.425  #131312   19 7  0.0126
 134    1.440  #131313   20 1  0.0105
 135    1.444  #131314   20 2  0.0030
 136    1.458  #141313   20 3  0.0100
 137    1.465  #141314   20 4  0.0047
 138    1.509  #131413   20 5  0.0293
 139    1.519  #131414   20 6  0.0067
 140    1.537  #141413   20 7  0.0118
 141    1.544  #141414   21 1  0.0047
 142    1.558  #141415   21 2  0.0086
 143    1.568  #151414   21 3  0.0065
 144    1.587  #151415   21 4  0.0120
 145    1.616  #141514   21 5  0.0183
 146    1.625  #141515   21 6  0.0054
 147    1.655  #151514   21 7  0.0186
 148    1.658  #151515   22 1  0.0014
 149    1.674  #151516   22 2  0.0098
 150    1.690  #161515   22 3  0.0092
 151    1.696  #161516   22 4  0.0037
 152    1.742  #151615   22 5  0.0270
 153    1.752  #151616   22 6  0.0055
 154    1.765  #161615   22 7  0.0074
 155    1.784  #161616   23 1  0.0107
 156    1.797  #161617   23 2  0.0073
 157    1.818  #171616   23 3  0.0117
 158    1.837  #171617   23 4  0.0102
 159    1.869  #161716   23 5  0.0172
 160    1.891  #161717   23 6  0.0119
 161    1.900  #171716   23 7  0.0045
 162    1.921  #171717   24 1  0.0112
 163    1.928  #171718   24 2  0.0036
 164    1.952  #181717   24 3  0.0122
 165    1.957  #181718   24 4  0.0029
 166    2.026  #171817   24 5  0.0344
 167    2.044  #171818   24 6  0.0092
 168    2.055  #181817   24 7  0.0052
 169    2.069  #181818   25 1  0.0066
 170    2.083  #181819   25 2  0.0068
 171    2.099  #191818   25 3  0.0079
 172    2.104  #191819   25 4  0.0021
 173    2.158  #181918   25 5  0.0252
 174    2.170  #181919   25 6  0.0056
 175    2.189  #191918   25 7  0.0090
 176    2.204  #191919   26 1  0.0065
 177    2.209  #19191a   26 2  0.0026
 178    2.235  #1a1919   26 3  0.0115
 179    2.245  #1a191a   26 4  0.0047
 180    2.290  #191a19   26 5  0.0196
 181    2.300  #191a1a   26 6  0.0045
 182    2.319  #1a1a19   26 7  0.0082
 183    2.332  #1a1a1a   27 1  0.0054
 184    2.347  #1a1a1b   27 2  0.0065
 185    2.371  #1b1a1a   27 3  0.0100
 186    2.389  #1b1a1b   27 4  0.0079
 187    2.435  #1a1b1a   27 5  0.0189
 188    2.444  #1a1b1b   27 6  0.0036
 189    2.457  #1b1b1a   27 7  0.0055
 190    2.482  #1b1b1b   28 1  0.0100
 191    2.496  #1b1b1c   28 2  0.0055
 192    2.521  #1c1b1b   28 3  0.0098
 193    2.532  #1c1b1c   28 4  0.0046
 194    2.606  #1b1c1b   28 5  0.0288
 195    2.622  #1b1c1c   28 6  0.0060
 196    2.643  #1c1c1b   28 7  0.0082
 197    2.660  #1c1c1c   29 1  0.0061
 198    2.674  #1c1c1d   29 2  0.0054
 199    2.698  #1d1c1c   29 3  0.0090
 200    2.716  #1d1c1d   29 4  0.0064
 201    2.783  #1c1d1c   29 5  0.0244
 202    2.803  #1c1d1d   29 6  0.0071
 203    2.820  #1d1d1c   29 7  0.0062
 204    2.834  #1d1d1d   30 1  0.0050
 205    2.851  #1d1d1e   30 2  0.0059
 206    2.879  #1e1d1d   30 3  0.0098
 207    2.898  #1e1d1e   30 4  0.0066
 208    2.955  #1d1e1d   30 5  0.0192
 209    2.966  #1d1e1e   30 6  0.0038
 210    3.001  #1e1e1d   30 7  0.0117
 211    3.004  #1e1e1e   31 1  0.0011
 212    3.042  #1e1e1f   31 2  0.0124
 213    3.063  #1f1e1e   31 3  0.0071
 214    3.072  #1f1e1f   31 4  0.0030
 215    3.145  #1e1f1e   31 5  0.0233
 216    3.162  #1e1f1f   31 6  0.0056
 217    3.187  #1f1f1e   31 7  0.0077
 218    3.198  #1f1f1f   32 1  0.0035
 219    3.223  #1f1f20   32 2  0.0077
 220    3.246  #201f1f   32 3  0.0071
 221    3.273  #201f20   32 4  0.0084
 222    3.365  #1f201f   32 5  0.0275
 223    3.377  #1f2020   32 6  0.0036
 224    3.407  #20201f   32 7  0.0090
 225    3.421  #202020   33 1  0.0040
 226    3.432  #202021   33 2  0.0032
 227    3.449  #212020   33 3  0.0051
 228    3.470  #212021   33 4  0.0061
 229    3.568  #202120   33 5  0.0277
 230    3.583  #202121   33 6  0.0042
 231    3.605  #212120   33 7  0.0061
 232    3.632  #212121   34 1  0.0074
 233    3.645  #212122   34 2  0.0036
 234    3.680  #222121   34 3  0.0097
 235    3.695  #222122   34 4  0.0041
 236    3.778  #212221   34 5  0.0220
 237    3.791  #212222   34 6  0.0036
 238    3.825  #222221   34 7  0.0088
 239    3.840  #222222   35 1  0.0040
 240    3.866  #222223   35 2  0.0067
 241    3.898  #232222   35 3  0.0082
 242    3.910  #232223   35 4  0.0032
 243    4.000  #222322   35 5  0.0227
 244    4.019  #222323   35 6  0.0047
 245    4.055  #232322   35 7  0.0088
 246    4.069  #232323   36 1  0.0035
 247    4.088  #232324   36 2  0.0047
 248    4.117  #242323   36 3  0.0069
 249    4.135  #242324   36 4  0.0045
 250    4.240  #232423   36 5  0.0251
 251    4.264  #232424   36 6  0.0056
 252    4.301  #242423   36 7  0.0088
 253    4.309  #242424   37 1  0.0017
 254    4.326  #242425   37 2  0.0041
 255    4.354  #252424   37 3  0.0063
 256    4.381  #252425   37 4  0.0062
 257    4.454  #242524   37 5  0.0167
 258    4.469  #242525   37 6  0.0033
 259    4.499  #252524   37 7  0.0066
 260    4.524  #252525   38 1  0.0055
 261    4.539  #252526   38 2  0.0033
 262    4.572  #262525   38 3  0.0074
 263    4.597  #262526   38 4  0.0053
 264    4.662  #252625   38 5  0.0140
 265    4.678  #252626   38 6  0.0035
 266    4.714  #262625   38 7  0.0076
 267    4.734  #262626   39 1  0.0043
 268    4.759  #262627   39 2  0.0052
 269    4.784  #272626   39 3  0.0052
 270    4.812  #272627   39 4  0.0060
 271    4.876  #262726   39 5  0.0132
 272    4.896  #262727   39 6  0.0042
 273    4.931  #272726   39 7  0.0070
 274    4.952  #272727   40 1  0.0042
 275    4.978  #272728   40 2  0.0054
 276    5.011  #282727   40 3  0.0065
 277    5.026  #282728   40 4  0.0031
 278    5.145  #272827   40 5  0.0234
 279    5.158  #272828   40 6  0.0026
 280    5.194  #282827   40 7  0.0069
 281    5.219  #282828   41 1  0.0047
 282    5.237  #282829   41 2  0.0036
 283    5.262  #292828   41 3  0.0046
 284    5.290  #292829   41 4  0.0053
 285    5.380  #282928   41 5  0.0169
 286    5.409  #282929   41 6  0.0055
 287    5.428  #292928   41 7  0.0035
 288    5.449  #292929   42 1  0.0039
 289    5.472  #29292a   42 2  0.0042
 290    5.512  #2a2929   42 3  0.0072
 291    5.535  #2a292a   42 4  0.0042
 292    5.618  #292a29   42 5  0.0150
 293    5.639  #292a2a   42 6  0.0037
 294    5.672  #2a2a29   42 7  0.0059
 295    5.692  #2a2a2a   43 1  0.0035
 296    5.716  #2a2a2b   43 2  0.0042
 297    5.754  #2b2a2a   43 3  0.0067
 298    5.780  #2b2a2b   43 4  0.0045
 299    5.854  #2a2b2a   43 5  0.0127
 300    5.877  #2a2b2b   43 6  0.0038
 301    5.923  #2b2b2a   43 7  0.0078
 302    5.944  #2b2b2b   44 1  0.0037
 303    5.970  #2b2b2c   44 2  0.0043
 304    5.998  #2c2b2b   44 3  0.0047
 305    6.025  #2c2b2c   44 4  0.0045
 306    6.109  #2b2c2b   44 5  0.0138
 307    6.141  #2b2c2c   44 6  0.0053
 308    6.175  #2c2c2b   44 7  0.0054
 309    6.200  #2c2c2c   45 1  0.0041
 310    6.222  #2c2c2d   45 2  0.0036
 311    6.250  #2d2c2c   45 3  0.0045
 312    6.281  #2d2c2d   45 4  0.0049
 313    6.379  #2c2d2c   45 5  0.0155
 314    6.402  #2c2d2d   45 6  0.0036
 315    6.441  #2d2d2c   45 7  0.0061
 316    6.462  #2d2d2d   46 1  0.0032
 317    6.486  #2d2d2e   46 2  0.0037
 318    6.525  #2e2d2d   46 3  0.0061
 319    6.549  #2e2d2e   46 4  0.0036
 320    6.668  #2d2e2d   46 5  0.0181
 321    6.686  #2d2e2e   46 6  0.0027
 322    6.729  #2e2e2d   46 7  0.0065
 323    6.750  #2e2e2e   47 1  0.0031
 324    6.780  #2e2e2f   47 2  0.0044
 325    6.825  #2f2e2e   47 3  0.0065
 326    6.851  #2f2e2f   47 4  0.0039
 327    6.942  #2e2f2e   47 5  0.0132
 328    6.976  #2e2f2f   47 6  0.0048
 329    7.021  #2f2f2e   47 7  0.0064
 330    7.042  #2f2f2f   48 1  0.0031
 331    7.064  #2f2f30   48 2  0.0030
 332    7.104  #302f2f   48 3  0.0057
 333    7.144  #302f30   48 4  0.0055
 334    7.254  #2f302f   48 5  0.0152
 335    7.282  #2f3030   48 6  0.0038
 336    7.315  #30302f   48 7  0.0046
 337    7.346  #303030   49 1  0.0041
 338    7.375  #303031   49 2  0.0040
 339    7.402  #313030   49 3  0.0037
 340    7.431  #313031   49 4  0.0038
 341    7.593  #303130   49 5  0.0216
 342    7.618  #303131   49 6  0.0034
 343    7.653  #313130   49 7  0.0046
 344    7.682  #313131   50 1  0.0038
 345    7.694  #313132   50 2  0.0016
 346    7.743  #323131   50 3  0.0063
 347    7.767  #323132   50 4  0.0031
 348    7.902  #313231   50 5  0.0172
 349    7.924  #313232   50 6  0.0028
 350    7.968  #323231   50 7  0.0055
 351    7.990  #323232   51 1  0.0027
 352    8.019  #323233   51 2  0.0036
 353    8.075  #333232   51 3  0.0070
 354    8.089  #333233   51 4  0.0016
 355    8.209  #323332   51 5  0.0148
 356    8.237  #323333   51 6  0.0033
 357    8.287  #333332   51 7  0.0061
 358    8.311  #333333   52 1  0.0029
 359    8.336  #333334   52 2  0.0030
 360    8.380  #343333   52 3  0.0053
 361    8.405  #343334   52 4  0.0030
 362    8.529  #333433   52 5  0.0146
 363    8.563  #333434   52 6  0.0040
 364    8.603  #343433   52 7  0.0047
 365    8.620  #343434   53 1  0.0020
 366    8.658  #343435   53 2  0.0044
 367    8.702  #353434   53 3  0.0051
 368    8.729  #353435   53 4  0.0030
 369    8.884  #343534   53 5  0.0177
 370    8.910  #343535   53 6  0.0029
 371    8.948  #353534   53 7  0.0043
 372    8.987  #353535   54 1  0.0043
 373    9.011  #353536   54 2  0.0026
 374    9.059  #363535   54 3  0.0054
 375    9.082  #363536   54 4  0.0025
 376    9.219  #353635   54 5  0.0150
 377    9.242  #353636   54 6  0.0024
 378    9.303  #363635   54 7  0.0067
 379    9.320  #363636   55 1  0.0018
 380    9.355  #363637   55 2  0.0037
 381    9.405  #373636   55 3  0.0053
 382    9.436  #373637   55 4  0.0033
 383    9.535  #363736   55 5  0.0104
 384    9.567  #363737   55 6  0.0034
 385    9.611  #373736   55 7  0.0045
 386    9.643  #373737   56 1  0.0033
 387    9.679  #373738   56 2  0.0038
 388    9.725  #383737   56 3  0.0048
 389    9.756  #383738   56 4  0.0032
 390    9.888  #373837   56 5  0.0134
 391    9.931  #373838   56 6  0.0043
 392    9.966  #383837   56 7  0.0035
 393   10.005  #383838   57 1  0.0039
 394   10.033  #383839   57 2  0.0028
 395   10.064  #393838   57 3  0.0031
 396   10.091  #393839   57 4  0.0027
 397   10.236  #383938   57 5  0.0143
 398   10.255  #383939   57 6  0.0019
 399   10.295  #393938   57 7  0.0039
 400   10.328  #393939   58 1  0.0032
 401   10.353  #39393a   58 2  0.0024
 402   10.408  #3a3939   58 3  0.0053
 403   10.439  #3a393a   58 4  0.0030
 404   10.553  #393a39   58 5  0.0109
 405   10.585  #393a3a   58 6  0.0030
 406   10.633  #3a3a39   58 7  0.0045
 407   10.668  #3a3a3a   59 1  0.0033
 408   10.698  #3a3a3b   59 2  0.0028
 409   10.749  #3b3a3a   59 3  0.0048
 410   10.776  #3b3a3b   59 4  0.0025
 411   10.880  #3a3b3a   59 5  0.0096
 412   10.901  #3a3b3b   59 6  0.0019
 413   10.968  #3b3b3a   59 7  0.0061
 414   11.003  #3b3b3b   60 1  0.0032
 415   11.033  #3b3b3c   60 2  0.0027
 416   11.073  #3c3b3b   60 3  0.0036
 417   11.113  #3c3b3c   60 4  0.0036
 418   11.231  #3b3c3b   60 5  0.0106
 419   11.257  #3b3c3c   60 6  0.0023
 420   11.309  #3c3c3b   60 7  0.0046
 421   11.347  #3c3c3c   61 1  0.0034
 422   11.380  #3c3c3d   61 2  0.0029
 423   11.435  #3d3c3c   61 3  0.0048
 424   11.454  #3d3c3d   61 4  0.0017
 425   11.596  #3c3d3c   61 5  0.0123
 426   11.627  #3c3d3d   61 6  0.0027
 427   11.676  #3d3d3c   61 7  0.0042
 428   11.703  #3d3d3d   62 1  0.0023
 429   11.730  #3d3d3e   62 2  0.0023
 430   11.789  #3e3d3d   62 3  0.0050
 431   11.818  #3e3d3e   62 4  0.0025
 432   11.952  #3d3e3d   62 5  0.0113
 433   11.990  #3d3e3e   62 6  0.0032
 434   12.045  #3e3e3d   62 7  0.0046
 435   12.069  #3e3e3e   63 1  0.0020
 436   12.094  #3e3e3f   63 2  0.0021
 437   12.161  #3f3e3e   63 3  0.0055
 438   12.194  #3f3e3f   63 4  0.0027
 439   12.310  #3e3f3e   63 5  0.0095
 440   12.340  #3e3f3f   63 6  0.0024
 441   12.402  #3f3f3e   63 7  0.0050
 442   12.436  #3f3f3f   64 1  0.0027
 443   12.466  #3f3f40   64 2  0.0024
 444   12.517  #403f3f   64 3  0.0041
 445   12.561  #403f40   64 4  0.0035
 446   12.695  #3f403f   64 5  0.0106
 447   12.745  #3f4040   64 6  0.0039
 448   12.785  #40403f   64 7  0.0031
 449   12.824  #404040   65 1  0.0030
 450   12.857  #404041   65 2  0.0026
 451   12.913  #414040   65 3  0.0043
 452   12.944  #414041   65 4  0.0024
 453   13.108  #404140   65 5  0.0126
 454   13.138  #404141   65 6  0.0023
 455   13.191  #414140   65 7  0.0040
 456   13.228  #414141   66 1  0.0028
 457   13.257  #414142   66 2  0.0022
 458   13.314  #424141   66 3  0.0043
 459   13.354  #424142   66 4  0.0030
 460   13.549  #414241   66 5  0.0145
 461   13.588  #414242   66 6  0.0029
 462   13.634  #424241   66 7  0.0034
 463   13.669  #424242   67 1  0.0026
 464   13.707  #424243   67 2  0.0028
 465   13.762  #434242   67 3  0.0040
 466   13.805  #434243   67 4  0.0031
 467   13.960  #424342   67 5  0.0112
 468   14.000  #424343   67 6  0.0029
 469   14.069  #434342   67 7  0.0049
 470   14.096  #434343   68 1  0.0019
 471   14.139  #434344   68 2  0.0030
 472   14.188  #444343   68 3  0.0035
 473   14.227  #444344   68 4  0.0027
 474   14.378  #434443   68 5  0.0106
 475   14.413  #434444   68 6  0.0024
 476   14.458  #444443   68 7  0.0031
 477   14.503  #444444   69 1  0.0031
 478   14.531  #444445   69 2  0.0019
 479   14.591  #454444   69 3  0.0041
 480   14.628  #454445   69 4  0.0025
 481   14.785  #444544   69 5  0.0107
 482   14.825  #444545   69 6  0.0027
 483   14.880  #454544   69 7  0.0037
 484   14.913  #454545   70 1  0.0022
 485   14.954  #454546   70 2  0.0027
 486   15.004  #464545   70 3  0.0033
 487   15.041  #464546   70 4  0.0025
 488   15.237  #454645   70 5  0.0129
 489   15.274  #454646   70 6  0.0024
 490   15.333  #464645   70 7  0.0039
 491   15.364  #464646   71 1  0.0020
 492   15.392  #464647   71 2  0.0018
 493   15.463  #474646   71 3  0.0046
 494   15.504  #474647   71 4  0.0026
 495   15.658  #464746   71 5  0.0099
 496   15.702  #464747   71 6  0.0028
 497   15.768  #474746   71 7  0.0042
 498   15.802  #474747   72 1  0.0022
 499   15.840  #474748   72 2  0.0024
 500   15.891  #484747   72 3  0.0032
 501   15.934  #484748   72 4  0.0027
 502   16.089  #474847   72 5  0.0097
 503   16.139  #474848   72 6  0.0031
 504   16.186  #484847   72 7  0.0029
 505   16.221  #484848   73 1  0.0022
 506   16.259  #484849   73 2  0.0023
 507   16.320  #494848   73 3  0.0037
 508   16.358  #494849   73 4  0.0023
 509   16.526  #484948   73 5  0.0102
 510   16.569  #484949   73 6  0.0026
 511   16.619  #494948   73 7  0.0030
 512   16.662  #494949   74 1  0.0026
 513   16.703  #49494a   74 2  0.0025
 514   16.759  #4a4949   74 3  0.0033
 515   16.795  #4a494a   74 4  0.0021
 516   16.968  #494a49   74 5  0.0102
 517   17.002  #494a4a   74 6  0.0020
 518   17.062  #4a4a49   74 7  0.0035
 519   17.100  #4a4a4a   75 1  0.0022
 520   17.149  #4a4a4b   75 2  0.0029
 521   17.210  #4b4a4a   75 3  0.0036
 522   17.255  #4b4a4b   75 4  0.0026
 523   17.392  #4a4b4a   75 5  0.0079
 524   17.428  #4a4b4b   75 6  0.0021
 525   17.498  #4b4b4a   75 7  0.0040
 526   17.541  #4b4b4b   76 1  0.0025
 527   17.585  #4b4b4c   76 2  0.0025
 528   17.639  #4c4b4b   76 3  0.0031
 529   17.678  #4c4b4c   76 4  0.0022
 530   17.807  #4b4c4b   76 5  0.0073
 531   17.850  #4b4c4c   76 6  0.0024
 532   17.913  #4c4c4b   76 7  0.0035
 533   17.947  #4c4c4c   77 1  0.0019
 534   17.977  #4c4c4d   77 2  0.0017
 535   18.047  #4d4c4c   77 3  0.0039
 536   18.089  #4d4c4d   77 4  0.0023
 537   18.233  #4c4d4c   77 5  0.0079
 538   18.261  #4c4d4d   77 6  0.0015
 539   18.336  #4d4d4c   77 7  0.0041
 540   18.363  #4d4d4d   78 1  0.0015
 541   18.407  #4d4d4e   78 2  0.0024
 542   18.467  #4e4d4d   78 3  0.0033
 543   18.509  #4e4d4e   78 4  0.0023
 544   18.657  #4d4e4d   78 5  0.0080
 545   18.703  #4d4e4e   78 6  0.0025
 546   18.763  #4e4e4d   78 7  0.0032
 547   18.805  #4e4e4e   79 1  0.0022
 548   18.839  #4e4e4f   79 2  0.0018
 549   18.919  #4f4e4e   79 3  0.0042
 550   18.957  #4f4e4f   79 4  0.0020
 551   19.111  #4e4f4e   79 5  0.0081
 552   19.159  #4e4f4f   79 6  0.0025
 553   19.233  #4f4f4e   79 7  0.0039
 554   19.284  #4f4f4f   80 1  0.0026
 555   19.317  #4f4f50   80 2  0.0017
 556   19.390  #504f4f   80 3  0.0038
 557   19.437  #504f50   80 4  0.0024
 558   19.624  #4f504f   80 5  0.0096
 559   19.668  #4f5050   80 6  0.0022
 560   19.724  #50504f   80 7  0.0028
 561   19.764  #505050   81 1  0.0020
 562   19.807  #505051   81 2  0.0022
 563   19.869  #515050   81 3  0.0031
 564   19.912  #515051   81 4  0.0022
 565   20.048  #505150   81 5  0.0068
 566   20.091  #505151   81 6  0.0021
 567   20.157  #515150   81 7  0.0033
 568   20.202  #515151   82 1  0.0022
 569   20.241  #515152   82 2  0.0019
 570   20.297  #525151   82 3  0.0028
 571   20.338  #525152   82 4  0.0020
 572   20.490  #515251   82 5  0.0074
 573   20.527  #515252   82 6  0.0018
 574   20.594  #525251   82 7  0.0033
 575   20.625  #525252   83 1  0.0015
 576   20.680  #525253   83 2  0.0027
 577   20.750  #535252   83 3  0.0034
 578   20.792  #535253   83 4  0.0020
 579   21.007  #525352   83 5  0.0103
 580   21.059  #525353   83 6  0.0025
 581   21.131  #535352   83 7  0.0034
 582   21.180  #535353   84 1  0.0023
 583   21.222  #535354   84 2  0.0020
 584   21.290  #545353   84 3  0.0032
 585   21.328  #545354   84 4  0.0018
 586   21.519  #535453   84 5  0.0089
 587   21.570  #535454   84 6  0.0024
 588   21.631  #545453   84 7  0.0028
 589   21.678  #545454   85 1  0.0022
 590   21.714  #545455   85 2  0.0017
 591   21.786  #555454   85 3  0.0033
 592   21.828  #555455   85 4  0.0019
 593   22.013  #545554   85 5  0.0084
 594   22.072  #545555   85 6  0.0027
 595   22.124  #555554   85 7  0.0024
 596   22.173  #555555   86 1  0.0022
 597   22.205  #555556   86 2  0.0014
 598   22.278  #565555   86 3  0.0033
 599   22.308  #565556   86 4  0.0013
 600   22.521  #555655   86 5  0.0095
 601   22.549  #555656   86 6  0.0012
 602   22.629  #565655   86 7  0.0035
 603   22.672  #565656   87 1  0.0019
 604   22.716  #565657   87 2  0.0019
 605   22.794  #575656   87 3  0.0034
 606   22.832  #575657   87 4  0.0017
 607   23.066  #565756   87 5  0.0102
 608   23.115  #565757   87 6  0.0021
 609   23.188  #575756   87 7  0.0032
 610   23.238  #575757   88 1  0.0022
 611   23.293  #575758   88 2  0.0024
 612   23.346  #585757   88 3  0.0023
 613   23.395  #585758   88 4  0.0021
 614   23.599  #575857   88 5  0.0087
 615   23.648  #575858   88 6  0.0021
 616   23.717  #585857   88 7  0.0029
 617   23.760  #585858   89 1  0.0018
 618   23.806  #585859   89 2  0.0019
 619   23.877  #595858   89 3  0.0030
 620   23.911  #595859   89 4  0.0014
 621   24.106  #585958   89 5  0.0081
 622   24.142  #585959   89 6  0.0015
 623   24.229  #595958   89 7  0.0036
 624   24.258  #595959   90 1  0.0012
 625   24.313  #59595a   90 2  0.0023
 626   24.372  #5a5959   90 3  0.0024
 627   24.422  #5a595a   90 4  0.0020
 628   24.622  #595a59   90 5  0.0082
 629   24.673  #595a5a   90 6  0.0021
 630   24.749  #5a5a59   90 7  0.0031
 631   24.785  #5a5a5a   91 1  0.0015
 632   24.819  #5a5a5b   91 2  0.0014
 633   24.914  #5b5a5a   91 3  0.0038
 634   24.965  #5b5a5b   91 4  0.0020
 635   25.203  #5a5b5a   91 5  0.0095
 636   25.247  #5a5b5b   91 6  0.0017
 637   25.329  #5b5b5a   91 7  0.0032
 638   25.378  #5b5b5b   92 1  0.0019
 639   25.417  #5b5b5c   92 2  0.0015
 640   25.490  #5c5b5b   92 3  0.0029
 641   25.543  #5c5b5c   92 4  0.0021
 642   25.702  #5b5c5b   92 5  0.0062
 643   25.749  #5b5c5c   92 6  0.0018
 644   25.815  #5c5c5b   92 7  0.0026
 645   25.866  #5c5c5c   93 1  0.0020
 646   25.904  #5c5c5d   93 2  0.0015
 647   25.992  #5d5c5c   93 3  0.0034
 648   26.025  #5d5c5d   93 4  0.0013
 649   26.191  #5c5d5c   93 5  0.0064
 650   26.231  #5c5d5d   93 6  0.0015
 651   26.290  #5d5d5c   93 7  0.0022
 652   26.344  #5d5d5d   94 1  0.0021
 653   26.392  #5d5d5e   94 2  0.0018
 654   26.469  #5e5d5d   94 3  0.0029
 655   26.507  #5e5d5e   94 4  0.0014
 656   26.682  #5d5e5d   94 5  0.0066
 657   26.717  #5d5e5e   94 6  0.0013
 658   26.797  #5e5e5d   94 7  0.0030
 659   26.846  #5e5e5e   95 1  0.0018
 660   26.891  #5e5e5f   95 2  0.0017
 661   26.966  #5f5e5e   95 3  0.0028
 662   27.039  #5f5e5f   95 4  0.0027
 663   27.215  #5e5f5e   95 5  0.0065
 664   27.247  #5e5f5f   95 6  0.0012
 665   27.338  #5f5f5e   95 7  0.0033
 666   27.386  #5f5f5f   96 1  0.0018
 667   27.437  #5f5f60   96 2  0.0019
 668   27.502  #605f5f   96 3  0.0024
 669   27.552  #605f60   96 4  0.0018
 670   27.783  #5f605f   96 5  0.0083
 671   27.832  #5f6060   96 6  0.0018
 672   27.897  #60605f   96 7  0.0023
 673   27.959  #606060   97 1  0.0022
 674   28.002  #606061   97 2  0.0015
 675   28.085  #616060   97 3  0.0030
 676   28.111  #616061   97 4  0.0009
 677   28.293  #606160   97 5  0.0065
 678   28.333  #606161   97 6  0.0014
 679   28.402  #616160   97 7  0.0024
 680   28.441  #616161   98 1  0.0014
 681   28.497  #616162   98 2  0.0020
 682   28.574  #626161   98 3  0.0027
 683   28.629  #626162   98 4  0.0019
 684   28.783  #616261   98 5  0.0054
 685   28.839  #616262   98 6  0.0019
 686   28.920  #626261   98 7  0.0028
 687   28.963  #626262   99 1  0.0015
 688   29.009  #626263   99 2  0.0016
 689   29.105  #636262   99 3  0.0033
 690   29.148  #636263   99 4  0.0015
 691   29.318  #626362   99 5  0.0058
 692   29.360  #626363   99 6  0.0014
 693   29.449  #636362   99 7  0.0030
 694   29.493  #636363  100 1  0.0015
 695   29.544  #636364  100 2  0.0017
 696   29.621  #646363  100 3  0.0026
 697   29.673  #646364  100 4  0.0018
 698   29.866  #636463  100 5  0.0065
 699   29.907  #636464  100 6  0.0014
 700   29.983  #646463  100 7  0.0025
 701   30.032  #646464  101 1  0.0016
 702   30.093  #646465  101 2  0.0020
 703   30.165  #656464  101 3  0.0024
 704   30.211  #656465  101 4  0.0015
 705   30.435  #646564  101 5  0.0074
 706   30.495  #646565  101 6  0.0020
 707   30.575  #656564  101 7  0.0026
 708   30.602  #656565  102 1  0.0009
 709   30.655  #656566  102 2  0.0017
 710   30.730  #666565  102 3  0.0024
 711   30.799  #666566  102 4  0.0022
 712   31.000  #656665  102 5  0.0065
 713   31.048  #656666  102 6  0.0015
 714   31.116  #666665  102 7  0.0022
 715   31.191  #666666  103 1  0.0024
 716   31.209  #666667  103 2  0.0006
 717   31.299  #676666  103 3  0.0029
 718   31.358  #676667  103 4  0.0019
 719   31.586  #666766  103 5  0.0072
 720   31.608  #666767  103 6  0.0007
 721   31.703  #676766  103 7  0.0030
 722   31.756  #676767  104 1  0.0017
 723   31.808  #676768  104 2  0.0016
 724   31.870  #686767  104 3  0.0019
 725   31.935  #686768  104 4  0.0020
 726   32.189  #676867  104 5  0.0079
 727   32.244  #676868  104 6  0.0017
 728   32.318  #686867  104 7  0.0023
 729   32.378  #686868  105 1  0.0019
 730   32.417  #686869  105 2  0.0012
 731   32.503  #696868  105 3  0.0026
 732   32.551  #696869  105 4  0.0015
 733   32.780  #686968  105 5  0.0070
 734   32.825  #686969  105 6  0.0014
 735   32.905  #696968  105 7  0.0024
 736   32.948  #696969  106 1  0.0013
 737   33.007  #69696a  106 2  0.0018
 738   33.076  #6a6969  106 3  0.0021
 739   33.129  #6a696a  106 4  0.0016
 740   33.369  #696a69  106 5  0.0072
 741   33.402  #696a6a  106 6  0.0010
 742   33.485  #6a6a69  106 7  0.0025
 743   33.541  #6a6a6a  107 1  0.0017
 744   33.580  #6a6a6b  107 2  0.0012
 745   33.677  #6b6a6a  107 3  0.0029
 746   33.722  #6b6a6b  107 4  0.0013
 747   33.937  #6a6b6a  107 5  0.0064
 748   33.996  #6a6b6b  107 6  0.0017
 749   34.087  #6b6b6a  107 7  0.0027
 750   34.131  #6b6b6b  108 1  0.0013
 751   34.177  #6b6b6c  108 2  0.0013
 752   34.264  #6c6b6b  108 3  0.0025
 753   34.340  #6c6b6c  108 4  0.0022
 754   34.587  #6b6c6b  108 5  0.0072
 755   34.637  #6b6c6c  108 6  0.0014
 756   34.707  #6c6c6b  108 7  0.0020
 757   34.762  #6c6c6c  109 1  0.0016
 758   34.845  #6c6c6d  109 2  0.0024
 759   34.898  #6d6c6c  109 3  0.0015
 760   34.957  #6d6c6d  109 4  0.0017
 761   35.217  #6c6d6c  109 5  0.0074
 762   35.288  #6c6d6d  109 6  0.0020
 763   35.356  #6d6d6c  109 7  0.0019
 764   35.421  #6d6d6d  110 1  0.0018
 765   35.504  #6d6d6e  110 2  0.0023
 766   35.574  #6e6d6d  110 3  0.0020
 767   35.648  #6e6d6e  110 4  0.0021
 768   35.846  #6d6e6d  110 5  0.0055
 769   35.903  #6d6e6e  110 6  0.0016
 770   35.979  #6e6e6d  110 7  0.0021
 771   36.051  #6e6e6e  111 1  0.0020
 772   36.099  #6e6e6f  111 2  0.0013
 773   36.187  #6f6e6e  111 3  0.0024
 774   36.244  #6f6e6f  111 4  0.0016
 775   36.417  #6e6f6e  111 5  0.0048
 776   36.453  #6e6f6f  111 6  0.0010
 777   36.549  #6f6f6e  111 7  0.0026
 778   36.619  #6f6f6f  112 1  0.0019
 779   36.646  #6f6f70  112 2  0.0007
 780   36.728  #706f6f  112 3  0.0022
 781   36.785  #706f70  112 4  0.0016
 782   37.057  #6f706f  112 5  0.0074
 783   37.115  #6f7070  112 6  0.0016
 784   37.194  #70706f  112 7  0.0021
 785   37.268  #707070  113 1  0.0020
 786   37.303  #707071  113 2  0.0009
 787   37.377  #717070  113 3  0.0020
 788   37.438  #717071  113 4  0.0016
 789   37.619  #707170  113 5  0.0048
 790   37.685  #707171  113 6  0.0018
 791   37.756  #717170  113 7  0.0019
 792   37.808  #717171  114 1  0.0014
 793   37.878  #717172  114 2  0.0018
 794   37.947  #727171  114 3  0.0018
 795   37.997  #727172  114 4  0.0013
 796   38.190  #717271  114 5  0.0051
 797   38.250  #717272  114 6  0.0016
 798   38.320  #727271  114 7  0.0018
 799   38.382  #727272  115 1  0.0016
 800   38.429  #727273  115 2  0.0012
 801   38.515  #737272  115 3  0.0022
 802   38.572  #737273  115 4  0.0015
 803   38.732  #727372  115 5  0.0041
 804   38.809  #727373  115 6  0.0020
 805   38.903  #737372  115 7  0.0024
 806   38.948  #737373  116 1  0.0012
 807   39.003  #737374  116 2  0.0014
 808   39.076  #747373  116 3  0.0019
 809   39.127  #747374  116 4  0.0013
 810   39.344  #737473  116 5  0.0055
 811   39.385  #737474  116 6  0.0010
 812   39.491  #747473  116 7  0.0027
 813   39.526  #747474  117 1  0.0009
 814   39.583  #747475  117 2  0.0014
 815   39.651  #757474  117 3  0.0017
 816   39.718  #757475  117 4  0.0017
 817   39.921  #747574  117 5  0.0051
 818   39.987  #747575  117 6  0.0017
 819   40.062  #757574  117 7  0.0019
 820   40.122  #757575  118 1  0.0015
 821   40.173  #757576  118 2  0.0013
 822   40.254  #767575  118 3  0.0020
 823   40.302  #767576  118 4  0.0012
 824   40.489  #757675  118 5  0.0046
 825   40.548  #757676  118 6  0.0015
 826   40.639  #767675  118 7  0.0022
 827   40.693  #767676  119 1  0.0013
 828   40.747  #767677  119 2  0.0013
 829   40.846  #777676  119 3  0.0024
 830   40.900  #777677  119 4  0.0013
 831   41.118  #767776  119 5  0.0053
 832   41.172  #767777  119 6  0.0013
 833   41.258  #777776  119 7  0.0021
 834   41.316  #777777  120 1  0.0014
 835   41.368  #777778  120 2  0.0013
 836   41.460  #787777  120 3  0.0022
 837   41.506  #787778  120 4  0.0011
 838   41.764  #777877  120 5  0.0062
 839   41.829  #777878  120 6  0.0016
 840   41.915  #787877  120 7  0.0021
 841   41.953  #787878  121 1  0.0009
 842   42.021  #787879  121 2  0.0016
 843   42.093  #797878  121 3  0.0017
 844   42.164  #797879  121 4  0.0017
 845   42.430  #787978  121 5  0.0063
 846   42.496  #787979  121 6  0.0016
 847   42.566  #797978  121 7  0.0016
 848   42.641  #797979  122 1  0.0018
 849   42.690  #79797a  122 2  0.0011
 850   42.776  #7a7979  122 3  0.0020
 851   42.823  #7a797a  122 4  0.0011
 852   43.096  #797a79  122 5  0.0064
 853   43.146  #797a7a  122 6  0.0012
 854   43.221  #7a7a79  122 7  0.0017
 855   43.272  #7a7a7a  123 1  0.0012
 856   43.335  #7a7a7b  123 2  0.0015
 857   43.430  #7b7a7a  123 3  0.0022
 858   43.489  #7b7a7b  123 4  0.0014
 859   43.706  #7a7b7a  123 5  0.0050
 860   43.769  #7a7b7b  123 6  0.0014
 861   43.863  #7b7b7a  123 7  0.0021
 862   43.921  #7b7b7b  124 1  0.0013
 863   43.975  #7b7b7c  124 2  0.0012
 864   44.067  #7c7b7b  124 3  0.0021
 865   44.143  #7c7b7c  124 4  0.0017
 866   44.407  #7b7c7b  124 5  0.0060
 867   44.456  #7b7c7c  124 6  0.0011
 868   44.573  #7c7c7b  124 7  0.0026
 869   44.656  #7c7c7c  125 1  0.0019
 870   44.698  #7c7c7d  125 2  0.0009
 871   44.785  #7d7c7c  125 3  0.0019
 872   44.864  #7d7c7d  125 4  0.0018
 873   45.165  #7c7d7c  125 5  0.0067
 874   45.253  #7c7d7d  125 6  0.0019
 875   45.303  #7d7d7c  125 7  0.0011
 876   45.360  #7d7d7d  126 1  0.0013
 877   45.436  #7d7d7e  126 2  0.0017
 878   45.511  #7e7d7d  126 3  0.0016
 879   45.567  #7e7d7e  126 4  0.0012
 880   45.820  #7d7e7d  126 5  0.0055
 881   45.875  #7d7e7e  126 6  0.0012
 882   45.964  #7e7e7d  126 7  0.0019
 883   46.025  #7e7e7e  127 1  0.0013
 884   46.073  #7e7e7f  127 2  0.0010
 885   46.163  #7f7e7e  127 3  0.0020
 886   46.243  #7f7e7f  127 4  0.0017
 887   46.478  #7e7f7e  127 5  0.0051
 888   46.522  #7e7f7f  127 6  0.0009
 889   46.620  #7f7f7e  127 7  0.0021
 890   46.674  #7f7f7f  128 1  0.0012
 891   46.724  #7f7f80  128 2  0.0011
 892   46.798  #807f7f  128 3  0.0016
 893   46.869  #807f80  128 4  0.0015
 894   47.119  #7f807f  128 5  0.0053
 895   47.178  #7f8080  128 6  0.0013
 896   47.276  #80807f  128 7  0.0021
 897   47.328  #808080  129 1  0.0011
 898   47.376  #808081  129 2  0.0010
 899   47.478  #818080  129 3  0.0022
 900   47.539  #818081  129 4  0.0013
 901   47.755  #808180  129 5  0.0045
 902   47.807  #808181  129 6  0.0011
 903   47.911  #818180  129 7  0.0022
 904   47.970  #818181  130 1  0.0012
 905   48.033  #818182  130 2  0.0013
 906   48.158  #828181  130 3  0.0026
 907   48.230  #828182  130 4  0.0015
 908   48.377  #818281  130 5  0.0030
 909   48.444  #818282  130 6  0.0014
 910   48.570  #828281  130 7  0.0026
 911   48.627  #828282  131 1  0.0012
 912   48.680  #828283  131 2  0.0011
 913   48.820  #838282  131 3  0.0029
 914   48.883  #838283  131 4  0.0013
 915   49.022  #828382  131 5  0.0028
 916   49.073  #828383  131 6  0.0010
 917   49.218  #838382  131 7  0.0030
 918   49.279  #838383  132 1  0.0012
 919   49.360  #838384  132 2  0.0016
 920   49.468  #848383  132 3  0.0022
 921   49.532  #848384  132 4  0.0013
 922   49.689  #838483  132 5  0.0032
 923   49.785  #838484  132 6  0.0019
 924   49.865  #848483  132 7  0.0016
 925   49.943  #848484  133 1  0.0016
 926   50.027  #848485  133 2  0.0017
 927   50.138  #858484  133 3  0.0022
 928   50.200  #858485  133 4  0.0012
 929   50.367  #848584  133 5  0.0033
 930   50.460  #848585  133 6  0.0018
 931   50.553  #858584  133 7  0.0018
 932   50.643  #858585  134 1  0.0018
 933   50.704  #858586  134 2  0.0012
 934   50.826  #868585  134 3  0.0024
 935   50.918  #868586  134 4  0.0018
 936   51.062  #858685  134 5  0.0028
 937   51.136  #858686  134 6  0.0014
 938   51.265  #868685  134 7  0.0025
 939   51.318  #868686  135 1  0.0010
 940   51.411  #868687  135 2  0.0018
 941   51.547  #878686  135 3  0.0026
 942   51.584  #878687  135 4  0.0007
 943   51.741  #868786  135 5  0.0030
 944   51.815  #868787  135 6  0.0014
 945   51.961  #878786  135 7  0.0028
 946   52.029  #878787  136 1  0.0013
 947   52.100  #878788  136 2  0.0014
 948   52.228  #888787  136 3  0.0025
 949   52.293  #888788  136 4  0.0012
 950   52.606  #878887  136 5  0.0060
 951   52.686  #878888  136 6  0.0015
 952   52.818  #888887  136 7  0.0025
 953   52.903  #888888  137 1  0.0016
 954   52.970  #888889  137 2  0.0013
 955   53.054  #898888  137 3  0.0016
 956   53.137  #898889  137 4  0.0016
 957   53.470  #888988  137 5  0.0062
 958   53.547  #888989  137 6  0.0014
 959   53.654  #898988  137 7  0.0020
 960   53.741  #898989  138 1  0.0016
 961   53.840  #89898a  138 2  0.0018
 962   53.934  #8a8989  138 3  0.0017
 963   54.030  #8a898a  138 4  0.0018
 964   54.411  #898a89  138 5  0.0070
 965   54.505  #898a8a  138 6  0.0017
 966   54.617  #8a8a89  138 7  0.0021
 967   54.687  #8a8a8a  139 1  0.0013
 968   54.762  #8a8a8b  139 2  0.0014
 969   54.880  #8b8a8a  139 3  0.0022
 970   54.968  #8b8a8b  139 4  0.0016
 971   55.322  #8a8b8a  139 5  0.0064
 972   55.356  #8a8b8b  139 6  0.0006
 973   55.498  #8b8b8a  139 7  0.0026
 974   55.570  #8b8b8b  140 1  0.0013
 975   55.642  #8b8b8c  140 2  0.0013
 976   55.758  #8c8b8b  140 3  0.0021
 977   55.860  #8c8b8c  140 4  0.0018
 978   56.163  #8b8c8b  140 5  0.0054
 979   56.245  #8b8c8c  140 6  0.0015
 980   56.346  #8c8c8b  140 7  0.0018
 981   56.438  #8c8c8c  141 1  0.0016
 982   56.521  #8c8c8d  141 2  0.0015
 983   56.637  #8d8c8c  141 3  0.0021
 984   56.704  #8d8c8d  141 4  0.0012
 985   57.064  #8c8d8c  141 5  0.0063
 986   57.137  #8c8d8d  141 6  0.0013
 987   57.251  #8d8d8c  141 7  0.0020
 988   57.330  #8d8d8d  142 1  0.0014
 989   57.411  #8d8d8e  142 2  0.0014
 990   57.539  #8e8d8d  142 3  0.0022
 991   57.605  #8e8d8e  142 4  0.0011
 992   58.017  #8d8e8d  142 5  0.0071
 993   58.071  #8d8e8e  142 6  0.0009
 994   58.194  #8e8e8d  142 7  0.0021
 995   58.279  #8e8e8e  143 1  0.0015
 996   58.352  #8e8e8f  143 2  0.0013
 997   58.491  #8f8e8e  143 3  0.0024
 998   58.564  #8f8e8f  143 4  0.0012
 999   58.913  #8e8f8e  143 5  0.0059
1000   58.976  #8e8f8f  143 6  0.0011
1001   59.106  #8f8f8e  143 7  0.0022
1002   59.184  #8f8f8f  144 1  0.0013
1003   59.252  #8f8f90  144 2  0.0011
1004   59.386  #908f8f  144 3  0.0023
1005   59.463  #908f90  144 4  0.0013
1006   59.787  #8f908f  144 5  0.0054
1007   59.885  #8f9090  144 6  0.0016
1008   60.011  #90908f  144 7  0.0021
1009   60.081  #909090  145 1  0.0012
1010   60.144  #909091  145 2  0.0010
1011   60.267  #919090  145 3  0.0020
1012   60.318  #919091  145 4  0.0008
1013   60.691  #909190  145 5  0.0062
1014   60.772  #909191  145 6  0.0013
1015   60.894  #919190  145 7  0.0020
1016   60.947  #919191  146 1  0.0009
1017   61.025  #919192  146 2  0.0013
1018   61.134  #929191  146 3  0.0018
1019   61.234  #929192  146 4  0.0016
1020   61.648  #919291  146 5  0.0067
1021   61.713  #919292  146 6  0.0011
1022   61.850  #929291  146 7  0.0022
1023   61.924  #929292  147 1  0.0012
1024   61.978  #929293  147 2  0.0009
1025   62.146  #939292  147 3  0.0027
1026   62.203  #939293  147 4  0.0009
1027   62.559  #929392  147 5  0.0057
1028   62.613  #929393  147 6  0.0009
1029   62.783  #939392  147 7  0.0027
1030   62.867  #939393  148 1  0.0013
1031   62.955  #939394  148 2  0.0014
1032   63.067  #949393  148 3  0.0018
1033   63.164  #949394  148 4  0.0015
1034   63.408  #939493  148 5  0.0039
1035   63.490  #939494  148 6  0.0013
1036   63.605  #949493  148 7  0.0018
1037   63.689  #949494  149 1  0.0013
1038   63.774  #949495  149 2  0.0013
1039   63.887  #959494  149 3  0.0018
1040   63.975  #959495  149 4  0.0014
1041   64.248  #949594  149 5  0.0043
1042   64.345  #949595  149 6  0.0015
1043   64.456  #959594  149 7  0.0017
1044   64.559  #959595  150 1  0.0016
1045   64.613  #959596  150 2  0.0008
1046   64.736  #969595  150 3  0.0019
1047   64.816  #969596  150 4  0.0012
1048   65.111  #959695  150 5  0.0045
1049   65.198  #959696  150 6  0.0013
1050   65.320  #969695  150 7  0.0019
1051   65.395  #969696  151 1  0.0011
1052   65.495  #969697  151 2  0.0015
1053   65.642  #979696  151 3  0.0022
1054   65.725  #979697  151 4  0.0013
1055   65.996  #969796  151 5  0.0041
1056   66.090  #969797  151 6  0.0014
1057   66.212  #979796  151 7  0.0018
1058   66.296  #979797  152 1  0.0013
1059   66.360  #979798  152 2  0.0010
1060   66.496  #989797  152 3  0.0020
1061   66.601  #989798  152 4  0.0016
1062   66.926  #979897  152 5  0.0049
1063   66.999  #979898  152 6  0.0011
1064   67.149  #989897  152 7  0.0022
1065   67.237  #989898  153 1  0.0013
1066   67.298  #989899  153 2  0.0009
1067   67.427  #999898  153 3  0.0019
1068   67.480  #999899  153 4  0.0008
1069   67.773  #989998  153 5  0.0043
1070   67.864  #989999  153 6  0.0013
1071   67.959  #999998  153 7  0.0014
1072   68.039  #999999  154 1  0.0012
1073   68.136  #99999a  154 2  0.0014
1074   68.250  #9a9999  154 3  0.0017
1075   68.339  #9a999a  154 4  0.0013
1076   68.635  #999a99  154 5  0.0043
1077   68.722  #999a9a  154 6  0.0013
1078   68.863  #9a9a99  154 7  0.0020
1079   68.941  #9a9a9a  155 1  0.0011
1080   69.001  #9a9a9b  155 2  0.0009
1081   69.134  #9b9a9a  155 3  0.0019
1082   69.224  #9b9a9b  155 4  0.0013
1083   69.538  #9a9b9a  155 5  0.0045
1084   69.630  #9a9b9b  155 6  0.0013
1085   69.748  #9b9b9a  155 7  0.0017
1086   69.841  #9b9b9b  156 1  0.0013
1087   69.914  #9b9b9c  156 2  0.0010
1088   70.058  #9c9b9b  156 3  0.0021
1089   70.138  #9c9b9c  156 4  0.0011
1090   70.497  #9b9c9b  156 5  0.0051
1091   70.601  #9b9c9c  156 6  0.0015
1092   70.711  #9c9c9b  156 7  0.0016
1093   70.797  #9c9c9c  157 1  0.0012
1094   70.877  #9c9c9d  157 2  0.0011
1095   70.995  #9d9c9c  157 3  0.0017
1096   71.087  #9d9c9d  157 4  0.0013
1097   71.451  #9c9d9c  157 5  0.0051
1098   71.548  #9c9d9d  157 6  0.0014
1099   71.663  #9d9d9c  157 7  0.0016
1100   71.744  #9d9d9d  158 1  0.0011
1101   71.852  #9d9d9e  158 2  0.0015
1102   71.971  #9e9d9d  158 3  0.0017
1103   72.048  #9e9d9e  158 4  0.0011
1104   72.418  #9d9e9d  158 5  0.0051
1105   72.516  #9d9e9e  158 6  0.0014
1106   72.615  #9e9e9d  158 7  0.0014
1107   72.710  #9e9e9e  159 1  0.0013
1108   72.829  #9e9e9f  159 2  0.0016
1109   72.939  #9f9e9e  159 3  0.0015
1110   73.026  #9f9e9f  159 4  0.0012
1111   73.463  #9e9f9e  159 5  0.0060
1112   73.526  #9e9f9f  159 6  0.0009
1113   73.652  #9f9f9e  159 7  0.0017
1114   73.742  #9f9f9f  160 1  0.0012
1115   73.818  #9f9fa0  160 2  0.0010
1116   73.954  #a09f9f  160 3  0.0018
1117   74.044  #a09fa0  160 4  0.0012
1118   74.416  #9fa09f  160 5  0.0050
1119   74.499  #9fa0a0  160 6  0.0011
1120   74.647  #a0a09f  160 7  0.0020
1121   74.721  #a0a0a0  161 1  0.0010
1122   74.810  #a0a0a1  161 2  0.0012
1123   74.909  #a1a0a0  161 3  0.0013
1124   74.993  #a1a0a1  161 4  0.0011
1125   75.397  #a0a1a0  161 5  0.0054
1126   75.472  #a0a1a1  161 6  0.0010
1127   75.580  #a1a1a0  161 7  0.0014
1128   75.663  #a1a1a1  162 1  0.0011
1129   75.745  #a1a1a2  162 2  0.0011
1130   75.866  #a2a1a1  162 3  0.0016
1131   75.969  #a2a1a2  162 4  0.0014
1132   76.354  #a1a2a1  162 5  0.0051
1133   76.425  #a1a2a2  162 6  0.0009
1134   76.580  #a2a2a1  162 7  0.0020
1135   76.645  #a2a2a2  163 1  0.0008
1136   76.734  #a2a2a3  163 2  0.0012
1137   76.852  #a3a2a2  163 3  0.0015
1138   76.943  #a3a2a3  163 4  0.0012
1139   77.363  #a2a3a2  163 5  0.0054
1140   77.484  #a2a3a3  163 6  0.0016
1141   77.587  #a3a3a2  163 7  0.0013
1142   77.709  #a3a3a3  164 1  0.0016
1143   77.781  #a3a3a4  164 2  0.0009
1144   77.916  #a4a3a3  164 3  0.0017
1145   78.001  #a4a3a4  164 4  0.0011
1146   78.369  #a3a4a3  164 5  0.0047
1147   78.454  #a3a4a4  164 6  0.0011
1148   78.588  #a4a4a3  164 7  0.0017
1149   78.665  #a4a4a4  165 1  0.0010
1150   78.757  #a4a4a5  165 2  0.0012
1151   78.900  #a5a4a4  165 3  0.0018
1152   78.975  #a5a4a5  165 4  0.0010
1153   79.265  #a4a5a4  165 5  0.0037
1154   79.366  #a4a5a5  165 6  0.0013
1155   79.500  #a5a5a4  165 7  0.0017
1156   79.581  #a5a5a5  166 1  0.0010
1157   79.681  #a5a5a6  166 2  0.0013
1158   79.796  #a6a5a5  166 3  0.0014
1159   79.899  #a6a5a6  166 4  0.0013
1160   80.204  #a5a6a5  166 5  0.0038
1161   80.313  #a5a6a6  166 6  0.0014
1162   80.414  #a6a6a5  166 7  0.0013
1163   80.543  #a6a6a6  167 1  0.0016
1164   80.655  #a6a6a7  167 2  0.0014
1165   80.816  #a7a6a6  167 3  0.0020
1166   80.918  #a7a6a7  167 4  0.0013
1167   81.251  #a6a7a6  167 5  0.0041
1168   81.333  #a6a7a7  167 6  0.0010
1169   81.491  #a7a7a6  167 7  0.0019
1170   81.555  #a7a7a7  168 1  0.0008
1171   81.678  #a7a7a8  168 2  0.0015
1172   81.783  #a8a7a7  168 3  0.0013
1173   81.868  #a8a7a8  168 4  0.0010
1174   82.262  #a7a8a7  168 5  0.0048
1175   82.366  #a7a8a8  168 6  0.0013
1176   82.517  #a8a8a7  168 7  0.0018
1177   82.610  #a8a8a8  169 1  0.0011
1178   82.679  #a8a8a9  169 2  0.0008
1179   82.787  #a9a8a8  169 3  0.0013
1180   82.865  #a9a8a9  169 4  0.0009
1181   83.200  #a8a9a8  169 5  0.0040
1182   83.278  #a8a9a9  169 6  0.0009
1183   83.392  #a9a9a8  169 7  0.0014
1184   83.487  #a9a9a9  170 1  0.0011
1185   83.585  #a9a9aa  170 2  0.0012
1186   83.719  #aaa9a9  170 3  0.0016
1187   83.798  #aaa9aa  170 4  0.0009
1188   84.072  #a9aaa9  170 5  0.0033
1189   84.199  #a9aaaa  170 6  0.0015
1190   84.324  #aaaaa9  170 7  0.0015
1191   84.418  #aaaaaa  171 1  0.0011
1192   84.498  #aaaaab  171 2  0.0009
1193   84.636  #abaaaa  171 3  0.0016
1194   84.729  #abaaab  171 4  0.0011
1195   85.024  #aaabaa  171 5  0.0035
1196   85.124  #aaabab  171 6  0.0012
1197   85.263  #ababaa  171 7  0.0016
1198   85.353  #ababab  172 1  0.0011
1199   85.432  #ababac  172 2  0.0009
1200   85.590  #acabab  172 3  0.0018
1201   85.696  #acabac  172 4  0.0012
1202   86.011  #abacab  172 5  0.0037
1203   86.108  #abacac  172 6  0.0011
1204   86.256  #acacab  172 7  0.0017
1205   86.327  #acacac  173 1  0.0008
1206   86.440  #acacad  173 2  0.0013
1207   86.552  #adacac  173 3  0.0013
1208   86.657  #adacad  173 4  0.0012
1209   86.953  #acadac  173 5  0.0034
1210   87.053  #acadad  173 6  0.0011
1211   87.189  #adadac  173 7  0.0016
1212   87.283  #adadad  174 1  0.0011
1213   87.360  #adadae  174 2  0.0009
1214   87.510  #aeadad  174 3  0.0017
1215   87.594  #aeadae  174 4  0.0010
1216   87.997  #adaead  174 5  0.0046
1217   88.055  #adaeae  174 6  0.0007
1218   88.220  #aeaead  174 7  0.0019
1219   88.295  #aeaeae  175 1  0.0008
1220   88.393  #aeaeaf  175 2  0.0011
1221   88.544  #afaeae  175 3  0.0017
1222   88.666  #afaeaf  175 4  0.0014
1223   89.079  #aeafae  175 5  0.0046
1224   89.180  #aeafaf  175 6  0.0011
1225   89.394  #afafae  175 7  0.0024
1226   89.515  #afafaf  176 1  0.0014
1227   89.612  #afafb0  176 2  0.0011
1228   89.797  #b0afaf  176 3  0.0021
1229   89.900  #b0afb0  176 4  0.0011
1230   90.356  #afb0af  176 5  0.0051
1231   90.435  #afb0b0  176 6  0.0009
1232   90.613  #b0b0af  176 7  0.0020
1233   90.692  #b0b0b0  177 1  0.0009
1234   90.763  #b0b0b1  177 2  0.0008
1235   90.893  #b1b0b0  177 3  0.0014
1236   91.005  #b1b0b1  177 4  0.0012
1237   91.410  #b0b1b0  177 5  0.0044
1238   91.485  #b0b1b1  177 6  0.0008
1239   91.608  #b1b1b0  177 7  0.0013
1240   91.702  #b1b1b1  178 1  0.0010
1241   91.772  #b1b1b2  178 2  0.0008
1242   91.908  #b2b1b1  178 3  0.0015
1243   92.046  #b2b1b2  178 4  0.0015
1244   92.448  #b1b2b1  178 5  0.0044
1245   92.532  #b1b2b2  178 6  0.0009
1246   92.658  #b2b2b1  178 7  0.0014
1247   92.788  #b2b2b2  179 1  0.0014
1248   92.866  #b2b2b3  179 2  0.0008
1249   93.025  #b3b2b2  179 3  0.0017
1250   93.106  #b3b2b3  179 4  0.0009
1251   93.510  #b2b3b2  179 5  0.0043
1252   93.602  #b2b3b3  179 6  0.0010
1253   93.778  #b3b3b2  179 7  0.0019
1254   93.868  #b3b3b3  180 1  0.0010
1255   93.963  #b3b3b4  180 2  0.0010
1256   94.126  #b4b3b3  180 3  0.0017
1257   94.198  #b4b3b4  180 4  0.0008
1258   94.667  #b3b4b3  180 5  0.0050
1259   94.771  #b3b4b4  180 6  0.0011
1260   94.928  #b4b4b3  180 7  0.0017
1261   95.021  #b4b4b4  181 1  0.0010
1262   95.122  #b4b4b5  181 2  0.0011
1263   95.269  #b5b4b4  181 3  0.0015
1264   95.368  #b5b4b5  181 4  0.0010
1265   95.767  #b4b5b4  181 5  0.0042
1266   95.869  #b4b5b5  181 6  0.0011
1267   96.020  #b5b5b4  181 7  0.0016
1268   96.101  #b5b5b5  182 1  0.0008
1269   96.206  #b5b5b6  182 2  0.0011
1270   96.345  #b6b5b5  182 3  0.0014
1271   96.442  #b6b5b6  182 4  0.0010
1272   96.856  #b5b6b5  182 5  0.0043
1273   96.944  #b5b6b6  182 6  0.0009
1274   97.099  #b6b6b5  182 7  0.0016
1275   97.197  #b6b6b6  183 1  0.0010
1276   97.303  #b6b6b7  183 2  0.0011
1277   97.480  #b7b6b6  183 3  0.0018
1278   97.585  #b7b6b7  183 4  0.0011
1279   97.912  #b6b7b6  183 5  0.0033
1280   98.004  #b6b7b7  183 6  0.0009
1281   98.166  #b7b7b6  183 7  0.0017
1282   98.293  #b7b7b7  184 1  0.0013
1283   98.413  #b7b7b8  184 2  0.0012
1284   98.571  #b8b7b7  184 3  0.0016
1285   98.715  #b8b7b8  184 4  0.0015
1286   99.190  #b7b8b7  184 5  0.0048
1287   99.275  #b7b8b8  184 6  0.0009
1288   99.450  #b8b8b7  184 7  0.0018
1289   99.557  #b8b8b8  185 1  0.0011
1290   99.661  #b8b8b9  185 2  0.0010
1291   99.790  #b9b8b8  185 3  0.0013
1292   99.856  #b9b8b9  185 4  0.0007
1293  100.250  #b8b9b8  185 5  0.0039
1294  100.350  #b8b9b9  185 6  0.0010
1295  100.470  #b9b9b8  185 7  0.0012
1296  100.550  #b9b9b9  186 1  0.0008
1297  100.650  #b9b9ba  186 2  0.0010
1298  100.830  #bab9b9  186 3  0.0018
1299  100.940  #bab9ba  186 4  0.0011
1300  101.250  #b9bab9  186 5  0.0031
1301  101.350  #b9baba  186 6  0.0010
1302  101.500  #babab9  186 7  0.0015
1303  101.630  #bababa  187 1  0.0013
1304  101.700  #bababb  187 2  0.0007
1305  101.870  #bbbaba  187 3  0.0017
1306  101.950  #bbbabb  187 4  0.0008
1307  102.290  #babbba  187 5  0.0033
1308  102.380  #babbbb  187 6  0.0009
1309  102.560  #bbbbba  187 7  0.0018
1310  102.670  #bbbbbb  188 1  0.0011
1311  102.790  #bbbbbc  188 2  0.0012
1312  102.970  #bcbbbb  188 3  0.0017
1313  103.070  #bcbbbc  188 4  0.0010
1314  103.410  #bbbcbb  188 5  0.0033
1315  103.510  #bbbcbc  188 6  0.0010
1316  103.660  #bcbcbb  188 7  0.0014
1317  103.770  #bcbcbc  189 1  0.0011
1318  103.890  #bcbcbd  189 2  0.0012
1319  104.050  #bdbcbc  189 3  0.0015
1320  104.160  #bdbcbd  189 4  0.0011
1321  104.500  #bcbdbc  189 5  0.0033
1322  104.630  #bcbdbd  189 6  0.0012
1323  104.810  #bdbdbc  189 7  0.0017
1324  104.890  #bdbdbd  190 1  0.0008
1325  104.980  #bdbdbe  190 2  0.0009
1326  105.150  #bebdbd  190 3  0.0016
1327  105.260  #bebdbe  190 4  0.0010
1328  105.590  #bdbebd  190 5  0.0031
1329  105.680  #bdbebe  190 6  0.0009
1330  105.860  #bebebd  190 7  0.0017
1331  105.960  #bebebe  191 1  0.0009
1332  106.080  #bebebf  191 2  0.0011
1333  106.230  #bfbebe  191 3  0.0014
1334  106.360  #bfbebf  191 4  0.0012
1335  106.680  #bebfbe  191 5  0.0030
1336  106.790  #bebfbf  191 6  0.0010
1337  106.970  #bfbfbe  191 7  0.0017
1338  107.070  #bfbfbf  192 1  0.0009
1339  107.180  #bfbfc0  192 2  0.0010
1340  107.450  #c0bfbf  192 3  0.0025
1341  107.580  #c0bfc0  192 4  0.0012
1342  108.050  #bfc0bf  192 5  0.0044
1343  108.150  #bfc0c0  192 6  0.0009
1344  108.330  #c0c0bf  192 7  0.0017
1345  108.440  #c0c0c0  193 1  0.0010
1346  108.570  #c0c0c1  193 2  0.0012
1347  108.730  #c1c0c0  193 3  0.0015
1348  108.840  #c1c0c1  193 4  0.0010
1349  109.380  #c0c1c0  193 5  0.0049
1350  109.470  #c0c1c1  193 6  0.0008
1351  109.630  #c1c1c0  193 7  0.0015
1352  109.740  #c1c1c1  194 1  0.0010
1353  109.850  #c1c1c2  194 2  0.0010
1354  110.030  #c2c1c1  194 3  0.0016
1355  110.160  #c2c1c2  194 4  0.0012
1356  110.580  #c1c2c1  194 5  0.0038
1357  110.700  #c1c2c2  194 6  0.0011
1358  110.880  #c2c2c1  194 7  0.0016
1359  110.970  #c2c2c2  195 1  0.0008
1360  111.100  #c2c2c3  195 2  0.0012
1361  111.230  #c3c2c2  195 3  0.0012
1362  111.390  #c3c2c3  195 4  0.0014
1363  111.850  #c2c3c2  195 5  0.0041
1364  111.970  #c2c3c3  195 6  0.0011
1365  112.120  #c3c3c2  195 7  0.0013
1366  112.230  #c3c3c3  196 1  0.0010
1367  112.340  #c3c3c4  196 2  0.0010
1368  112.570  #c4c3c3  196 3  0.0020
1369  112.680  #c4c3c4  196 4  0.0010
1370  113.130  #c3c4c3  196 5  0.0040
1371  113.230  #c3c4c4  196 6  0.0009
1372  113.410  #c4c4c3  196 7  0.0016
1373  113.530  #c4c4c4  197 1  0.0011
1374  113.670  #c4c4c5  197 2  0.0012
1375  113.810  #c5c4c4  197 3  0.0012
1376  113.960  #c5c4c5  197 4  0.0013
1377  114.470  #c4c5c4  197 5  0.0045
1378  114.620  #c4c5c5  197 6  0.0013
1379  114.770  #c5c5c4  197 7  0.0013
1380  114.910  #c5c5c5  198 1  0.0012
1381  115.010  #c5c5c6  198 2  0.0009
1382  115.200  #c6c5c5  198 3  0.0017
1383  115.320  #c6c5c6  198 4  0.0010
1384  115.750  #c5c6c5  198 5  0.0037
1385  115.860  #c5c6c6  198 6  0.0009
1386  116.090  #c6c6c5  198 7  0.0020
1387  116.190  #c6c6c6  199 1  0.0009
1388  116.370  #c6c6c7  199 2  0.0015
1389  116.560  #c7c6c6  199 3  0.0016
1390  116.730  #c7c6c7  199 4  0.0015
1391  117.190  #c6c7c6  199 5  0.0039
1392  117.310  #c6c7c7  199 6  0.0010
1393  117.470  #c7c7c6  199 7  0.0014
1394  117.650  #c7c7c7  200 1  0.0015
1395  117.750  #c7c7c8  200 2  0.0008
1396  117.960  #c8c7c7  200 3  0.0018
1397  118.060  #c8c7c8  200 4  0.0008
1398  118.560  #c7c8c7  200 5  0.0042
1399  118.660  #c7c8c8  200 6  0.0008
1400  118.890  #c8c8c7  200 7  0.0019
1401  118.950  #c8c8c8  201 1  0.0005
1402  119.100  #c8c8c9  201 2  0.0013
1403  119.290  #c9c8c8  201 3  0.0016
1404  119.420  #c9c8c9  201 4  0.0011
1405  119.970  #c8c9c8  201 5  0.0046
1406  120.090  #c8c9c9  201 6  0.0010
1407  120.260  #c9c9c8  201 7  0.0014
1408  120.390  #c9c9c9  202 1  0.0011
1409  120.530  #c9c9ca  202 2  0.0012
1410  120.710  #cac9c9  202 3  0.0015
1411  120.860  #cac9ca  202 4  0.0012
1412  121.190  #c9cac9  202 5  0.0027
1413  121.320  #c9caca  202 6  0.0011
1414  121.490  #cacac9  202 7  0.0014
1415  121.630  #cacaca  203 1  0.0012
1416  121.780  #cacacb  203 2  0.0012
1417  121.950  #cbcaca  203 3  0.0014
1418  122.110  #cbcacb  203 4  0.0013
1419  122.440  #cacbca  203 5  0.0027
1420  122.580  #cacbcb  203 6  0.0011
1421  122.790  #cbcbca  203 7  0.0017
1422  122.920  #cbcbcb  204 1  0.0011
1423  123.010  #cbcbcc  204 2  0.0007
1424  123.250  #cccbcb  204 3  0.0019
1425  123.390  #cccbcc  204 4  0.0011
1426  123.760  #cbcccb  204 5  0.0030
1427  123.860  #cbcccc  204 6  0.0008
1428  124.090  #cccccb  204 7  0.0019
1429  124.220  #cccccc  205 1  0.0010
1430  124.340  #cccccd  205 2  0.0010
1431  124.520  #cdcccc  205 3  0.0014
1432  124.660  #cdcccd  205 4  0.0011
1433  125.090  #cccdcc  205 5  0.0034
1434  125.280  #cccdcd  205 6  0.0015
1435  125.480  #cdcdcc  205 7  0.0016
1436  125.650  #cdcdcd  206 1  0.0014
1437  125.770  #cdcdce  206 2  0.0010
1438  126.010  #cecdcd  206 3  0.0019
1439  126.130  #cecdce  206 4  0.0010
1440  126.550  #cdcecd  206 5  0.0033
1441  126.660  #cdcece  206 6  0.0009
1442  126.870  #cececd  206 7  0.0017
1443  127.010  #cecece  207 1  0.0011
1444  127.160  #cececf  207 2  0.0012
1445  127.370  #cfcece  207 3  0.0017
1446  127.490  #cfcecf  207 4  0.0009
1447  127.850  #cecfce  207 5  0.0028
1448  127.960  #cecfcf  207 6  0.0009
1449  128.180  #cfcfce  207 7  0.0017
1450  128.300  #cfcfcf  208 1  0.0009
1451  128.450  #cfcfd0  208 2  0.0012
1452  128.680  #d0cfcf  208 3  0.0018
1453  128.820  #d0cfd0  208 4  0.0011
1454  129.310  #cfd0cf  208 5  0.0038
1455  129.450  #cfd0d0  208 6  0.0011
1456  129.700  #d0d0cf  208 7  0.0019
1457  129.810  #d0d0d0  209 1  0.0008
1458  129.970  #d0d0d1  209 2  0.0012
1459  130.140  #d1d0d0  209 3  0.0013
1460  130.270  #d1d0d1  209 4  0.0010
1461  130.710  #d0d1d0  209 5  0.0034
1462  130.830  #d0d1d1  209 6  0.0009
1463  131.000  #d1d1d0  209 7  0.0013
1464  131.170  #d1d1d1  210 1  0.0013
1465  131.280  #d1d1d2  210 2  0.0008
1466  131.540  #d2d1d1  210 3  0.0020
1467  131.650  #d2d1d2  210 4  0.0008
1468  132.140  #d1d2d1  210 5  0.0037
1469  132.270  #d1d2d2  210 6  0.0010
1470  132.480  #d2d2d1  210 7  0.0016
1471  132.620  #d2d2d2  211 1  0.0011
1472  132.780  #d2d2d3  211 2  0.0012
1473  132.960  #d3d2d2  211 3  0.0014
1474  133.110  #d3d2d3  211 4  0.0011
1475  133.580  #d2d3d2  211 5  0.0035
1476  133.760  #d2d3d3  211 6  0.0013
1477  133.950  #d3d3d2  211 7  0.0014
1478  134.130  #d3d3d3  212 1  0.0013
1479  134.260  #d3d3d4  212 2  0.0010
1480  134.560  #d4d3d3  212 3  0.0022
1481  134.710  #d4d3d4  212 4  0.0011
1482  135.260  #d3d4d3  212 5  0.0041
1483  135.370  #d3d4d4  212 6  0.0008
1484  135.640  #d4d4d3  212 7  0.0020
1485  135.780  #d4d4d4  213 1  0.0010
1486  135.920  #d4d4d5  213 2  0.0010
1487  136.080  #d5d4d4  213 3  0.0012
1488  136.240  #d5d4d5  213 4  0.0012
1489  136.840  #d4d5d4  213 5  0.0044
1490  136.990  #d4d5d5  213 6  0.0011
1491  137.170  #d5d5d4  213 7  0.0013
1492  137.330  #d5d5d5  214 1  0.0012
1493  137.440  #d5d5d6  214 2  0.0008
1494  137.680  #d6d5d5  214 3  0.0017
1495  137.800  #d6d5d6  214 4  0.0009
1496  138.430  #d5d6d5  214 5  0.0046
1497  138.600  #d5d6d6  214 6  0.0012
1498  138.810  #d6d6d5  214 7  0.0015
1499  138.940  #d6d6d6  215 1  0.0009
1500  139.090  #d6d6d7  215 2  0.0011
1501  139.290  #d7d6d6  215 3  0.0014
1502  139.470  #d7d6d7  215 4  0.0013
1503  139.970  #d6d7d6  215 5  0.0036
1504  140.140  #d6d7d7  215 6  0.0012
1505  140.350  #d7d7d6  215 7  0.0015
1506  140.540  #d7d7d7  216 1  0.0014
1507  140.650  #d7d7d8  216 2  0.0008
1508  140.910  #d8d7d7  216 3  0.0018
1509  141.010  #d8d7d8  216 4  0.0007
1510  141.580  #d7d8d7  216 5  0.0040
1511  141.720  #d7d8d8  216 6  0.0010
1512  141.990  #d8d8d7  216 7  0.0019
1513  142.010  #d8d8d8  217 1  0.0001
1514  142.120  #d8d8d9  217 2  0.0008
1515  142.320  #d9d8d8  217 3  0.0014
1516  142.430  #d9d8d9  217 4  0.0008
1517  143.080  #d8d9d8  217 5  0.0046
1518  143.220  #d8d9d9  217 6  0.0010
1519  143.440  #d9d9d8  217 7  0.0015
1520  143.560  #d9d9d9  218 1  0.0008
1521  143.690  #d9d9da  218 2  0.0009
1522  143.940  #dad9d9  218 3  0.0017
1523  144.110  #dad9da  218 4  0.0012
1524  144.780  #d9dad9  218 5  0.0046
1525  144.930  #d9dada  218 6  0.0010
1526  145.130  #dadad9  218 7  0.0014
1527  145.270  #dadada  219 1  0.0010
1528  145.420  #dadadb  219 2  0.0010
1529  145.670  #dbdada  219 3  0.0017
1530  145.800  #dbdadb  219 4  0.0009
1531  146.320  #dadbda  219 5  0.0036
1532  146.490  #dadbdb  219 6  0.0012
1533  146.750  #dbdbda  219 7  0.0018
1534  146.900  #dbdbdb  220 1  0.0010
1535  147.050  #dbdbdc  220 2  0.0010
1536  147.300  #dcdbdb  220 3  0.0017
1537  147.430  #dcdbdc  220 4  0.0009
1538  147.880  #dbdcdb  220 5  0.0030
1539  148.000  #dbdcdc  220 6  0.0008
1540  148.320  #dcdcdb  220 7  0.0022
1541  148.470  #dcdcdc  221 1  0.0010
1542  148.630  #dcdcdd  221 2  0.0011
1543  148.830  #dddcdc  221 3  0.0013
1544  148.980  #dddcdd  221 4  0.0010
1545  149.520  #dcdddc  221 5  0.0036
1546  149.660  #dcdddd  221 6  0.0009
1547  149.840  #dddddc  221 7  0.0012
1548  149.990  #dddddd  222 1  0.0010
1549  150.110  #ddddde  222 2  0.0008
1550  150.380  #dedddd  222 3  0.0018
1551  150.480  #deddde  222 4  0.0007
1552  151.070  #dddedd  222 5  0.0039
1553  151.200  #dddede  222 6  0.0009
1554  151.410  #dededd  222 7  0.0014
1555  151.550  #dedede  223 1  0.0009
1556  151.740  #dededf  223 2  0.0013
1557  152.020  #dfdede  223 3  0.0018
1558  152.190  #dfdedf  223 4  0.0011
1559  152.650  #dedfde  223 5  0.0030
1560  152.800  #dedfdf  223 6  0.0010
1561  152.980  #dfdfde  223 7  0.0012
1562  153.150  #dfdfdf  224 1  0.0011
1563  153.310  #dfdfe0  224 2  0.0010
1564  153.590  #e0dfdf  224 3  0.0018
1565  153.770  #e0dfe0  224 4  0.0012
1566  154.350  #dfe0df  224 5  0.0038
1567  154.510  #dfe0e0  224 6  0.0010
1568  154.800  #e0e0df  224 7  0.0019
1569  154.960  #e0e0e0  225 1  0.0010
1570  155.100  #e0e0e1  225 2  0.0009
1571  155.300  #e1e0e0  225 3  0.0013
1572  155.430  #e1e0e1  225 4  0.0008
1573  155.930  #e0e1e0  225 5  0.0032
1574  156.110  #e0e1e1  225 6  0.0012
1575  156.340  #e1e1e0  225 7  0.0015
1576  156.450  #e1e1e1  226 1  0.0007
1577  156.610  #e1e1e2  226 2  0.0010
1578  156.830  #e2e1e1  226 3  0.0014
1579  156.980  #e2e1e2  226 4  0.0010
1580  157.580  #e1e2e1  226 5  0.0038
1581  157.720  #e1e2e2  226 6  0.0009
1582  157.880  #e2e2e1  226 7  0.0010
1583  158.010  #e2e2e2  227 1  0.0008
1584  158.190  #e2e2e3  227 2  0.0011
1585  158.390  #e3e2e2  227 3  0.0013
1586  158.570  #e3e2e3  227 4  0.0011
1587  159.220  #e2e3e2  227 5  0.0041
1588  159.340  #e2e3e3  227 6  0.0008
1589  159.550  #e3e3e2  227 7  0.0013
1590  159.730  #e3e3e3  228 1  0.0011
1591  159.900  #e3e3e4  228 2  0.0011
1592  160.130  #e4e3e3  228 3  0.0014
1593  160.310  #e4e3e4  228 4  0.0011
1594  160.720  #e3e4e3  228 5  0.0026
1595  160.880  #e3e4e4  228 6  0.0010
1596  161.070  #e4e4e3  228 7  0.0012
1597  161.270  #e4e4e4  229 1  0.0012
1598  161.420  #e4e4e5  229 2  0.0009
1599  161.580  #e5e4e4  229 3  0.0010
1600  161.750  #e5e4e5  229 4  0.0011
1601  162.500  #e4e5e4  229 5  0.0046
1602  162.710  #e4e5e5  229 6  0.0013
1603  162.880  #e5e5e4  229 7  0.0010
1604  163.040  #e5e5e5  230 1  0.0010
1605  163.150  #e5e5e6  230 2  0.0007
1606  163.340  #e6e5e5  230 3  0.0012
1607  163.440  #e6e5e6  230 4  0.0006
1608  164.280  #e5e6e5  230 5  0.0051
1609  164.380  #e5e6e6  230 6  0.0006
1610  164.620  #e6e6e5  230 7  0.0015
1611  164.750  #e6e6e6  231 1  0.0008
1612  165.020  #e6e6e7  231 2  0.0016
1613  165.410  #e7e6e6  231 3  0.0024
1614  165.680  #e7e6e7  231 4  0.0016
1615  166.680  #e6e7e6  231 5  0.0060
1616  166.850  #e6e7e7  231 6  0.0010
1617  167.050  #e7e7e6  231 7  0.0012
1618  167.180  #e7e7e7  232 1  0.0008
1619  167.360  #e7e7e8  232 2  0.0011
1620  167.610  #e8e7e7  232 3  0.0015
1621  167.770  #e8e7e8  232 4  0.0010
1622  168.380  #e7e8e7  232 5  0.0036
1623  168.530  #e7e8e8  232 6  0.0009
1624  168.760  #e8e8e7  232 7  0.0014
1625  168.950  #e8e8e8  233 1  0.0011
1626  169.070  #e8e8e9  233 2  0.0007
1627  169.300  #e9e8e8  233 3  0.0014
1628  169.450  #e9e8e9  233 4  0.0009
1629  170.230  #e8e9e8  233 5  0.0046
1630  170.350  #e8e9e9  233 6  0.0007
1631  170.590  #e9e9e8  233 7  0.0014
1632  170.700  #e9e9e9  234 1  0.0006
1633  170.830  #e9e9ea  234 2  0.0008
1634  171.030  #eae9e9  234 3  0.0012
1635  171.170  #eae9ea  234 4  0.0008
1636  172.000  #e9eae9  234 5  0.0048
1637  172.140  #e9eaea  234 6  0.0008
1638  172.330  #eaeae9  234 7  0.0011
1639  172.480  #eaeaea  235 1  0.0009
1640  172.640  #eaeaeb  235 2  0.0009
1641  172.870  #ebeaea  235 3  0.0013
1642  173.050  #ebeaeb  235 4  0.0010
1643  173.870  #eaebea  235 5  0.0047
1644  174.010  #eaebeb  235 6  0.0008
1645  174.260  #ebebea  235 7  0.0014
1646  174.400  #ebebeb  236 1  0.0008
1647  174.590  #ebebec  236 2  0.0011
1648  174.820  #ecebeb  236 3  0.0013
1649  174.990  #ecebec  236 4  0.0010
1650  175.650  #ebeceb  236 5  0.0038
1651  175.810  #ebecec  236 6  0.0009
1652  176.010  #ececeb  236 7  0.0011
1653  176.140  #ececec  237 1  0.0007
1654  176.280  #ececed  237 2  0.0008
1655  176.470  #edecec  237 3  0.0011
1656  176.610  #edeced  237 4  0.0008
1657  177.320  #ecedec  237 5  0.0040
1658  177.470  #eceded  237 6  0.0008
1659  177.650  #ededec  237 7  0.0010
1660  177.790  #ededed  238 1  0.0008
1661  177.980  #ededee  238 2  0.0011
1662  178.160  #eeeded  238 3  0.0010
1663  178.340  #eeedee  238 4  0.0010
1664  178.850  #edeeed  238 5  0.0029
1665  179.010  #edeeee  238 6  0.0009
1666  179.200  #eeeeed  238 7  0.0011
1667  179.370  #eeeeee  239 1  0.0009
1668  179.530  #eeeeef  239 2  0.0009
1669  179.770  #efeeee  239 3  0.0013
1670  179.910  #efeeef  239 4  0.0008
1671  180.530  #eeefee  239 5  0.0034
1672  180.650  #eeefef  239 6  0.0007
1673  180.910  #efefee  239 7  0.0014
1674  181.070  #efefef  240 1  0.0009
1675  181.230  #efeff0  240 2  0.0009
1676  181.430  #f0efef  240 3  0.0011
1677  181.570  #f0eff0  240 4  0.0008
1678  182.190  #eff0ef  240 5  0.0034
1679  182.350  #eff0f0  240 6  0.0009
1680  182.550  #f0f0ef  240 7  0.0011
1681  182.750  #f0f0f0  241 1  0.0011
1682  182.840  #f0f0f1  241 2  0.0005
1683  183.050  #f1f0f0  241 3  0.0011
1684  183.210  #f1f0f1  241 4  0.0009
1685  183.830  #f0f1f0  241 5  0.0034
1686  183.930  #f0f1f1  241 6  0.0005
1687  184.100  #f1f1f0  241 7  0.0009
1688  184.210  #f1f1f1  242 1  0.0006
1689  184.340  #f1f1f2  242 2  0.0007
1690  184.500  #f2f1f1  242 3  0.0009
1691  184.680  #f2f1f2  242 4  0.0010
1692  185.280  #f1f2f1  242 5  0.0032
1693  185.450  #f1f2f2  242 6  0.0009
1694  185.610  #f2f2f1  242 7  0.0009
1695  185.780  #f2f2f2  243 1  0.0009
1696  185.910  #f2f2f3  243 2  0.0007
1697  186.110  #f3f2f2  243 3  0.0011
1698  186.240  #f3f2f3  243 4  0.0007
1699  186.830  #f2f3f2  243 5  0.0032
1700  186.970  #f2f3f3  243 6  0.0007
1701  187.180  #f3f3f2  243 7  0.0011
1702  187.340  #f3f3f3  244 1  0.0009
1703  187.500  #f3f3f4  244 2  0.0009
1704  187.720  #f4f3f3  244 3  0.0012
1705  187.870  #f4f3f4  244 4  0.0008
1706  188.460  #f3f4f3  244 5  0.0031
1707  188.630  #f3f4f4  244 6  0.0009
1708  188.800  #f4f4f3  244 7  0.0009
1709  188.990  #f4f4f4  245 1  0.0010
1710  189.080  #f4f4f5  245 2  0.0005
1711  189.240  #f5f4f4  245 3  0.0008
1712  189.340  #f5f4f5  245 4  0.0005
1713  189.910  #f4f5f4  245 5  0.0030
1714  190.080  #f4f5f5  245 6  0.0009
1715  190.240  #f5f5f4  245 7  0.0008
1716  190.370  #f5f5f5  246 1  0.0007
1717  190.530  #f5f5f6  246 2  0.0008
1718  190.710  #f6f5f5  246 3  0.0009
1719  190.860  #f6f5f6  246 4  0.0008
1720  191.420  #f5f6f5  246 5  0.0029
1721  191.530  #f5f6f6  246 6  0.0006
1722  191.720  #f6f6f5  246 7  0.0010
1723  191.840  #f6f6f6  247 1  0.0006
1724  191.970  #f6f6f7  247 2  0.0007
1725  192.230  #f7f6f6  247 3  0.0014
1726  192.360  #f7f6f7  247 4  0.0007
1727  193.110  #f6f7f6  247 5  0.0039
1728  193.240  #f6f7f7  247 6  0.0007
1729  193.470  #f7f7f6  247 7  0.0012
1730  193.610  #f7f7f7  248 1  0.0007
1731  193.760  #f7f7f8  248 2  0.0008
1732  194.020  #f8f7f7  248 3  0.0013
1733  194.190  #f8f7f8  248 4  0.0009
1734  194.890  #f7f8f7  248 5  0.0036
1735  195.040  #f7f8f8  248 6  0.0008
1736  195.290  #f8f8f7  248 7  0.0013
1737  195.460  #f8f8f8  249 1  0.0009
1738  195.580  #f8f8f9  249 2  0.0006
1739  195.760  #f9f8f8  249 3  0.0009
1740  195.870  #f9f8f9  249 4  0.0006
1741  196.600  #f8f9f8  249 5  0.0037
1742  196.710  #f8f9f9  249 6  0.0006
1743  196.860  #f9f9f8  249 7  0.0008
1744  196.990  #f9f9f9  250 1  0.0007
1745  197.120  #f9f9fa  250 2  0.0007
1746  197.350  #faf9f9  250 3  0.0012
1747  197.480  #faf9fa  250 4  0.0007
1748  198.130  #f9faf9  250 5  0.0033
1749  198.230  #f9fafa  250 6  0.0005
1750  198.460  #fafaf9  250 7  0.0012
1751  198.620  #fafafa  251 1  0.0008
1752  198.750  #fafafb  251 2  0.0007
1753  199.030  #fbfafa  251 3  0.0014
1754  199.180  #fbfafb  251 4  0.0008
1755  199.800  #fafbfa  251 5  0.0031
1756  199.940  #fafbfb  251 6  0.0007
1757  200.220  #fbfbfa  251 7  0.0014
1758  200.380  #fbfbfb  252 1  0.0008
1759  200.540  #fbfbfc  252 2  0.0008
1760  200.800  #fcfbfb  252 3  0.0013
1761  200.960  #fcfbfc  252 4  0.0008
1762  201.640  #fbfcfb  252 5  0.0034
1763  201.830  #fbfcfc  252 6  0.0009
1764  202.080  #fcfcfb  252 7  0.0012
1765  202.260  #fcfcfc  253 1  0.0009
1766  202.330  #fcfcfd  253 2  0.0003
1767  202.620  #fdfcfc  253 3  0.0014
1768  202.710  #fdfcfd  253 4  0.0004
1769  203.270  #fcfdfc  253 5  0.0028
1770  203.370  #fcfdfd  253 6  0.0005
1771  203.650  #fdfdfc  253 7  0.0014
1772  203.800  #fdfdfd  254 1  0.0007
1773  203.970  #fdfdfe  254 2  0.0008
1774  204.260  #fefdfd  254 3  0.0014
1775  204.440  #fefdfe  254 4  0.0009
1776  204.940  #fdfefd  254 5  0.0024
1777  205.050  #fdfefe  254 6  0.0005
1778  205.330  #fefefd  254 7  0.0014
1779  205.490  #fefefe  255 1  0.0008
1780  205.660  #fefeff  255 2  0.0008
1781  206.020  #fffefe  255 3  0.0017
1782  206.180  #fffeff  255 4  0.0008
1783  206.680  #fefffe  255 5  0.0024
1784  206.880  #feffff  255 6  0.0010
1785  207.310  #fffffe  255 7  0.0021
1786  207.610  #ffffff  256 1  0.0014
