#  lumResponse vers. 1.5f - 12/08/06
#  Display ID: DELL_2007FP_C953667D382L
#  iLdelay=1  avgN=1  ILlimit_plus=0.50 ILlimit_minus=-0.05  R=22.4% G=68.5% B=9.0%
#  51.8  #ff0000
#  158.3  #00ff00
#  20.9  #0000ff
   1    0.344  #000000    1 1  0.0000
   2    0.344  #000001    1 2  0.0000
   3    0.344  #010000    1 3  0.0000
   4    0.343  #010001    1 4  -0.0029
   5    0.343  #000100    1 5  0.0000
   6    0.344  #000101    1 6  0.0029
   7    0.343  #010100    1 7  -0.0029
   8    0.343  #010101    2 1  0.0000
   9    0.345  #010102    2 2  0.0058
  10    0.347  #020101    2 3  0.0058
  11    0.348  #020102    2 4  0.0029
  12    0.355  #010201    2 5  0.0199
  13    0.357  #010202    2 6  0.0056
  14    0.359  #020201    2 7  0.0056
  15    0.360  #020202    3 1  0.0028
  16    0.360  #020203    3 2  0.0000
  17    0.361  #030202    3 3  0.0028
  18    0.361  #030203    3 4  0.0000
  19    0.362  #020302    3 5  0.0028
  20    0.362  #020303    3 6  0.0000
  21    0.362  #030302    3 7  0.0000
  22    0.362  #030303    4 1  0.0000
  23    0.362  #030304    4 2  0.0000
  24    0.363  #040303    4 3  0.0028
  25    0.363  #040304    4 4  0.0000
  26    0.364  #030403    4 5  0.0028
  27    0.365  #030404    4 6  0.0027
  28    0.365  #040403    4 7  0.0000
  29    0.365  #040404    5 1  0.0000
  30    0.366  #040405    5 2  0.0027
  31    0.367  #050404    5 3  0.0027
  32    0.368  #050405    5 4  0.0027
  33    0.370  #040504    5 5  0.0054
  34    0.371  #040505    5 6  0.0027
  35    0.372  #050504    5 7  0.0027
  36    0.372  #050505    6 1  0.0000
  37    0.373  #050506    6 2  0.0027
  38    0.375  #060505    6 3  0.0053
  39    0.375  #060506    6 4  0.0000
  40    0.380  #050605    6 5  0.0132
  41    0.380  #050606    6 6  0.0000
  42    0.382  #060605    6 7  0.0052
  43    0.383  #060606    7 1  0.0026
  44    0.384  #060607    7 2  0.0026
  45    0.385  #070606    7 3  0.0026
  46    0.387  #070607    7 4  0.0052
  47    0.392  #060706    7 5  0.0128
  48    0.393  #060707    7 6  0.0025
  49    0.395  #070706    7 7  0.0051
  50    0.396  #070707    8 1  0.0025
  51    0.397  #070708    8 2  0.0025
  52    0.399  #080707    8 3  0.0050
  53    0.400  #080708    8 4  0.0025
  54    0.405  #070807    8 5  0.0124
  55    0.406  #070808    8 6  0.0025
  56    0.408  #080807    8 7  0.0049
  57    0.409  #080808    9 1  0.0024
  58    0.410  #080809    9 2  0.0024
  59    0.412  #090808    9 3  0.0049
  60    0.414  #090809    9 4  0.0048
  61    0.420  #080908    9 5  0.0144
  62    0.422  #080909    9 6  0.0048
  63    0.424  #090908    9 7  0.0047
  64    0.426  #090909   10 1  0.0047
  65    0.428  #09090a   10 2  0.0047
  66    0.432  #0a0909   10 3  0.0093
  67    0.434  #0a090a   10 4  0.0046
  68    0.445  #090a09   10 5  0.0250
  69    0.447  #090a0a   10 6  0.0045
  70    0.451  #0a0a09   10 7  0.0089
  71    0.453  #0a0a0a   11 1  0.0044
  72    0.457  #0a0a0b   11 2  0.0088
  73    0.461  #0b0a0a   11 3  0.0087
  74    0.464  #0b0a0b   11 4  0.0065
  75    0.477  #0a0b0a   11 5  0.0276
  76    0.481  #0a0b0b   11 6  0.0084
  77    0.485  #0b0b0a   11 7  0.0083
  78    0.488  #0b0b0b   12 1  0.0062
  79    0.492  #0b0b0c   12 2  0.0082
  80    0.495  #0c0b0b   12 3  0.0061
  81    0.499  #0c0b0c   12 4  0.0080
  82    0.510  #0b0c0b   12 5  0.0218
  83    0.513  #0b0c0c   12 6  0.0059
  84    0.517  #0c0c0b   12 7  0.0078
  85    0.520  #0c0c0c   13 1  0.0058
  86    0.523  #0c0c0d   13 2  0.0058
  87    0.528  #0d0c0c   13 3  0.0095
  88    0.531  #0d0c0d   13 4  0.0057
  89    0.543  #0c0d0c   13 5  0.0223
  90    0.546  #0c0d0d   13 6  0.0055
  91    0.551  #0d0d0c   13 7  0.0091
  92    0.554  #0d0d0d   14 1  0.0054
  93    0.559  #0d0d0e   14 2  0.0090
  94    0.565  #0e0d0d   14 3  0.0107
  95    0.570  #0e0d0e   14 4  0.0088
  96    0.589  #0d0e0d   14 5  0.0328
  97    0.594  #0d0e0e   14 6  0.0085
  98    0.601  #0e0e0d   14 7  0.0117
  99    0.605  #0e0e0e   15 1  0.0066
 100    0.611  #0e0e0f   15 2  0.0099
 101    0.619  #0f0e0e   15 3  0.0130
 102    0.625  #0f0e0f   15 4  0.0096
 103    0.647  #0e0f0e   15 5  0.0346
 104    0.653  #0e0f0f   15 6  0.0092
 105    0.661  #0f0f0e   15 7  0.0122
 106    0.667  #0f0f0f   16 1  0.0090
 107    0.672  #0f0f10   16 2  0.0075
 108    0.679  #100f0f   16 3  0.0104
 109    0.685  #100f10   16 4  0.0088
 110    0.704  #0f100f   16 5  0.0274
 111    0.710  #0f1010   16 6  0.0085
 112    0.717  #10100f   16 7  0.0098
 113    0.722  #101010   17 1  0.0069
 114    0.728  #101011   17 2  0.0083
 115    0.736  #111010   17 3  0.0109
 116    0.741  #111011   17 4  0.0068
 117    0.762  #101110   17 5  0.0279
 118    0.768  #101111   17 6  0.0078
 119    0.775  #111110   17 7  0.0091
 120    0.781  #111111   18 1  0.0077
 121    0.789  #111112   18 2  0.0102
 122    0.800  #121111   18 3  0.0138
 123    0.807  #121112   18 4  0.0087
 124    0.837  #111211   18 5  0.0365
 125    0.844  #111212   18 6  0.0083
 126    0.855  #121211   18 7  0.0129
 127    0.863  #121212   19 1  0.0093
 128    0.872  #121213   19 2  0.0104
 129    0.884  #131212   19 3  0.0137
 130    0.893  #131213   19 4  0.0101
 131    0.928  #121312   19 5  0.0384
 132    0.937  #121313   19 6  0.0097
 133    0.949  #131312   19 7  0.0127
 134    0.958  #131313   20 1  0.0094
 135    0.967  #131314   20 2  0.0094
 136    0.977  #141313   20 3  0.0103
 137    0.986  #141314   20 4  0.0092
 138    1.017  #131413   20 5  0.0310
 139    1.025  #131414   20 6  0.0078
 140    1.036  #141413   20 7  0.0107
 141    1.045  #141414   21 1  0.0086
 142    1.052  #141415   21 2  0.0067
 143    1.063  #151414   21 3  0.0104
 144    1.071  #151415   21 4  0.0075
 145    1.101  #141514   21 5  0.0276
 146    1.109  #141515   21 6  0.0072
 147    1.120  #151514   21 7  0.0099
 148    1.128  #151515   22 1  0.0071
 149    1.138  #151516   22 2  0.0088
 150    1.151  #161515   22 3  0.0114
 151    1.161  #161516   22 4  0.0087
 152    1.199  #151615   22 5  0.0322
 153    1.209  #151616   22 6  0.0083
 154    1.223  #161615   22 7  0.0115
 155    1.233  #161616   23 1  0.0081
 156    1.244  #161617   23 2  0.0089
 157    1.259  #171616   23 3  0.0120
 158    1.270  #171617   23 4  0.0087
 159    1.313  #161716   23 5  0.0333
 160    1.324  #161717   23 6  0.0083
 161    1.339  #171716   23 7  0.0113
 162    1.350  #171717   24 1  0.0082
 163    1.361  #171718   24 2  0.0081
 164    1.375  #181717   24 3  0.0102
 165    1.386  #181718   24 4  0.0080
 166    1.425  #171817   24 5  0.0277
 167    1.436  #171818   24 6  0.0077
 168    1.450  #181817   24 7  0.0097
 169    1.460  #181818   25 1  0.0069
 170    1.473  #181819   25 2  0.0089
 171    1.488  #191818   25 3  0.0101
 172    1.500  #191819   25 4  0.0080
 173    1.544  #181918   25 5  0.0289
 174    1.556  #181919   25 6  0.0077
 175    1.572  #191918   25 7  0.0102
 176    1.584  #191919   26 1  0.0076
 177    1.597  #19191a   26 2  0.0082
 178    1.619  #1a1919   26 3  0.0137
 179    1.633  #1a191a   26 4  0.0086
 180    1.689  #191a19   26 5  0.0337
 181    1.705  #191a1a   26 6  0.0094
 182    1.725  #1a1a19   26 7  0.0117
 183    1.740  #1a1a1a   27 1  0.0087
 184    1.750  #1a1a1b   27 2  0.0057
 185    1.770  #1b1a1a   27 3  0.0114
 186    1.790  #1b1a1b   27 4  0.0112
 187    1.850  #1a1b1a   27 5  0.0330
 188    1.870  #1a1b1b   27 6  0.0108
 189    1.890  #1b1b1a   27 7  0.0106
 190    1.910  #1b1b1b   28 1  0.0105
 191    1.920  #1b1b1c   28 2  0.0052
 192    1.940  #1c1b1b   28 3  0.0104
 193    1.960  #1c1b1c   28 4  0.0103
 194    2.020  #1b1c1b   28 5  0.0302
 195    2.030  #1b1c1c   28 6  0.0049
 196    2.050  #1c1c1b   28 7  0.0098
 197    2.070  #1c1c1c   29 1  0.0097
 198    2.070  #1c1c1d   29 2  0.0000
 199    2.070  #1d1c1c   29 3  0.0000
 200    2.070  #1d1c1d   29 4  0.0000
 201    2.180  #1c1d1c   29 5  0.0518
 202    2.180  #1c1d1d   29 6  0.0000
 203    2.180  #1d1d1c   29 7  0.0000
 204    2.180  #1d1d1d   30 1  0.0000
 205    2.200  #1d1d1e   30 2  0.0091
 206    2.220  #1e1d1d   30 3  0.0090
 207    2.230  #1e1d1e   30 4  0.0045
 208    2.310  #1d1e1d   30 5  0.0352
 209    2.330  #1d1e1e   30 6  0.0086
 210    2.350  #1e1e1d   30 7  0.0085
 211    2.360  #1e1e1e   31 1  0.0042
 212    2.380  #1e1e1f   31 2  0.0084
 213    2.410  #1f1e1e   31 3  0.0125
 214    2.420  #1f1e1f   31 4  0.0041
 215    2.510  #1e1f1e   31 5  0.0365
 216    2.530  #1e1f1f   31 6  0.0079
 217    2.550  #1f1f1e   31 7  0.0079
 218    2.570  #1f1f1f   32 1  0.0078
 219    2.590  #1f1f20   32 2  0.0078
 220    2.620  #201f1f   32 3  0.0115
 221    2.640  #201f20   32 4  0.0076
 222    2.710  #1f201f   32 5  0.0262
 223    2.730  #1f2020   32 6  0.0074
 224    2.760  #20201f   32 7  0.0109
 225    2.780  #202020   33 1  0.0072
 226    2.800  #202021   33 2  0.0072
 227    2.820  #212020   33 3  0.0071
 228    2.840  #212021   33 4  0.0071
 229    2.890  #202120   33 5  0.0175
 230    2.910  #202121   33 6  0.0069
 231    2.940  #212120   33 7  0.0103
 232    2.950  #212121   34 1  0.0034
 233    2.970  #212122   34 2  0.0068
 234    2.990  #222121   34 3  0.0067
 235    3.000  #222122   34 4  0.0033
 236    3.080  #212221   34 5  0.0263
 237    3.090  #212222   34 6  0.0032
 238    3.110  #222221   34 7  0.0065
 239    3.130  #222222   35 1  0.0064
 240    3.150  #222223   35 2  0.0064
 241    3.170  #232222   35 3  0.0063
 242    3.190  #232223   35 4  0.0063
 243    3.260  #222322   35 5  0.0217
 244    3.280  #222323   35 6  0.0061
 245    3.300  #232322   35 7  0.0061
 246    3.320  #232323   36 1  0.0060
 247    3.340  #232324   36 2  0.0060
 248    3.360  #242323   36 3  0.0060
 249    3.380  #242324   36 4  0.0059
 250    3.450  #232423   36 5  0.0205
 251    3.470  #232424   36 6  0.0058
 252    3.490  #242423   36 7  0.0057
 253    3.510  #242424   37 1  0.0057
 254    3.530  #242425   37 2  0.0057
 255    3.550  #252424   37 3  0.0056
 256    3.570  #252425   37 4  0.0056
 257    3.640  #242524   37 5  0.0194
 258    3.650  #242525   37 6  0.0027
 259    3.680  #252524   37 7  0.0082
 260    3.700  #252525   38 1  0.0054
 261    3.710  #252526   38 2  0.0027
 262    3.740  #262525   38 3  0.0081
 263    3.750  #262526   38 4  0.0027
 264    3.830  #252625   38 5  0.0211
 265    3.850  #252626   38 6  0.0052
 266    3.870  #262625   38 7  0.0052
 267    3.890  #262626   39 1  0.0052
 268    3.910  #262627   39 2  0.0051
 269    3.930  #272626   39 3  0.0051
 270    3.950  #272627   39 4  0.0051
 271    4.030  #262726   39 5  0.0201
 272    4.050  #262727   39 6  0.0050
 273    4.070  #272726   39 7  0.0049
 274    4.090  #272727   40 1  0.0049
 275    4.110  #272728   40 2  0.0049
 276    4.140  #282727   40 3  0.0073
 277    4.160  #282728   40 4  0.0048
 278    4.230  #272827   40 5  0.0167
 279    4.250  #272828   40 6  0.0047
 280    4.280  #282827   40 7  0.0070
 281    4.300  #282828   41 1  0.0047
 282    4.320  #282829   41 2  0.0046
 283    4.350  #292828   41 3  0.0069
 284    4.370  #292829   41 4  0.0046
 285    4.440  #282928   41 5  0.0159
 286    4.460  #282929   41 6  0.0045
 287    4.490  #292928   41 7  0.0067
 288    4.510  #292929   42 1  0.0044
 289    4.520  #29292a   42 2  0.0022
 290    4.550  #2a2929   42 3  0.0066
 291    4.570  #2a292a   42 4  0.0044
 292    4.660  #292a29   42 5  0.0195
 293    4.680  #292a2a   42 6  0.0043
 294    4.710  #2a2a29   42 7  0.0064
 295    4.730  #2a2a2a   43 1  0.0042
 296    4.750  #2a2a2b   43 2  0.0042
 297    4.770  #2b2a2a   43 3  0.0042
 298    4.800  #2b2a2b   43 4  0.0063
 299    4.890  #2a2b2a   43 5  0.0186
 300    4.910  #2a2b2b   43 6  0.0041
 301    4.940  #2b2b2a   43 7  0.0061
 302    4.960  #2b2b2b   44 1  0.0040
 303    4.980  #2b2b2c   44 2  0.0040
 304    5.010  #2c2b2b   44 3  0.0060
 305    5.030  #2c2b2c   44 4  0.0040
 306    5.120  #2b2c2b   44 5  0.0177
 307    5.140  #2b2c2c   44 6  0.0039
 308    5.170  #2c2c2b   44 7  0.0058
 309    5.190  #2c2c2c   45 1  0.0039
 310    5.220  #2c2c2d   45 2  0.0058
 311    5.250  #2d2c2c   45 3  0.0057
 312    5.270  #2d2c2d   45 4  0.0038
 313    5.360  #2c2d2c   45 5  0.0169
 314    5.380  #2c2d2d   45 6  0.0037
 315    5.410  #2d2d2c   45 7  0.0056
 316    5.430  #2d2d2d   46 1  0.0037
 317    5.450  #2d2d2e   46 2  0.0037
 318    5.490  #2e2d2d   46 3  0.0073
 319    5.510  #2e2d2e   46 4  0.0036
 320    5.610  #2d2e2d   46 5  0.0180
 321    5.630  #2d2e2e   46 6  0.0036
 322    5.670  #2e2e2d   46 7  0.0071
 323    5.680  #2e2e2e   47 1  0.0018
 324    5.710  #2e2e2f   47 2  0.0053
 325    5.740  #2f2e2e   47 3  0.0052
 326    5.770  #2f2e2f   47 4  0.0052
 327    5.880  #2e2f2e   47 5  0.0189
 328    5.900  #2e2f2f   47 6  0.0034
 329    5.930  #2f2f2e   47 7  0.0051
 330    5.960  #2f2f2f   48 1  0.0050
 331    5.990  #2f2f30   48 2  0.0050
 332    6.020  #302f2f   48 3  0.0050
 333    6.050  #302f30   48 4  0.0050
 334    6.140  #2f302f   48 5  0.0148
 335    6.170  #2f3030   48 6  0.0049
 336    6.200  #30302f   48 7  0.0049
 337    6.230  #303030   49 1  0.0048
 338    6.260  #303031   49 2  0.0048
 339    6.290  #313030   49 3  0.0048
 340    6.320  #313031   49 4  0.0048
 341    6.410  #303130   49 5  0.0141
 342    6.440  #303131   49 6  0.0047
 343    6.480  #313130   49 7  0.0062
 344    6.500  #313131   50 1  0.0031
 345    6.520  #313132   50 2  0.0031
 346    6.560  #323131   50 3  0.0061
 347    6.590  #323132   50 4  0.0046
 348    6.700  #313231   50 5  0.0166
 349    6.720  #313232   50 6  0.0030
 350    6.760  #323231   50 7  0.0059
 351    6.790  #323232   51 1  0.0044
 352    6.810  #323233   51 2  0.0029
 353    6.850  #333232   51 3  0.0059
 354    6.880  #333233   51 4  0.0044
 355    7.000  #323332   51 5  0.0173
 356    7.020  #323333   51 6  0.0029
 357    7.060  #333332   51 7  0.0057
 358    7.090  #333333   52 1  0.0042
 359    7.120  #333334   52 2  0.0042
 360    7.150  #343333   52 3  0.0042
 361    7.180  #343334   52 4  0.0042
 362    7.290  #333433   52 5  0.0152
 363    7.320  #333434   52 6  0.0041
 364    7.360  #343433   52 7  0.0054
 365    7.390  #343434   53 1  0.0041
 366    7.420  #343435   53 2  0.0041
 367    7.450  #353434   53 3  0.0040
 368    7.480  #353435   53 4  0.0040
 369    7.590  #343534   53 5  0.0146
 370    7.620  #343535   53 6  0.0039
 371    7.660  #353534   53 7  0.0052
 372    7.680  #353535   54 1  0.0026
 373    7.710  #353536   54 2  0.0039
 374    7.750  #363535   54 3  0.0052
 375    7.780  #363536   54 4  0.0039
 376    7.900  #353635   54 5  0.0153
 377    7.920  #353636   54 6  0.0025
 378    7.960  #363635   54 7  0.0050
 379    7.990  #363636   55 1  0.0038
 380    8.020  #363637   55 2  0.0037
 381    8.060  #373636   55 3  0.0050
 382    8.090  #373637   55 4  0.0037
 383    8.210  #363736   55 5  0.0147
 384    8.250  #363737   55 6  0.0049
 385    8.290  #373736   55 7  0.0048
 386    8.320  #373737   56 1  0.0036
 387    8.350  #373738   56 2  0.0036
 388    8.390  #383737   56 3  0.0048
 389    8.420  #383738   56 4  0.0036
 390    8.540  #373837   56 5  0.0142
 391    8.570  #373838   56 6  0.0035
 392    8.610  #383837   56 7  0.0047
 393    8.640  #383838   57 1  0.0035
 394    8.640  #383839   57 2  0.0000
 395    8.640  #393838   57 3  0.0000
 396    8.640  #393839   57 4  0.0000
 397    8.850  #383938   57 5  0.0240
 398    8.860  #383939   57 6  0.0011
 399    8.860  #393938   57 7  0.0000
 400    8.860  #393939   58 1  0.0000
 401    8.890  #39393a   58 2  0.0034
 402    8.930  #3a3939   58 3  0.0045
 403    8.960  #3a393a   58 4  0.0034
 404    9.100  #393a39   58 5  0.0155
 405    9.130  #393a3a   58 6  0.0033
 406    9.170  #3a3a39   58 7  0.0044
 407    9.200  #3a3a3a   59 1  0.0033
 408    9.230  #3a3a3b   59 2  0.0033
 409    9.280  #3b3a3a   59 3  0.0054
 410    9.310  #3b3a3b   59 4  0.0032
 411    9.450  #3a3b3a   59 5  0.0149
 412    9.480  #3a3b3b   59 6  0.0032
 413    9.520  #3b3b3a   59 7  0.0042
 414    9.550  #3b3b3b   60 1  0.0031
 415    9.590  #3b3b3c   60 2  0.0042
 416    9.630  #3c3b3b   60 3  0.0042
 417    9.670  #3c3b3c   60 4  0.0041
 418    9.800  #3b3c3b   60 5  0.0134
 419    9.830  #3b3c3c   60 6  0.0031
 420    9.870  #3c3c3b   60 7  0.0041
 421    9.900  #3c3c3c   61 1  0.0030
 422    9.940  #3c3c3d   61 2  0.0040
 423    9.990  #3d3c3c   61 3  0.0050
 424   10.020  #3d3c3d   61 4  0.0030
 425   10.160  #3c3d3c   61 5  0.0139
 426   10.190  #3c3d3d   61 6  0.0029
 427   10.230  #3d3d3c   61 7  0.0039
 428   10.270  #3d3d3d   62 1  0.0039
 429   10.300  #3d3d3e   62 2  0.0029
 430   10.340  #3e3d3d   62 3  0.0039
 431   10.380  #3e3d3e   62 4  0.0039
 432   10.530  #3d3e3d   62 5  0.0143
 433   10.570  #3d3e3e   62 6  0.0038
 434   10.610  #3e3e3d   62 7  0.0038
 435   10.640  #3e3e3e   63 1  0.0028
 436   10.680  #3e3e3f   63 2  0.0038
 437   10.730  #3f3e3e   63 3  0.0047
 438   10.760  #3f3e3f   63 4  0.0028
 439   10.920  #3e3f3e   63 5  0.0148
 440   10.950  #3e3f3f   63 6  0.0027
 441   11.000  #3f3f3e   63 7  0.0046
 442   11.030  #3f3f3f   64 1  0.0027
 443   11.070  #3f3f40   64 2  0.0036
 444   11.120  #403f3f   64 3  0.0045
 445   11.150  #403f40   64 4  0.0027
 446   11.300  #3f403f   64 5  0.0134
 447   11.340  #3f4040   64 6  0.0035
 448   11.380  #40403f   64 7  0.0035
 449   11.420  #404040   65 1  0.0035
 450   11.450  #404041   65 2  0.0026
 451   11.500  #414040   65 3  0.0044
 452   11.540  #414041   65 4  0.0035
 453   11.710  #404140   65 5  0.0146
 454   11.750  #404141   65 6  0.0034
 455   11.800  #414140   65 7  0.0042
 456   11.840  #414141   66 1  0.0034
 457   11.870  #414142   66 2  0.0025
 458   11.930  #424141   66 3  0.0050
 459   11.970  #424142   66 4  0.0033
 460   12.150  #414241   66 5  0.0149
 461   12.190  #414242   66 6  0.0033
 462   12.240  #424241   66 7  0.0041
 463   12.280  #424242   67 1  0.0033
 464   12.330  #424243   67 2  0.0041
 465   12.390  #434242   67 3  0.0049
 466   12.420  #434243   67 4  0.0024
 467   12.610  #424342   67 5  0.0152
 468   12.660  #424343   67 6  0.0040
 469   12.710  #434342   67 7  0.0039
 470   12.750  #434343   68 1  0.0031
 471   12.800  #434344   68 2  0.0039
 472   12.850  #444343   68 3  0.0039
 473   12.900  #444344   68 4  0.0039
 474   13.070  #434443   68 5  0.0131
 475   13.110  #434444   68 6  0.0031
 476   13.170  #444443   68 7  0.0046
 477   13.210  #444444   69 1  0.0030
 478   13.260  #444445   69 2  0.0038
 479   13.330  #454444   69 3  0.0053
 480   13.370  #454445   69 4  0.0030
 481   13.550  #444544   69 5  0.0134
 482   13.590  #444545   69 6  0.0029
 483   13.650  #454544   69 7  0.0044
 484   13.700  #454545   70 1  0.0037
 485   13.740  #454546   70 2  0.0029
 486   13.810  #464545   70 3  0.0051
 487   13.850  #464546   70 4  0.0029
 488   14.040  #454645   70 5  0.0136
 489   14.080  #454646   70 6  0.0028
 490   14.140  #464645   70 7  0.0043
 491   14.190  #464646   71 1  0.0035
 492   14.240  #464647   71 2  0.0035
 493   14.300  #474646   71 3  0.0042
 494   14.340  #474647   71 4  0.0028
 495   14.550  #464746   71 5  0.0145
 496   14.600  #464747   71 6  0.0034
 497   14.660  #474746   71 7  0.0041
 498   14.700  #474747   72 1  0.0027
 499   14.750  #474748   72 2  0.0034
 500   14.810  #484747   72 3  0.0041
 501   14.870  #484748   72 4  0.0040
 502   15.060  #474847   72 5  0.0127
 503   15.110  #474848   72 6  0.0033
 504   15.170  #484847   72 7  0.0040
 505   15.210  #484848   73 1  0.0026
 506   15.270  #484849   73 2  0.0039
 507   15.340  #494848   73 3  0.0046
 508   15.380  #494849   73 4  0.0026
 509   15.580  #484948   73 5  0.0129
 510   15.620  #484949   73 6  0.0026
 511   15.690  #494948   73 7  0.0045
 512   15.740  #494949   74 1  0.0032
 513   15.800  #49494a   74 2  0.0038
 514   15.860  #4a4949   74 3  0.0038
 515   15.910  #4a494a   74 4  0.0031
 516   16.130  #494a49   74 5  0.0137
 517   16.180  #494a4a   74 6  0.0031
 518   16.250  #4a4a49   74 7  0.0043
 519   16.300  #4a4a4a   75 1  0.0031
 520   16.340  #4a4a4b   75 2  0.0025
 521   16.410  #4b4a4a   75 3  0.0043
 522   16.460  #4b4a4b   75 4  0.0030
 523   16.700  #4a4b4a   75 5  0.0145
 524   16.750  #4a4b4b   75 6  0.0030
 525   16.810  #4b4b4a   75 7  0.0036
 526   16.850  #4b4b4b   76 1  0.0024
 527   16.910  #4b4b4c   76 2  0.0036
 528   16.990  #4c4b4b   76 3  0.0047
 529   17.040  #4c4b4c   76 4  0.0029
 530   17.250  #4b4c4b   76 5  0.0122
 531   17.290  #4b4c4c   76 6  0.0023
 532   17.370  #4c4c4b   76 7  0.0046
 533   17.420  #4c4c4c   77 1  0.0029
 534   17.480  #4c4c4d   77 2  0.0034
 535   17.500  #4d4c4c   77 3  0.0011
 536   17.600  #4d4c4d   77 4  0.0057
 537   17.800  #4c4d4c   77 5  0.0113
 538   17.800  #4c4d4d   77 6  0.0000
 539   17.900  #4d4d4c   77 7  0.0056
 540   18.000  #4d4d4d   78 1  0.0056
 541   18.000  #4d4d4e   78 2  0.0000
 542   18.100  #4e4d4d   78 3  0.0055
 543   18.100  #4e4d4e   78 4  0.0000
 544   18.400  #4d4e4d   78 5  0.0164
 545   18.400  #4d4e4e   78 6  0.0000
 546   18.500  #4e4e4d   78 7  0.0054
 547   18.600  #4e4e4e   79 1  0.0054
 548   18.600  #4e4e4f   79 2  0.0000
 549   18.700  #4f4e4e   79 3  0.0054
 550   18.700  #4f4e4f   79 4  0.0000
 551   19.000  #4e4f4e   79 5  0.0159
 552   19.100  #4e4f4f   79 6  0.0052
 553   19.100  #4f4f4e   79 7  0.0000
 554   19.200  #4f4f4f   80 1  0.0052
 555   19.200  #4f4f50   80 2  0.0000
 556   19.300  #504f4f   80 3  0.0052
 557   19.400  #504f50   80 4  0.0052
 558   19.600  #4f504f   80 5  0.0103
 559   19.700  #4f5050   80 6  0.0051
 560   19.800  #50504f   80 7  0.0051
 561   19.800  #505050   81 1  0.0000
 562   19.900  #505051   81 2  0.0050
 563   19.900  #515050   81 3  0.0000
 564   20.000  #515051   81 4  0.0050
 565   20.200  #505150   81 5  0.0100
 566   20.300  #505151   81 6  0.0049
 567   20.400  #515150   81 7  0.0049
 568   20.400  #515151   82 1  0.0000
 569   20.500  #515152   82 2  0.0049
 570   20.600  #525151   82 3  0.0049
 571   20.600  #525152   82 4  0.0000
 572   20.900  #515251   82 5  0.0145
 573   20.900  #515252   82 6  0.0000
 574   21.000  #525251   82 7  0.0048
 575   21.100  #525252   83 1  0.0048
 576   21.100  #525253   83 2  0.0000
 577   21.200  #535252   83 3  0.0047
 578   21.300  #535253   83 4  0.0047
 579   21.500  #525352   83 5  0.0093
 580   21.600  #525353   83 6  0.0046
 581   21.700  #535352   83 7  0.0046
 582   21.700  #535353   84 1  0.0000
 583   21.800  #535354   84 2  0.0046
 584   21.900  #545353   84 3  0.0046
 585   21.900  #545354   84 4  0.0000
 586   22.200  #535453   84 5  0.0136
 587   22.200  #535454   84 6  0.0000
 588   22.300  #545453   84 7  0.0045
 589   22.400  #545454   85 1  0.0045
 590   22.500  #545455   85 2  0.0045
 591   22.500  #555454   85 3  0.0000
 592   22.600  #555455   85 4  0.0044
 593   22.800  #545554   85 5  0.0088
 594   22.900  #545555   85 6  0.0044
 595   23.000  #555554   85 7  0.0044
 596   23.000  #555555   86 1  0.0000
 597   23.000  #555556   86 2  0.0000
 598   23.100  #565555   86 3  0.0043
 599   23.100  #565556   86 4  0.0000
 600   23.500  #555655   86 5  0.0172
 601   23.500  #555656   86 6  0.0000
 602   23.500  #565655   86 7  0.0000
 603   23.500  #565656   87 1  0.0000
 604   23.600  #565657   87 2  0.0042
 605   23.700  #575656   87 3  0.0042
 606   23.700  #575657   87 4  0.0000
 607   24.000  #565756   87 5  0.0126
 608   24.000  #565757   87 6  0.0000
 609   24.100  #575756   87 7  0.0042
 610   24.200  #575757   88 1  0.0041
 611   24.300  #575758   88 2  0.0041
 612   24.400  #585757   88 3  0.0041
 613   24.400  #585758   88 4  0.0000
 614   24.700  #575857   88 5  0.0122
 615   24.700  #575858   88 6  0.0000
 616   24.800  #585857   88 7  0.0040
 617   24.900  #585858   89 1  0.0040
 618   24.900  #585859   89 2  0.0000
 619   25.000  #595858   89 3  0.0040
 620   25.100  #595859   89 4  0.0040
 621   25.300  #585958   89 5  0.0079
 622   25.400  #585959   89 6  0.0039
 623   25.500  #595958   89 7  0.0039
 624   25.500  #595959   90 1  0.0000
 625   25.600  #59595a   90 2  0.0039
 626   25.700  #5a5959   90 3  0.0039
 627   25.800  #5a595a   90 4  0.0039
 628   26.000  #595a59   90 5  0.0077
 629   26.100  #595a5a   90 6  0.0038
 630   26.200  #5a5a59   90 7  0.0038
 631   26.200  #5a5a5a   91 1  0.0000
 632   26.300  #5a5a5b   91 2  0.0038
 633   26.400  #5b5a5a   91 3  0.0038
 634   26.100  #5b5a5b   91 4  -0.0114
 635   26.400  #5a5b5a   91 5  0.0114
 636   26.400  #5a5b5b   91 6  0.0000
 637   26.500  #5b5b5a   91 7  0.0038
 638   26.500  #5b5b5b   92 1  0.0000
 639   26.600  #5b5b5c   92 2  0.0038
 640   26.700  #5c5b5b   92 3  0.0038
 641   26.800  #5c5b5c   92 4  0.0037
 642   27.100  #5b5c5b   92 5  0.0111
 643   27.100  #5b5c5c   92 6  0.0000
 644   27.200  #5c5c5b   92 7  0.0037
 645   27.200  #5c5c5c   93 1  0.0000
 646   27.300  #5c5c5d   93 2  0.0037
 647   27.400  #5d5c5c   93 3  0.0037
 648   27.500  #5d5c5d   93 4  0.0036
 649   27.700  #5c5d5c   93 5  0.0072
 650   27.800  #5c5d5d   93 6  0.0036
 651   27.900  #5d5d5c   93 7  0.0036
 652   27.900  #5d5d5d   94 1  0.0000
 653   28.000  #5d5d5e   94 2  0.0036
 654   28.100  #5e5d5d   94 3  0.0036
 655   28.100  #5e5d5e   94 4  0.0000
 656   28.400  #5d5e5d   94 5  0.0106
 657   28.500  #5d5e5e   94 6  0.0035
 658   28.600  #5e5e5d   94 7  0.0035
 659   28.600  #5e5e5e   95 1  0.0000
 660   28.700  #5e5e5f   95 2  0.0035
 661   28.800  #5f5e5e   95 3  0.0035
 662   28.900  #5f5e5f   95 4  0.0035
 663   29.100  #5e5f5e   95 5  0.0069
 664   29.200  #5e5f5f   95 6  0.0034
 665   29.200  #5f5f5e   95 7  0.0000
 666   29.300  #5f5f5f   96 1  0.0034
 667   29.400  #5f5f60   96 2  0.0034
 668   29.500  #605f5f   96 3  0.0034
 669   29.600  #605f60   96 4  0.0034
 670   29.800  #5f605f   96 5  0.0067
 671   29.900  #5f6060   96 6  0.0034
 672   30.000  #60605f   96 7  0.0033
 673   30.000  #606060   97 1  0.0000
 674   30.100  #606061   97 2  0.0033
 675   30.200  #616060   97 3  0.0033
 676   30.300  #616061   97 4  0.0033
 677   30.500  #606160   97 5  0.0066
 678   30.600  #606161   97 6  0.0033
 679   30.700  #616160   97 7  0.0033
 680   30.800  #616161   98 1  0.0033
 681   30.800  #616162   98 2  0.0000
 682   30.900  #626161   98 3  0.0032
 683   31.000  #626162   98 4  0.0032
 684   31.200  #616261   98 5  0.0064
 685   31.300  #616262   98 6  0.0032
 686   31.400  #626261   98 7  0.0032
 687   31.400  #626262   99 1  0.0000
 688   31.500  #626263   99 2  0.0032
 689   31.600  #636262   99 3  0.0032
 690   31.700  #636263   99 4  0.0032
 691   32.000  #626362   99 5  0.0094
 692   32.000  #626363   99 6  0.0000
 693   32.100  #636362   99 7  0.0031
 694   32.200  #636363  100 1  0.0031
 695   32.300  #636364  100 2  0.0031
 696   32.400  #646363  100 3  0.0031
 697   32.500  #646364  100 4  0.0031
 698   32.700  #636463  100 5  0.0061
 699   32.800  #636464  100 6  0.0031
 700   32.900  #646463  100 7  0.0030
 701   33.000  #646464  101 1  0.0030
 702   33.000  #646465  101 2  0.0000
 703   33.100  #656464  101 3  0.0030
 704   33.200  #656465  101 4  0.0030
 705   33.400  #646564  101 5  0.0060
 706   33.500  #646565  101 6  0.0030
 707   33.600  #656564  101 7  0.0030
 708   33.700  #656565  102 1  0.0030
 709   33.700  #656566  102 2  0.0000
 710   33.800  #666565  102 3  0.0030
 711   33.900  #666566  102 4  0.0030
 712   34.200  #656665  102 5  0.0088
 713   34.300  #656666  102 6  0.0029
 714   34.400  #666665  102 7  0.0029
 715   34.400  #666666  103 1  0.0000
 716   34.500  #666667  103 2  0.0029
 717   34.600  #676666  103 3  0.0029
 718   34.700  #676667  103 4  0.0029
 719   35.000  #666766  103 5  0.0086
 720   35.000  #666767  103 6  0.0000
 721   35.100  #676766  103 7  0.0029
 722   35.200  #676767  104 1  0.0028
 723   35.200  #676768  104 2  0.0000
 724   35.400  #686767  104 3  0.0057
 725   35.400  #686768  104 4  0.0000
 726   35.700  #676867  104 5  0.0084
 727   35.800  #676868  104 6  0.0028
 728   35.900  #686867  104 7  0.0028
 729   36.000  #686868  105 1  0.0028
 730   36.000  #686869  105 2  0.0000
 731   36.100  #696868  105 3  0.0028
 732   36.200  #696869  105 4  0.0028
 733   36.400  #686968  105 5  0.0055
 734   36.500  #686969  105 6  0.0027
 735   36.600  #696968  105 7  0.0027
 736   36.700  #696969  106 1  0.0027
 737   36.700  #69696a  106 2  0.0000
 738   36.800  #6a6969  106 3  0.0027
 739   36.900  #6a696a  106 4  0.0027
 740   37.200  #696a69  106 5  0.0081
 741   37.300  #696a6a  106 6  0.0027
 742   37.300  #6a6a69  106 7  0.0000
 743   37.500  #6a6a6a  107 1  0.0053
 744   37.500  #6a6a6b  107 2  0.0000
 745   37.600  #6b6a6a  107 3  0.0027
 746   37.700  #6b6a6b  107 4  0.0027
 747   38.000  #6a6b6a  107 5  0.0079
 748   38.000  #6a6b6b  107 6  0.0000
 749   38.100  #6b6b6a  107 7  0.0026
 750   38.200  #6b6b6b  108 1  0.0026
 751   38.300  #6b6b6c  108 2  0.0026
 752   38.400  #6c6b6b  108 3  0.0026
 753   38.400  #6c6b6c  108 4  0.0000
 754   38.700  #6b6c6b  108 5  0.0078
 755   38.800  #6b6c6c  108 6  0.0026
 756   38.900  #6c6c6b  108 7  0.0026
 757   39.000  #6c6c6c  109 1  0.0026
 758   39.000  #6c6c6d  109 2  0.0000
 759   39.100  #6d6c6c  109 3  0.0026
 760   39.200  #6d6c6d  109 4  0.0026
 761   39.500  #6c6d6c  109 5  0.0076
 762   39.500  #6c6d6d  109 6  0.0000
 763   39.700  #6d6d6c  109 7  0.0051
 764   39.800  #6d6d6d  110 1  0.0025
 765   39.800  #6d6d6e  110 2  0.0000
 766   39.900  #6e6d6d  110 3  0.0025
 767   40.000  #6e6d6e  110 4  0.0025
 768   40.300  #6d6e6d  110 5  0.0075
 769   40.300  #6d6e6e  110 6  0.0000
 770   40.400  #6e6e6d  110 7  0.0025
 771   40.500  #6e6e6e  111 1  0.0025
 772   40.600  #6e6e6f  111 2  0.0025
 773   40.700  #6f6e6e  111 3  0.0025
 774   40.800  #6f6e6f  111 4  0.0025
 775   41.000  #6e6f6e  111 5  0.0049
 776   41.100  #6e6f6f  111 6  0.0024
 777   41.200  #6f6f6e  111 7  0.0024
 778   41.300  #6f6f6f  112 1  0.0024
 779   41.400  #6f6f70  112 2  0.0024
 780   41.500  #706f6f  112 3  0.0024
 781   41.500  #706f70  112 4  0.0000
 782   41.800  #6f706f  112 5  0.0072
 783   41.900  #6f7070  112 6  0.0024
 784   42.000  #70706f  112 7  0.0024
 785   42.100  #707070  113 1  0.0024
 786   42.100  #707071  113 2  0.0000
 787   42.200  #717070  113 3  0.0024
 788   42.300  #717071  113 4  0.0024
 789   42.600  #707170  113 5  0.0071
 790   42.700  #707171  113 6  0.0023
 791   42.800  #717170  113 7  0.0023
 792   42.800  #717171  114 1  0.0000
 793   42.800  #717172  114 2  0.0000
 794   42.900  #727171  114 3  0.0023
 795   42.900  #727172  114 4  0.0000
 796   43.400  #717271  114 5  0.0116
 797   43.400  #717272  114 6  0.0000
 798   43.300  #727271  114 7  -0.0023
 799   43.300  #727272  115 1  0.0000
 800   43.400  #727273  115 2  0.0023
 801   43.500  #737272  115 3  0.0023
 802   43.600  #737273  115 4  0.0023
 803   43.900  #727372  115 5  0.0069
 804   44.000  #727373  115 6  0.0023
 805   44.100  #737372  115 7  0.0023
 806   44.100  #737373  116 1  0.0000
 807   44.200  #737374  116 2  0.0023
 808   44.400  #747373  116 3  0.0045
 809   44.400  #747374  116 4  0.0000
 810   44.700  #737473  116 5  0.0067
 811   44.800  #737474  116 6  0.0022
 812   44.900  #747473  116 7  0.0022
 813   44.900  #747474  117 1  0.0000
 814   45.000  #747475  117 2  0.0022
 815   45.100  #757474  117 3  0.0022
 816   45.200  #757475  117 4  0.0022
 817   45.400  #747574  117 5  0.0044
 818   45.500  #747575  117 6  0.0022
 819   45.600  #757574  117 7  0.0022
 820   45.700  #757575  118 1  0.0022
 821   45.700  #757576  118 2  0.0000
 822   45.900  #767575  118 3  0.0044
 823   45.900  #767576  118 4  0.0000
 824   46.200  #757675  118 5  0.0065
 825   46.300  #757676  118 6  0.0022
 826   46.400  #767675  118 7  0.0022
 827   46.400  #767676  119 1  0.0000
 828   46.500  #767677  119 2  0.0022
 829   46.700  #777676  119 3  0.0043
 830   46.700  #777677  119 4  0.0000
 831   47.000  #767776  119 5  0.0064
 832   47.100  #767777  119 6  0.0021
 833   47.200  #777776  119 7  0.0021
 834   47.300  #777777  120 1  0.0021
 835   47.300  #777778  120 2  0.0000
 836   47.400  #787777  120 3  0.0021
 837   47.500  #787778  120 4  0.0021
 838   47.800  #777877  120 5  0.0063
 839   47.800  #777878  120 6  0.0000
 840   47.900  #787877  120 7  0.0021
 841   48.000  #787878  121 1  0.0021
 842   48.100  #787879  121 2  0.0021
 843   48.200  #797878  121 3  0.0021
 844   48.300  #797879  121 4  0.0021
 845   48.500  #787978  121 5  0.0041
 846   48.600  #787979  121 6  0.0021
 847   48.700  #797978  121 7  0.0021
 848   48.800  #797979  122 1  0.0021
 849   48.800  #79797a  122 2  0.0000
 850   49.000  #7a7979  122 3  0.0041
 851   49.000  #7a797a  122 4  0.0000
 852   49.200  #797a79  122 5  0.0041
 853   49.300  #797a7a  122 6  0.0020
 854   49.400  #7a7a79  122 7  0.0020
 855   49.500  #7a7a7a  123 1  0.0020
 856   49.600  #7a7a7b  123 2  0.0020
 857   49.700  #7b7a7a  123 3  0.0020
 858   49.800  #7b7a7b  123 4  0.0020
 859   50.000  #7a7b7a  123 5  0.0040
 860   50.100  #7a7b7b  123 6  0.0020
 861   50.200  #7b7b7a  123 7  0.0020
 862   50.300  #7b7b7b  124 1  0.0020
 863   50.400  #7b7b7c  124 2  0.0020
 864   50.500  #7c7b7b  124 3  0.0020
 865   50.500  #7c7b7c  124 4  0.0000
 866   50.800  #7b7c7b  124 5  0.0059
 867   50.900  #7b7c7c  124 6  0.0020
 868   51.000  #7c7c7b  124 7  0.0020
 869   51.100  #7c7c7c  125 1  0.0020
 870   51.200  #7c7c7d  125 2  0.0020
 871   51.200  #7d7c7c  125 3  0.0000
 872   51.300  #7d7c7d  125 4  0.0020
 873   51.600  #7c7d7c  125 5  0.0058
 874   51.700  #7c7d7d  125 6  0.0019
 875   51.800  #7d7d7c  125 7  0.0019
 876   51.900  #7d7d7d  126 1  0.0019
 877   52.000  #7d7d7e  126 2  0.0019
 878   52.100  #7e7d7d  126 3  0.0019
 879   52.100  #7e7d7e  126 4  0.0000
 880   52.400  #7d7e7d  126 5  0.0057
 881   52.500  #7d7e7e  126 6  0.0019
 882   52.700  #7e7e7d  126 7  0.0038
 883   52.700  #7e7e7e  127 1  0.0000
 884   52.800  #7e7e7f  127 2  0.0019
 885   52.900  #7f7e7e  127 3  0.0019
 886   52.900  #7f7e7f  127 4  0.0000
 887   53.300  #7e7f7e  127 5  0.0075
 888   53.300  #7e7f7f  127 6  0.0000
 889   53.400  #7f7f7e  127 7  0.0019
 890   53.500  #7f7f7f  128 1  0.0019
 891   53.600  #7f7f80  128 2  0.0019
 892   53.700  #807f7f  128 3  0.0019
 893   53.800  #807f80  128 4  0.0019
 894   54.100  #7f807f  128 5  0.0056
 895   54.100  #7f8080  128 6  0.0000
 896   54.200  #80807f  128 7  0.0018
 897   54.300  #808080  129 1  0.0018
 898   54.400  #808081  129 2  0.0018
 899   54.500  #818080  129 3  0.0018
 900   54.600  #818081  129 4  0.0018
 901   55.000  #808180  129 5  0.0073
 902   55.100  #808181  129 6  0.0018
 903   55.200  #818180  129 7  0.0018
 904   55.300  #818181  130 1  0.0018
 905   55.400  #818182  130 2  0.0018
 906   55.500  #828181  130 3  0.0018
 907   55.600  #828182  130 4  0.0018
 908   56.000  #818281  130 5  0.0072
 909   56.100  #818282  130 6  0.0018
 910   56.200  #828281  130 7  0.0018
 911   56.300  #828282  131 1  0.0018
 912   56.400  #828283  131 2  0.0018
 913   56.500  #838282  131 3  0.0018
 914   56.600  #838283  131 4  0.0018
 915   57.100  #828382  131 5  0.0088
 916   57.200  #828383  131 6  0.0017
 917   57.300  #838382  131 7  0.0017
 918   57.300  #838383  132 1  0.0000
 919   57.400  #838384  132 2  0.0017
 920   57.500  #848383  132 3  0.0017
 921   57.600  #848384  132 4  0.0017
 922   58.100  #838483  132 5  0.0086
 923   58.100  #838484  132 6  0.0000
 924   58.200  #848483  132 7  0.0017
 925   58.200  #848484  133 1  0.0000
 926   58.500  #848485  133 2  0.0051
 927   58.600  #858484  133 3  0.0017
 928   58.700  #858485  133 4  0.0017
 929   59.100  #848584  133 5  0.0068
 930   59.200  #848585  133 6  0.0017
 931   59.300  #858584  133 7  0.0017
 932   59.500  #858585  134 1  0.0034
 933   59.500  #858586  134 2  0.0000
 934   59.700  #868585  134 3  0.0034
 935   59.800  #868586  134 4  0.0017
 936   60.200  #858685  134 5  0.0067
 937   60.300  #858686  134 6  0.0017
 938   60.400  #868685  134 7  0.0017
 939   60.500  #868686  135 1  0.0017
 940   60.600  #868687  135 2  0.0017
 941   60.800  #878686  135 3  0.0033
 942   60.900  #878687  135 4  0.0016
 943   61.300  #868786  135 5  0.0065
 944   61.400  #868787  135 6  0.0016
 945   61.500  #878786  135 7  0.0016
 946   61.700  #878787  136 1  0.0032
 947   61.700  #878788  136 2  0.0000
 948   61.900  #888787  136 3  0.0032
 949   62.000  #888788  136 4  0.0016
 950   62.400  #878887  136 5  0.0064
 951   62.500  #878888  136 6  0.0016
 952   62.600  #888887  136 7  0.0016
 953   62.700  #888888  137 1  0.0016
 954   62.800  #888889  137 2  0.0016
 955   63.000  #898888  137 3  0.0032
 956   63.100  #898889  137 4  0.0016
 957   63.500  #888988  137 5  0.0063
 958   63.600  #888989  137 6  0.0016
 959   63.700  #898988  137 7  0.0016
 960   63.900  #898989  138 1  0.0031
 961   64.000  #89898a  138 2  0.0016
 962   64.100  #8a8989  138 3  0.0016
 963   64.200  #8a898a  138 4  0.0016
 964   64.600  #898a89  138 5  0.0062
 965   64.700  #898a8a  138 6  0.0015
 966   64.800  #8a8a89  138 7  0.0015
 967   65.000  #8a8a8a  139 1  0.0031
 968   65.100  #8a8a8b  139 2  0.0015
 969   65.200  #8b8a8a  139 3  0.0015
 970   65.400  #8b8a8b  139 4  0.0031
 971   65.700  #8a8b8a  139 5  0.0046
 972   65.900  #8a8b8b  139 6  0.0030
 973   66.000  #8b8b8a  139 7  0.0015
 974   66.100  #8b8b8b  140 1  0.0015
 975   66.200  #8b8b8c  140 2  0.0015
 976   66.300  #8c8b8b  140 3  0.0015
 977   66.400  #8c8b8c  140 4  0.0015
 978   66.900  #8b8c8b  140 5  0.0075
 979   67.000  #8b8c8c  140 6  0.0015
 980   67.100  #8c8c8b  140 7  0.0015
 981   67.200  #8c8c8c  141 1  0.0015
 982   67.300  #8c8c8d  141 2  0.0015
 983   67.500  #8d8c8c  141 3  0.0030
 984   67.600  #8d8c8d  141 4  0.0015
 985   68.000  #8c8d8c  141 5  0.0059
 986   68.100  #8c8d8d  141 6  0.0015
 987   68.300  #8d8d8c  141 7  0.0029
 988   68.400  #8d8d8d  142 1  0.0015
 989   68.500  #8d8d8e  142 2  0.0015
 990   68.600  #8e8d8d  142 3  0.0015
 991   68.700  #8e8d8e  142 4  0.0015
 992   69.200  #8d8e8d  142 5  0.0073
 993   69.300  #8d8e8e  142 6  0.0014
 994   69.500  #8e8e8d  142 7  0.0029
 995   69.600  #8e8e8e  143 1  0.0014
 996   69.600  #8e8e8f  143 2  0.0000
 997   69.600  #8f8e8e  143 3  0.0000
 998   69.600  #8f8e8f  143 4  0.0000
 999   70.400  #8e8f8e  143 5  0.0114
1000   70.400  #8e8f8f  143 6  0.0000
1001   70.400  #8f8f8e  143 7  0.0000
1002   70.400  #8f8f8f  144 1  0.0000
1003   70.500  #8f8f90  144 2  0.0014
1004   70.700  #908f8f  144 3  0.0028
1005   70.800  #908f90  144 4  0.0014
1006   71.200  #8f908f  144 5  0.0056
1007   71.300  #8f9090  144 6  0.0014
1008   71.500  #90908f  144 7  0.0028
1009   71.600  #909090  145 1  0.0014
1010   71.700  #909091  145 2  0.0014
1011   71.800  #919090  145 3  0.0014
1012   71.900  #919091  145 4  0.0014
1013   72.400  #909190  145 5  0.0069
1014   72.500  #909191  145 6  0.0014
1015   72.600  #919190  145 7  0.0014
1016   72.700  #919191  146 1  0.0014
1017   72.900  #919192  146 2  0.0027
1018   73.000  #929191  146 3  0.0014
1019   73.100  #929192  146 4  0.0014
1020   73.600  #919291  146 5  0.0068
1021   73.700  #919292  146 6  0.0014
1022   73.900  #929291  146 7  0.0027
1023   74.000  #929292  147 1  0.0014
1024   74.100  #929293  147 2  0.0014
1025   74.300  #939292  147 3  0.0027
1026   74.400  #939293  147 4  0.0013
1027   74.800  #929392  147 5  0.0054
1028   75.000  #929393  147 6  0.0027
1029   75.200  #939392  147 7  0.0027
1030   75.200  #939393  148 1  0.0000
1031   75.400  #939394  148 2  0.0027
1032   75.500  #949393  148 3  0.0013
1033   75.700  #949394  148 4  0.0026
1034   76.100  #939493  148 5  0.0053
1035   76.200  #939494  148 6  0.0013
1036   76.300  #949493  148 7  0.0013
1037   76.500  #949494  149 1  0.0026
1038   76.600  #949495  149 2  0.0013
1039   76.800  #959494  149 3  0.0026
1040   76.900  #959495  149 4  0.0013
1041   77.400  #949594  149 5  0.0065
1042   77.400  #949595  149 6  0.0000
1043   77.600  #959594  149 7  0.0026
1044   77.700  #959595  150 1  0.0013
1045   77.800  #959596  150 2  0.0013
1046   78.000  #969595  150 3  0.0026
1047   78.100  #969596  150 4  0.0013
1048   78.600  #959695  150 5  0.0064
1049   78.700  #959696  150 6  0.0013
1050   78.800  #969695  150 7  0.0013
1051   79.000  #969696  151 1  0.0025
1052   79.100  #969697  151 2  0.0013
1053   79.300  #979696  151 3  0.0025
1054   79.400  #979697  151 4  0.0013
1055   79.900  #969796  151 5  0.0063
1056   80.000  #969797  151 6  0.0013
1057   80.200  #979796  151 7  0.0025
1058   80.300  #979797  152 1  0.0012
1059   80.400  #979798  152 2  0.0012
1060   80.600  #989797  152 3  0.0025
1061   80.700  #989798  152 4  0.0012
1062   81.100  #979897  152 5  0.0049
1063   81.300  #979898  152 6  0.0025
1064   81.400  #989897  152 7  0.0012
1065   81.500  #989898  153 1  0.0012
1066   81.700  #989899  153 2  0.0025
1067   81.800  #999898  153 3  0.0012
1068   82.000  #999899  153 4  0.0024
1069   82.500  #989998  153 5  0.0061
1070   82.600  #989999  153 6  0.0012
1071   82.700  #999998  153 7  0.0012
1072   82.800  #999999  154 1  0.0012
1073   83.000  #99999a  154 2  0.0024
1074   83.100  #9a9999  154 3  0.0012
1075   83.300  #9a999a  154 4  0.0024
1076   83.700  #999a99  154 5  0.0048
1077   83.900  #999a9a  154 6  0.0024
1078   84.100  #9a9a99  154 7  0.0024
1079   84.200  #9a9a9a  155 1  0.0012
1080   84.300  #9a9a9b  155 2  0.0012
1081   84.500  #9b9a9a  155 3  0.0024
1082   84.600  #9b9a9b  155 4  0.0012
1083   85.100  #9a9b9a  155 5  0.0059
1084   85.200  #9a9b9b  155 6  0.0012
1085   85.400  #9b9b9a  155 7  0.0023
1086   85.500  #9b9b9b  156 1  0.0012
1087   85.700  #9b9b9c  156 2  0.0023
1088   85.800  #9c9b9b  156 3  0.0012
1089   86.000  #9c9b9c  156 4  0.0023
1090   86.400  #9b9c9b  156 5  0.0046
1091   86.600  #9b9c9c  156 6  0.0023
1092   86.700  #9c9c9b  156 7  0.0012
1093   86.900  #9c9c9c  157 1  0.0023
1094   87.000  #9c9c9d  157 2  0.0012
1095   87.200  #9d9c9c  157 3  0.0023
1096   87.300  #9d9c9d  157 4  0.0011
1097   87.800  #9c9d9c  157 5  0.0057
1098   87.900  #9c9d9d  157 6  0.0011
1099   88.100  #9d9d9c  157 7  0.0023
1100   88.200  #9d9d9d  158 1  0.0011
1101   88.300  #9d9d9e  158 2  0.0011
1102   88.500  #9e9d9d  158 3  0.0023
1103   88.600  #9e9d9e  158 4  0.0011
1104   89.100  #9d9e9d  158 5  0.0056
1105   89.300  #9d9e9e  158 6  0.0022
1106   89.500  #9e9e9d  158 7  0.0022
1107   89.600  #9e9e9e  159 1  0.0011
1108   89.700  #9e9e9f  159 2  0.0011
1109   89.900  #9f9e9e  159 3  0.0022
1110   90.000  #9f9e9f  159 4  0.0011
1111   90.500  #9e9f9e  159 5  0.0055
1112   90.700  #9e9f9f  159 6  0.0022
1113   90.800  #9f9f9e  159 7  0.0011
1114   91.000  #9f9f9f  160 1  0.0022
1115   91.100  #9f9fa0  160 2  0.0011
1116   91.300  #a09f9f  160 3  0.0022
1117   91.500  #a09fa0  160 4  0.0022
1118   91.900  #9fa09f  160 5  0.0044
1119   92.100  #9fa0a0  160 6  0.0022
1120   92.200  #a0a09f  160 7  0.0011
1121   92.400  #a0a0a0  161 1  0.0022
1122   92.500  #a0a0a1  161 2  0.0011
1123   92.700  #a1a0a0  161 3  0.0022
1124   92.800  #a1a0a1  161 4  0.0011
1125   93.300  #a0a1a0  161 5  0.0054
1126   93.400  #a0a1a1  161 6  0.0011
1127   93.500  #a1a1a0  161 7  0.0011
1128   93.700  #a1a1a1  162 1  0.0021
1129   93.900  #a1a1a2  162 2  0.0021
1130   94.000  #a2a1a1  162 3  0.0011
1131   94.200  #a2a1a2  162 4  0.0021
1132   94.700  #a1a2a1  162 5  0.0053
1133   94.800  #a1a2a2  162 6  0.0011
1134   95.000  #a2a2a1  162 7  0.0021
1135   95.200  #a2a2a2  163 1  0.0021
1136   95.300  #a2a2a3  163 2  0.0010
1137   95.500  #a3a2a2  163 3  0.0021
1138   95.600  #a3a2a3  163 4  0.0010
1139   96.200  #a2a3a2  163 5  0.0063
1140   96.200  #a2a3a3  163 6  0.0000
1141   96.500  #a3a3a2  163 7  0.0031
1142   96.600  #a3a3a3  164 1  0.0010
1143   96.700  #a3a3a4  164 2  0.0010
1144   96.900  #a4a3a3  164 3  0.0021
1145   97.100  #a4a3a4  164 4  0.0021
1146   97.500  #a3a4a3  164 5  0.0041
1147   97.700  #a3a4a4  164 6  0.0020
1148   97.900  #a4a4a3  164 7  0.0020
1149   98.000  #a4a4a4  165 1  0.0010
1150   98.200  #a4a4a5  165 2  0.0020
1151   98.300  #a5a4a4  165 3  0.0010
1152   98.500  #a5a4a5  165 4  0.0020
1153   99.000  #a4a5a4  165 5  0.0051
1154   99.100  #a4a5a5  165 6  0.0010
1155   99.300  #a5a5a4  165 7  0.0020
1156   99.400  #a5a5a5  166 1  0.0010
1157   99.500  #a5a5a6  166 2  0.0010
1158   99.800  #a6a5a5  166 3  0.0030
1159   99.900  #a6a5a6  166 4  0.0010
1160  100.400  #a5a6a5  166 5  0.0050
1161  100.500  #a5a6a6  166 6  0.0010
1162  100.700  #a6a6a5  166 7  0.0020
1163  100.900  #a6a6a6  167 1  0.0020
1164  101.000  #a6a6a7  167 2  0.0010
1165  101.200  #a7a6a6  167 3  0.0020
1166  101.300  #a7a6a7  167 4  0.0010
1167  101.800  #a6a7a6  167 5  0.0049
1168  102.000  #a6a7a7  167 6  0.0020
1169  102.200  #a7a7a6  167 7  0.0020
1170  102.300  #a7a7a7  168 1  0.0010
1171  102.400  #a7a7a8  168 2  0.0010
1172  102.600  #a8a7a7  168 3  0.0020
1173  102.800  #a8a7a8  168 4  0.0019
1174  103.200  #a7a8a7  168 5  0.0039
1175  103.400  #a7a8a8  168 6  0.0019
1176  103.700  #a8a8a7  168 7  0.0029
1177  103.800  #a8a8a8  169 1  0.0010
1178  103.900  #a8a8a9  169 2  0.0010
1179  104.100  #a9a8a8  169 3  0.0019
1180  104.200  #a9a8a9  169 4  0.0010
1181  104.800  #a8a9a8  169 5  0.0057
1182  104.900  #a8a9a9  169 6  0.0010
1183  105.000  #a9a9a8  169 7  0.0010
1184  105.200  #a9a9a9  170 1  0.0019
1185  105.400  #a9a9aa  170 2  0.0019
1186  105.500  #aaa9a9  170 3  0.0009
1187  105.700  #aaa9aa  170 4  0.0019
1188  106.200  #a9aaa9  170 5  0.0047
1189  106.400  #a9aaaa  170 6  0.0019
1190  106.600  #aaaaa9  170 7  0.0019
1191  106.700  #aaaaaa  171 1  0.0009
1192  106.700  #aaaaab  171 2  0.0000
1193  106.700  #abaaaa  171 3  0.0000
1194  106.700  #abaaab  171 4  0.0000
1195  107.700  #aaabaa  171 5  0.0093
1196  107.700  #aaabab  171 6  0.0000
1197  107.700  #ababaa  171 7  0.0000
1198  107.700  #ababab  172 1  0.0000
1199  107.900  #ababac  172 2  0.0019
1200  108.100  #acabab  172 3  0.0019
1201  108.200  #acabac  172 4  0.0009
1202  108.700  #abacab  172 5  0.0046
1203  108.800  #abacac  172 6  0.0009
1204  109.100  #acacab  172 7  0.0028
1205  109.200  #acacac  173 1  0.0009
1206  109.300  #acacad  173 2  0.0009
1207  109.500  #adacac  173 3  0.0018
1208  109.700  #adacad  173 4  0.0018
1209  110.200  #acadac  173 5  0.0045
1210  110.300  #acadad  173 6  0.0009
1211  110.500  #adadac  173 7  0.0018
1212  110.700  #adadad  174 1  0.0018
1213  110.800  #adadae  174 2  0.0009
1214  111.000  #aeadad  174 3  0.0018
1215  111.100  #aeadae  174 4  0.0009
1216  111.700  #adaead  174 5  0.0054
1217  111.800  #adaeae  174 6  0.0009
1218  112.000  #aeaead  174 7  0.0018
1219  112.100  #aeaeae  175 1  0.0009
1220  112.200  #aeaeaf  175 2  0.0009
1221  112.500  #afaeae  175 3  0.0027
1222  112.600  #afaeaf  175 4  0.0009
1223  113.200  #aeafae  175 5  0.0053
1224  113.300  #aeafaf  175 6  0.0009
1225  113.500  #afafae  175 7  0.0018
1226  113.700  #afafaf  176 1  0.0018
1227  113.800  #afafb0  176 2  0.0009
1228  114.000  #b0afaf  176 3  0.0018
1229  114.200  #b0afb0  176 4  0.0018
1230  114.700  #afb0af  176 5  0.0044
1231  114.800  #afb0b0  176 6  0.0009
1232  115.000  #b0b0af  176 7  0.0017
1233  115.100  #b0b0b0  177 1  0.0009
1234  115.300  #b0b0b1  177 2  0.0017
1235  115.500  #b1b0b0  177 3  0.0017
1236  115.600  #b1b0b1  177 4  0.0009
1237  116.100  #b0b1b0  177 5  0.0043
1238  116.300  #b0b1b1  177 6  0.0017
1239  116.500  #b1b1b0  177 7  0.0017
1240  116.700  #b1b1b1  178 1  0.0017
1241  116.800  #b1b1b2  178 2  0.0009
1242  117.000  #b2b1b1  178 3  0.0017
1243  117.200  #b2b1b2  178 4  0.0017
1244  117.700  #b1b2b1  178 5  0.0043
1245  117.900  #b1b2b2  178 6  0.0017
1246  118.100  #b2b2b1  178 7  0.0017
1247  118.200  #b2b2b2  179 1  0.0008
1248  118.400  #b2b2b3  179 2  0.0017
1249  118.600  #b3b2b2  179 3  0.0017
1250  118.700  #b3b2b3  179 4  0.0008
1251  119.300  #b2b3b2  179 5  0.0050
1252  119.400  #b2b3b3  179 6  0.0008
1253  119.600  #b3b3b2  179 7  0.0017
1254  119.800  #b3b3b3  180 1  0.0017
1255  119.900  #b3b3b4  180 2  0.0008
1256  120.100  #b4b3b3  180 3  0.0017
1257  120.300  #b4b3b4  180 4  0.0017
1258  120.700  #b3b4b3  180 5  0.0033
1259  120.900  #b3b4b4  180 6  0.0017
1260  121.100  #b4b4b3  180 7  0.0017
1261  121.200  #b4b4b4  181 1  0.0008
1262  121.400  #b4b4b5  181 2  0.0016
1263  121.600  #b5b4b4  181 3  0.0016
1264  121.800  #b5b4b5  181 4  0.0016
1265  122.200  #b4b5b4  181 5  0.0033
1266  122.400  #b4b5b5  181 6  0.0016
1267  122.600  #b5b5b4  181 7  0.0016
1268  122.800  #b5b5b5  182 1  0.0016
1269  122.900  #b5b5b6  182 2  0.0008
1270  123.100  #b6b5b5  182 3  0.0016
1271  123.200  #b6b5b6  182 4  0.0008
1272  123.800  #b5b6b5  182 5  0.0049
1273  124.000  #b5b6b6  182 6  0.0016
1274  124.100  #b6b6b5  182 7  0.0008
1275  124.200  #b6b6b6  183 1  0.0008
1276  124.400  #b6b6b7  183 2  0.0016
1277  124.600  #b7b6b6  183 3  0.0016
1278  124.800  #b7b6b7  183 4  0.0016
1279  125.400  #b6b7b6  183 5  0.0048
1280  125.500  #b6b7b7  183 6  0.0008
1281  125.700  #b7b7b6  183 7  0.0016
1282  125.800  #b7b7b7  184 1  0.0008
1283  126.000  #b7b7b8  184 2  0.0016
1284  126.200  #b8b7b7  184 3  0.0016
1285  126.300  #b8b7b8  184 4  0.0008
1286  126.800  #b7b8b7  184 5  0.0040
1287  126.900  #b7b8b8  184 6  0.0008
1288  127.200  #b8b8b7  184 7  0.0024
1289  127.300  #b8b8b8  185 1  0.0008
1290  127.500  #b8b8b9  185 2  0.0016
1291  127.700  #b9b8b8  185 3  0.0016
1292  127.800  #b9b8b9  185 4  0.0008
1293  128.400  #b8b9b8  185 5  0.0047
1294  128.500  #b8b9b9  185 6  0.0008
1295  128.700  #b9b9b8  185 7  0.0016
1296  128.800  #b9b9b9  186 1  0.0008
1297  129.000  #b9b9ba  186 2  0.0016
1298  129.200  #bab9b9  186 3  0.0015
1299  129.300  #bab9ba  186 4  0.0008
1300  129.900  #b9bab9  186 5  0.0046
1301  130.000  #b9baba  186 6  0.0008
1302  130.200  #babab9  186 7  0.0015
1303  130.400  #bababa  187 1  0.0015
1304  130.500  #bababb  187 2  0.0008
1305  130.700  #bbbaba  187 3  0.0015
1306  130.900  #bbbabb  187 4  0.0015
1307  131.400  #babbba  187 5  0.0038
1308  131.600  #babbbb  187 6  0.0015
1309  131.800  #bbbbba  187 7  0.0015
1310  131.900  #bbbbbb  188 1  0.0008
1311  132.100  #bbbbbc  188 2  0.0015
1312  132.300  #bcbbbb  188 3  0.0015
1313  132.500  #bcbbbc  188 4  0.0015
1314  132.900  #bbbcbb  188 5  0.0030
1315  133.000  #bbbcbc  188 6  0.0008
1316  133.200  #bcbcbb  188 7  0.0015
1317  133.400  #bcbcbc  189 1  0.0015
1318  133.500  #bcbcbd  189 2  0.0007
1319  133.700  #bdbcbc  189 3  0.0015
1320  133.900  #bdbcbd  189 4  0.0015
1321  134.400  #bcbdbc  189 5  0.0037
1322  134.600  #bcbdbd  189 6  0.0015
1323  134.800  #bdbdbc  189 7  0.0015
1324  135.000  #bdbdbd  190 1  0.0015
1325  135.100  #bdbdbe  190 2  0.0007
1326  135.300  #bebdbd  190 3  0.0015
1327  135.400  #bebdbe  190 4  0.0007
1328  136.000  #bdbebd  190 5  0.0044
1329  136.100  #bdbebe  190 6  0.0007
1330  136.300  #bebebd  190 7  0.0015
1331  136.500  #bebebe  191 1  0.0015
1332  136.700  #bebebf  191 2  0.0015
1333  136.900  #bfbebe  191 3  0.0015
1334  137.000  #bfbebf  191 4  0.0007
1335  137.600  #bebfbe  191 5  0.0044
1336  137.700  #bebfbf  191 6  0.0007
1337  137.900  #bfbfbe  191 7  0.0015
1338  138.000  #bfbfbf  192 1  0.0007
1339  138.200  #bfbfc0  192 2  0.0014
1340  138.400  #c0bfbf  192 3  0.0014
1341  138.500  #c0bfc0  192 4  0.0007
1342  139.000  #bfc0bf  192 5  0.0036
1343  139.200  #bfc0c0  192 6  0.0014
1344  139.400  #c0c0bf  192 7  0.0014
1345  139.600  #c0c0c0  193 1  0.0014
1346  139.700  #c0c0c1  193 2  0.0007
1347  139.900  #c1c0c0  193 3  0.0014
1348  140.100  #c1c0c1  193 4  0.0014
1349  140.600  #c0c1c0  193 5  0.0036
1350  140.800  #c0c1c1  193 6  0.0014
1351  141.000  #c1c1c0  193 7  0.0014
1352  141.200  #c1c1c1  194 1  0.0014
1353  141.300  #c1c1c2  194 2  0.0007
1354  141.500  #c2c1c1  194 3  0.0014
1355  141.700  #c2c1c2  194 4  0.0014
1356  142.300  #c1c2c1  194 5  0.0042
1357  142.400  #c1c2c2  194 6  0.0007
1358  142.700  #c2c2c1  194 7  0.0021
1359  142.700  #c2c2c2  195 1  0.0000
1360  143.000  #c2c2c3  195 2  0.0021
1361  143.100  #c3c2c2  195 3  0.0007
1362  143.300  #c3c2c3  195 4  0.0014
1363  143.900  #c2c3c2  195 5  0.0042
1364  144.100  #c2c3c3  195 6  0.0014
1365  144.200  #c3c3c2  195 7  0.0007
1366  144.400  #c3c3c3  196 1  0.0014
1367  144.600  #c3c3c4  196 2  0.0014
1368  144.800  #c4c3c3  196 3  0.0014
1369  144.900  #c4c3c4  196 4  0.0007
1370  145.500  #c3c4c3  196 5  0.0041
1371  145.600  #c3c4c4  196 6  0.0007
1372  145.800  #c4c4c3  196 7  0.0014
1373  146.000  #c4c4c4  197 1  0.0014
1374  146.100  #c4c4c5  197 2  0.0007
1375  146.400  #c5c4c4  197 3  0.0021
1376  146.500  #c5c4c5  197 4  0.0007
1377  147.200  #c4c5c4  197 5  0.0048
1378  147.300  #c4c5c5  197 6  0.0007
1379  147.600  #c5c5c4  197 7  0.0020
1380  147.700  #c5c5c5  198 1  0.0007
1381  147.800  #c5c5c6  198 2  0.0007
1382  148.000  #c6c5c5  198 3  0.0014
1383  148.200  #c6c5c6  198 4  0.0014
1384  148.900  #c5c6c5  198 5  0.0047
1385  149.100  #c5c6c6  198 6  0.0013
1386  149.300  #c6c6c5  198 7  0.0013
1387  149.400  #c6c6c6  199 1  0.0007
1388  149.500  #c6c6c7  199 2  0.0007
1389  149.800  #c7c6c6  199 3  0.0020
1390  149.900  #c7c6c7  199 4  0.0007
1391  150.600  #c6c7c6  199 5  0.0047
1392  150.700  #c6c7c7  199 6  0.0007
1393  150.900  #c7c7c6  199 7  0.0013
1394  151.100  #c7c7c7  200 1  0.0013
1395  151.100  #c7c7c8  200 2  0.0000
1396  151.200  #c8c7c7  200 3  0.0007
1397  151.100  #c8c7c8  200 4  -0.0007
1398  152.300  #c7c8c7  200 5  0.0079
1399  152.300  #c7c8c8  200 6  0.0000
1400  152.300  #c8c8c7  200 7  0.0000
1401  152.200  #c8c8c8  201 1  -0.0007
1402  152.500  #c8c8c9  201 2  0.0020
1403  152.700  #c9c8c8  201 3  0.0013
1404  152.800  #c9c8c9  201 4  0.0007
1405  153.500  #c8c9c8  201 5  0.0046
1406  153.700  #c8c9c9  201 6  0.0013
1407  153.900  #c9c9c8  201 7  0.0013
1408  154.100  #c9c9c9  202 1  0.0013
1409  154.200  #c9c9ca  202 2  0.0006
1410  154.400  #cac9c9  202 3  0.0013
1411  154.600  #cac9ca  202 4  0.0013
1412  155.400  #c9cac9  202 5  0.0052
1413  155.500  #c9caca  202 6  0.0006
1414  155.700  #cacac9  202 7  0.0013
1415  155.900  #cacaca  203 1  0.0013
1416  156.000  #cacacb  203 2  0.0006
1417  156.200  #cbcaca  203 3  0.0013
1418  156.400  #cbcacb  203 4  0.0013
1419  157.200  #cacbca  203 5  0.0051
1420  157.300  #cacbcb  203 6  0.0006
1421  157.500  #cbcbca  203 7  0.0013
1422  157.600  #cbcbcb  204 1  0.0006
1423  157.800  #cbcbcc  204 2  0.0013
1424  158.100  #cccbcb  204 3  0.0019
1425  158.200  #cccbcc  204 4  0.0006
1426  158.800  #cbcccb  204 5  0.0038
1427  159.000  #cbcccc  204 6  0.0013
1428  159.200  #cccccb  204 7  0.0013
1429  159.300  #cccccc  205 1  0.0006
1430  159.500  #cccccd  205 2  0.0013
1431  159.800  #cdcccc  205 3  0.0019
1432  159.900  #cdcccd  205 4  0.0006
1433  160.500  #cccdcc  205 5  0.0037
1434  160.700  #cccdcd  205 6  0.0012
1435  160.900  #cdcdcc  205 7  0.0012
1436  161.200  #cdcdcd  206 1  0.0019
1437  161.400  #cdcdce  206 2  0.0012
1438  161.600  #cecdcd  206 3  0.0012
1439  161.800  #cecdce  206 4  0.0012
1440  162.400  #cdcecd  206 5  0.0037
1441  162.600  #cdcece  206 6  0.0012
1442  162.800  #cececd  206 7  0.0012
1443  163.000  #cecece  207 1  0.0012
1444  163.100  #cececf  207 2  0.0006
1445  163.400  #cfcece  207 3  0.0018
1446  163.600  #cfcecf  207 4  0.0012
1447  164.200  #cecfce  207 5  0.0037
1448  164.500  #cecfcf  207 6  0.0018
1449  164.600  #cfcfce  207 7  0.0006
1450  164.700  #cfcfcf  208 1  0.0006
1451  164.900  #cfcfd0  208 2  0.0012
1452  165.100  #d0cfcf  208 3  0.0012
1453  165.300  #d0cfd0  208 4  0.0012
1454  165.900  #cfd0cf  208 5  0.0036
1455  166.000  #cfd0d0  208 6  0.0006
1456  166.300  #d0d0cf  208 7  0.0018
1457  166.500  #d0d0d0  209 1  0.0012
1458  166.700  #d0d0d1  209 2  0.0012
1459  167.000  #d1d0d0  209 3  0.0018
1460  167.100  #d1d0d1  209 4  0.0006
1461  167.700  #d0d1d0  209 5  0.0036
1462  167.900  #d0d1d1  209 6  0.0012
1463  168.100  #d1d1d0  209 7  0.0012
1464  168.300  #d1d1d1  210 1  0.0012
1465  168.500  #d1d1d2  210 2  0.0012
1466  168.800  #d2d1d1  210 3  0.0018
1467  169.000  #d2d1d2  210 4  0.0012
1468  169.600  #d1d2d1  210 5  0.0035
1469  169.800  #d1d2d2  210 6  0.0012
1470  170.100  #d2d2d1  210 7  0.0018
1471  170.200  #d2d2d2  211 1  0.0006
1472  170.400  #d2d2d3  211 2  0.0012
1473  170.600  #d3d2d2  211 3  0.0012
1474  170.800  #d3d2d3  211 4  0.0012
1475  171.500  #d2d3d2  211 5  0.0041
1476  171.700  #d2d3d3  211 6  0.0012
1477  172.000  #d3d3d2  211 7  0.0017
1478  172.100  #d3d3d3  212 1  0.0006
1479  172.200  #d3d3d4  212 2  0.0006
1480  172.400  #d4d3d3  212 3  0.0012
1481  172.600  #d4d3d4  212 4  0.0012
1482  173.200  #d3d4d3  212 5  0.0035
1483  173.300  #d3d4d4  212 6  0.0006
1484  173.500  #d4d4d3  212 7  0.0012
1485  173.700  #d4d4d4  213 1  0.0012
1486  173.900  #d4d4d5  213 2  0.0012
1487  174.100  #d5d4d4  213 3  0.0011
1488  174.300  #d5d4d5  213 4  0.0011
1489  174.900  #d4d5d4  213 5  0.0034
1490  175.100  #d4d5d5  213 6  0.0011
1491  175.000  #d5d5d4  213 7  -0.0006
1492  175.000  #d5d5d5  214 1  0.0000
1493  175.000  #d5d5d6  214 2  0.0000
1494  175.000  #d6d5d5  214 3  0.0000
1495  176.000  #d6d5d6  214 4  0.0057
1496  176.000  #d5d6d5  214 5  0.0000
1497  177.000  #d5d6d6  214 6  0.0057
1498  177.000  #d6d6d5  214 7  0.0000
1499  177.000  #d6d6d6  215 1  0.0000
1500  177.000  #d6d6d7  215 2  0.0000
1501  177.000  #d7d6d6  215 3  0.0000
1502  178.000  #d7d6d7  215 4  0.0056
1503  178.000  #d6d7d6  215 5  0.0000
1504  178.000  #d6d7d7  215 6  0.0000
1505  179.000  #d7d7d6  215 7  0.0056
1506  179.000  #d7d7d7  216 1  0.0000
1507  179.000  #d7d7d8  216 2  0.0000
1508  179.000  #d8d7d7  216 3  0.0000
1509  179.000  #d8d7d8  216 4  0.0000
1510  180.000  #d7d8d7  216 5  0.0056
1511  180.000  #d7d8d8  216 6  0.0000
1512  180.000  #d8d8d7  216 7  0.0000
1513  181.000  #d8d8d8  217 1  0.0055
1514  181.000  #d8d8d9  217 2  0.0000
1515  181.000  #d9d8d8  217 3  0.0000
1516  181.000  #d9d8d9  217 4  0.0000
1517  182.000  #d8d9d8  217 5  0.0055
1518  182.000  #d8d9d9  217 6  0.0000
1519  182.000  #d9d9d8  217 7  0.0000
1520  182.000  #d9d9d9  218 1  0.0000
1521  183.000  #d9d9da  218 2  0.0055
1522  183.000  #dad9d9  218 3  0.0000
1523  183.000  #dad9da  218 4  0.0000
1524  184.000  #d9dad9  218 5  0.0054
1525  184.000  #d9dada  218 6  0.0000
1526  184.000  #dadad9  218 7  0.0000
1527  184.000  #dadada  219 1  0.0000
1528  185.000  #dadadb  219 2  0.0054
1529  185.000  #dbdada  219 3  0.0000
1530  185.000  #dbdadb  219 4  0.0000
1531  186.000  #dadbda  219 5  0.0054
1532  186.000  #dadbdb  219 6  0.0000
1533  186.000  #dbdbda  219 7  0.0000
1534  186.000  #dbdbdb  220 1  0.0000
1535  186.000  #dbdbdc  220 2  0.0000
1536  187.000  #dcdbdb  220 3  0.0054
1537  187.000  #dcdbdc  220 4  0.0000
1538  187.000  #dbdcdb  220 5  0.0000
1539  187.000  #dbdcdc  220 6  0.0000
1540  188.000  #dcdcdb  220 7  0.0053
1541  188.000  #dcdcdc  221 1  0.0000
1542  188.000  #dcdcdd  221 2  0.0000
1543  188.000  #dddcdc  221 3  0.0000
1544  189.000  #dddcdd  221 4  0.0053
1545  189.000  #dcdddc  221 5  0.0000
1546  189.000  #dcdddd  221 6  0.0000
1547  190.000  #dddddc  221 7  0.0053
1548  190.000  #dddddd  222 1  0.0000
1549  190.000  #ddddde  222 2  0.0000
1550  190.000  #dedddd  222 3  0.0000
1551  190.000  #deddde  222 4  0.0000
1552  191.000  #dddedd  222 5  0.0052
1553  191.000  #dddede  222 6  0.0000
1554  192.000  #dededd  222 7  0.0052
1555  192.000  #dedede  223 1  0.0000
1556  192.000  #dededf  223 2  0.0000
1557  192.000  #dfdede  223 3  0.0000
1558  192.000  #dfdedf  223 4  0.0000
1559  193.000  #dedfde  223 5  0.0052
1560  193.000  #dedfdf  223 6  0.0000
1561  193.000  #dfdfde  223 7  0.0000
1562  194.000  #dfdfdf  224 1  0.0052
1563  194.000  #dfdfe0  224 2  0.0000
1564  194.000  #e0dfdf  224 3  0.0000
1565  194.000  #e0dfe0  224 4  0.0000
1566  195.000  #dfe0df  224 5  0.0051
1567  195.000  #dfe0e0  224 6  0.0000
1568  195.000  #e0e0df  224 7  0.0000
1569  195.000  #e0e0e0  225 1  0.0000
1570  195.000  #e0e0e1  225 2  0.0000
1571  196.000  #e1e0e0  225 3  0.0051
1572  196.000  #e1e0e1  225 4  0.0000
1573  196.000  #e0e1e0  225 5  0.0000
1574  197.000  #e0e1e1  225 6  0.0051
1575  197.000  #e1e1e0  225 7  0.0000
1576  197.000  #e1e1e1  226 1  0.0000
1577  197.000  #e1e1e2  226 2  0.0000
1578  197.000  #e2e1e1  226 3  0.0000
1579  198.000  #e2e1e2  226 4  0.0051
1580  198.000  #e1e2e1  226 5  0.0000
1581  198.000  #e1e2e2  226 6  0.0000
1582  199.000  #e2e2e1  226 7  0.0050
1583  199.000  #e2e2e2  227 1  0.0000
1584  199.000  #e2e2e3  227 2  0.0000
1585  199.000  #e3e2e2  227 3  0.0000
1586  199.000  #e3e2e3  227 4  0.0000
1587  200.000  #e2e3e2  227 5  0.0050
1588  200.000  #e2e3e3  227 6  0.0000
1589  200.000  #e3e3e2  227 7  0.0000
1590  201.000  #e3e3e3  228 1  0.0050
1591  201.000  #e3e3e4  228 2  0.0000
1592  201.000  #e4e3e3  228 3  0.0000
1593  201.000  #e4e3e4  228 4  0.0000
1594  202.000  #e3e4e3  228 5  0.0050
1595  202.000  #e3e4e4  228 6  0.0000
1596  202.000  #e4e4e3  228 7  0.0000
1597  202.000  #e4e4e4  229 1  0.0000
1598  202.000  #e4e4e5  229 2  0.0000
1599  202.000  #e5e4e4  229 3  0.0000
1600  202.000  #e5e4e5  229 4  0.0000
1601  203.000  #e4e5e4  229 5  0.0049
1602  203.000  #e4e5e5  229 6  0.0000
1603  203.000  #e5e5e4  229 7  0.0000
1604  204.000  #e5e5e5  230 1  0.0049
1605  204.000  #e5e5e6  230 2  0.0000
1606  204.000  #e6e5e5  230 3  0.0000
1607  204.000  #e6e5e6  230 4  0.0000
1608  205.000  #e5e6e5  230 5  0.0049
1609  205.000  #e5e6e6  230 6  0.0000
1610  205.000  #e6e6e5  230 7  0.0000
1611  205.000  #e6e6e6  231 1  0.0000
1612  206.000  #e6e6e7  231 2  0.0049
1613  206.000  #e7e6e6  231 3  0.0000
1614  206.000  #e7e6e7  231 4  0.0000
1615  207.000  #e6e7e6  231 5  0.0048
1616  207.000  #e6e7e7  231 6  0.0000
1617  207.000  #e7e7e6  231 7  0.0000
1618  207.000  #e7e7e7  232 1  0.0000
1619  208.000  #e7e7e8  232 2  0.0048
1620  208.000  #e8e7e7  232 3  0.0000
1621  208.000  #e8e7e8  232 4  0.0000
1622  209.000  #e7e8e7  232 5  0.0048
1623  209.000  #e7e8e8  232 6  0.0000
1624  209.000  #e8e8e7  232 7  0.0000
1625  209.000  #e8e8e8  233 1  0.0000
1626  209.000  #e8e8e9  233 2  0.0000
1627  209.000  #e9e8e8  233 3  0.0000
1628  209.000  #e9e8e9  233 4  0.0000
1629  210.000  #e8e9e8  233 5  0.0048
1630  210.000  #e8e9e9  233 6  0.0000
1631  211.000  #e9e9e8  233 7  0.0048
1632  211.000  #e9e9e9  234 1  0.0000
1633  211.000  #e9e9ea  234 2  0.0000
1634  211.000  #eae9e9  234 3  0.0000
1635  211.000  #eae9ea  234 4  0.0000
1636  212.000  #e9eae9  234 5  0.0047
1637  212.000  #e9eaea  234 6  0.0000
1638  212.000  #eaeae9  234 7  0.0000
1639  212.000  #eaeaea  235 1  0.0000
1640  213.000  #eaeaeb  235 2  0.0047
1641  213.000  #ebeaea  235 3  0.0000
1642  213.000  #ebeaeb  235 4  0.0000
1643  214.000  #eaebea  235 5  0.0047
1644  214.000  #eaebeb  235 6  0.0000
1645  214.000  #ebebea  235 7  0.0000
1646  214.000  #ebebeb  236 1  0.0000
1647  214.000  #ebebec  236 2  0.0000
1648  215.000  #ecebeb  236 3  0.0047
1649  215.000  #ecebec  236 4  0.0000
1650  215.000  #ebeceb  236 5  0.0000
1651  215.000  #ebecec  236 6  0.0000
1652  216.000  #ececeb  236 7  0.0046
1653  216.000  #ececec  237 1  0.0000
1654  216.000  #ececed  237 2  0.0000
1655  216.000  #edecec  237 3  0.0000
1656  216.000  #edeced  237 4  0.0000
1657  217.000  #ecedec  237 5  0.0046
1658  217.000  #eceded  237 6  0.0000
1659  217.000  #ededec  237 7  0.0000
1660  218.000  #ededed  238 1  0.0046
1661  218.000  #ededee  238 2  0.0000
1662  218.000  #eeeded  238 3  0.0000
1663  218.000  #eeedee  238 4  0.0000
1664  219.000  #edeeed  238 5  0.0046
1665  219.000  #edeeee  238 6  0.0000
1666  219.000  #eeeeed  238 7  0.0000
1667  220.000  #eeeeee  239 1  0.0046
1668  220.000  #eeeeef  239 2  0.0000
1669  220.000  #efeeee  239 3  0.0000
1670  220.000  #efeeef  239 4  0.0000
1671  221.000  #eeefee  239 5  0.0045
1672  221.000  #eeefef  239 6  0.0000
1673  221.000  #efefee  239 7  0.0000
1674  221.000  #efefef  240 1  0.0000
1675  221.000  #efeff0  240 2  0.0000
1676  222.000  #f0efef  240 3  0.0045
1677  222.000  #f0eff0  240 4  0.0000
1678  222.000  #eff0ef  240 5  0.0000
1679  222.000  #eff0f0  240 6  0.0000
1680  222.000  #f0f0ef  240 7  0.0000
1681  223.000  #f0f0f0  241 1  0.0045
1682  223.000  #f0f0f1  241 2  0.0000
1683  223.000  #f1f0f0  241 3  0.0000
1684  223.000  #f1f0f1  241 4  0.0000
1685  224.000  #f0f1f0  241 5  0.0045
1686  224.000  #f0f1f1  241 6  0.0000
1687  224.000  #f1f1f0  241 7  0.0000
1688  224.000  #f1f1f1  242 1  0.0000
1689  225.000  #f1f1f2  242 2  0.0045
1690  225.000  #f2f1f1  242 3  0.0000
1691  225.000  #f2f1f2  242 4  0.0000
1692  226.000  #f1f2f1  242 5  0.0044
1693  226.000  #f1f2f2  242 6  0.0000
1694  226.000  #f2f2f1  242 7  0.0000
1695  226.000  #f2f2f2  243 1  0.0000
1696  227.000  #f2f2f3  243 2  0.0044
1697  227.000  #f3f2f2  243 3  0.0000
1698  227.000  #f3f2f3  243 4  0.0000
1699  227.000  #f2f3f2  243 5  0.0000
1700  228.000  #f2f3f3  243 6  0.0044
1701  228.000  #f3f3f2  243 7  0.0000
1702  228.000  #f3f3f3  244 1  0.0000
1703  228.000  #f3f3f4  244 2  0.0000
1704  228.000  #f4f3f3  244 3  0.0000
1705  228.000  #f4f3f4  244 4  0.0000
1706  229.000  #f3f4f3  244 5  0.0044
1707  229.000  #f3f4f4  244 6  0.0000
1708  229.000  #f4f4f3  244 7  0.0000
1709  229.000  #f4f4f4  245 1  0.0000
1710  230.000  #f4f4f5  245 2  0.0044
1711  230.000  #f5f4f4  245 3  0.0000
1712  230.000  #f5f4f5  245 4  0.0000
1713  231.000  #f4f5f4  245 5  0.0043
1714  231.000  #f4f5f5  245 6  0.0000
1715  231.000  #f5f5f4  245 7  0.0000
1716  231.000  #f5f5f5  246 1  0.0000
1717  231.000  #f5f5f6  246 2  0.0000
1718  231.000  #f6f5f5  246 3  0.0000
1719  232.000  #f6f5f6  246 4  0.0043
1720  232.000  #f5f6f5  246 5  0.0000
1721  232.000  #f5f6f6  246 6  0.0000
1722  233.000  #f6f6f5  246 7  0.0043
1723  233.000  #f6f6f6  247 1  0.0000
1724  233.000  #f6f6f7  247 2  0.0000
1725  234.000  #f7f6f6  247 3  0.0043
1726  234.000  #f7f6f7  247 4  0.0000
1727  234.000  #f6f7f6  247 5  0.0000
1728  234.000  #f6f7f7  247 6  0.0000
1729  235.000  #f7f7f6  247 7  0.0043
1730  235.000  #f7f7f7  248 1  0.0000
1731  235.000  #f7f7f8  248 2  0.0000
1732  235.000  #f8f7f7  248 3  0.0000
1733  235.000  #f8f7f8  248 4  0.0000
1734  236.000  #f7f8f7  248 5  0.0042
1735  236.000  #f7f8f8  248 6  0.0000
1736  236.000  #f8f8f7  248 7  0.0000
1737  236.000  #f8f8f8  249 1  0.0000
1738  236.000  #f8f8f9  249 2  0.0000
1739  236.000  #f9f8f8  249 3  0.0000
1740  236.000  #f9f8f9  249 4  0.0000
1741  237.000  #f8f9f8  249 5  0.0042
1742  237.000  #f8f9f9  249 6  0.0000
1743  237.000  #f9f9f8  249 7  0.0000
1744  238.000  #f9f9f9  250 1  0.0042
1745  238.000  #f9f9fa  250 2  0.0000
1746  238.000  #faf9f9  250 3  0.0000
1747  238.000  #faf9fa  250 4  0.0000
1748  239.000  #f9faf9  250 5  0.0042
1749  239.000  #f9fafa  250 6  0.0000
1750  239.000  #fafaf9  250 7  0.0000
1751  239.000  #fafafa  251 1  0.0000
1752  240.000  #fafafb  251 2  0.0042
1753  240.000  #fbfafa  251 3  0.0000
1754  240.000  #fbfafb  251 4  0.0000
1755  240.000  #fafbfa  251 5  0.0000
1756  241.000  #fafbfb  251 6  0.0042
1757  241.000  #fbfbfa  251 7  0.0000
1758  241.000  #fbfbfb  252 1  0.0000
1759  241.000  #fbfbfc  252 2  0.0000
1760  241.000  #fcfbfb  252 3  0.0000
1761  241.000  #fcfbfc  252 4  0.0000
1762  242.000  #fbfcfb  252 5  0.0041
1763  242.000  #fbfcfc  252 6  0.0000
1764  242.000  #fcfcfb  252 7  0.0000
1765  242.000  #fcfcfc  253 1  0.0000
1766  242.000  #fcfcfd  253 2  0.0000
1767  242.000  #fdfcfc  253 3  0.0000
1768  243.000  #fdfcfd  253 4  0.0041
1769  243.000  #fcfdfc  253 5  0.0000
1770  243.000  #fcfdfd  253 6  0.0000
1771  243.000  #fdfdfc  253 7  0.0000
1772  244.000  #fdfdfd  254 1  0.0041
1773  244.000  #fdfdfe  254 2  0.0000
1774  244.000  #fefdfd  254 3  0.0000
1775  244.000  #fefdfe  254 4  0.0000
1776  244.000  #fdfefd  254 5  0.0000
1777  245.000  #fdfefe  254 6  0.0041
1778  245.000  #fefefd  254 7  0.0000
1779  245.000  #fefefe  255 1  0.0000
1780  245.000  #fefeff  255 2  0.0000
1781  245.000  #fffefe  255 3  0.0000
1782  245.000  #fffeff  255 4  0.0000
1783  247.000  #fefffe  255 5  0.0081
1784  247.000  #feffff  255 6  0.0000
1785  247.000  #fffffe  255 7  0.0000
1786  247.000  #ffffff  256 1  0.0000
