#  lumResponse vers. 1.5f - 12/08/06
#  Display ID: DELL_2007FP_C953667D38KL
#  iLdelay=1  avgN=1  ILlimit_plus=0.50 ILlimit_minus=-0.05  R=23.0% G=67.9% B=9.1%
#  48.5  #ff0000
#  143.3  #00ff00
#  19.2  #0000ff
   1    0.340  #000000    1 1  0.0000
   2    0.340  #000001    1 2  0.0000
   3    0.340  #010000    1 3  0.0000
   4    0.340  #010001    1 4  0.0000
   5    0.340  #000100    1 5  0.0000
   6    0.339  #000101    1 6  -0.0029
   7    0.339  #010100    1 7  0.0000
   8    0.339  #010101    2 1  0.0000
   9    0.340  #010102    2 2  0.0029
  10    0.343  #020101    2 3  0.0088
  11    0.344  #020102    2 4  0.0029
  12    0.351  #010201    2 5  0.0201
  13    0.353  #010202    2 6  0.0057
  14    0.355  #020201    2 7  0.0056
  15    0.356  #020202    3 1  0.0028
  16    0.356  #020203    3 2  0.0000
  17    0.357  #030202    3 3  0.0028
  18    0.357  #030203    3 4  0.0000
  19    0.358  #020302    3 5  0.0028
  20    0.358  #020303    3 6  0.0000
  21    0.358  #030302    3 7  0.0000
  22    0.358  #030303    4 1  0.0000
  23    0.359  #030304    4 2  0.0028
  24    0.359  #040303    4 3  0.0000
  25    0.359  #040304    4 4  0.0000
  26    0.360  #030403    4 5  0.0028
  27    0.361  #030404    4 6  0.0028
  28    0.361  #040403    4 7  0.0000
  29    0.362  #040404    5 1  0.0028
  30    0.362  #040405    5 2  0.0000
  31    0.363  #050404    5 3  0.0028
  32    0.364  #050405    5 4  0.0028
  33    0.367  #040504    5 5  0.0082
  34    0.368  #040505    5 6  0.0027
  35    0.368  #050504    5 7  0.0000
  36    0.369  #050505    6 1  0.0027
  37    0.370  #050506    6 2  0.0027
  38    0.372  #060505    6 3  0.0054
  39    0.373  #060506    6 4  0.0027
  40    0.377  #050605    6 5  0.0107
  41    0.378  #050606    6 6  0.0026
  42    0.380  #060605    6 7  0.0053
  43    0.380  #060606    7 1  0.0000
  44    0.382  #060607    7 2  0.0052
  45    0.384  #070606    7 3  0.0052
  46    0.385  #070607    7 4  0.0026
  47    0.390  #060706    7 5  0.0129
  48    0.391  #060707    7 6  0.0026
  49    0.393  #070706    7 7  0.0051
  50    0.394  #070707    8 1  0.0025
  51    0.396  #070708    8 2  0.0051
  52    0.398  #080707    8 3  0.0050
  53    0.399  #080708    8 4  0.0025
  54    0.404  #070807    8 5  0.0125
  55    0.405  #070808    8 6  0.0025
  56    0.407  #080807    8 7  0.0049
  57    0.408  #080808    9 1  0.0025
  58    0.410  #080809    9 2  0.0049
  59    0.413  #090808    9 3  0.0073
  60    0.414  #090809    9 4  0.0024
  61    0.421  #080908    9 5  0.0168
  62    0.422  #080909    9 6  0.0024
  63    0.425  #090908    9 7  0.0071
  64    0.427  #090909   10 1  0.0047
  65    0.429  #09090a   10 2  0.0047
  66    0.433  #0a0909   10 3  0.0093
  67    0.436  #0a090a   10 4  0.0069
  68    0.446  #090a09   10 5  0.0227
  69    0.449  #090a0a   10 6  0.0067
  70    0.453  #0a0a09   10 7  0.0089
  71    0.456  #0a0a0a   11 1  0.0066
  72    0.459  #0a0a0b   11 2  0.0066
  73    0.464  #0b0a0a   11 3  0.0108
  74    0.467  #0b0a0b   11 4  0.0064
  75    0.480  #0a0b0a   11 5  0.0275
  76    0.483  #0a0b0b   11 6  0.0062
  77    0.488  #0b0b0a   11 7  0.0103
  78    0.492  #0b0b0b   12 1  0.0082
  79    0.495  #0b0b0c   12 2  0.0061
  80    0.499  #0c0b0b   12 3  0.0080
  81    0.502  #0c0b0c   12 4  0.0060
  82    0.513  #0b0c0b   12 5  0.0217
  83    0.517  #0b0c0c   12 6  0.0078
  84    0.521  #0c0c0b   12 7  0.0077
  85    0.524  #0c0c0c   13 1  0.0057
  86    0.527  #0c0c0d   13 2  0.0057
  87    0.532  #0d0c0c   13 3  0.0094
  88    0.536  #0d0c0d   13 4  0.0075
  89    0.548  #0c0d0c   13 5  0.0221
  90    0.551  #0c0d0d   13 6  0.0055
  91    0.556  #0d0d0c   13 7  0.0090
  92    0.559  #0d0d0d   14 1  0.0054
  93    0.564  #0d0d0e   14 2  0.0089
  94    0.571  #0e0d0d   14 3  0.0123
  95    0.576  #0e0d0e   14 4  0.0087
  96    0.594  #0d0e0d   14 5  0.0308
  97    0.599  #0d0e0e   14 6  0.0084
  98    0.606  #0e0e0d   14 7  0.0116
  99    0.611  #0e0e0e   15 1  0.0082
 100    0.617  #0e0e0f   15 2  0.0098
 101    0.626  #0f0e0e   15 3  0.0145
 102    0.632  #0f0e0f   15 4  0.0095
 103    0.653  #0e0f0e   15 5  0.0327
 104    0.659  #0e0f0f   15 6  0.0091
 105    0.667  #0f0f0e   15 7  0.0121
 106    0.673  #0f0f0f   16 1  0.0090
 107    0.679  #0f0f10   16 2  0.0089
 108    0.686  #100f0f   16 3  0.0103
 109    0.692  #100f10   16 4  0.0087
 110    0.710  #0f100f   16 5  0.0257
 111    0.716  #0f1010   16 6  0.0084
 112    0.724  #10100f   16 7  0.0111
 113    0.729  #101010   17 1  0.0069
 114    0.735  #101011   17 2  0.0082
 115    0.743  #111010   17 3  0.0108
 116    0.749  #111011   17 4  0.0080
 117    0.769  #101110   17 5  0.0264
 118    0.774  #101111   17 6  0.0065
 119    0.782  #111110   17 7  0.0103
 120    0.788  #111111   18 1  0.0076
 121    0.796  #111112   18 2  0.0101
 122    0.808  #121111   18 3  0.0150
 123    0.816  #121112   18 4  0.0099
 124    0.844  #111211   18 5  0.0337
 125    0.852  #111212   18 6  0.0094
 126    0.863  #121211   18 7  0.0128
 127    0.871  #121212   19 1  0.0092
 128    0.880  #121213   19 2  0.0103
 129    0.893  #131212   19 3  0.0147
 130    0.903  #131213   19 4  0.0111
 131    0.935  #121312   19 5  0.0348
 132    0.944  #121313   19 6  0.0096
 133    0.958  #131312   19 7  0.0147
 134    0.967  #131313   20 1  0.0094
 135    0.975  #131314   20 2  0.0082
 136    0.987  #141313   20 3  0.0122
 137    0.995  #141314   20 4  0.0081
 138    1.025  #131413   20 5  0.0297
 139    1.033  #131414   20 6  0.0078
 140    1.046  #141413   20 7  0.0125
 141    1.054  #141414   21 1  0.0076
 142    1.062  #141415   21 2  0.0076
 143    1.073  #151414   21 3  0.0103
 144    1.081  #151415   21 4  0.0074
 145    1.109  #141514   21 5  0.0256
 146    1.117  #141515   21 6  0.0072
 147    1.129  #151514   21 7  0.0107
 148    1.137  #151515   22 1  0.0071
 149    1.147  #151516   22 2  0.0088
 150    1.161  #161515   22 3  0.0121
 151    1.171  #161516   22 4  0.0086
 152    1.207  #151615   22 5  0.0303
 153    1.217  #151616   22 6  0.0083
 154    1.232  #161615   22 7  0.0122
 155    1.243  #161616   23 1  0.0089
 156    1.253  #161617   23 2  0.0080
 157    1.270  #171616   23 3  0.0135
 158    1.280  #171617   23 4  0.0078
 159    1.320  #161716   23 5  0.0308
 160    1.332  #161717   23 6  0.0090
 161    1.349  #171716   23 7  0.0127
 162    1.360  #171717   24 1  0.0081
 163    1.370  #171718   24 2  0.0073
 164    1.386  #181717   24 3  0.0116
 165    1.396  #181718   24 4  0.0072
 166    1.433  #171817   24 5  0.0262
 167    1.444  #171818   24 6  0.0076
 168    1.460  #181817   24 7  0.0110
 169    1.471  #181818   25 1  0.0075
 170    1.482  #181819   25 2  0.0075
 171    1.499  #191818   25 3  0.0114
 172    1.511  #191819   25 4  0.0080
 173    1.552  #181918   25 5  0.0268
 174    1.565  #181919   25 6  0.0083
 175    1.582  #191918   25 7  0.0108
 176    1.594  #191919   26 1  0.0076
 177    1.608  #19191a   26 2  0.0087
 178    1.630  #1a1919   26 3  0.0136
 179    1.645  #1a191a   26 4  0.0092
 180    1.698  #191a19   26 5  0.0317
 181    1.713  #191a1a   26 6  0.0088
 182    1.736  #1a1a19   26 7  0.0133
 183    1.750  #1a1a1a   27 1  0.0080
 184    1.760  #1a1a1b   27 2  0.0057
 185    1.780  #1b1a1a   27 3  0.0113
 186    1.800  #1b1a1b   27 4  0.0112
 187    1.860  #1a1b1a   27 5  0.0328
 188    1.880  #1a1b1b   27 6  0.0107
 189    1.900  #1b1b1a   27 7  0.0106
 190    1.920  #1b1b1b   28 1  0.0105
 191    1.930  #1b1b1c   28 2  0.0052
 192    1.960  #1c1b1b   28 3  0.0154
 193    1.970  #1c1b1c   28 4  0.0051
 194    2.030  #1b1c1b   28 5  0.0300
 195    2.040  #1b1c1c   28 6  0.0049
 196    2.070  #1c1c1b   28 7  0.0146
 197    2.080  #1c1c1c   29 1  0.0048
 198    2.080  #1c1c1d   29 2  0.0000
 199    2.080  #1d1c1c   29 3  0.0000
 200    2.080  #1d1c1d   29 4  0.0000
 201    2.190  #1c1d1c   29 5  0.0515
 202    2.190  #1c1d1d   29 6  0.0000
 203    2.190  #1d1d1c   29 7  0.0000
 204    2.190  #1d1d1d   30 1  0.0000
 205    2.210  #1d1d1e   30 2  0.0091
 206    2.230  #1e1d1d   30 3  0.0090
 207    2.240  #1e1d1e   30 4  0.0045
 208    2.320  #1d1e1d   30 5  0.0351
 209    2.330  #1d1e1e   30 6  0.0043
 210    2.360  #1e1e1d   30 7  0.0128
 211    2.370  #1e1e1e   31 1  0.0042
 212    2.390  #1e1e1f   31 2  0.0084
 213    2.420  #1f1e1e   31 3  0.0125
 214    2.440  #1f1e1f   31 4  0.0082
 215    2.510  #1e1f1e   31 5  0.0283
 216    2.540  #1e1f1f   31 6  0.0119
 217    2.560  #1f1f1e   31 7  0.0078
 218    2.580  #1f1f1f   32 1  0.0078
 219    2.600  #1f1f20   32 2  0.0077
 220    2.630  #201f1f   32 3  0.0115
 221    2.650  #201f20   32 4  0.0076
 222    2.720  #1f201f   32 5  0.0261
 223    2.740  #1f2020   32 6  0.0073
 224    2.770  #20201f   32 7  0.0109
 225    2.790  #202020   33 1  0.0072
 226    2.810  #202021   33 2  0.0071
 227    2.840  #212020   33 3  0.0106
 228    2.860  #212021   33 4  0.0070
 229    2.900  #202120   33 5  0.0139
 230    2.920  #202121   33 6  0.0069
 231    2.940  #212120   33 7  0.0068
 232    2.960  #212121   34 1  0.0068
 233    2.980  #212122   34 2  0.0067
 234    3.000  #222121   34 3  0.0067
 235    3.020  #222122   34 4  0.0066
 236    3.080  #212221   34 5  0.0197
 237    3.100  #212222   34 6  0.0065
 238    3.120  #222221   34 7  0.0064
 239    3.140  #222222   35 1  0.0064
 240    3.160  #222223   35 2  0.0063
 241    3.180  #232222   35 3  0.0063
 242    3.200  #232223   35 4  0.0063
 243    3.270  #222322   35 5  0.0216
 244    3.280  #222323   35 6  0.0031
 245    3.310  #232322   35 7  0.0091
 246    3.330  #232323   36 1  0.0060
 247    3.350  #232324   36 2  0.0060
 248    3.370  #242323   36 3  0.0060
 249    3.390  #242324   36 4  0.0059
 250    3.450  #232423   36 5  0.0175
 251    3.470  #232424   36 6  0.0058
 252    3.500  #242423   36 7  0.0086
 253    3.520  #242424   37 1  0.0057
 254    3.530  #242425   37 2  0.0028
 255    3.560  #252424   37 3  0.0085
 256    3.580  #252425   37 4  0.0056
 257    3.640  #242524   37 5  0.0166
 258    3.650  #242525   37 6  0.0027
 259    3.680  #252524   37 7  0.0082
 260    3.700  #252525   38 1  0.0054
 261    3.720  #252526   38 2  0.0054
 262    3.740  #262525   38 3  0.0054
 263    3.760  #262526   38 4  0.0053
 264    3.830  #252625   38 5  0.0184
 265    3.850  #252626   38 6  0.0052
 266    3.870  #262625   38 7  0.0052
 267    3.890  #262626   39 1  0.0052
 268    3.910  #262627   39 2  0.0051
 269    3.940  #272626   39 3  0.0076
 270    3.950  #272627   39 4  0.0025
 271    4.030  #262726   39 5  0.0201
 272    4.050  #262727   39 6  0.0050
 273    4.080  #272726   39 7  0.0074
 274    4.100  #272727   40 1  0.0049
 275    4.110  #272728   40 2  0.0024
 276    4.140  #282727   40 3  0.0073
 277    4.170  #282728   40 4  0.0072
 278    4.230  #272827   40 5  0.0143
 279    4.250  #272828   40 6  0.0047
 280    4.280  #282827   40 7  0.0070
 281    4.300  #282828   41 1  0.0047
 282    4.320  #282829   41 2  0.0046
 283    4.350  #292828   41 3  0.0069
 284    4.370  #292829   41 4  0.0046
 285    4.430  #282928   41 5  0.0136
 286    4.450  #282929   41 6  0.0045
 287    4.480  #292928   41 7  0.0067
 288    4.510  #292929   42 1  0.0067
 289    4.520  #29292a   42 2  0.0022
 290    4.550  #2a2929   42 3  0.0066
 291    4.570  #2a292a   42 4  0.0044
 292    4.650  #292a29   42 5  0.0174
 293    4.670  #292a2a   42 6  0.0043
 294    4.700  #2a2a29   42 7  0.0064
 295    4.720  #2a2a2a   43 1  0.0042
 296    4.740  #2a2a2b   43 2  0.0042
 297    4.770  #2b2a2a   43 3  0.0063
 298    4.800  #2b2a2b   43 4  0.0063
 299    4.880  #2a2b2a   43 5  0.0165
 300    4.900  #2a2b2b   43 6  0.0041
 301    4.930  #2b2b2a   43 7  0.0061
 302    4.950  #2b2b2b   44 1  0.0040
 303    4.980  #2b2b2c   44 2  0.0060
 304    5.010  #2c2b2b   44 3  0.0060
 305    5.030  #2c2b2c   44 4  0.0040
 306    5.100  #2b2c2b   44 5  0.0138
 307    5.120  #2b2c2c   44 6  0.0039
 308    5.160  #2c2c2b   44 7  0.0078
 309    5.180  #2c2c2c   45 1  0.0039
 310    5.210  #2c2c2d   45 2  0.0058
 311    5.240  #2d2c2c   45 3  0.0057
 312    5.250  #2d2c2d   45 4  0.0019
 313    5.340  #2c2d2c   45 5  0.0170
 314    5.370  #2c2d2d   45 6  0.0056
 315    5.400  #2d2d2c   45 7  0.0056
 316    5.420  #2d2d2d   46 1  0.0037
 317    5.440  #2d2d2e   46 2  0.0037
 318    5.480  #2e2d2d   46 3  0.0073
 319    5.500  #2e2d2e   46 4  0.0036
 320    5.600  #2d2e2d   46 5  0.0180
 321    5.620  #2d2e2e   46 6  0.0036
 322    5.650  #2e2e2d   46 7  0.0053
 323    5.670  #2e2e2e   47 1  0.0035
 324    5.700  #2e2e2f   47 2  0.0053
 325    5.740  #2f2e2e   47 3  0.0070
 326    5.760  #2f2e2f   47 4  0.0035
 327    5.850  #2e2f2e   47 5  0.0155
 328    5.880  #2e2f2f   47 6  0.0051
 329    5.920  #2f2f2e   47 7  0.0068
 330    5.940  #2f2f2f   48 1  0.0034
 331    5.970  #2f2f30   48 2  0.0050
 332    6.000  #302f2f   48 3  0.0050
 333    6.020  #302f30   48 4  0.0033
 334    6.120  #2f302f   48 5  0.0165
 335    6.150  #2f3030   48 6  0.0049
 336    6.180  #30302f   48 7  0.0049
 337    6.210  #303030   49 1  0.0048
 338    6.230  #303031   49 2  0.0032
 339    6.270  #313030   49 3  0.0064
 340    6.300  #313031   49 4  0.0048
 341    6.380  #303130   49 5  0.0126
 342    6.410  #303131   49 6  0.0047
 343    6.450  #313130   49 7  0.0062
 344    6.480  #313131   50 1  0.0046
 345    6.500  #313132   50 2  0.0031
 346    6.530  #323131   50 3  0.0046
 347    6.560  #323132   50 4  0.0046
 348    6.670  #313231   50 5  0.0166
 349    6.700  #313232   50 6  0.0045
 350    6.730  #323231   50 7  0.0045
 351    6.750  #323232   51 1  0.0030
 352    6.780  #323233   51 2  0.0044
 353    6.820  #333232   51 3  0.0059
 354    6.850  #333233   51 4  0.0044
 355    6.950  #323332   51 5  0.0145
 356    6.980  #323333   51 6  0.0043
 357    7.020  #333332   51 7  0.0057
 358    7.050  #333333   52 1  0.0043
 359    7.080  #333334   52 2  0.0042
 360    7.120  #343333   52 3  0.0056
 361    7.150  #343334   52 4  0.0042
 362    7.250  #333433   52 5  0.0139
 363    7.280  #333434   52 6  0.0041
 364    7.320  #343433   52 7  0.0055
 365    7.340  #343434   53 1  0.0027
 366    7.380  #343435   53 2  0.0054
 367    7.420  #353434   53 3  0.0054
 368    7.450  #353435   53 4  0.0040
 369    7.540  #343534   53 5  0.0120
 370    7.570  #343535   53 6  0.0040
 371    7.620  #353534   53 7  0.0066
 372    7.650  #353535   54 1  0.0039
 373    7.670  #353536   54 2  0.0026
 374    7.700  #363535   54 3  0.0039
 375    7.740  #363536   54 4  0.0052
 376    7.850  #353635   54 5  0.0141
 377    7.880  #353636   54 6  0.0038
 378    7.910  #363635   54 7  0.0038
 379    7.940  #363636   55 1  0.0038
 380    7.980  #363637   55 2  0.0050
 381    8.020  #373636   55 3  0.0050
 382    8.050  #373637   55 4  0.0037
 383    8.160  #363736   55 5  0.0136
 384    8.190  #363737   55 6  0.0037
 385    8.240  #373736   55 7  0.0061
 386    8.270  #373737   56 1  0.0036
 387    8.290  #373738   56 2  0.0024
 388    8.340  #383737   56 3  0.0060
 389    8.380  #383738   56 4  0.0048
 390    8.480  #373837   56 5  0.0119
 391    8.510  #373838   56 6  0.0035
 392    8.550  #383837   56 7  0.0047
 393    8.590  #383838   57 1  0.0047
 394    8.590  #383839   57 2  0.0000
 395    8.590  #393838   57 3  0.0000
 396    8.590  #393839   57 4  0.0000
 397    8.800  #383938   57 5  0.0242
 398    8.810  #383939   57 6  0.0011
 399    8.810  #393938   57 7  0.0000
 400    8.800  #393939   58 1  -0.0011
 401    8.830  #39393a   58 2  0.0034
 402    8.880  #3a3939   58 3  0.0056
 403    8.920  #3a393a   58 4  0.0045
 404    9.030  #393a39   58 5  0.0123
 405    9.060  #393a3a   58 6  0.0033
 406    9.110  #3a3a39   58 7  0.0055
 407    9.150  #3a3a3a   59 1  0.0044
 408    9.180  #3a3a3b   59 2  0.0033
 409    9.210  #3b3a3a   59 3  0.0033
 410    9.240  #3b3a3b   59 4  0.0033
 411    9.380  #3a3b3a   59 5  0.0150
 412    9.410  #3a3b3b   59 6  0.0032
 413    9.450  #3b3b3a   59 7  0.0042
 414    9.480  #3b3b3b   60 1  0.0032
 415    9.520  #3b3b3c   60 2  0.0042
 416    9.570  #3c3b3b   60 3  0.0052
 417    9.590  #3c3b3c   60 4  0.0021
 418    9.710  #3b3c3b   60 5  0.0124
 419    9.750  #3b3c3c   60 6  0.0041
 420    9.800  #3c3c3b   60 7  0.0051
 421    9.830  #3c3c3c   61 1  0.0031
 422    9.860  #3c3c3d   61 2  0.0030
 423    9.920  #3d3c3c   61 3  0.0061
 424    9.950  #3d3c3d   61 4  0.0030
 425   10.070  #3c3d3c   61 5  0.0120
 426   10.100  #3c3d3d   61 6  0.0030
 427   10.160  #3d3d3c   61 7  0.0059
 428   10.190  #3d3d3d   62 1  0.0029
 429   10.220  #3d3d3e   62 2  0.0029
 430   10.260  #3e3d3d   62 3  0.0039
 431   10.310  #3e3d3e   62 4  0.0049
 432   10.450  #3d3e3d   62 5  0.0135
 433   10.480  #3d3e3e   62 6  0.0029
 434   10.520  #3e3e3d   62 7  0.0038
 435   10.560  #3e3e3e   63 1  0.0038
 436   10.590  #3e3e3f   63 2  0.0028
 437   10.640  #3f3e3e   63 3  0.0047
 438   10.670  #3f3e3f   63 4  0.0028
 439   10.830  #3e3f3e   63 5  0.0149
 440   10.860  #3e3f3f   63 6  0.0028
 441   10.900  #3f3f3e   63 7  0.0037
 442   10.930  #3f3f3f   64 1  0.0027
 443   10.980  #3f3f40   64 2  0.0046
 444   11.040  #403f3f   64 3  0.0054
 445   11.070  #403f40   64 4  0.0027
 446   11.190  #3f403f   64 5  0.0108
 447   11.240  #3f4040   64 6  0.0045
 448   11.290  #40403f   64 7  0.0044
 449   11.330  #404040   65 1  0.0035
 450   11.350  #404041   65 2  0.0018
 451   11.420  #414040   65 3  0.0061
 452   11.460  #414041   65 4  0.0035
 453   11.610  #404140   65 5  0.0130
 454   11.640  #404141   65 6  0.0026
 455   11.710  #414140   65 7  0.0060
 456   11.750  #414141   66 1  0.0034
 457   11.780  #414142   66 2  0.0025
 458   11.820  #424141   66 3  0.0034
 459   11.870  #424142   66 4  0.0042
 460   12.050  #414241   66 5  0.0151
 461   12.080  #414242   66 6  0.0025
 462   12.120  #424241   66 7  0.0033
 463   12.170  #424242   67 1  0.0041
 464   12.220  #424243   67 2  0.0041
 465   12.270  #434242   67 3  0.0041
 466   12.300  #434243   67 4  0.0024
 467   12.490  #424342   67 5  0.0153
 468   12.520  #424343   67 6  0.0024
 469   12.570  #434342   67 7  0.0040
 470   12.610  #434343   68 1  0.0032
 471   12.670  #434344   68 2  0.0047
 472   12.730  #444343   68 3  0.0047
 473   12.760  #444344   68 4  0.0024
 474   12.920  #434443   68 5  0.0125
 475   12.980  #434444   68 6  0.0046
 476   13.020  #444443   68 7  0.0031
 477   13.060  #444444   69 1  0.0031
 478   13.120  #444445   69 2  0.0046
 479   13.180  #454444   69 3  0.0046
 480   13.220  #454445   69 4  0.0030
 481   13.370  #444544   69 5  0.0113
 482   13.420  #444545   69 6  0.0037
 483   13.490  #454544   69 7  0.0052
 484   13.520  #454545   70 1  0.0022
 485   13.570  #454546   70 2  0.0037
 486   13.650  #464545   70 3  0.0059
 487   13.680  #464546   70 4  0.0022
 488   13.850  #454645   70 5  0.0124
 489   13.910  #454646   70 6  0.0043
 490   13.970  #464645   70 7  0.0043
 491   14.010  #464646   71 1  0.0029
 492   14.050  #464647   71 2  0.0029
 493   14.130  #474646   71 3  0.0057
 494   14.160  #474647   71 4  0.0021
 495   14.340  #464746   71 5  0.0126
 496   14.410  #464747   71 6  0.0049
 497   14.470  #474746   71 7  0.0042
 498   14.500  #474747   72 1  0.0021
 499   14.550  #474748   72 2  0.0034
 500   14.640  #484747   72 3  0.0062
 501   14.670  #484748   72 4  0.0020
 502   14.830  #474847   72 5  0.0108
 503   14.900  #474848   72 6  0.0047
 504   14.960  #484847   72 7  0.0040
 505   15.000  #484848   73 1  0.0027
 506   15.040  #484849   73 2  0.0027
 507   15.130  #494848   73 3  0.0060
 508   15.170  #494849   73 4  0.0026
 509   15.330  #484948   73 5  0.0105
 510   15.400  #484949   73 6  0.0046
 511   15.480  #494948   73 7  0.0052
 512   15.510  #494949   74 1  0.0019
 513   15.550  #49494a   74 2  0.0026
 514   15.640  #4a4949   74 3  0.0058
 515   15.680  #4a494a   74 4  0.0026
 516   15.860  #494a49   74 5  0.0114
 517   15.940  #494a4a   74 6  0.0050
 518   16.000  #4a4a49   74 7  0.0038
 519   16.030  #4a4a4a   75 1  0.0019
 520   16.090  #4a4a4b   75 2  0.0037
 521   16.180  #4b4a4a   75 3  0.0056
 522   16.210  #4b4a4b   75 4  0.0019
 523   16.410  #4a4b4a   75 5  0.0123
 524   16.480  #4a4b4b   75 6  0.0043
 525   16.540  #4b4b4a   75 7  0.0036
 526   16.580  #4b4b4b   76 1  0.0024
 527   16.650  #4b4b4c   76 2  0.0042
 528   16.720  #4c4b4b   76 3  0.0042
 529   16.750  #4c4b4c   76 4  0.0018
 530   16.950  #4b4c4b   76 5  0.0119
 531   17.010  #4b4c4c   76 6  0.0035
 532   17.080  #4c4c4b   76 7  0.0041
 533   17.130  #4c4c4c   77 1  0.0029
 534   17.200  #4c4c4d   77 2  0.0041
 535   17.270  #4d4c4c   77 3  0.0041
 536   17.310  #4d4c4d   77 4  0.0023
 537   17.520  #4c4d4c   77 5  0.0121
 538   17.500  #4c4d4d   77 6  -0.0011
 539   17.600  #4d4d4c   77 7  0.0057
 540   17.700  #4d4d4d   78 1  0.0057
 541   17.700  #4d4d4e   78 2  0.0000
 542   17.800  #4e4d4d   78 3  0.0056
 543   17.800  #4e4d4e   78 4  0.0000
 544   18.100  #4d4e4d   78 5  0.0167
 545   18.100  #4d4e4e   78 6  0.0000
 546   18.200  #4e4e4d   78 7  0.0055
 547   18.200  #4e4e4e   79 1  0.0000
 548   18.300  #4e4e4f   79 2  0.0055
 549   18.400  #4f4e4e   79 3  0.0054
 550   18.400  #4f4e4f   79 4  0.0000
 551   18.700  #4e4f4e   79 5  0.0162
 552   18.700  #4e4f4f   79 6  0.0000
 553   18.800  #4f4f4e   79 7  0.0053
 554   18.800  #4f4f4f   80 1  0.0000
 555   18.900  #4f4f50   80 2  0.0053
 556   19.000  #504f4f   80 3  0.0053
 557   19.000  #504f50   80 4  0.0000
 558   19.200  #4f504f   80 5  0.0105
 559   19.300  #4f5050   80 6  0.0052
 560   19.400  #50504f   80 7  0.0052
 561   19.400  #505050   81 1  0.0000
 562   19.500  #505051   81 2  0.0051
 563   19.600  #515050   81 3  0.0051
 564   19.600  #515051   81 4  0.0000
 565   19.800  #505150   81 5  0.0102
 566   19.900  #505151   81 6  0.0050
 567   20.000  #515150   81 7  0.0050
 568   20.000  #515151   82 1  0.0000
 569   20.100  #515152   82 2  0.0050
 570   20.200  #525151   82 3  0.0050
 571   20.200  #525152   82 4  0.0000
 572   20.400  #515251   82 5  0.0099
 573   20.500  #515252   82 6  0.0049
 574   20.600  #525251   82 7  0.0049
 575   20.600  #525252   83 1  0.0000
 576   20.700  #525253   83 2  0.0048
 577   20.800  #535252   83 3  0.0048
 578   20.800  #535253   83 4  0.0000
 579   21.100  #525352   83 5  0.0143
 580   21.100  #525353   83 6  0.0000
 581   21.200  #535352   83 7  0.0047
 582   21.300  #535353   84 1  0.0047
 583   21.300  #535354   84 2  0.0000
 584   21.400  #545353   84 3  0.0047
 585   21.500  #545354   84 4  0.0047
 586   21.700  #535453   84 5  0.0093
 587   21.800  #535454   84 6  0.0046
 588   21.800  #545453   84 7  0.0000
 589   21.900  #545454   85 1  0.0046
 590   22.000  #545455   85 2  0.0046
 591   22.100  #555454   85 3  0.0045
 592   22.100  #555455   85 4  0.0000
 593   22.300  #545554   85 5  0.0090
 594   22.400  #545555   85 6  0.0045
 595   22.500  #555554   85 7  0.0045
 596   22.500  #555555   86 1  0.0000
 597   22.500  #555556   86 2  0.0000
 598   22.500  #565555   86 3  0.0000
 599   22.500  #565556   86 4  0.0000
 600   22.900  #555655   86 5  0.0176
 601   23.000  #555656   86 6  0.0044
 602   23.000  #565655   86 7  0.0000
 603   23.000  #565656   87 1  0.0000
 604   23.000  #565657   87 2  0.0000
 605   23.100  #575656   87 3  0.0043
 606   23.200  #575657   87 4  0.0043
 607   23.400  #565756   87 5  0.0086
 608   23.400  #565757   87 6  0.0000
 609   23.600  #575756   87 7  0.0085
 610   23.600  #575757   88 1  0.0000
 611   23.700  #575758   88 2  0.0042
 612   23.800  #585757   88 3  0.0042
 613   23.800  #585758   88 4  0.0000
 614   24.100  #575857   88 5  0.0125
 615   24.100  #575858   88 6  0.0000
 616   24.200  #585857   88 7  0.0041
 617   24.300  #585858   89 1  0.0041
 618   24.300  #585859   89 2  0.0000
 619   24.400  #595858   89 3  0.0041
 620   24.500  #595859   89 4  0.0041
 621   24.700  #585958   89 5  0.0081
 622   24.800  #585959   89 6  0.0040
 623   24.800  #595958   89 7  0.0000
 624   24.900  #595959   90 1  0.0040
 625   25.000  #59595a   90 2  0.0040
 626   25.000  #5a5959   90 3  0.0000
 627   25.100  #5a595a   90 4  0.0040
 628   25.300  #595a59   90 5  0.0079
 629   25.400  #595a5a   90 6  0.0039
 630   25.500  #5a5a59   90 7  0.0039
 631   25.500  #5a5a5a   91 1  0.0000
 632   25.600  #5a5a5b   91 2  0.0039
 633   25.700  #5b5a5a   91 3  0.0039
 634   25.800  #5b5a5b   91 4  0.0039
 635   26.000  #5a5b5a   91 5  0.0077
 636   26.100  #5a5b5b   91 6  0.0038
 637   26.200  #5b5b5a   91 7  0.0038
 638   26.200  #5b5b5b   92 1  0.0000
 639   26.300  #5b5b5c   92 2  0.0038
 640   26.400  #5c5b5b   92 3  0.0038
 641   26.000  #5c5b5c   92 4  -0.0153
 642   26.300  #5b5c5b   92 5  0.0115
 643   26.300  #5b5c5c   92 6  0.0000
 644   26.500  #5c5c5b   92 7  0.0076
 645   26.500  #5c5c5c   93 1  0.0000
 646   26.600  #5c5c5d   93 2  0.0038
 647   26.700  #5d5c5c   93 3  0.0038
 648   26.700  #5d5c5d   93 4  0.0000
 649   26.900  #5c5d5c   93 5  0.0075
 650   27.000  #5c5d5d   93 6  0.0037
 651   27.100  #5d5d5c   93 7  0.0037
 652   27.100  #5d5d5d   94 1  0.0000
 653   27.200  #5d5d5e   94 2  0.0037
 654   27.300  #5e5d5d   94 3  0.0037
 655   27.400  #5e5d5e   94 4  0.0037
 656   27.600  #5d5e5d   94 5  0.0073
 657   27.600  #5d5e5e   94 6  0.0000
 658   27.800  #5e5e5d   94 7  0.0072
 659   27.800  #5e5e5e   95 1  0.0000
 660   27.900  #5e5e5f   95 2  0.0036
 661   27.900  #5f5e5e   95 3  0.0000
 662   28.100  #5f5e5f   95 4  0.0071
 663   28.200  #5e5f5e   95 5  0.0036
 664   28.300  #5e5f5f   95 6  0.0035
 665   28.400  #5f5f5e   95 7  0.0035
 666   28.500  #5f5f5f   96 1  0.0035
 667   28.500  #5f5f60   96 2  0.0000
 668   28.600  #605f5f   96 3  0.0035
 669   28.700  #605f60   96 4  0.0035
 670   28.900  #5f605f   96 5  0.0069
 671   29.000  #5f6060   96 6  0.0035
 672   29.100  #60605f   96 7  0.0034
 673   29.100  #606060   97 1  0.0000
 674   29.200  #606061   97 2  0.0034
 675   29.300  #616060   97 3  0.0034
 676   29.400  #616061   97 4  0.0034
 677   29.500  #606160   97 5  0.0034
 678   29.700  #606161   97 6  0.0068
 679   29.700  #616160   97 7  0.0000
 680   29.800  #616161   98 1  0.0034
 681   29.800  #616162   98 2  0.0000
 682   30.000  #626161   98 3  0.0067
 683   30.000  #626162   98 4  0.0000
 684   30.300  #616261   98 5  0.0100
 685   30.300  #616262   98 6  0.0000
 686   30.400  #626261   98 7  0.0033
 687   30.500  #626262   99 1  0.0033
 688   30.500  #626263   99 2  0.0000
 689   30.700  #636262   99 3  0.0065
 690   30.700  #636263   99 4  0.0000
 691   31.000  #626362   99 5  0.0097
 692   31.000  #626363   99 6  0.0000
 693   31.100  #636362   99 7  0.0032
 694   31.100  #636363  100 1  0.0000
 695   31.300  #636364  100 2  0.0064
 696   31.300  #646363  100 3  0.0000
 697   31.400  #646364  100 4  0.0032
 698   31.600  #636463  100 5  0.0063
 699   31.700  #636464  100 6  0.0032
 700   31.800  #646463  100 7  0.0031
 701   31.900  #646464  101 1  0.0031
 702   31.900  #646465  101 2  0.0000
 703   32.000  #656464  101 3  0.0031
 704   32.100  #656465  101 4  0.0031
 705   32.300  #646564  101 5  0.0062
 706   32.400  #646565  101 6  0.0031
 707   32.400  #656564  101 7  0.0000
 708   32.600  #656565  102 1  0.0062
 709   32.600  #656566  102 2  0.0000
 710   32.700  #666565  102 3  0.0031
 711   32.700  #666566  102 4  0.0000
 712   33.000  #656665  102 5  0.0091
 713   33.000  #656666  102 6  0.0000
 714   33.200  #666665  102 7  0.0060
 715   33.200  #666666  103 1  0.0000
 716   33.300  #666667  103 2  0.0030
 717   33.400  #676666  103 3  0.0030
 718   33.500  #676667  103 4  0.0030
 719   33.700  #666766  103 5  0.0060
 720   33.800  #666767  103 6  0.0030
 721   33.900  #676766  103 7  0.0030
 722   34.000  #676767  104 1  0.0029
 723   34.000  #676768  104 2  0.0000
 724   34.200  #686767  104 3  0.0059
 725   34.200  #686768  104 4  0.0000
 726   34.400  #676867  104 5  0.0058
 727   34.500  #676868  104 6  0.0029
 728   34.600  #686867  104 7  0.0029
 729   34.700  #686868  105 1  0.0029
 730   34.800  #686869  105 2  0.0029
 731   34.800  #696868  105 3  0.0000
 732   34.900  #696869  105 4  0.0029
 733   35.100  #686968  105 5  0.0057
 734   35.200  #686969  105 6  0.0028
 735   35.300  #696968  105 7  0.0028
 736   35.400  #696969  106 1  0.0028
 737   35.400  #69696a  106 2  0.0000
 738   35.500  #6a6969  106 3  0.0028
 739   35.600  #6a696a  106 4  0.0028
 740   35.900  #696a69  106 5  0.0084
 741   36.000  #696a6a  106 6  0.0028
 742   36.100  #6a6a69  106 7  0.0028
 743   36.100  #6a6a6a  107 1  0.0000
 744   36.200  #6a6a6b  107 2  0.0028
 745   36.200  #6b6a6a  107 3  0.0000
 746   36.400  #6b6a6b  107 4  0.0055
 747   36.600  #6a6b6a  107 5  0.0055
 748   36.700  #6a6b6b  107 6  0.0027
 749   36.800  #6b6b6a  107 7  0.0027
 750   36.900  #6b6b6b  108 1  0.0027
 751   36.900  #6b6b6c  108 2  0.0000
 752   37.000  #6c6b6b  108 3  0.0027
 753   37.000  #6c6b6c  108 4  0.0000
 754   37.300  #6b6c6b  108 5  0.0081
 755   37.400  #6b6c6c  108 6  0.0027
 756   37.500  #6c6c6b  108 7  0.0027
 757   37.500  #6c6c6c  109 1  0.0000
 758   37.600  #6c6c6d  109 2  0.0027
 759   37.700  #6d6c6c  109 3  0.0027
 760   37.800  #6d6c6d  109 4  0.0026
 761   38.000  #6c6d6c  109 5  0.0053
 762   38.100  #6c6d6d  109 6  0.0026
 763   38.100  #6d6d6c  109 7  0.0000
 764   38.300  #6d6d6d  110 1  0.0052
 765   38.300  #6d6d6e  110 2  0.0000
 766   38.500  #6e6d6d  110 3  0.0052
 767   38.500  #6e6d6e  110 4  0.0000
 768   38.800  #6d6e6d  110 5  0.0078
 769   38.800  #6d6e6e  110 6  0.0000
 770   39.000  #6e6e6d  110 7  0.0051
 771   39.000  #6e6e6e  111 1  0.0000
 772   39.100  #6e6e6f  111 2  0.0026
 773   39.100  #6f6e6e  111 3  0.0000
 774   39.200  #6f6e6f  111 4  0.0026
 775   39.400  #6e6f6e  111 5  0.0051
 776   39.500  #6e6f6f  111 6  0.0025
 777   39.600  #6f6f6e  111 7  0.0025
 778   39.800  #6f6f6f  112 1  0.0050
 779   39.800  #6f6f70  112 2  0.0000
 780   40.000  #706f6f  112 3  0.0050
 781   40.000  #706f70  112 4  0.0000
 782   40.200  #6f706f  112 5  0.0050
 783   40.200  #6f7070  112 6  0.0000
 784   40.400  #70706f  112 7  0.0050
 785   40.400  #707070  113 1  0.0000
 786   40.500  #707071  113 2  0.0025
 787   40.600  #717070  113 3  0.0025
 788   40.700  #717071  113 4  0.0025
 789   40.900  #707170  113 5  0.0049
 790   41.000  #707171  113 6  0.0024
 791   41.100  #717170  113 7  0.0024
 792   41.200  #717171  114 1  0.0024
 793   41.100  #717172  114 2  -0.0024
 794   41.200  #727171  114 3  0.0024
 795   41.100  #727172  114 4  -0.0024
 796   41.700  #717271  114 5  0.0145
 797   41.600  #717272  114 6  -0.0024
 798   41.700  #727271  114 7  0.0024
 799   41.600  #727272  115 1  -0.0024
 800   41.700  #727273  115 2  0.0024
 801   41.800  #737272  115 3  0.0024
 802   41.900  #737273  115 4  0.0024
 803   42.100  #727372  115 5  0.0048
 804   42.200  #727373  115 6  0.0024
 805   42.300  #737372  115 7  0.0024
 806   42.400  #737373  116 1  0.0024
 807   42.400  #737374  116 2  0.0000
 808   42.500  #747373  116 3  0.0024
 809   42.600  #747374  116 4  0.0024
 810   42.900  #737473  116 5  0.0070
 811   42.900  #737474  116 6  0.0000
 812   43.000  #747473  116 7  0.0023
 813   43.100  #747474  117 1  0.0023
 814   43.200  #747475  117 2  0.0023
 815   43.300  #757474  117 3  0.0023
 816   43.400  #757475  117 4  0.0023
 817   43.600  #747574  117 5  0.0046
 818   43.700  #747575  117 6  0.0023
 819   43.800  #757574  117 7  0.0023
 820   43.800  #757575  118 1  0.0000
 821   43.900  #757576  118 2  0.0023
 822   44.000  #767575  118 3  0.0023
 823   44.100  #767576  118 4  0.0023
 824   44.300  #757675  118 5  0.0045
 825   44.400  #757676  118 6  0.0023
 826   44.400  #767675  118 7  0.0000
 827   44.600  #767676  119 1  0.0045
 828   44.600  #767677  119 2  0.0000
 829   44.800  #777676  119 3  0.0045
 830   44.800  #777677  119 4  0.0000
 831   45.100  #767776  119 5  0.0067
 832   45.100  #767777  119 6  0.0000
 833   45.200  #777776  119 7  0.0022
 834   45.200  #777777  120 1  0.0000
 835   45.400  #777778  120 2  0.0044
 836   45.400  #787777  120 3  0.0000
 837   45.500  #787778  120 4  0.0022
 838   45.700  #777877  120 5  0.0044
 839   45.800  #777878  120 6  0.0022
 840   45.900  #787877  120 7  0.0022
 841   46.000  #787878  121 1  0.0022
 842   46.000  #787879  121 2  0.0000
 843   46.200  #797878  121 3  0.0043
 844   46.200  #797879  121 4  0.0000
 845   46.400  #787978  121 5  0.0043
 846   46.500  #787979  121 6  0.0022
 847   46.600  #797978  121 7  0.0021
 848   46.700  #797979  122 1  0.0021
 849   46.800  #79797a  122 2  0.0021
 850   46.900  #7a7979  122 3  0.0021
 851   46.900  #7a797a  122 4  0.0000
 852   47.200  #797a79  122 5  0.0064
 853   47.200  #797a7a  122 6  0.0000
 854   47.400  #7a7a79  122 7  0.0042
 855   47.400  #7a7a7a  123 1  0.0000
 856   47.500  #7a7a7b  123 2  0.0021
 857   47.500  #7b7a7a  123 3  0.0000
 858   47.700  #7b7a7b  123 4  0.0042
 859   47.800  #7a7b7a  123 5  0.0021
 860   48.000  #7a7b7b  123 6  0.0042
 861   48.000  #7b7b7a  123 7  0.0000
 862   48.200  #7b7b7b  124 1  0.0042
 863   48.100  #7b7b7c  124 2  -0.0021
 864   48.300  #7c7b7b  124 3  0.0041
 865   48.300  #7c7b7c  124 4  0.0000
 866   48.600  #7b7c7b  124 5  0.0062
 867   48.600  #7b7c7c  124 6  0.0000
 868   48.800  #7c7c7b  124 7  0.0041
 869   48.800  #7c7c7c  125 1  0.0000
 870   48.900  #7c7c7d  125 2  0.0020
 871   49.000  #7d7c7c  125 3  0.0020
 872   49.100  #7d7c7d  125 4  0.0020
 873   49.400  #7c7d7c  125 5  0.0061
 874   49.400  #7c7d7d  125 6  0.0000
 875   49.500  #7d7d7c  125 7  0.0020
 876   49.600  #7d7d7d  126 1  0.0020
 877   49.700  #7d7d7e  126 2  0.0020
 878   49.800  #7e7d7d  126 3  0.0020
 879   49.900  #7e7d7e  126 4  0.0020
 880   50.100  #7d7e7d  126 5  0.0040
 881   50.200  #7d7e7e  126 6  0.0020
 882   50.200  #7e7e7d  126 7  0.0000
 883   50.400  #7e7e7e  127 1  0.0040
 884   50.400  #7e7e7f  127 2  0.0000
 885   50.600  #7f7e7e  127 3  0.0040
 886   50.500  #7f7e7f  127 4  -0.0020
 887   50.900  #7e7f7e  127 5  0.0079
 888   50.900  #7e7f7f  127 6  0.0000
 889   51.100  #7f7f7e  127 7  0.0039
 890   51.100  #7f7f7f  128 1  0.0000
 891   51.200  #7f7f80  128 2  0.0020
 892   51.300  #807f7f  128 3  0.0020
 893   51.400  #807f80  128 4  0.0019
 894   51.700  #7f807f  128 5  0.0058
 895   51.700  #7f8080  128 6  0.0000
 896   51.800  #80807f  128 7  0.0019
 897   51.900  #808080  129 1  0.0019
 898   52.000  #808081  129 2  0.0019
 899   52.100  #818080  129 3  0.0019
 900   52.100  #818081  129 4  0.0000
 901   52.500  #808180  129 5  0.0076
 902   52.600  #808181  129 6  0.0019
 903   52.700  #818180  129 7  0.0019
 904   52.800  #818181  130 1  0.0019
 905   52.800  #818182  130 2  0.0000
 906   53.000  #828181  130 3  0.0038
 907   53.000  #828182  130 4  0.0000
 908   53.400  #818281  130 5  0.0075
 909   53.500  #818282  130 6  0.0019
 910   53.600  #828281  130 7  0.0019
 911   53.700  #828282  131 1  0.0019
 912   53.800  #828283  131 2  0.0019
 913   53.900  #838282  131 3  0.0019
 914   54.000  #838283  131 4  0.0019
 915   54.400  #828382  131 5  0.0074
 916   54.500  #828383  131 6  0.0018
 917   54.600  #838382  131 7  0.0018
 918   54.700  #838383  132 1  0.0018
 919   54.800  #838384  132 2  0.0018
 920   54.800  #848383  132 3  0.0000
 921   55.000  #848384  132 4  0.0036
 922   55.300  #838483  132 5  0.0054
 923   55.400  #838484  132 6  0.0018
 924   55.500  #848483  132 7  0.0018
 925   55.600  #848484  133 1  0.0018
 926   55.700  #848485  133 2  0.0018
 927   55.800  #858484  133 3  0.0018
 928   55.900  #858485  133 4  0.0018
 929   56.200  #848584  133 5  0.0054
 930   56.400  #848585  133 6  0.0036
 931   56.500  #858584  133 7  0.0018
 932   56.600  #858585  134 1  0.0018
 933   56.700  #858586  134 2  0.0018
 934   56.800  #868585  134 3  0.0018
 935   56.900  #868586  134 4  0.0018
 936   57.200  #858685  134 5  0.0053
 937   57.300  #858686  134 6  0.0017
 938   57.500  #868685  134 7  0.0035
 939   57.500  #868686  135 1  0.0000
 940   57.700  #868687  135 2  0.0035
 941   57.800  #878686  135 3  0.0017
 942   57.900  #878687  135 4  0.0017
 943   58.200  #868786  135 5  0.0052
 944   58.400  #868787  135 6  0.0034
 945   58.500  #878786  135 7  0.0017
 946   58.600  #878787  136 1  0.0017
 947   58.700  #878788  136 2  0.0017
 948   58.900  #888787  136 3  0.0034
 949   59.000  #888788  136 4  0.0017
 950   59.300  #878887  136 5  0.0051
 951   59.400  #878888  136 6  0.0017
 952   59.500  #888887  136 7  0.0017
 953   59.600  #888888  137 1  0.0017
 954   59.700  #888889  137 2  0.0017
 955   59.900  #898888  137 3  0.0033
 956   60.000  #898889  137 4  0.0017
 957   60.300  #888988  137 5  0.0050
 958   60.400  #888989  137 6  0.0017
 959   60.600  #898988  137 7  0.0033
 960   60.700  #898989  138 1  0.0016
 961   60.800  #89898a  138 2  0.0016
 962   60.900  #8a8989  138 3  0.0016
 963   61.000  #8a898a  138 4  0.0016
 964   61.400  #898a89  138 5  0.0065
 965   61.500  #898a8a  138 6  0.0016
 966   61.700  #8a8a89  138 7  0.0032
 967   61.700  #8a8a8a  139 1  0.0000
 968   61.900  #8a8a8b  139 2  0.0032
 969   62.000  #8b8a8a  139 3  0.0016
 970   62.100  #8b8a8b  139 4  0.0016
 971   62.500  #8a8b8a  139 5  0.0064
 972   62.600  #8a8b8b  139 6  0.0016
 973   62.700  #8b8b8a  139 7  0.0016
 974   62.800  #8b8b8b  140 1  0.0016
 975   62.900  #8b8b8c  140 2  0.0016
 976   63.000  #8c8b8b  140 3  0.0016
 977   63.200  #8c8b8c  140 4  0.0032
 978   63.500  #8b8c8b  140 5  0.0047
 979   63.700  #8b8c8c  140 6  0.0031
 980   63.800  #8c8c8b  140 7  0.0016
 981   63.800  #8c8c8c  141 1  0.0000
 982   63.900  #8c8c8d  141 2  0.0016
 983   64.100  #8d8c8c  141 3  0.0031
 984   64.200  #8d8c8d  141 4  0.0016
 985   64.600  #8c8d8c  141 5  0.0062
 986   64.600  #8c8d8d  141 6  0.0000
 987   64.800  #8d8d8c  141 7  0.0031
 988   64.900  #8d8d8d  142 1  0.0015
 989   65.000  #8d8d8e  142 2  0.0015
 990   65.200  #8e8d8d  142 3  0.0031
 991   65.300  #8e8d8e  142 4  0.0015
 992   65.700  #8d8e8d  142 5  0.0061
 993   65.700  #8d8e8e  142 6  0.0000
 994   66.000  #8e8e8d  142 7  0.0046
 995   66.000  #8e8e8e  143 1  0.0000
 996   66.000  #8e8e8f  143 2  0.0000
 997   66.000  #8f8e8e  143 3  0.0000
 998   66.100  #8f8e8f  143 4  0.0015
 999   66.700  #8e8f8e  143 5  0.0090
1000   66.800  #8e8f8f  143 6  0.0015
1001   66.700  #8f8f8e  143 7  -0.0015
1002   66.800  #8f8f8f  144 1  0.0015
1003   66.900  #8f8f90  144 2  0.0015
1004   67.000  #908f8f  144 3  0.0015
1005   67.100  #908f90  144 4  0.0015
1006   67.500  #8f908f  144 5  0.0059
1007   67.600  #8f9090  144 6  0.0015
1008   67.700  #90908f  144 7  0.0015
1009   67.800  #909090  145 1  0.0015
1010   67.900  #909091  145 2  0.0015
1011   68.100  #919090  145 3  0.0029
1012   68.200  #919091  145 4  0.0015
1013   68.600  #909190  145 5  0.0058
1014   68.700  #909191  145 6  0.0015
1015   68.800  #919190  145 7  0.0015
1016   68.900  #919191  146 1  0.0015
1017   69.000  #919192  146 2  0.0015
1018   69.200  #929191  146 3  0.0029
1019   69.300  #929192  146 4  0.0014
1020   69.700  #919291  146 5  0.0058
1021   69.800  #919292  146 6  0.0014
1022   70.000  #929291  146 7  0.0029
1023   70.000  #929292  147 1  0.0000
1024   70.200  #929293  147 2  0.0029
1025   70.300  #939292  147 3  0.0014
1026   70.400  #939293  147 4  0.0014
1027   70.800  #929392  147 5  0.0057
1028   70.900  #929393  147 6  0.0014
1029   71.100  #939392  147 7  0.0028
1030   71.200  #939393  148 1  0.0014
1031   71.300  #939394  148 2  0.0014
1032   71.400  #949393  148 3  0.0014
1033   71.600  #949394  148 4  0.0028
1034   71.900  #939493  148 5  0.0042
1035   72.100  #939494  148 6  0.0028
1036   72.200  #949493  148 7  0.0014
1037   72.300  #949494  149 1  0.0014
1038   72.500  #949495  149 2  0.0028
1039   72.600  #959494  149 3  0.0014
1040   72.800  #959495  149 4  0.0028
1041   73.100  #949594  149 5  0.0041
1042   73.200  #949595  149 6  0.0014
1043   73.300  #959594  149 7  0.0014
1044   73.500  #959595  150 1  0.0027
1045   73.600  #959596  150 2  0.0014
1046   73.800  #969595  150 3  0.0027
1047   73.800  #969596  150 4  0.0000
1048   74.300  #959695  150 5  0.0068
1049   74.400  #959696  150 6  0.0013
1050   74.600  #969695  150 7  0.0027
1051   74.700  #969696  151 1  0.0013
1052   74.800  #969697  151 2  0.0013
1053   75.000  #979696  151 3  0.0027
1054   75.100  #979697  151 4  0.0013
1055   75.500  #969796  151 5  0.0053
1056   75.600  #969797  151 6  0.0013
1057   75.800  #979796  151 7  0.0026
1058   75.800  #979797  152 1  0.0000
1059   76.000  #979798  152 2  0.0026
1060   76.100  #989797  152 3  0.0013
1061   76.300  #989798  152 4  0.0026
1062   76.700  #979897  152 5  0.0052
1063   76.800  #979898  152 6  0.0013
1064   77.000  #989897  152 7  0.0026
1065   77.000  #989898  153 1  0.0000
1066   77.200  #989899  153 2  0.0026
1067   77.300  #999898  153 3  0.0013
1068   77.500  #999899  153 4  0.0026
1069   77.800  #989998  153 5  0.0039
1070   78.000  #989999  153 6  0.0026
1071   78.100  #999998  153 7  0.0013
1072   78.200  #999999  154 1  0.0013
1073   78.300  #99999a  154 2  0.0013
1074   78.500  #9a9999  154 3  0.0026
1075   78.700  #9a999a  154 4  0.0025
1076   79.000  #999a99  154 5  0.0038
1077   79.200  #999a9a  154 6  0.0025
1078   79.200  #9a9a99  154 7  0.0000
1079   79.500  #9a9a9a  155 1  0.0038
1080   79.500  #9a9a9b  155 2  0.0000
1081   79.700  #9b9a9a  155 3  0.0025
1082   79.800  #9b9a9b  155 4  0.0013
1083   80.300  #9a9b9a  155 5  0.0062
1084   80.400  #9a9b9b  155 6  0.0012
1085   80.500  #9b9b9a  155 7  0.0012
1086   80.700  #9b9b9b  156 1  0.0025
1087   80.800  #9b9b9c  156 2  0.0012
1088   81.100  #9c9b9b  156 3  0.0037
1089   81.000  #9c9b9c  156 4  -0.0012
1090   81.500  #9b9c9b  156 5  0.0062
1091   81.600  #9b9c9c  156 6  0.0012
1092   81.800  #9c9c9b  156 7  0.0024
1093   81.900  #9c9c9c  157 1  0.0012
1094   82.100  #9c9c9d  157 2  0.0024
1095   82.200  #9d9c9c  157 3  0.0012
1096   82.300  #9d9c9d  157 4  0.0012
1097   82.800  #9c9d9c  157 5  0.0061
1098   82.800  #9c9d9d  157 6  0.0000
1099   83.100  #9d9d9c  157 7  0.0036
1100   83.100  #9d9d9d  158 1  0.0000
1101   83.300  #9d9d9e  158 2  0.0024
1102   83.400  #9e9d9d  158 3  0.0012
1103   83.500  #9e9d9e  158 4  0.0012
1104   84.000  #9d9e9d  158 5  0.0060
1105   84.100  #9d9e9e  158 6  0.0012
1106   84.300  #9e9e9d  158 7  0.0024
1107   84.300  #9e9e9e  159 1  0.0000
1108   84.500  #9e9e9f  159 2  0.0024
1109   84.600  #9f9e9e  159 3  0.0012
1110   84.900  #9f9e9f  159 4  0.0035
1111   85.200  #9e9f9e  159 5  0.0035
1112   85.500  #9e9f9f  159 6  0.0035
1113   85.600  #9f9f9e  159 7  0.0012
1114   85.700  #9f9f9f  160 1  0.0012
1115   85.900  #9f9fa0  160 2  0.0023
1116   86.000  #a09f9f  160 3  0.0012
1117   86.200  #a09fa0  160 4  0.0023
1118   86.500  #9fa09f  160 5  0.0035
1119   86.700  #9fa0a0  160 6  0.0023
1120   86.700  #a0a09f  160 7  0.0000
1121   87.000  #a0a0a0  161 1  0.0035
1122   87.000  #a0a0a1  161 2  0.0000
1123   87.300  #a1a0a0  161 3  0.0034
1124   87.400  #a1a0a1  161 4  0.0011
1125   87.800  #a0a1a0  161 5  0.0046
1126   87.900  #a0a1a1  161 6  0.0011
1127   88.000  #a1a1a0  161 7  0.0011
1128   88.200  #a1a1a1  162 1  0.0023
1129   88.200  #a1a1a2  162 2  0.0000
1130   88.500  #a2a1a1  162 3  0.0034
1131   88.500  #a2a1a2  162 4  0.0000
1132   89.100  #a1a2a1  162 5  0.0068
1133   89.200  #a1a2a2  162 6  0.0011
1134   89.400  #a2a2a1  162 7  0.0022
1135   89.600  #a2a2a2  163 1  0.0022
1136   89.600  #a2a2a3  163 2  0.0000
1137   89.900  #a3a2a2  163 3  0.0033
1138   89.900  #a3a2a3  163 4  0.0000
1139   90.500  #a2a3a2  163 5  0.0067
1140   90.400  #a2a3a3  163 6  -0.0011
1141   90.700  #a3a3a2  163 7  0.0033
1142   90.800  #a3a3a3  164 1  0.0011
1143   90.900  #a3a3a4  164 2  0.0011
1144   91.200  #a4a3a3  164 3  0.0033
1145   91.200  #a4a3a4  164 4  0.0000
1146   91.700  #a3a4a3  164 5  0.0055
1147   91.700  #a3a4a4  164 6  0.0000
1148   92.000  #a4a4a3  164 7  0.0033
1149   92.000  #a4a4a4  165 1  0.0000
1150   92.200  #a4a4a5  165 2  0.0022
1151   92.500  #a5a4a4  165 3  0.0032
1152   92.600  #a5a4a5  165 4  0.0011
1153   93.100  #a4a5a4  165 5  0.0054
1154   93.000  #a4a5a5  165 6  -0.0011
1155   93.300  #a5a5a4  165 7  0.0032
1156   93.300  #a5a5a5  166 1  0.0000
1157   93.500  #a5a5a6  166 2  0.0021
1158   93.700  #a6a5a5  166 3  0.0021
1159   93.800  #a6a5a6  166 4  0.0011
1160   94.300  #a5a6a5  166 5  0.0053
1161   94.400  #a5a6a6  166 6  0.0011
1162   94.600  #a6a6a5  166 7  0.0021
1163   94.600  #a6a6a6  167 1  0.0000
1164   94.900  #a6a6a7  167 2  0.0032
1165   95.000  #a7a6a6  167 3  0.0011
1166   95.200  #a7a6a7  167 4  0.0021
1167   95.600  #a6a7a6  167 5  0.0042
1168   95.800  #a6a7a7  167 6  0.0021
1169   96.000  #a7a7a6  167 7  0.0021
1170   96.100  #a7a7a7  168 1  0.0010
1171   96.200  #a7a7a8  168 2  0.0010
1172   96.300  #a8a7a7  168 3  0.0010
1173   96.500  #a8a7a8  168 4  0.0021
1174   96.800  #a7a8a7  168 5  0.0031
1175   97.000  #a7a8a8  168 6  0.0021
1176   97.200  #a8a8a7  168 7  0.0021
1177   97.300  #a8a8a8  169 1  0.0010
1178   97.500  #a8a8a9  169 2  0.0021
1179   97.600  #a9a8a8  169 3  0.0010
1180   97.900  #a9a8a9  169 4  0.0031
1181   98.200  #a8a9a8  169 5  0.0031
1182   98.500  #a8a9a9  169 6  0.0031
1183   98.500  #a9a9a8  169 7  0.0000
1184   98.700  #a9a9a9  170 1  0.0020
1185   98.900  #a9a9aa  170 2  0.0020
1186   99.000  #aaa9a9  170 3  0.0010
1187   99.200  #aaa9aa  170 4  0.0020
1188   99.500  #a9aaa9  170 5  0.0030
1189   99.700  #a9aaaa  170 6  0.0020
1190   99.800  #aaaaa9  170 7  0.0010
1191  100.000  #aaaaaa  171 1  0.0020
1192  100.000  #aaaaab  171 2  0.0000
1193  100.000  #abaaaa  171 3  0.0000
1194  100.100  #abaaab  171 4  0.0010
1195  100.900  #aaabaa  171 5  0.0080
1196  101.000  #aaabab  171 6  0.0010
1197  100.900  #ababaa  171 7  -0.0010
1198  101.100  #ababab  172 1  0.0020
1199  101.000  #ababac  172 2  -0.0010
1200  101.300  #acabab  172 3  0.0030
1201  101.400  #acabac  172 4  0.0010
1202  101.800  #abacab  172 5  0.0039
1203  102.000  #abacac  172 6  0.0020
1204  102.100  #acacab  172 7  0.0010
1205  102.300  #acacac  173 1  0.0020
1206  102.300  #acacad  173 2  0.0000
1207  102.700  #adacac  173 3  0.0039
1208  102.700  #adacad  173 4  0.0000
1209  103.200  #acadac  173 5  0.0049
1210  103.300  #acadad  173 6  0.0010
1211  103.500  #adadac  173 7  0.0019
1212  103.700  #adadad  174 1  0.0019
1213  103.700  #adadae  174 2  0.0000
1214  104.000  #aeadad  174 3  0.0029
1215  104.000  #aeadae  174 4  0.0000
1216  104.600  #adaead  174 5  0.0058
1217  104.700  #adaeae  174 6  0.0010
1218  104.900  #aeaead  174 7  0.0019
1219  105.000  #aeaeae  175 1  0.0010
1220  105.100  #aeaeaf  175 2  0.0010
1221  105.300  #afaeae  175 3  0.0019
1222  105.300  #afaeaf  175 4  0.0000
1223  105.900  #aeafae  175 5  0.0057
1224  105.900  #aeafaf  175 6  0.0000
1225  106.300  #afafae  175 7  0.0038
1226  106.400  #afafaf  176 1  0.0009
1227  106.500  #afafb0  176 2  0.0009
1228  106.700  #b0afaf  176 3  0.0019
1229  106.800  #b0afb0  176 4  0.0009
1230  107.300  #afb0af  176 5  0.0047
1231  107.200  #afb0b0  176 6  -0.0009
1232  107.600  #b0b0af  176 7  0.0037
1233  107.600  #b0b0b0  177 1  0.0000
1234  107.800  #b0b0b1  177 2  0.0019
1235  108.000  #b1b0b0  177 3  0.0019
1236  108.100  #b1b0b1  177 4  0.0009
1237  108.600  #b0b1b0  177 5  0.0046
1238  108.700  #b0b1b1  177 6  0.0009
1239  109.000  #b1b1b0  177 7  0.0028
1240  109.000  #b1b1b1  178 1  0.0000
1241  109.200  #b1b1b2  178 2  0.0018
1242  109.400  #b2b1b1  178 3  0.0018
1243  109.400  #b2b1b2  178 4  0.0000
1244  110.000  #b1b2b1  178 5  0.0055
1245  110.000  #b1b2b2  178 6  0.0000
1246  110.300  #b2b2b1  178 7  0.0027
1247  110.400  #b2b2b2  179 1  0.0009
1248  110.600  #b2b2b3  179 2  0.0018
1249  110.800  #b3b2b2  179 3  0.0018
1250  110.900  #b3b2b3  179 4  0.0009
1251  111.400  #b2b3b2  179 5  0.0045
1252  111.400  #b2b3b3  179 6  0.0000
1253  111.700  #b3b3b2  179 7  0.0027
1254  111.700  #b3b3b3  180 1  0.0000
1255  112.000  #b3b3b4  180 2  0.0027
1256  112.100  #b4b3b3  180 3  0.0009
1257  112.300  #b4b3b4  180 4  0.0018
1258  112.700  #b3b4b3  180 5  0.0036
1259  112.800  #b3b4b4  180 6  0.0009
1260  113.100  #b4b4b3  180 7  0.0027
1261  113.100  #b4b4b4  181 1  0.0000
1262  113.300  #b4b4b5  181 2  0.0018
1263  113.500  #b5b4b4  181 3  0.0018
1264  113.600  #b5b4b5  181 4  0.0009
1265  114.100  #b4b5b4  181 5  0.0044
1266  114.200  #b4b5b5  181 6  0.0009
1267  114.500  #b5b5b4  181 7  0.0026
1268  114.500  #b5b5b5  182 1  0.0000
1269  114.800  #b5b5b6  182 2  0.0026
1270  115.000  #b6b5b5  182 3  0.0017
1271  115.000  #b6b5b6  182 4  0.0000
1272  115.500  #b5b6b5  182 5  0.0043
1273  115.600  #b5b6b6  182 6  0.0009
1274  115.800  #b6b6b5  182 7  0.0017
1275  115.900  #b6b6b6  183 1  0.0009
1276  116.100  #b6b6b7  183 2  0.0017
1277  116.300  #b7b6b6  183 3  0.0017
1278  116.500  #b7b6b7  183 4  0.0017
1279  117.000  #b6b7b6  183 5  0.0043
1280  117.000  #b6b7b7  183 6  0.0000
1281  117.300  #b7b7b6  183 7  0.0026
1282  117.300  #b7b7b7  184 1  0.0000
1283  117.500  #b7b7b8  184 2  0.0017
1284  117.700  #b8b7b7  184 3  0.0017
1285  117.800  #b8b7b8  184 4  0.0008
1286  118.400  #b7b8b7  184 5  0.0051
1287  118.400  #b7b8b8  184 6  0.0000
1288  118.600  #b8b8b7  184 7  0.0017
1289  118.700  #b8b8b8  185 1  0.0008
1290  118.900  #b8b8b9  185 2  0.0017
1291  119.100  #b9b8b8  185 3  0.0017
1292  119.200  #b9b8b9  185 4  0.0008
1293  119.700  #b8b9b8  185 5  0.0042
1294  119.700  #b8b9b9  185 6  0.0000
1295  120.000  #b9b9b8  185 7  0.0025
1296  120.200  #b9b9b9  186 1  0.0017
1297  120.300  #b9b9ba  186 2  0.0008
1298  120.400  #bab9b9  186 3  0.0008
1299  120.500  #bab9ba  186 4  0.0008
1300  121.100  #b9bab9  186 5  0.0050
1301  121.100  #b9baba  186 6  0.0000
1302  121.400  #babab9  186 7  0.0025
1303  121.600  #bababa  187 1  0.0016
1304  121.700  #bababb  187 2  0.0008
1305  121.900  #bbbaba  187 3  0.0016
1306  121.800  #bbbabb  187 4  -0.0008
1307  122.400  #babbba  187 5  0.0049
1308  122.500  #babbbb  187 6  0.0008
1309  122.800  #bbbbba  187 7  0.0024
1310  123.000  #bbbbbb  188 1  0.0016
1311  123.100  #bbbbbc  188 2  0.0008
1312  123.300  #bcbbbb  188 3  0.0016
1313  123.300  #bcbbbc  188 4  0.0000
1314  123.800  #bbbcbb  188 5  0.0040
1315  123.900  #bbbcbc  188 6  0.0008
1316  124.100  #bcbcbb  188 7  0.0016
1317  124.400  #bcbcbc  189 1  0.0024
1318  124.400  #bcbcbd  189 2  0.0000
1319  124.700  #bdbcbc  189 3  0.0024
1320  124.700  #bdbcbd  189 4  0.0000
1321  125.200  #bcbdbc  189 5  0.0040
1322  125.400  #bcbdbd  189 6  0.0016
1323  125.500  #bdbdbc  189 7  0.0008
1324  125.700  #bdbdbd  190 1  0.0016
1325  125.800  #bdbdbe  190 2  0.0008
1326  126.100  #bebdbd  190 3  0.0024
1327  126.200  #bebdbe  190 4  0.0008
1328  126.700  #bdbebd  190 5  0.0040
1329  126.800  #bdbebe  190 6  0.0008
1330  126.900  #bebebd  190 7  0.0008
1331  127.100  #bebebe  191 1  0.0016
1332  127.100  #bebebf  191 2  0.0000
1333  127.400  #bfbebe  191 3  0.0024
1334  127.600  #bfbebf  191 4  0.0016
1335  128.100  #bebfbe  191 5  0.0039
1336  128.300  #bebfbf  191 6  0.0016
1337  128.300  #bfbfbe  191 7  0.0000
1338  128.500  #bfbfbf  192 1  0.0016
1339  128.600  #bfbfc0  192 2  0.0008
1340  128.800  #c0bfbf  192 3  0.0016
1341  129.100  #c0bfc0  192 4  0.0023
1342  129.500  #bfc0bf  192 5  0.0031
1343  129.600  #bfc0c0  192 6  0.0008
1344  129.700  #c0c0bf  192 7  0.0008
1345  129.800  #c0c0c0  193 1  0.0008
1346  130.000  #c0c0c1  193 2  0.0015
1347  130.200  #c1c0c0  193 3  0.0015
1348  130.400  #c1c0c1  193 4  0.0015
1349  130.800  #c0c1c0  193 5  0.0031
1350  131.100  #c0c1c1  193 6  0.0023
1351  131.100  #c1c1c0  193 7  0.0000
1352  131.300  #c1c1c1  194 1  0.0015
1353  131.500  #c1c1c2  194 2  0.0015
1354  131.600  #c2c1c1  194 3  0.0008
1355  131.800  #c2c1c2  194 4  0.0015
1356  132.400  #c1c2c1  194 5  0.0045
1357  132.600  #c1c2c2  194 6  0.0015
1358  132.700  #c2c2c1  194 7  0.0008
1359  132.800  #c2c2c2  195 1  0.0008
1360  133.000  #c2c2c3  195 2  0.0015
1361  133.100  #c3c2c2  195 3  0.0008
1362  133.300  #c3c2c3  195 4  0.0015
1363  133.800  #c2c3c2  195 5  0.0037
1364  134.100  #c2c3c3  195 6  0.0022
1365  134.300  #c3c3c2  195 7  0.0015
1366  134.300  #c3c3c3  196 1  0.0000
1367  134.500  #c3c3c4  196 2  0.0015
1368  134.500  #c4c3c3  196 3  0.0000
1369  134.900  #c4c3c4  196 4  0.0030
1370  135.300  #c3c4c3  196 5  0.0030
1371  135.500  #c3c4c4  196 6  0.0015
1372  135.700  #c4c4c3  196 7  0.0015
1373  135.800  #c4c4c4  197 1  0.0007
1374  135.900  #c4c4c5  197 2  0.0007
1375  136.000  #c5c4c4  197 3  0.0007
1376  136.200  #c5c4c5  197 4  0.0015
1377  136.900  #c4c5c4  197 5  0.0051
1378  137.000  #c4c5c5  197 6  0.0007
1379  137.300  #c5c5c4  197 7  0.0022
1380  137.200  #c5c5c5  198 1  -0.0007
1381  137.500  #c5c5c6  198 2  0.0022
1382  137.600  #c6c5c5  198 3  0.0007
1383  137.800  #c6c5c6  198 4  0.0015
1384  138.500  #c5c6c5  198 5  0.0051
1385  138.600  #c5c6c6  198 6  0.0007
1386  138.800  #c6c6c5  198 7  0.0014
1387  138.900  #c6c6c6  199 1  0.0007
1388  139.000  #c6c6c7  199 2  0.0007
1389  139.300  #c7c6c6  199 3  0.0022
1390  139.400  #c7c6c7  199 4  0.0007
1391  140.100  #c6c7c6  199 5  0.0050
1392  140.100  #c6c7c7  199 6  0.0000
1393  140.400  #c7c7c6  199 7  0.0021
1394  140.500  #c7c7c7  200 1  0.0007
1395  140.500  #c7c7c8  200 2  0.0000
1396  140.600  #c8c7c7  200 3  0.0007
1397  140.500  #c8c7c8  200 4  -0.0007
1398  141.600  #c7c8c7  200 5  0.0078
1399  141.600  #c7c8c8  200 6  0.0000
1400  141.500  #c8c8c7  200 7  -0.0007
1401  141.600  #c8c8c8  201 1  0.0007
1402  141.600  #c8c8c9  201 2  0.0000
1403  141.900  #c9c8c8  201 3  0.0021
1404  142.100  #c9c8c9  201 4  0.0014
1405  142.700  #c8c9c8  201 5  0.0042
1406  142.900  #c8c9c9  201 6  0.0014
1407  142.900  #c9c9c8  201 7  0.0000
1408  143.200  #c9c9c9  202 1  0.0021
1409  143.300  #c9c9ca  202 2  0.0007
1410  143.600  #cac9c9  202 3  0.0021
1411  143.900  #cac9ca  202 4  0.0021
1412  144.300  #c9cac9  202 5  0.0028
1413  144.500  #c9caca  202 6  0.0014
1414  144.600  #cacac9  202 7  0.0007
1415  144.900  #cacaca  203 1  0.0021
1416  145.100  #cacacb  203 2  0.0014
1417  145.200  #cbcaca  203 3  0.0007
1418  145.400  #cbcacb  203 4  0.0014
1419  145.900  #cacbca  203 5  0.0034
1420  146.200  #cacbcb  203 6  0.0021
1421  146.400  #cbcbca  203 7  0.0014
1422  146.500  #cbcbcb  204 1  0.0007
1423  146.700  #cbcbcc  204 2  0.0014
1424  146.700  #cccbcb  204 3  0.0000
1425  147.000  #cccbcc  204 4  0.0020
1426  147.600  #cbcccb  204 5  0.0041
1427  147.700  #cbcccc  204 6  0.0007
1428  148.100  #cccccb  204 7  0.0027
1429  148.000  #cccccc  205 1  -0.0007
1430  148.200  #cccccd  205 2  0.0014
1431  148.500  #cdcccc  205 3  0.0020
1432  148.600  #cdcccd  205 4  0.0007
1433  149.300  #cccdcc  205 5  0.0047
1434  149.300  #cccdcd  205 6  0.0000
1435  149.600  #cdcdcc  205 7  0.0020
1436  149.600  #cdcdcd  206 1  0.0000
1437  149.900  #cdcdce  206 2  0.0020
1438  150.200  #cecdcd  206 3  0.0020
1439  150.200  #cecdce  206 4  0.0000
1440  150.900  #cdcecd  206 5  0.0046
1441  150.900  #cdcece  206 6  0.0000
1442  151.200  #cececd  206 7  0.0020
1443  151.500  #cecece  207 1  0.0020
1444  151.500  #cececf  207 2  0.0000
1445  151.900  #cfcece  207 3  0.0026
1446  151.900  #cfcecf  207 4  0.0000
1447  152.500  #cecfce  207 5  0.0039
1448  152.800  #cecfcf  207 6  0.0020
1449  152.800  #cfcfce  207 7  0.0000
1450  153.100  #cfcfcf  208 1  0.0020
1451  153.100  #cfcfd0  208 2  0.0000
1452  153.300  #d0cfcf  208 3  0.0013
1453  153.700  #d0cfd0  208 4  0.0026
1454  154.000  #cfd0cf  208 5  0.0019
1455  154.300  #cfd0d0  208 6  0.0019
1456  154.500  #d0d0cf  208 7  0.0013
1457  154.600  #d0d0d0  209 1  0.0006
1458  154.800  #d0d0d1  209 2  0.0013
1459  155.000  #d1d0d0  209 3  0.0013
1460  155.300  #d1d0d1  209 4  0.0019
1461  155.800  #d0d1d0  209 5  0.0032
1462  155.800  #d0d1d1  209 6  0.0000
1463  156.200  #d1d1d0  209 7  0.0026
1464  156.300  #d1d1d1  210 1  0.0006
1465  156.600  #d1d1d2  210 2  0.0019
1466  156.800  #d2d1d1  210 3  0.0013
1467  156.800  #d2d1d2  210 4  0.0000
1468  157.600  #d1d2d1  210 5  0.0051
1469  157.600  #d1d2d2  210 6  0.0000
1470  158.000  #d2d2d1  210 7  0.0025
1471  158.100  #d2d2d2  211 1  0.0006
1472  158.100  #d2d2d3  211 2  0.0000
1473  158.500  #d3d2d2  211 3  0.0025
1474  158.600  #d3d2d3  211 4  0.0006
1475  159.200  #d2d3d2  211 5  0.0038
1476  159.400  #d2d3d3  211 6  0.0013
1477  159.500  #d3d3d2  211 7  0.0006
1478  159.800  #d3d3d3  212 1  0.0019
1479  159.800  #d3d3d4  212 2  0.0000
1480  160.000  #d4d3d3  212 3  0.0013
1481  160.200  #d4d3d4  212 4  0.0012
1482  160.700  #d3d4d3  212 5  0.0031
1483  160.900  #d3d4d4  212 6  0.0012
1484  161.100  #d4d4d3  212 7  0.0012
1485  161.100  #d4d4d4  213 1  0.0000
1486  161.500  #d4d4d5  213 2  0.0025
1487  161.500  #d5d4d4  213 3  0.0000
1488  161.900  #d5d4d5  213 4  0.0025
1489  162.400  #d4d5d4  213 5  0.0031
1490  162.500  #d4d5d5  213 6  0.0006
1491  162.900  #d5d5d4  213 7  0.0025
1492  162.900  #d5d5d5  214 1  0.0000
1493  163.100  #d5d5d6  214 2  0.0012
1494  163.400  #d6d5d5  214 3  0.0018
1495  163.400  #d6d5d6  214 4  0.0000
1496  164.200  #d5d6d5  214 5  0.0049
1497  164.300  #d5d6d6  214 6  0.0006
1498  164.500  #d6d6d5  214 7  0.0012
1499  164.800  #d6d6d6  215 1  0.0018
1500  164.800  #d6d6d7  215 2  0.0000
1501  165.100  #d7d6d6  215 3  0.0018
1502  165.200  #d7d6d7  215 4  0.0006
1503  165.700  #d6d7d6  215 5  0.0030
1504  166.000  #d6d7d7  215 6  0.0018
1505  166.200  #d7d7d6  215 7  0.0012
1506  166.300  #d7d7d7  216 1  0.0006
1507  166.600  #d7d7d8  216 2  0.0018
1508  166.600  #d8d7d7  216 3  0.0000
1509  166.900  #d8d7d8  216 4  0.0018
1510  167.500  #d7d8d7  216 5  0.0036
1511  167.500  #d7d8d8  216 6  0.0000
1512  167.800  #d8d8d7  216 7  0.0018
1513  167.800  #d8d8d8  217 1  0.0000
1514  168.100  #d8d8d9  217 2  0.0018
1515  168.400  #d9d8d8  217 3  0.0018
1516  168.400  #d9d8d9  217 4  0.0000
1517  169.100  #d8d9d8  217 5  0.0041
1518  169.400  #d8d9d9  217 6  0.0018
1519  169.500  #d9d9d8  217 7  0.0006
1520  169.700  #d9d9d9  218 1  0.0012
1521  169.900  #d9d9da  218 2  0.0012
1522  170.100  #dad9d9  218 3  0.0012
1523  170.300  #dad9da  218 4  0.0012
1524  170.800  #d9dad9  218 5  0.0029
1525  171.100  #d9dada  218 6  0.0018
1526  171.400  #dadad9  218 7  0.0018
1527  171.400  #dadada  219 1  0.0000
1528  171.700  #dadadb  219 2  0.0017
1529  172.000  #dbdada  219 3  0.0017
1530  172.000  #dbdadb  219 4  0.0000
1531  172.700  #dadbda  219 5  0.0041
1532  172.800  #dadbdb  219 6  0.0006
1533  173.000  #dbdbda  219 7  0.0012
1534  173.200  #dbdbdb  220 1  0.0012
1535  173.200  #dbdbdc  220 2  0.0000
1536  173.600  #dcdbdb  220 3  0.0023
1537  173.700  #dcdbdc  220 4  0.0006
1538  174.100  #dbdcdb  220 5  0.0023
1539  174.500  #dbdcdc  220 6  0.0023
1540  174.700  #dcdcdb  220 7  0.0011
1541  174.700  #dcdcdc  221 1  0.0000
1542  175.000  #dcdcdd  221 2  0.0017
1543  175.200  #dddcdc  221 3  0.0011
1544  175.200  #dddcdd  221 4  0.0000
1545  175.000  #dcdddc  221 5  -0.0011
1546  176.000  #dcdddd  221 6  0.0057
1547  176.000  #dddddc  221 7  0.0000
1548  176.000  #dddddd  222 1  0.0000
1549  176.000  #ddddde  222 2  0.0000
1550  176.000  #dedddd  222 3  0.0000
1551  177.000  #deddde  222 4  0.0057
1552  177.000  #dddedd  222 5  0.0000
1553  177.000  #dddede  222 6  0.0000
1554  178.000  #dededd  222 7  0.0056
1555  178.000  #dedede  223 1  0.0000
1556  178.000  #dededf  223 2  0.0000
1557  178.000  #dfdede  223 3  0.0000
1558  178.000  #dfdedf  223 4  0.0000
1559  179.000  #dedfde  223 5  0.0056
1560  179.000  #dedfdf  223 6  0.0000
1561  179.000  #dfdfde  223 7  0.0000
1562  180.000  #dfdfdf  224 1  0.0056
1563  180.000  #dfdfe0  224 2  0.0000
1564  180.000  #e0dfdf  224 3  0.0000
1565  180.000  #e0dfe0  224 4  0.0000
1566  181.000  #dfe0df  224 5  0.0055
1567  181.000  #dfe0e0  224 6  0.0000
1568  181.000  #e0e0df  224 7  0.0000
1569  181.000  #e0e0e0  225 1  0.0000
1570  181.000  #e0e0e1  225 2  0.0000
1571  181.000  #e1e0e0  225 3  0.0000
1572  182.000  #e1e0e1  225 4  0.0055
1573  182.000  #e0e1e0  225 5  0.0000
1574  182.000  #e0e1e1  225 6  0.0000
1575  182.000  #e1e1e0  225 7  0.0000
1576  183.000  #e1e1e1  226 1  0.0055
1577  183.000  #e1e1e2  226 2  0.0000
1578  183.000  #e2e1e1  226 3  0.0000
1579  183.000  #e2e1e2  226 4  0.0000
1580  184.000  #e1e2e1  226 5  0.0054
1581  184.000  #e1e2e2  226 6  0.0000
1582  184.000  #e2e2e1  226 7  0.0000
1583  184.000  #e2e2e2  227 1  0.0000
1584  185.000  #e2e2e3  227 2  0.0054
1585  185.000  #e3e2e2  227 3  0.0000
1586  185.000  #e3e2e3  227 4  0.0000
1587  185.000  #e2e3e2  227 5  0.0000
1588  185.000  #e2e3e3  227 6  0.0000
1589  186.000  #e3e3e2  227 7  0.0054
1590  186.000  #e3e3e3  228 1  0.0000
1591  186.000  #e3e3e4  228 2  0.0000
1592  186.000  #e4e3e3  228 3  0.0000
1593  186.000  #e4e3e4  228 4  0.0000
1594  187.000  #e3e4e3  228 5  0.0054
1595  187.000  #e3e4e4  228 6  0.0000
1596  187.000  #e4e4e3  228 7  0.0000
1597  187.000  #e4e4e4  229 1  0.0000
1598  187.000  #e4e4e5  229 2  0.0000
1599  187.000  #e5e4e4  229 3  0.0000
1600  188.000  #e5e4e5  229 4  0.0053
1601  188.000  #e4e5e4  229 5  0.0000
1602  188.000  #e4e5e5  229 6  0.0000
1603  189.000  #e5e5e4  229 7  0.0053
1604  189.000  #e5e5e5  230 1  0.0000
1605  189.000  #e5e5e6  230 2  0.0000
1606  189.000  #e6e5e5  230 3  0.0000
1607  190.000  #e6e5e6  230 4  0.0053
1608  190.000  #e5e6e5  230 5  0.0000
1609  190.000  #e5e6e6  230 6  0.0000
1610  190.000  #e6e6e5  230 7  0.0000
1611  191.000  #e6e6e6  231 1  0.0052
1612  191.000  #e6e6e7  231 2  0.0000
1613  191.000  #e7e6e6  231 3  0.0000
1614  191.000  #e7e6e7  231 4  0.0000
1615  192.000  #e6e7e6  231 5  0.0052
1616  192.000  #e6e7e7  231 6  0.0000
1617  192.000  #e7e7e6  231 7  0.0000
1618  192.000  #e7e7e7  232 1  0.0000
1619  192.000  #e7e7e8  232 2  0.0000
1620  193.000  #e8e7e7  232 3  0.0052
1621  193.000  #e8e7e8  232 4  0.0000
1622  193.000  #e7e8e7  232 5  0.0000
1623  194.000  #e7e8e8  232 6  0.0052
1624  194.000  #e8e8e7  232 7  0.0000
1625  194.000  #e8e8e8  233 1  0.0000
1626  194.000  #e8e8e9  233 2  0.0000
1627  194.000  #e9e8e8  233 3  0.0000
1628  194.000  #e9e8e9  233 4  0.0000
1629  195.000  #e8e9e8  233 5  0.0051
1630  195.000  #e8e9e9  233 6  0.0000
1631  195.000  #e9e9e8  233 7  0.0000
1632  195.000  #e9e9e9  234 1  0.0000
1633  195.000  #e9e9ea  234 2  0.0000
1634  195.000  #eae9e9  234 3  0.0000
1635  196.000  #eae9ea  234 4  0.0051
1636  197.000  #e9eae9  234 5  0.0051
1637  197.000  #e9eaea  234 6  0.0000
1638  197.000  #eaeae9  234 7  0.0000
1639  197.000  #eaeaea  235 1  0.0000
1640  197.000  #eaeaeb  235 2  0.0000
1641  197.000  #ebeaea  235 3  0.0000
1642  198.000  #ebeaeb  235 4  0.0051
1643  198.000  #eaebea  235 5  0.0000
1644  198.000  #eaebeb  235 6  0.0000
1645  199.000  #ebebea  235 7  0.0050
1646  199.000  #ebebeb  236 1  0.0000
1647  199.000  #ebebec  236 2  0.0000
1648  199.000  #ecebeb  236 3  0.0000
1649  199.000  #ecebec  236 4  0.0000
1650  200.000  #ebeceb  236 5  0.0050
1651  200.000  #ebecec  236 6  0.0000
1652  200.000  #ececeb  236 7  0.0000
1653  200.000  #ececec  237 1  0.0000
1654  200.000  #ececed  237 2  0.0000
1655  200.000  #edecec  237 3  0.0000
1656  201.000  #edeced  237 4  0.0050
1657  201.000  #ecedec  237 5  0.0000
1658  201.000  #eceded  237 6  0.0000
1659  202.000  #ededec  237 7  0.0050
1660  202.000  #ededed  238 1  0.0000
1661  202.000  #ededee  238 2  0.0000
1662  202.000  #eeeded  238 3  0.0000
1663  202.000  #eeedee  238 4  0.0000
1664  203.000  #edeeed  238 5  0.0049
1665  203.000  #edeeee  238 6  0.0000
1666  203.000  #eeeeed  238 7  0.0000
1667  204.000  #eeeeee  239 1  0.0049
1668  204.000  #eeeeef  239 2  0.0000
1669  204.000  #efeeee  239 3  0.0000
1670  204.000  #efeeef  239 4  0.0000
1671  205.000  #eeefee  239 5  0.0049
1672  205.000  #eeefef  239 6  0.0000
1673  205.000  #efefee  239 7  0.0000
1674  205.000  #efefef  240 1  0.0000
1675  205.000  #efeff0  240 2  0.0000
1676  205.000  #f0efef  240 3  0.0000
1677  206.000  #f0eff0  240 4  0.0049
1678  206.000  #eff0ef  240 5  0.0000
1679  206.000  #eff0f0  240 6  0.0000
1680  206.000  #f0f0ef  240 7  0.0000
1681  207.000  #f0f0f0  241 1  0.0048
1682  207.000  #f0f0f1  241 2  0.0000
1683  207.000  #f1f0f0  241 3  0.0000
1684  207.000  #f1f0f1  241 4  0.0000
1685  208.000  #f0f1f0  241 5  0.0048
1686  208.000  #f0f1f1  241 6  0.0000
1687  208.000  #f1f1f0  241 7  0.0000
1688  208.000  #f1f1f1  242 1  0.0000
1689  208.000  #f1f1f2  242 2  0.0000
1690  208.000  #f2f1f1  242 3  0.0000
1691  209.000  #f2f1f2  242 4  0.0048
1692  210.000  #f1f2f1  242 5  0.0048
1693  209.000  #f1f2f2  242 6  -0.0048
1694  210.000  #f2f2f1  242 7  0.0048
1695  210.000  #f2f2f2  243 1  0.0000
1696  210.000  #f2f2f3  243 2  0.0000
1697  210.000  #f3f2f2  243 3  0.0000
1698  210.000  #f3f2f3  243 4  0.0000
1699  211.000  #f2f3f2  243 5  0.0048
1700  211.000  #f2f3f3  243 6  0.0000
1701  211.000  #f3f3f2  243 7  0.0000
1702  212.000  #f3f3f3  244 1  0.0047
1703  212.000  #f3f3f4  244 2  0.0000
1704  212.000  #f4f3f3  244 3  0.0000
1705  212.000  #f4f3f4  244 4  0.0000
1706  212.000  #f3f4f3  244 5  0.0000
1707  212.000  #f3f4f4  244 6  0.0000
1708  213.000  #f4f4f3  244 7  0.0047
1709  213.000  #f4f4f4  245 1  0.0000
1710  213.000  #f4f4f5  245 2  0.0000
1711  213.000  #f5f4f4  245 3  0.0000
1712  213.000  #f5f4f5  245 4  0.0000
1713  214.000  #f4f5f4  245 5  0.0047
1714  214.000  #f4f5f5  245 6  0.0000
1715  214.000  #f5f5f4  245 7  0.0000
1716  214.000  #f5f5f5  246 1  0.0000
1717  214.000  #f5f5f6  246 2  0.0000
1718  215.000  #f6f5f5  246 3  0.0047
1719  215.000  #f6f5f6  246 4  0.0000
1720  216.000  #f5f6f5  246 5  0.0046
1721  216.000  #f5f6f6  246 6  0.0000
1722  216.000  #f6f6f5  246 7  0.0000
1723  216.000  #f6f6f6  247 1  0.0000
1724  216.000  #f6f6f7  247 2  0.0000
1725  217.000  #f7f6f6  247 3  0.0046
1726  217.000  #f7f6f7  247 4  0.0000
1727  217.000  #f6f7f6  247 5  0.0000
1728  217.000  #f6f7f7  247 6  0.0000
1729  218.000  #f7f7f6  247 7  0.0046
1730  218.000  #f7f7f7  248 1  0.0000
1731  218.000  #f7f7f8  248 2  0.0000
1732  218.000  #f8f7f7  248 3  0.0000
1733  218.000  #f8f7f8  248 4  0.0000
1734  219.000  #f7f8f7  248 5  0.0046
1735  219.000  #f7f8f8  248 6  0.0000
1736  219.000  #f8f8f7  248 7  0.0000
1737  219.000  #f8f8f8  249 1  0.0000
1738  219.000  #f8f8f9  249 2  0.0000
1739  219.000  #f9f8f8  249 3  0.0000
1740  219.000  #f9f8f9  249 4  0.0000
1741  220.000  #f8f9f8  249 5  0.0046
1742  220.000  #f8f9f9  249 6  0.0000
1743  220.000  #f9f9f8  249 7  0.0000
1744  220.000  #f9f9f9  250 1  0.0000
1745  220.000  #f9f9fa  250 2  0.0000
1746  221.000  #faf9f9  250 3  0.0045
1747  221.000  #faf9fa  250 4  0.0000
1748  222.000  #f9faf9  250 5  0.0045
1749  222.000  #f9fafa  250 6  0.0000
1750  222.000  #fafaf9  250 7  0.0000
1751  222.000  #fafafa  251 1  0.0000
1752  222.000  #fafafb  251 2  0.0000
1753  222.000  #fbfafa  251 3  0.0000
1754  222.000  #fbfafb  251 4  0.0000
1755  223.000  #fafbfa  251 5  0.0045
1756  223.000  #fafbfb  251 6  0.0000
1757  223.000  #fbfbfa  251 7  0.0000
1758  224.000  #fbfbfb  252 1  0.0045
1759  224.000  #fbfbfc  252 2  0.0000
1760  224.000  #fcfbfb  252 3  0.0000
1761  224.000  #fcfbfc  252 4  0.0000
1762  224.000  #fbfcfb  252 5  0.0000
1763  224.000  #fbfcfc  252 6  0.0000
1764  225.000  #fcfcfb  252 7  0.0045
1765  225.000  #fcfcfc  253 1  0.0000
1766  225.000  #fcfcfd  253 2  0.0000
1767  225.000  #fdfcfc  253 3  0.0000
1768  225.000  #fdfcfd  253 4  0.0000
1769  225.000  #fcfdfc  253 5  0.0000
1770  225.000  #fcfdfd  253 6  0.0000
1771  226.000  #fdfdfc  253 7  0.0044
1772  226.000  #fdfdfd  254 1  0.0000
1773  226.000  #fdfdfe  254 2  0.0000
1774  226.000  #fefdfd  254 3  0.0000
1775  226.000  #fefdfe  254 4  0.0000
1776  227.000  #fdfefd  254 5  0.0044
1777  227.000  #fdfefe  254 6  0.0000
1778  227.000  #fefefd  254 7  0.0000
1779  227.000  #fefefe  255 1  0.0000
1780  227.000  #fefeff  255 2  0.0000
1781  228.000  #fffefe  255 3  0.0044
1782  228.000  #fffeff  255 4  0.0000
1783  229.000  #fefffe  255 5  0.0044
1784  229.000  #feffff  255 6  0.0000
1785  229.000  #fffffe  255 7  0.0000
1786  229.000  #ffffff  256 1  0.0000
