# LutGenerate 2.4 - 07/23/08 13:19:49 - #  Display ID: DELL_2007FP_C95367C41ADL
# Ambient = 0.18   Max. Luminance = 212.000   Luminance Ratio = 350.00
#  lumResponse vers. 1.6 - 07/23/08 13:16:59
#  iLdelay=1  avgN=1  ILlimit_plus=0.20 ILlimit_minus=-0.05  R=24.0% G=66.9% B=9.1%
 DV    R    G    B     target Lum+Lamb   uLR Lum+Lamb
  1:  008  007  008           0.606      0.606
  2:  008  009  008           0.644      0.649
  3:  010  009  010           0.683      0.684
  4:  010  010  009           0.724      0.724
  5:  011  010  011           0.766      0.758
  6:  011  011  010           0.809      0.806
  7:  011  012  012           0.854      0.855
  8:  012  013  012           0.901      0.910
  9:  014  013  013           0.949      0.957
 10:  013  014  013           0.998      1.002
 11:  014  014  015           1.049      1.050
 12:  014  015  014           1.102      1.120
 13:  015  015  014           1.156      1.150
 14:  015  016  015           1.212      1.220
 15:  017  016  016           1.269      1.273
 16:  017  017  016           1.328      1.333
 17:  018  017  018           1.389      1.385
 18:  018  018  017           1.452      1.461
 19:  019  018  018           1.516      1.510
 20:  018  019  019           1.582      1.584
 21:  020  019  019           1.650      1.650
 22:  020  020  019           1.720      1.728
 23:  021  020  021           1.791      1.785
 24:  021  021  020           1.865      1.861
 25:  022  021  022           1.940      1.930
 26:  021  022  022           2.017      2.020
 27:  022  022  023           2.096      2.090
 28:  022  023  022           2.177      2.210
 29:  023  023  022           2.261      2.260
 30:  024  023  024           2.346      2.340
 31:  024  024  023           2.433      2.440
 32:  025  024  025           2.522      2.520
 33:  025  025  024           2.614      2.620
 34:  026  025  025           2.708      2.700
 35:  025  026  025           2.803      2.800
 36:  026  026  027           2.901      2.900
 37:  027  026  027           3.002      2.970
 38:  027  027  026           3.104      3.120
 39:  028  027  027           3.209      3.200
 40:  027  028  028           3.316      3.310
 41:  029  028  029           3.426      3.420
 42:  029  029  028           3.538      3.540
 43:  030  029  030           3.652      3.620
 44:  030  030  030           3.769      3.770
 45:  031  030  031           3.888      3.850
 46:  031  031  031           4.010      4.020
 47:  031  032  031           4.134      4.160
 48:  032  032  033           4.261      4.270
 49:  032  033  032           4.391      4.390
 50:  034  033  033           4.523      4.520
 51:  033  034  034           4.658      4.640
 52:  035  034  035           4.796      4.790
 53:  035  035  034           4.937      4.940
 54:  036  035  036           5.080      5.050
 55:  036  036  037           5.226      5.230
 56:  036  037  036           5.375      5.370
 57:  038  037  037           5.527      5.520
 58:  037  038  038           5.682      5.660
 59:  039  038  039           5.841      5.830
 60:  039  039  038           6.002      6.000
 61:  039  040  039           6.166      6.200
 62:  040  040  041           6.333      6.320
 63:  040  041  040           6.504      6.490
 64:  042  041  042           6.677      6.690
 65:  042  042  041           6.855      6.880
 66:  043  042  043           7.035      7.020
 67:  043  043  042           7.219      7.220
 68:  043  044  043           7.406      7.460
 69:  044  044  045           7.596      7.580
 70:  044  045  045           7.790      7.800
 71:  046  045  046           7.988      8.000
 72:  046  046  045           8.189      8.200
 73:  047  046  047           8.394      8.360
 74:  047  047  047           8.602      8.600
 75:  047  048  047           8.815      8.840
 76:  049  048  048           9.031      9.040
 77:  049  049  048           9.251      9.260
 78:  050  049  050           9.474      9.430
 79:  050  050  051           9.702      9.720
 80:  050  051  050           9.934      9.940
 81:  052  051  051          10.170     10.160
 82:  052  052  051          10.410     10.420
 83:  052  053  052          10.654     10.710
 84:  054  053  053          10.902     10.940
 85:  053  054  054          11.154     11.150
 86:  055  054  055          11.411     11.400
 87:  055  055  055          11.673     11.660
 88:  055  056  055          11.938     11.950
 89:  057  056  056          12.208     12.180
 90:  057  057  058          12.483     12.480
 91:  057  058  057          12.763     12.750
 92:  059  058  059          13.047     13.050
 93:  059  059  059          13.336     13.360
 94:  059  060  059          13.629     13.650
 95:  061  060  061          13.928     13.940
 96:  061  061  061          14.232     14.230
 97:  061  062  061          14.540     14.520
 98:  063  062  063          14.854     14.820
 99:  063  063  064          15.173     15.180
100:  063  064  064          15.497     15.480
101:  064  065  064          15.826     15.890
102:  066  065  065          16.161     16.170
103:  066  066  065          16.501     16.480
104:  066  067  066          16.846     16.860
105:  068  067  068          17.197     17.200
106:  068  068  069          17.554     17.570
107:  068  069  069          17.917     17.880
108:  069  070  069          18.285     18.280
109:  071  070  071          18.660     18.680
110:  071  071  071          19.040     19.080
111:  071  072  071          19.426     19.380
112:  073  072  073          19.819     19.780
113:  073  073  074          20.217     20.180
114:  074  074  073          20.622     20.580
115:  074  075  074          21.033     21.080
116:  076  075  075          21.451     21.380
117:  076  076  076          21.875     21.880
118:  076  077  077          22.306     22.280
119:  077  078  077          22.744     22.780
120:  079  078  078          23.189     23.180
121:  080  079  079          23.640     23.680
122:  080  080  079          24.098     24.080
123:  080  081  080          24.564     24.580
124:  082  081  082          25.037     24.980
125:  082  082  083          25.516     25.480
126:  083  083  082          26.004     25.980
127:  085  084  084          26.499     26.480
128:  086  085  085          27.001     26.980
129:  086  086  087          27.511     27.480
130:  087  087  086          28.029     27.980
131:  088  088  087          28.555     28.580
132:  088  089  089          29.088     29.080
133:  089  090  090          29.630     29.680
134:  090  091  090          30.180     30.180
135:  092  091  092          30.738     30.680
136:  093  092  092          31.305     31.280
137:  094  093  093          31.881     31.880
138:  095  094  094          32.464     32.480
139:  095  095  096          33.057     33.080
140:  096  096  097          33.659     33.680
141:  097  097  098          34.269     34.280
142:  098  098  098          34.889     34.880
143:  099  099  100          35.518     35.480
144:  100  100  100          36.156     36.180
145:  101  101  101          36.804     36.780
146:  102  102  101          37.462     37.380
147:  103  103  102          38.129     38.080
148:  104  104  104          38.806     38.780
149:  105  105  106          39.493     39.480
150:  106  106  107          40.190     40.180
151:  108  107  107          40.898     40.880
152:  109  108  108          41.615     41.580
153:  109  110  109          42.344     42.380
154:  110  111  110          43.083     43.080
155:  112  112  111          43.833     43.880
156:  113  113  114          44.594     44.580
157:  115  114  115          45.366     45.380
158:  116  115  116          46.149     46.080
159:  117  117  116          46.944     46.980
160:  118  118  118          47.750     47.780
161:  120  119  120          48.568     48.580
162:  120  121  120          49.398     49.480
163:  122  122  121          50.240     50.280
164:  123  123  123          51.094     51.080
165:  125  124  125          51.961     51.980
166:  126  125  126          52.840     52.880
167:  127  126  126          53.732     53.680
168:  128  127  127          54.636     54.580
169:  129  128  129          55.554     55.480
170:  129  130  129          56.485     56.580
171:  131  130  131          57.429     57.280
172:  131  132  131          58.387     58.480
173:  132  133  132          59.358     59.380
174:  133  134  134          60.344     60.380
175:  134  135  135          61.343     61.280
176:  136  136  135          62.357     62.380
177:  137  137  136          63.385     63.380
178:  138  138  138          64.428     64.480
179:  139  139  140          65.486     65.580
180:  141  140  140          66.559     66.580
181:  142  141  141          67.647     67.680
182:  143  142  142          68.751     68.680
183:  143  144  143          69.870     69.980
184:  144  145  144          71.006     70.980
185:  145  146  145          72.157     72.080
186:  147  147  146          73.325     73.280
187:  148  148  148          74.509     74.480
188:  149  149  150          75.710     75.680
189:  151  150  150          76.927     76.880
190:  152  151  151          78.162     78.080
191:  152  153  152          79.415     79.480
192:  153  154  154          80.685     80.780
193:  155  155  154          81.973     82.080
194:  156  156  156          83.279     83.280
195:  158  157  157          84.603     84.680
196:  159  158  159          85.946     85.980
197:  159  160  159          87.308     87.380
198:  161  161  160          88.689     88.780
199:  162  162  162          90.090     90.180
200:  163  163  164          91.510     91.380
201:  164  165  165          92.949     93.180
202:  165  166  165          94.409     94.380
203:  167  167  167          95.890     95.980
204:  169  168  169          97.391     97.480
205:  169  170  169          98.913     99.080
206:  171  171  170         100.456    100.380
207:  172  172  173         102.020    101.880
208:  173  174  174         103.607    103.680
209:  175  175  174         105.215    105.180
210:  177  176  177         106.846    106.980
211:  177  178  177         108.500    108.580
212:  179  179  179         110.176    110.180
213:  181  180  181         111.876    111.780
214:  182  182  181         113.599    113.680
215:  184  183  183         115.347    115.280
216:  184  185  185         117.118    117.080
217:  186  186  187         118.914    118.780
218:  187  188  187         120.735    120.680
219:  190  189  189         122.581    122.680
220:  190  191  190         124.452    124.480
221:  192  192  193         126.350    126.480
222:  194  193  193         128.273    128.080
223:  194  195  195         130.223    130.280
224:  196  196  197         132.200    132.180
225:  197  198  197         134.204    134.480
226:  199  199  200         136.236    136.280
227:  201  200  201         138.296    138.180
228:  202  202  202         140.384    140.480
229:  204  203  203         142.501    142.580
230:  204  205  205         144.647    144.680
231:  206  206  207         146.823    146.680
232:  207  208  207         149.028    148.980
233:  210  209  210         151.263    151.280
234:  210  211  211         153.530    153.580
235:  213  212  212         155.827    155.680
236:  213  214  214         158.156    158.180
237:  216  215  216         160.517    160.480
238:  217  217  218         162.910    162.980
239:  218  219  218         165.336    165.380
240:  221  220  221         167.795    167.880
241:  222  222  223         170.287    170.380
242:  223  224  224         172.814    172.880
243:  226  225  226         175.375    175.380
244:  227  228  227         177.972    178.180
245:  229  229  228         180.603    180.180
246:  231  231  231         183.271    183.180
247:  234  233  233         185.975    186.180
248:  236  235  235         188.716    189.180
249:  236  237  237         191.494    191.180
250:  238  239  238         194.311    194.180
251:  241  241  241         197.165    197.180
252:  243  243  244         200.058    200.180
253:  245  246  245         202.991    203.180
254:  248  248  249         205.964    206.180
255:  250  251  250         208.977    209.180
256:  252  252  252         212.000    212.180
