#  lumResponse vers. 1.8 - 01/01/09 16:17:04
#  Display ID: PX212M_422S0221K0084
#  iLdelay=1  avgN=1  ILlimit_plus=0.20 ILlimit_minus=-0.05  R=22.5% G=67.9% B=9.6%
#  46.052  #ff0000
#  138.83  #00ff00
#  19.588  #0000ff
   1    0.271  #000000    1 1  0.0000
   2    0.272  #000001    1 2  0.0033
   3    0.272  #010000    1 3  -0.0005
   4    0.270  #010001    1 4  -0.0089
   5    0.281  #000100    1 5  0.0405
   6    0.274  #000101    1 6  -0.0240
   7    0.269  #010100    1 7  -0.0189
   8    0.277  #010101    2 1  0.0307
   9    0.275  #010102    2 2  -0.0088
  10    0.278  #020101    2 3  0.0125
  11    0.279  #020102    2 4  0.0024
  12    0.282  #010201    2 5  0.0088
  13    0.279  #010202    2 6  -0.0077
  14    0.283  #020201    2 7  0.0120
  15    0.280  #020202    3 1  -0.0094
  16    0.286  #020203    3 2  0.0220
  17    0.278  #030202    3 3  -0.0282
  18    0.285  #030203    3 4  0.0247
  19    0.277  #020302    3 5  -0.0292
  20    0.287  #020303    3 6  0.0354
  21    0.282  #030302    3 7  -0.0172
  22    0.279  #030303    4 1  -0.0122
  23    0.281  #030304    4 2  0.0073
  24    0.278  #040303    4 3  -0.0108
  25    0.282  #040304    4 4  0.0164
  26    0.280  #030403    4 5  -0.0075
  27    0.287  #030404    4 6  0.0239
  28    0.284  #040403    4 7  -0.0114
  29    0.300  #040404    5 1  0.0558
  30    0.288  #040405    5 2  -0.0411
  31    0.285  #050404    5 3  -0.0119
  32    0.285  #050405    5 4  0.0008
  33    0.290  #040504    5 5  0.0178
  34    0.292  #040505    5 6  0.0085
  35    0.295  #050504    5 7  0.0088
  36    0.291  #050505    6 1  -0.0156
  37    0.298  #050506    6 2  0.0240
  38    0.291  #060505    6 3  -0.0238
  39    0.286  #060506    6 4  -0.0149
  40    0.295  #050605    6 5  0.0301
  41    0.292  #050606    6 6  -0.0112
  42    0.294  #060605    6 7  0.0074
  43    0.300  #060606    7 1  0.0222
  44    0.296  #060607    7 2  -0.0144
  45    0.296  #070606    7 3  0.0007
  46    0.299  #070607    7 4  0.0094
  47    0.297  #060706    7 5  -0.0080
  48    0.298  #060707    7 6  0.0026
  49    0.302  #070706    7 7  0.0153
  50    0.304  #070707    8 1  0.0072
  51    0.300  #070708    8 2  -0.0147
  52    0.299  #080707    8 3  -0.0046
  53    0.303  #080708    8 4  0.0148
  54    0.305  #070807    8 5  0.0070
  55    0.304  #070808    8 6  -0.0053
  56    0.304  #080807    8 7  0.0030
  57    0.309  #080808    9 1  0.0159
  58    0.310  #080809    9 2  0.0024
  59    0.312  #090808    9 3  0.0069
  60    0.306  #090809    9 4  -0.0189
  61    0.311  #080908    9 5  0.0162
  62    0.311  #080909    9 6  -0.0028
  63    0.317  #090908    9 7  0.0217
  64    0.311  #090909   10 1  -0.0212
  65    0.310  #09090a   10 2  -0.0010
  66    0.323  #0a0909   10 3  0.0412
  67    0.325  #0a090a   10 4  0.0050
  68    0.315  #090a09   10 5  -0.0316
  69    0.317  #090a0a   10 6  0.0060
  70    0.342  #0a0a09   10 7  0.0772
  71    0.333  #0a0a0a   11 1  -0.0287
  72    0.333  #0a0a0b   11 2  0.0005
  73    0.334  #0b0a0a   11 3  0.0040
  74    0.336  #0b0a0b   11 4  0.0045
  75    0.331  #0a0b0a   11 5  -0.0122
  76    0.338  #0a0b0b   11 6  0.0188
  77    0.341  #0b0b0a   11 7  0.0108
  78    0.338  #0b0b0b   12 1  -0.0088
  79    0.339  #0b0b0c   12 2  0.0008
  80    0.342  #0c0b0b   12 3  0.0103
  81    0.348  #0c0b0c   12 4  0.0155
  82    0.344  #0b0c0b   12 5  -0.0104
  83    0.345  #0b0c0c   12 6  0.0036
  84    0.354  #0c0c0b   12 7  0.0247
  85    0.351  #0c0c0c   13 1  -0.0086
  86    0.362  #0c0c0d   13 2  0.0325
  87    0.355  #0d0c0c   13 3  -0.0213
  88    0.352  #0d0c0d   13 4  -0.0081
  89    0.371  #0c0d0c   13 5  0.0534
  90    0.366  #0c0d0d   13 6  -0.0134
  91    0.366  #0d0d0c   13 7  -0.0011
  92    0.368  #0d0d0d   14 1  0.0071
  93    0.369  #0d0d0e   14 2  0.0018
  94    0.372  #0e0d0d   14 3  0.0075
  95    0.375  #0e0d0e   14 4  0.0072
  96    0.382  #0d0e0d   14 5  0.0208
  97    0.404  #0d0e0e   14 6  0.0549
  98    0.391  #0e0e0d   14 7  -0.0341
  99    0.394  #0e0e0e   15 1  0.0092
 100    0.390  #0e0e0f   15 2  -0.0113
 101    0.393  #0f0e0e   15 3  0.0093
 102    0.389  #0f0e0f   15 4  -0.0117
 103    0.399  #0e0f0e   15 5  0.0261
 104    0.403  #0e0f0f   15 6  0.0090
 105    0.395  #0f0f0e   15 7  -0.0189
 106    0.410  #0f0f0f   16 1  0.0377
 107    0.407  #0f0f10   16 2  -0.0077
 108    0.406  #100f0f   16 3  -0.0023
 109    0.416  #100f10   16 4  0.0252
 110    0.413  #0f100f   16 5  -0.0079
 111    0.419  #0f1010   16 6  0.0138
 112    0.422  #10100f   16 7  0.0063
 113    0.431  #101010   17 1  0.0209
 114    0.430  #101011   17 2  -0.0001
 115    0.422  #111010   17 3  -0.0192
 116    0.428  #111011   17 4  0.0127
 117    0.448  #101110   17 5  0.0463
 118    0.446  #101111   17 6  -0.0051
 119    0.444  #111110   17 7  -0.0030
 120    0.444  #111111   18 1  -0.0002
 121    0.445  #111112   18 2  0.0027
 122    0.458  #121111   18 3  0.0272
 123    0.468  #121112   18 4  0.0223
 124    0.456  #111211   18 5  -0.0250
 125    0.467  #111212   18 6  0.0233
 126    0.477  #121211   18 7  0.0218
 127    0.485  #121212   19 1  0.0165
 128    0.476  #121213   19 2  -0.0199
 129    0.480  #131212   19 3  0.0083
 130    0.489  #131213   19 4  0.0198
 131    0.503  #121312   19 5  0.0263
 132    0.498  #121313   19 6  -0.0082
 133    0.494  #131312   19 7  -0.0086
 134    0.499  #131313   20 1  0.0088
 135    0.501  #131314   20 2  0.0057
 136    0.519  #141313   20 3  0.0347
 137    0.515  #141314   20 4  -0.0084
 138    0.520  #131413   20 5  0.0099
 139    0.519  #131414   20 6  -0.0011
 140    0.536  #141413   20 7  0.0321
 141    0.543  #141414   21 1  0.0128
 142    0.541  #141415   21 2  -0.0041
 143    0.544  #151414   21 3  0.0059
 144    0.540  #151415   21 4  -0.0070
 145    0.561  #141514   21 5  0.0383
 146    0.568  #141515   21 6  0.0124
 147    0.560  #151514   21 7  -0.0145
 148    0.565  #151515   22 1  0.0093
 149    0.572  #151516   22 2  0.0117
 150    0.575  #161515   22 3  0.0057
 151    0.579  #161516   22 4  0.0067
 152    0.583  #151615   22 5  0.0059
 153    0.594  #151616   22 6  0.0196
 154    0.603  #161615   22 7  0.0142
 155    0.617  #161616   23 1  0.0229
 156    0.614  #161617   23 2  -0.0051
 157    0.614  #171616   23 3  0.0007
 158    0.610  #171617   23 4  -0.0058
 159    0.633  #161716   23 5  0.0359
 160    0.649  #161717   23 6  0.0253
 161    0.637  #171716   23 7  -0.0190
 162    0.629  #171717   24 1  -0.0125
 163    0.650  #171718   24 2  0.0334
 164    0.666  #181717   24 3  0.0246
 165    0.661  #181718   24 4  -0.0080
 166    0.661  #171817   24 5  -0.0007
 167    0.670  #171818   24 6  0.0142
 168    0.675  #181817   24 7  0.0080
 169    0.679  #181818   25 1  0.0057
 170    0.680  #181819   25 2  0.0011
 171    0.677  #191818   25 3  -0.0041
 172    0.681  #191819   25 4  0.0060
 173    0.710  #181918   25 5  0.0414
 174    0.707  #181919   25 6  -0.0041
 175    0.710  #191918   25 7  0.0032
 176    0.713  #191919   26 1  0.0050
 177    0.723  #19191a   26 2  0.0138
 178    0.739  #1a1919   26 3  0.0220
 179    0.769  #1a191a   26 4  0.0397
 180    0.740  #191a19   26 5  -0.0385
 181    0.755  #191a1a   26 6  0.0205
 182    0.770  #1a1a19   26 7  0.0197
 183    0.784  #1a1a1a   27 1  0.0177
 184    0.788  #1a1a1b   27 2  0.0048
 185    0.784  #1b1a1a   27 3  -0.0045
 186    0.787  #1b1a1b   27 4  0.0037
 187    0.819  #1a1b1a   27 5  0.0395
 188    0.814  #1a1b1b   27 6  -0.0055
 189    0.813  #1b1b1a   27 7  -0.0015
 190    0.813  #1b1b1b   28 1  0.0004
 191    0.826  #1b1b1c   28 2  0.0151
 192    0.843  #1c1b1b   28 3  0.0203
 193    0.850  #1c1b1c   28 4  0.0085
 194    0.846  #1b1c1b   28 5  -0.0046
 195    0.862  #1b1c1c   28 6  0.0191
 196    0.869  #1c1c1b   28 7  0.0076
 197    0.888  #1c1c1c   29 1  0.0223
 198    0.887  #1c1c1d   29 2  -0.0020
 199    0.884  #1d1c1c   29 3  -0.0028
 200    0.885  #1d1c1d   29 4  0.0006
 201    0.931  #1c1d1c   29 5  0.0511
 202    0.928  #1c1d1d   29 6  -0.0035
 203    0.929  #1d1d1c   29 7  0.0016
 204    0.944  #1d1d1d   30 1  0.0157
 205    0.936  #1d1d1e   30 2  -0.0089
 206    0.957  #1e1d1d   30 3  0.0221
 207    0.975  #1e1d1e   30 4  0.0190
 208    0.971  #1d1e1d   30 5  -0.0045
 209    0.982  #1d1e1e   30 6  0.0121
 210    1.003  #1e1e1d   30 7  0.0206
 211    1.026  #1e1e1e   31 1  0.0230
 212    1.016  #1e1e1f   31 2  -0.0094
 213    1.010  #1f1e1e   31 3  -0.0062
 214    1.015  #1f1e1f   31 4  0.0044
 215    1.056  #1e1f1e   31 5  0.0396
 216    1.055  #1e1f1f   31 6  -0.0009
 217    1.061  #1f1f1e   31 7  0.0057
 218    1.056  #1f1f1f   32 1  -0.0043
 219    1.075  #1f1f20   32 2  0.0177
 220    1.088  #201f1f   32 3  0.0121
 221    1.099  #201f20   32 4  0.0095
 222    1.102  #1f201f   32 5  0.0028
 223    1.121  #1f2020   32 6  0.0175
 224    1.123  #20201f   32 7  0.0021
 225    1.138  #202020   33 1  0.0129
 226    1.141  #202021   33 2  0.0027
 227    1.136  #212020   33 3  -0.0042
 228    1.143  #212021   33 4  0.0061
 229    1.186  #202120   33 5  0.0368
 230    1.190  #202121   33 6  0.0033
 231    1.191  #212120   33 7  0.0010
 232    1.194  #212121   34 1  0.0022
 233    1.214  #212122   34 2  0.0163
 234    1.248  #222121   34 3  0.0283
 235    1.262  #222122   34 4  0.0110
 236    1.243  #212221   34 5  -0.0149
 237    1.261  #212222   34 6  0.0138
 238    1.281  #222221   34 7  0.0162
 239    1.308  #222222   35 1  0.0209
 240    1.315  #222223   35 2  0.0049
 241    1.297  #232222   35 3  -0.0137
 242    1.310  #232223   35 4  0.0103
 243    1.359  #222322   35 5  0.0362
 244    1.356  #222323   35 6  -0.0016
 245    1.352  #232322   35 7  -0.0035
 246    1.360  #232323   36 1  0.0063
 247    1.376  #232324   36 2  0.0117
 248    1.405  #242323   36 3  0.0208
 249    1.420  #242324   36 4  0.0108
 250    1.410  #232423   36 5  -0.0074
 251    1.429  #232424   36 6  0.0132
 252    1.457  #242423   36 7  0.0193
 253    1.469  #242424   37 1  0.0086
 254    1.473  #242425   37 2  0.0029
 255    1.480  #252424   37 3  0.0041
 256    1.476  #252425   37 4  -0.0024
 257    1.542  #242524   37 5  0.0437
 258    1.541  #242525   37 6  -0.0009
 259    1.560  #252524   37 7  0.0124
 260    1.538  #252525   38 1  -0.0143
 261    1.566  #252526   38 2  0.0182
 262    1.581  #262525   38 3  0.0095
 263    1.607  #262526   38 4  0.0163
 264    1.607  #252625   38 5  0.0003
 265    1.634  #252626   38 6  0.0162
 266    1.669  #262625   38 7  0.0212
 267    1.679  #262626   39 1  0.0063
 268    1.666  #262627   39 2  -0.0079
 269    1.674  #272626   39 3  0.0046
 270    1.677  #272627   39 4  0.0019
 271    1.744  #262726   39 5  0.0393
 272    1.735  #262727   39 6  -0.0052
 273    1.737  #272726   39 7  0.0010
 274    1.739  #272727   40 1  0.0016
 275    1.756  #272728   40 2  0.0096
 276    1.781  #282727   40 3  0.0142
 277    1.815  #282728   40 4  0.0186
 278    1.807  #272827   40 5  -0.0044
 279    1.835  #272828   40 6  0.0153
 280    1.856  #282827   40 7  0.0115
 281    1.886  #282828   41 1  0.0161
 282    1.890  #282829   41 2  0.0022
 283    1.877  #292828   41 3  -0.0071
 284    1.882  #292829   41 4  0.0026
 285    1.967  #282928   41 5  0.0441
 286    1.969  #282929   41 6  0.0011
 287    1.975  #292928   41 7  0.0029
 288    1.971  #292929   42 1  -0.0020
 289    2.009  #29292a   42 2  0.0189
 290    2.044  #2a2929   42 3  0.0174
 291    2.076  #2a292a   42 4  0.0158
 292    2.053  #292a29   42 5  -0.0115
 293    2.089  #292a2a   42 6  0.0176
 294    2.125  #2a2a29   42 7  0.0170
 295    2.160  #2a2a2a   43 1  0.0161
 296    2.164  #2a2a2b   43 2  0.0018
 297    2.160  #2b2a2a   43 3  -0.0017
 298    2.156  #2b2a2b   43 4  -0.0016
 299    2.237  #2a2b2a   43 5  0.0368
 300    2.266  #2a2b2b   43 6  0.0127
 301    2.244  #2b2b2a   43 7  -0.0094
 302    2.249  #2b2b2b   44 1  0.0018
 303    2.283  #2b2b2c   44 2  0.0153
 304    2.311  #2c2b2b   44 3  0.0120
 305    2.357  #2c2b2c   44 4  0.0196
 306    2.334  #2b2c2b   44 5  -0.0095
 307    2.368  #2b2c2c   44 6  0.0144
 308    2.407  #2c2c2b   44 7  0.0162
 309    2.434  #2c2c2c   45 1  0.0111
 310    2.433  #2c2c2d   45 2  -0.0003
 311    2.437  #2d2c2c   45 3  0.0018
 312    2.440  #2d2c2d   45 4  0.0011
 313    2.539  #2c2d2c   45 5  0.0397
 314    2.544  #2c2d2d   45 6  0.0018
 315    2.536  #2d2d2c   45 7  -0.0029
 316    2.537  #2d2d2d   46 1  0.0003
 317    2.587  #2d2d2e   46 2  0.0194
 318    2.611  #2e2d2d   46 3  0.0092
 319    2.646  #2e2d2e   46 4  0.0135
 320    2.648  #2d2e2d   46 5  0.0008
 321    2.672  #2d2e2e   46 6  0.0089
 322    2.717  #2e2e2d   46 7  0.0168
 323    2.746  #2e2e2e   47 1  0.0104
 324    2.750  #2e2e2f   47 2  0.0015
 325    2.753  #2f2e2e   47 3  0.0013
 326    2.752  #2f2e2f   47 4  -0.0005
 327    2.851  #2e2f2e   47 5  0.0353
 328    2.851  #2e2f2f   47 6  0.0003
 329    2.853  #2f2f2e   47 7  0.0004
 330    2.854  #2f2f2f   48 1  0.0005
 331    2.881  #2f2f30   48 2  0.0093
 332    2.924  #302f2f   48 3  0.0148
 333    2.952  #302f30   48 4  0.0098
 334    2.956  #2f302f   48 5  0.0014
 335    2.993  #2f3030   48 6  0.0124
 336    3.029  #30302f   48 7  0.0120
 337    3.058  #303030   49 1  0.0093
 338    3.064  #303031   49 2  0.0022
 339    3.061  #313030   49 3  -0.0010
 340    3.066  #313031   49 4  0.0017
 341    3.186  #303130   49 5  0.0384
 342    3.193  #303131   49 6  0.0020
 343    3.186  #313130   49 7  -0.0022
 344    3.196  #313131   50 1  0.0033
 345    3.239  #313132   50 2  0.0133
 346    3.293  #323131   50 3  0.0167
 347    3.342  #323132   50 4  0.0146
 348    3.341  #313231   50 5  -0.0001
 349    3.369  #313232   50 6  0.0083
 350    3.426  #323231   50 7  0.0165
 351    3.465  #323232   51 1  0.0115
 352    3.477  #323233   51 2  0.0034
 353    3.470  #333232   51 3  -0.0020
 354    3.482  #333233   51 4  0.0034
 355    3.609  #323332   51 5  0.0359
 356    3.597  #323333   51 6  -0.0033
 357    3.610  #333332   51 7  0.0037
 358    3.608  #333333   52 1  -0.0005
 359    3.657  #333334   52 2  0.0134
 360    3.740  #343333   52 3  0.0225
 361    3.767  #343334   52 4  0.0071
 362    3.747  #333433   52 5  -0.0052
 363    3.794  #333434   52 6  0.0125
 364    3.862  #343433   52 7  0.0178
 365    3.908  #343434   53 1  0.0117
 366    3.908  #343435   53 2  -0.0001
 367    3.913  #353434   53 3  0.0013
 368    3.914  #353435   53 4  0.0003
 369    4.068  #343534   53 5  0.0386
 370    4.055  #343535   53 6  -0.0031
 371    4.071  #353534   53 7  0.0038
 372    4.063  #353535   54 1  -0.0020
 373    4.118  #353536   54 2  0.0134
 374    4.173  #363535   54 3  0.0133
 375    4.223  #363536   54 4  0.0120
 376    4.213  #353635   54 5  -0.0023
 377    4.276  #353636   54 6  0.0148
 378    4.322  #363635   54 7  0.0107
 379    4.370  #363636   55 1  0.0110
 380    4.365  #363637   55 2  -0.0011
 381    4.377  #373636   55 3  0.0028
 382    4.371  #373637   55 4  -0.0014
 383    4.521  #363736   55 5  0.0338
 384    4.521  #363737   55 6  -0.0001
 385    4.526  #373736   55 7  0.0011
 386    4.517  #373737   56 1  -0.0020
 387    4.565  #373738   56 2  0.0107
 388    4.627  #383737   56 3  0.0134
 389    4.689  #383738   56 4  0.0133
 390    4.675  #373837   56 5  -0.0030
 391    4.718  #373838   56 6  0.0092
 392    4.784  #383837   56 7  0.0137
 393    4.820  #383838   57 1  0.0076
 394    4.826  #383839   57 2  0.0012
 395    4.816  #393838   57 3  -0.0020
 396    4.846  #393839   57 4  0.0061
 397    5.002  #383938   57 5  0.0318
 398    4.997  #383939   57 6  -0.0010
 399    4.994  #393938   57 7  -0.0006
 400    5.016  #393939   58 1  0.0044
 401    5.082  #39393a   58 2  0.0130
 402    5.130  #3a3939   58 3  0.0095
 403    5.190  #3a393a   58 4  0.0115
 404    5.175  #393a39   58 5  -0.0029
 405    5.237  #393a3a   58 6  0.0121
 406    5.310  #3a3a39   58 7  0.0138
 407    5.374  #3a3a3a   59 1  0.0120
 408    5.373  #3a3a3b   59 2  -0.0001
 409    5.378  #3b3a3a   59 3  0.0008
 410    5.378  #3b3a3b   59 4  0.0001
 411    5.543  #3a3b3a   59 5  0.0302
 412    5.556  #3a3b3b   59 6  0.0023
 413    5.557  #3b3b3a   59 7  0.0001
 414    5.554  #3b3b3b   60 1  -0.0004
 415    5.616  #3b3b3c   60 2  0.0110
 416    5.693  #3c3b3b   60 3  0.0137
 417    5.752  #3c3b3c   60 4  0.0103
 418    5.741  #3b3c3b   60 5  -0.0019
 419    5.809  #3b3c3c   60 6  0.0118
 420    5.873  #3c3c3b   60 7  0.0110
 421    5.937  #3c3c3c   61 1  0.0108
 422    5.936  #3c3c3d   61 2  -0.0002
 423    5.947  #3d3c3c   61 3  0.0018
 424    5.935  #3d3c3d   61 4  -0.0019
 425    6.133  #3c3d3c   61 5  0.0327
 426    6.139  #3c3d3d   61 6  0.0010
 427    6.130  #3d3d3c   61 7  -0.0015
 428    6.141  #3d3d3d   62 1  0.0018
 429    6.204  #3d3d3e   62 2  0.0102
 430    6.274  #3e3d3d   62 3  0.0114
 431    6.349  #3e3d3e   62 4  0.0118
 432    6.340  #3d3e3d   62 5  -0.0014
 433    6.401  #3d3e3e   62 6  0.0096
 434    6.468  #3e3e3d   62 7  0.0103
 435    6.531  #3e3e3e   63 1  0.0097
 436    6.553  #3e3e3f   63 2  0.0034
 437    6.536  #3f3e3e   63 3  -0.0026
 438    6.531  #3f3e3f   63 4  -0.0008
 439    6.730  #3e3f3e   63 5  0.0300
 440    6.729  #3e3f3f   63 6  -0.0001
 441    6.738  #3f3f3e   63 7  0.0013
 442    6.738  #3f3f3f   64 1  -0.0000
 443    6.796  #3f3f40   64 2  0.0085
 444    6.893  #403f3f   64 3  0.0142
 445    6.946  #403f40   64 4  0.0076
 446    6.924  #3f403f   64 5  -0.0032
 447    6.994  #3f4040   64 6  0.0101
 448    7.057  #40403f   64 7  0.0090
 449    7.124  #404040   65 1  0.0094
 450    7.125  #404041   65 2  0.0002
 451    7.127  #414040   65 3  0.0003
 452    7.128  #414041   65 4  0.0002
 453    7.343  #404140   65 5  0.0297
 454    7.341  #404141   65 6  -0.0003
 455    7.341  #414140   65 7  0.0001
 456    7.359  #414141   66 1  0.0024
 457    7.434  #414142   66 2  0.0101
 458    7.502  #424141   66 3  0.0091
 459    7.593  #424142   66 4  0.0121
 460    7.583  #414241   66 5  -0.0014
 461    7.639  #414242   66 6  0.0074
 462    7.731  #424241   66 7  0.0121
 463    7.816  #424242   67 1  0.0109
 464    7.823  #424243   67 2  0.0008
 465    7.811  #434242   67 3  -0.0015
 466    7.814  #434243   67 4  0.0003
 467    8.032  #424342   67 5  0.0276
 468    8.029  #424343   67 6  -0.0004
 469    8.031  #434342   67 7  0.0003
 470    8.034  #434343   68 1  0.0003
 471    8.114  #434344   68 2  0.0099
 472    8.201  #444343   68 3  0.0108
 473    8.288  #444344   68 4  0.0105
 474    8.239  #434443   68 5  -0.0058
 475    8.313  #434444   68 6  0.0088
 476    8.414  #444443   68 7  0.0122
 477    8.482  #444444   69 1  0.0080
 478    8.489  #444445   69 2  0.0008
 479    8.494  #454444   69 3  0.0006
 480    8.482  #454445   69 4  -0.0013
 481    8.726  #444544   69 5  0.0284
 482    8.727  #444545   69 6  0.0001
 483    8.731  #454544   69 7  0.0004
 484    8.734  #454545   70 1  0.0004
 485    8.803  #454546   70 2  0.0079
 486    8.902  #464545   70 3  0.0111
 487    8.968  #464546   70 4  0.0074
 488    8.975  #454645   70 5  0.0008
 489    9.053  #454646   70 6  0.0087
 490    9.146  #464645   70 7  0.0102
 491    9.221  #464646   71 1  0.0082
 492    9.222  #464647   71 2  0.0002
 493    9.224  #474646   71 3  0.0002
 494    9.222  #474647   71 4  -0.0002
 495    9.477  #464746   71 5  0.0272
 496    9.472  #464747   71 6  -0.0005
 497    9.475  #474746   71 7  0.0003
 498    9.488  #474747   72 1  0.0014
 499    9.556  #474748   72 2  0.0072
 500    9.648  #484747   72 3  0.0095
 501    9.735  #484748   72 4  0.0089
 502    9.728  #474847   72 5  -0.0007
 503    9.813  #474848   72 6  0.0087
 504    9.903  #484847   72 7  0.0092
 505    9.980  #484848   73 1  0.0078
 506    9.979  #484849   73 2  -0.0002
 507    9.995  #494848   73 3  0.0016
 508    9.989  #494849   73 4  -0.0005
 509   10.239  #484948   73 5  0.0247
 510   10.232  #484949   73 6  -0.0007
 511   10.236  #494948   73 7  0.0004
 512   10.233  #494949   74 1  -0.0003
 513   10.320  #49494a   74 2  0.0085
 514   10.415  #4a4949   74 3  0.0092
 515   10.512  #4a494a   74 4  0.0093
 516   10.487  #494a49   74 5  -0.0024
 517   10.575  #494a4a   74 6  0.0084
 518   10.668  #4a4a49   74 7  0.0088
 519   10.757  #4a4a4a   75 1  0.0083
 520   10.760  #4a4a4b   75 2  0.0003
 521   10.762  #4b4a4a   75 3  0.0002
 522   10.783  #4b4a4b   75 4  0.0019
 523   11.004  #4a4b4a   75 5  0.0203
 524   11.022  #4a4b4b   75 6  0.0016
 525   11.006  #4b4b4a   75 7  -0.0015
 526   11.012  #4b4b4b   76 1  0.0005
 527   11.095  #4b4b4c   76 2  0.0075
 528   11.202  #4c4b4b   76 3  0.0096
 529   11.283  #4c4b4c   76 4  0.0072
 530   11.260  #4b4c4b   76 5  -0.0020
 531   11.363  #4b4c4c   76 6  0.0091
 532   11.459  #4c4c4b   76 7  0.0084
 533   11.560  #4c4c4c   77 1  0.0088
 534   11.553  #4c4c4d   77 2  -0.0006
 535   11.567  #4d4c4c   77 3  0.0012
 536   11.550  #4d4c4d   77 4  -0.0015
 537   11.821  #4c4d4c   77 5  0.0232
 538   11.825  #4c4d4d   77 6  0.0003
 539   11.830  #4d4d4c   77 7  0.0004
 540   11.838  #4d4d4d   78 1  0.0007
 541   11.916  #4d4d4e   78 2  0.0066
 542   12.011  #4e4d4d   78 3  0.0079
 543   12.105  #4e4d4e   78 4  0.0078
 544   12.100  #4d4e4d   78 5  -0.0004
 545   12.193  #4d4e4e   78 6  0.0077
 546   12.291  #4e4e4d   78 7  0.0080
 547   12.373  #4e4e4e   79 1  0.0066
 548   12.386  #4e4e4f   79 2  0.0011
 549   12.387  #4f4e4e   79 3  0.0001
 550   12.374  #4f4e4f   79 4  -0.0011
 551   12.635  #4e4f4e   79 5  0.0209
 552   12.636  #4e4f4f   79 6  0.0001
 553   12.637  #4f4f4e   79 7  0.0001
 554   12.634  #4f4f4f   80 1  -0.0002
 555   12.732  #4f4f50   80 2  0.0077
 556   12.831  #504f4f   80 3  0.0077
 557   12.920  #504f50   80 4  0.0069
 558   12.901  #4f504f   80 5  -0.0015
 559   12.994  #4f5050   80 6  0.0072
 560   13.086  #50504f   80 7  0.0071
 561   13.191  #505050   81 1  0.0080
 562   13.187  #505051   81 2  -0.0003
 563   13.183  #515050   81 3  -0.0003
 564   13.189  #515051   81 4  0.0005
 565   13.473  #505150   81 5  0.0213
 566   13.476  #505151   81 6  0.0002
 567   13.480  #515150   81 7  0.0003
 568   13.485  #515151   82 1  0.0004
 569   13.595  #515152   82 2  0.0081
 570   13.697  #525151   82 3  0.0075
 571   13.798  #525152   82 4  0.0073
 572   13.771  #515251   82 5  -0.0020
 573   13.882  #515252   82 6  0.0080
 574   13.987  #525251   82 7  0.0075
 575   14.094  #525252   83 1  0.0076
 576   14.087  #525253   83 2  -0.0005
 577   14.089  #535252   83 3  0.0001
 578   14.087  #535253   83 4  -0.0001
 579   14.368  #525352   83 5  0.0198
 580   14.375  #525353   83 6  0.0005
 581   14.370  #535352   83 7  -0.0003
 582   14.367  #535353   84 1  -0.0002
 583   14.483  #535354   84 2  0.0080
 584   14.586  #545353   84 3  0.0071
 585   14.696  #545354   84 4  0.0075
 586   14.657  #535453   84 5  -0.0027
 587   14.768  #535454   84 6  0.0075
 588   14.864  #545453   84 7  0.0065
 589   14.983  #545454   85 1  0.0080
 590   14.985  #545455   85 2  0.0001
 591   14.971  #555454   85 3  -0.0009
 592   14.970  #555455   85 4  -0.0001
 593   15.292  #545554   85 5  0.0213
 594   15.280  #545555   85 6  -0.0008
 595   15.281  #555554   85 7  0.0001
 596   15.281  #555555   86 1  0.0000
 597   15.382  #555556   86 2  0.0066
 598   15.494  #565555   86 3  0.0073
 599   15.607  #565556   86 4  0.0073
 600   15.595  #555655   86 5  -0.0008
 601   15.689  #555656   86 6  0.0060
 602   15.808  #565655   86 7  0.0076
 603   15.895  #565656   87 1  0.0055
 604   15.895  #565657   87 2  0.0000
 605   15.899  #575656   87 3  0.0003
 606   15.893  #575657   87 4  -0.0004
 607   16.206  #565756   87 5  0.0195
 608   16.209  #565757   87 6  0.0002
 609   16.201  #575756   87 7  -0.0005
 610   16.213  #575757   88 1  0.0007
 611   16.301  #575758   88 2  0.0054
 612   16.418  #585757   88 3  0.0072
 613   16.517  #585758   88 4  0.0060
 614   16.514  #575857   88 5  -0.0002
 615   16.612  #575858   88 6  0.0059
 616   16.727  #585857   88 7  0.0069
 617   16.837  #585858   89 1  0.0066
 618   16.826  #585859   89 2  -0.0007
 619   16.819  #595858   89 3  -0.0004
 620   16.832  #595859   89 4  0.0008
 621   17.175  #585958   89 5  0.0202
 622   17.178  #585959   89 6  0.0002
 623   17.167  #595958   89 7  -0.0006
 624   17.180  #595959   90 1  0.0008
 625   17.302  #59595a   90 2  0.0071
 626   17.446  #5a5959   90 3  0.0083
 627   17.551  #5a595a   90 4  0.0060
 628   17.537  #595a59   90 5  -0.0008
 629   17.653  #595a5a   90 6  0.0066
 630   17.777  #5a5a59   90 7  0.0070
 631   17.891  #5a5a5a   91 1  0.0064
 632   17.897  #5a5a5b   91 2  0.0003
 633   17.891  #5b5a5a   91 3  -0.0003
 634   17.891  #5b5a5b   91 4  0.0000
 635   18.249  #5a5b5a   91 5  0.0198
 636   18.246  #5a5b5b   91 6  -0.0002
 637   18.230  #5b5b5a   91 7  -0.0009
 638   18.234  #5b5b5b   92 1  0.0002
 639   18.350  #5b5b5c   92 2  0.0063
 640   18.488  #5c5b5b   92 3  0.0075
 641   18.610  #5c5b5c   92 4  0.0066
 642   18.596  #5b5c5b   92 5  -0.0008
 643   18.704  #5b5c5c   92 6  0.0058
 644   18.827  #5c5c5b   92 7  0.0066
 645   18.939  #5c5c5c   93 1  0.0059
 646   18.942  #5c5c5d   93 2  0.0002
 647   18.952  #5d5c5c   93 3  0.0005
 648   18.955  #5d5c5d   93 4  0.0002
 649   19.309  #5c5d5c   93 5  0.0185
 650   19.317  #5c5d5d   93 6  0.0004
 651   19.323  #5d5d5c   93 7  0.0003
 652   19.310  #5d5d5d   94 1  -0.0007
 653   19.426  #5d5d5e   94 2  0.0060
 654   19.562  #5e5d5d   94 3  0.0070
 655   19.674  #5e5d5e   94 4  0.0057
 656   19.659  #5d5e5d   94 5  -0.0008
 657   19.785  #5d5e5e   94 6  0.0064
 658   19.903  #5e5e5d   94 7  0.0059
 659   20.017  #5e5e5e   95 1  0.0057
 660   20.039  #5e5e5f   95 2  0.0011
 661   20.029  #5f5e5e   95 3  -0.0005
 662   20.020  #5f5e5f   95 4  -0.0004
 663   20.366  #5e5f5e   95 5  0.0171
 664   20.357  #5e5f5f   95 6  -0.0004
 665   20.368  #5f5f5e   95 7  0.0005
 666   20.367  #5f5f5f   96 1  -0.0000
 667   20.473  #5f5f60   96 2  0.0052
 668   20.611  #605f5f   96 3  0.0067
 669   20.742  #605f60   96 4  0.0063
 670   20.705  #5f605f   96 5  -0.0018
 671   20.825  #5f6060   96 6  0.0058
 672   20.963  #60605f   96 7  0.0066
 673   21.075  #606060   97 1  0.0053
 674   21.084  #606061   97 2  0.0004
 675   21.081  #616060   97 3  -0.0001
 676   21.085  #616061   97 4  0.0002
 677   21.443  #606160   97 5  0.0168
 678   21.453  #606161   97 6  0.0005
 679   21.442  #616160   97 7  -0.0005
 680   21.435  #616161   98 1  -0.0003
 681   21.564  #616162   98 2  0.0060
 682   21.697  #626161   98 3  0.0061
 683   21.829  #626162   98 4  0.0061
 684   21.803  #616261   98 5  -0.0012
 685   21.916  #616262   98 6  0.0052
 686   22.065  #626261   98 7  0.0068
 687   22.183  #626262   99 1  0.0053
 688   22.186  #626263   99 2  0.0001
 689   22.181  #636262   99 3  -0.0002
 690   22.183  #636263   99 4  0.0001
 691   22.532  #626362   99 5  0.0156
 692   22.531  #626363   99 6  -0.0000
 693   22.543  #636362   99 7  0.0005
 694   22.544  #636363  100 1  0.0000
 695   22.668  #636364  100 2  0.0055
 696   22.810  #646363  100 3  0.0062
 697   22.932  #646364  100 4  0.0053
 698   22.915  #636463  100 5  -0.0007
 699   23.050  #636464  100 6  0.0059
 700   23.179  #646463  100 7  0.0056
 701   23.304  #646464  101 1  0.0054
 702   23.305  #646465  101 2  0.0000
 703   23.308  #656464  101 3  0.0001
 704   23.299  #656465  101 4  -0.0004
 705   23.671  #646564  101 5  0.0158
 706   23.679  #646565  101 6  0.0003
 707   23.699  #656564  101 7  0.0008
 708   23.669  #656565  102 1  -0.0013
 709   23.791  #656566  102 2  0.0051
 710   23.929  #666565  102 3  0.0058
 711   24.064  #666566  102 4  0.0056
 712   24.043  #656665  102 5  -0.0009
 713   24.172  #656666  102 6  0.0054
 714   24.311  #666665  102 7  0.0057
 715   24.426  #666666  103 1  0.0047
 716   24.445  #666667  103 2  0.0008
 717   24.427  #676666  103 3  -0.0007
 718   24.426  #676667  103 4  -0.0000
 719   24.804  #666766  103 5  0.0154
 720   24.791  #666767  103 6  -0.0005
 721   24.803  #676766  103 7  0.0005
 722   24.809  #676767  104 1  0.0002
 723   24.947  #676768  104 2  0.0055
 724   25.075  #686767  104 3  0.0051
 725   25.196  #686768  104 4  0.0048
 726   25.189  #676867  104 5  -0.0003
 727   25.322  #676868  104 6  0.0053
 728   25.445  #686867  104 7  0.0048
 729   25.568  #686868  105 1  0.0048
 730   25.567  #686869  105 2  -0.0000
 731   25.571  #696868  105 3  0.0002
 732   25.575  #696869  105 4  0.0002
 733   25.963  #686968  105 5  0.0151
 734   25.946  #686969  105 6  -0.0007
 735   25.960  #696968  105 7  0.0005
 736   25.953  #696969  106 1  -0.0003
 737   26.092  #69696a  106 2  0.0053
 738   26.267  #6a6969  106 3  0.0067
 739   26.389  #6a696a  106 4  0.0046
 740   26.347  #696a69  106 5  -0.0016
 741   26.480  #696a6a  106 6  0.0050
 742   26.629  #6a6a69  106 7  0.0056
 743   26.779  #6a6a6a  107 1  0.0056
 744   26.786  #6a6a6b  107 2  0.0003
 745   26.785  #6b6a6a  107 3  -0.0000
 746   26.785  #6b6a6b  107 4  0.0000
 747   27.183  #6a6b6a  107 5  0.0147
 748   27.175  #6a6b6b  107 6  -0.0003
 749   27.174  #6b6b6a  107 7  -0.0000
 750   27.181  #6b6b6b  108 1  0.0003
 751   27.310  #6b6b6c  108 2  0.0047
 752   27.472  #6c6b6b  108 3  0.0059
 753   27.600  #6c6b6c  108 4  0.0046
 754   27.564  #6b6c6b  108 5  -0.0013
 755   27.695  #6b6c6c  108 6  0.0047
 756   27.852  #6c6c6b  108 7  0.0057
 757   27.981  #6c6c6c  109 1  0.0046
 758   27.994  #6c6c6d  109 2  0.0005
 759   27.988  #6d6c6c  109 3  -0.0002
 760   27.990  #6d6c6d  109 4  0.0001
 761   28.422  #6c6d6c  109 5  0.0153
 762   28.402  #6c6d6d  109 6  -0.0007
 763   28.408  #6d6d6c  109 7  0.0002
 764   28.409  #6d6d6d  110 1  0.0000
 765   28.563  #6d6d6e  110 2  0.0054
 766   28.709  #6e6d6d  110 3  0.0051
 767   28.840  #6e6d6e  110 4  0.0046
 768   28.855  #6d6e6d  110 5  0.0005
 769   28.990  #6d6e6e  110 6  0.0047
 770   29.139  #6e6e6d  110 7  0.0051
 771   29.276  #6e6e6e  111 1  0.0047
 772   29.277  #6e6e6f  111 2  0.0000
 773   29.278  #6f6e6e  111 3  0.0000
 774   29.283  #6f6e6f  111 4  0.0002
 775   29.727  #6e6f6e  111 5  0.0150
 776   29.736  #6e6f6f  111 6  0.0003
 777   29.733  #6f6f6e  111 7  -0.0001
 778   29.735  #6f6f6f  112 1  0.0001
 779   29.863  #6f6f70  112 2  0.0043
 780   30.018  #706f6f  112 3  0.0052
 781   30.151  #706f70  112 4  0.0044
 782   30.155  #6f706f  112 5  0.0001
 783   30.287  #6f7070  112 6  0.0044
 784   30.450  #70706f  112 7  0.0054
 785   30.572  #707070  113 1  0.0040
 786   30.572  #707071  113 2  0.0000
 787   30.569  #717070  113 3  -0.0001
 788   30.572  #717071  113 4  0.0001
 789   30.993  #707170  113 5  0.0137
 790   30.995  #707171  113 6  0.0001
 791   30.987  #717170  113 7  -0.0003
 792   30.982  #717171  114 1  -0.0002
 793   31.138  #717172  114 2  0.0050
 794   31.301  #727171  114 3  0.0052
 795   31.439  #727172  114 4  0.0044
 796   31.414  #717271  114 5  -0.0008
 797   31.561  #717272  114 6  0.0047
 798   31.729  #727271  114 7  0.0053
 799   31.854  #727272  115 1  0.0039
 800   31.852  #727273  115 2  -0.0001
 801   31.855  #737272  115 3  0.0001
 802   31.857  #737273  115 4  0.0001
 803   32.275  #727372  115 5  0.0130
 804   32.270  #727373  115 6  -0.0002
 805   32.272  #737372  115 7  0.0001
 806   32.278  #737373  116 1  0.0002
 807   32.414  #737374  116 2  0.0042
 808   32.578  #747373  116 3  0.0050
 809   32.719  #747374  116 4  0.0043
 810   32.681  #737473  116 5  -0.0012
 811   32.827  #737474  116 6  0.0045
 812   32.993  #747473  116 7  0.0050
 813   33.136  #747474  117 1  0.0043
 814   33.136  #747475  117 2  0.0000
 815   33.142  #757474  117 3  0.0002
 816   33.127  #757475  117 4  -0.0005
 817   33.574  #747574  117 5  0.0134
 818   33.567  #747575  117 6  -0.0002
 819   33.570  #757574  117 7  0.0001
 820   33.571  #757575  118 1  0.0000
 821   33.709  #757576  118 2  0.0041
 822   33.880  #767575  118 3  0.0051
 823   34.010  #767576  118 4  0.0038
 824   34.004  #757675  118 5  -0.0002
 825   34.135  #757676  118 6  0.0038
 826   34.295  #767675  118 7  0.0047
 827   34.461  #767676  119 1  0.0048
 828   34.446  #767677  119 2  -0.0004
 829   34.450  #777676  119 3  0.0001
 830   34.459  #777677  119 4  0.0003
 831   34.887  #767776  119 5  0.0123
 832   34.886  #767777  119 6  -0.0000
 833   34.879  #777776  119 7  -0.0002
 834   34.887  #777777  120 1  0.0002
 835   35.013  #777778  120 2  0.0036
 836   35.182  #787777  120 3  0.0048
 837   35.316  #787778  120 4  0.0038
 838   35.307  #777877  120 5  -0.0003
 839   35.461  #777878  120 6  0.0044
 840   35.627  #787877  120 7  0.0047
 841   35.784  #787878  121 1  0.0044
 842   35.794  #787879  121 2  0.0003
 843   35.784  #797878  121 3  -0.0003
 844   35.782  #797879  121 4  -0.0001
 845   36.314  #787978  121 5  0.0148
 846   36.318  #787979  121 6  0.0001
 847   36.325  #797978  121 7  0.0002
 848   36.323  #797979  122 1  -0.0001
 849   36.473  #79797a  122 2  0.0041
 850   36.658  #7a7979  122 3  0.0051
 851   36.808  #7a797a  122 4  0.0041
 852   36.781  #797a79  122 5  -0.0007
 853   36.930  #797a7a  122 6  0.0040
 854   37.105  #7a7a79  122 7  0.0047
 855   37.255  #7a7a7a  123 1  0.0040
 856   37.245  #7a7a7b  123 2  -0.0003
 857   37.253  #7b7a7a  123 3  0.0002
 858   37.257  #7b7a7b  123 4  0.0001
 859   37.694  #7a7b7a  123 5  0.0117
 860   37.714  #7a7b7b  123 6  0.0005
 861   37.705  #7b7b7a  123 7  -0.0002
 862   37.706  #7b7b7b  124 1  0.0000
 863   37.863  #7b7b7c  124 2  0.0042
 864   38.037  #7c7b7b  124 3  0.0046
 865   38.177  #7c7b7c  124 4  0.0037
 866   38.154  #7b7c7b  124 5  -0.0006
 867   38.300  #7b7c7c  124 6  0.0038
 868   38.480  #7c7c7b  124 7  0.0047
 869   38.627  #7c7c7c  125 1  0.0038
 870   38.641  #7c7c7d  125 2  0.0004
 871   38.634  #7d7c7c  125 3  -0.0002
 872   38.630  #7d7c7d  125 4  -0.0001
 873   39.114  #7c7d7c  125 5  0.0125
 874   39.116  #7c7d7d  125 6  0.0001
 875   39.102  #7d7d7c  125 7  -0.0004
 876   39.110  #7d7d7d  126 1  0.0002
 877   39.256  #7d7d7e  126 2  0.0037
 878   39.438  #7e7d7d  126 3  0.0046
 879   39.575  #7e7d7e  126 4  0.0035
 880   39.575  #7d7e7d  126 5  0.0000
 881   39.731  #7d7e7e  126 6  0.0039
 882   39.910  #7e7e7d  126 7  0.0045
 883   40.055  #7e7e7e  127 1  0.0036
 884   40.061  #7e7e7f  127 2  0.0001
 885   40.061  #7f7e7e  127 3  0.0000
 886   40.053  #7f7e7f  127 4  -0.0002
 887   40.516  #7e7f7e  127 5  0.0115
 888   40.518  #7e7f7f  127 6  0.0000
 889   40.516  #7f7f7e  127 7  -0.0000
 890   40.528  #7f7f7f  128 1  0.0003
 891   40.667  #7f7f80  128 2  0.0034
 892   40.845  #807f7f  128 3  0.0044
 893   40.994  #807f80  128 4  0.0036
 894   40.987  #7f807f  128 5  -0.0002
 895   41.140  #7f8080  128 6  0.0037
 896   41.315  #80807f  128 7  0.0042
 897   41.466  #808080  129 1  0.0036
 898   41.457  #808081  129 2  -0.0002
 899   41.464  #818080  129 3  0.0002
 900   41.468  #818081  129 4  0.0001
 901   41.948  #808180  129 5  0.0115
 902   41.936  #808181  129 6  -0.0003
 903   41.950  #818180  129 7  0.0003
 904   41.939  #818181  130 1  -0.0003
 905   42.097  #818182  130 2  0.0038
 906   42.281  #828181  130 3  0.0044
 907   42.427  #828182  130 4  0.0034
 908   42.417  #818281  130 5  -0.0002
 909   42.573  #818282  130 6  0.0037
 910   42.760  #828281  130 7  0.0044
 911   42.913  #828282  131 1  0.0036
 912   42.903  #828283  131 2  -0.0002
 913   42.905  #838282  131 3  0.0000
 914   42.914  #838283  131 4  0.0002
 915   43.381  #828382  131 5  0.0108
 916   43.387  #828383  131 6  0.0001
 917   43.396  #838382  131 7  0.0002
 918   43.395  #838383  132 1  -0.0000
 919   43.550  #838384  132 2  0.0036
 920   43.737  #848383  132 3  0.0043
 921   43.883  #848384  132 4  0.0033
 922   43.880  #838483  132 5  -0.0001
 923   44.032  #838484  132 6  0.0035
 924   44.222  #848483  132 7  0.0043
 925   44.376  #848484  133 1  0.0035
 926   44.359  #848485  133 2  -0.0004
 927   44.371  #858484  133 3  0.0003
 928   44.369  #858485  133 4  -0.0000
 929   44.898  #848584  133 5  0.0119
 930   44.883  #848585  133 6  -0.0003
 931   44.899  #858584  133 7  0.0004
 932   44.896  #858585  134 1  -0.0001
 933   45.077  #858586  134 2  0.0040
 934   45.289  #868585  134 3  0.0047
 935   45.440  #868586  134 4  0.0033
 936   45.423  #858685  134 5  -0.0004
 937   45.579  #858686  134 6  0.0034
 938   45.776  #868685  134 7  0.0043
 939   45.917  #868686  135 1  0.0031
 940   45.910  #868687  135 2  -0.0002
 941   45.919  #878686  135 3  0.0002
 942   45.919  #878687  135 4  0.0000
 943   46.387  #868786  135 5  0.0101
 944   46.399  #868787  135 6  0.0003
 945   46.391  #878786  135 7  -0.0002
 946   46.394  #878787  136 1  0.0001
 947   46.546  #878788  136 2  0.0033
 948   46.740  #888787  136 3  0.0042
 949   46.908  #888788  136 4  0.0036
 950   46.869  #878887  136 5  -0.0008
 951   47.035  #878888  136 6  0.0035
 952   47.205  #888887  136 7  0.0036
 953   47.364  #888888  137 1  0.0034
 954   47.364  #888889  137 2  0.0000
 955   47.369  #898888  137 3  0.0001
 956   47.365  #898889  137 4  -0.0001
 957   47.869  #888988  137 5  0.0106
 958   47.848  #888989  137 6  -0.0004
 959   47.855  #898988  137 7  0.0001
 960   47.858  #898989  138 1  0.0001
 961   48.042  #89898a  138 2  0.0038
 962   48.219  #8a8989  138 3  0.0037
 963   48.382  #8a898a  138 4  0.0034
 964   48.365  #898a89  138 5  -0.0004
 965   48.523  #898a8a  138 6  0.0033
 966   48.720  #8a8a89  138 7  0.0041
 967   48.887  #8a8a8a  139 1  0.0034
 968   48.879  #8a8a8b  139 2  -0.0002
 969   48.893  #8b8a8a  139 3  0.0003
 970   48.893  #8b8a8b  139 4  0.0000
 971   49.387  #8a8b8a  139 5  0.0101
 972   49.390  #8a8b8b  139 6  0.0001
 973   49.376  #8b8b8a  139 7  -0.0003
 974   49.377  #8b8b8b  140 1  0.0000
 975   49.547  #8b8b8c  140 2  0.0034
 976   49.756  #8c8b8b  140 3  0.0042
 977   49.901  #8c8b8c  140 4  0.0029
 978   49.874  #8b8c8b  140 5  -0.0005
 979   50.041  #8b8c8c  140 6  0.0033
 980   50.239  #8c8c8b  140 7  0.0039
 981   50.386  #8c8c8c  141 1  0.0029
 982   50.398  #8c8c8d  141 2  0.0002
 983   50.396  #8d8c8c  141 3  -0.0000
 984   50.395  #8d8c8d  141 4  -0.0000
 985   50.916  #8c8d8c  141 5  0.0103
 986   50.913  #8c8d8d  141 6  -0.0001
 987   50.912  #8d8d8c  141 7  -0.0000
 988   50.928  #8d8d8d  142 1  0.0003
 989   51.076  #8d8d8e  142 2  0.0029
 990   51.280  #8e8d8d  142 3  0.0040
 991   51.438  #8e8d8e  142 4  0.0031
 992   51.431  #8d8e8d  142 5  -0.0001
 993   51.588  #8d8e8e  142 6  0.0030
 994   51.789  #8e8e8d  142 7  0.0039
 995   51.941  #8e8e8e  143 1  0.0029
 996   51.940  #8e8e8f  143 2  -0.0000
 997   51.947  #8f8e8e  143 3  0.0001
 998   51.941  #8f8e8f  143 4  -0.0001
 999   52.465  #8e8f8e  143 5  0.0100
1000   52.462  #8e8f8f  143 6  -0.0001
1001   52.464  #8f8f8e  143 7  0.0000
1002   52.453  #8f8f8f  144 1  -0.0002
1003   52.643  #8f8f90  144 2  0.0036
1004   52.819  #908f8f  144 3  0.0033
1005   52.981  #908f90  144 4  0.0031
1006   52.966  #8f908f  144 5  -0.0003
1007   53.137  #8f9090  144 6  0.0032
1008   53.333  #90908f  144 7  0.0037
1009   53.529  #909090  145 1  0.0037
1010   53.521  #909091  145 2  -0.0001
1011   53.511  #919090  145 3  -0.0002
1012   53.514  #919091  145 4  0.0001
1013   54.154  #909190  145 5  0.0119
1014   54.166  #909191  145 6  0.0002
1015   54.156  #919190  145 7  -0.0002
1016   54.146  #919191  146 1  -0.0002
1017   54.334  #919192  146 2  0.0035
1018   54.558  #929191  146 3  0.0041
1019   54.736  #929192  146 4  0.0033
1020   54.704  #919291  146 5  -0.0006
1021   54.886  #919292  146 6  0.0033
1022   55.111  #929291  146 7  0.0041
1023   55.284  #929292  147 1  0.0031
1024   55.285  #929293  147 2  0.0000
1025   55.275  #939292  147 3  -0.0002
1026   55.284  #939293  147 4  0.0002
1027   55.822  #929392  147 5  0.0097
1028   55.833  #929393  147 6  0.0002
1029   55.827  #939392  147 7  -0.0001
1030   55.844  #939393  148 1  0.0003
1031   56.020  #939394  148 2  0.0031
1032   56.224  #949393  148 3  0.0036
1033   56.420  #949394  148 4  0.0035
1034   56.360  #939493  148 5  -0.0011
1035   56.534  #939494  148 6  0.0031
1036   56.755  #949493  148 7  0.0039
1037   56.954  #949494  149 1  0.0035
1038   56.944  #949495  149 2  -0.0002
1039   56.939  #959494  149 3  -0.0001
1040   56.952  #959495  149 4  0.0002
1041   57.535  #949594  149 5  0.0102
1042   57.540  #949595  149 6  0.0001
1043   57.528  #959594  149 7  -0.0002
1044   57.536  #959595  150 1  0.0001
1045   57.716  #959596  150 2  0.0031
1046   57.936  #969595  150 3  0.0038
1047   58.104  #969596  150 4  0.0029
1048   58.122  #959695  150 5  0.0003
1049   58.294  #959696  150 6  0.0030
1050   58.519  #969695  150 7  0.0039
1051   58.689  #969696  151 1  0.0029
1052   58.682  #969697  151 2  -0.0001
1053   58.689  #979696  151 3  0.0001
1054   58.699  #979697  151 4  0.0002
1055   59.282  #969796  151 5  0.0099
1056   59.268  #969797  151 6  -0.0002
1057   59.275  #979796  151 7  0.0001
1058   59.273  #979797  152 1  -0.0000
1059   59.450  #979798  152 2  0.0030
1060   59.679  #989797  152 3  0.0038
1061   59.865  #989798  152 4  0.0031
1062   59.866  #979897  152 5  0.0000
1063   60.035  #979898  152 6  0.0028
1064   60.252  #989897  152 7  0.0036
1065   60.429  #989898  153 1  0.0029
1066   60.443  #989899  153 2  0.0002
1067   60.441  #999898  153 3  -0.0000
1068   60.434  #999899  153 4  -0.0001
1069   61.016  #989998  153 5  0.0096
1070   61.013  #989999  153 6  -0.0000
1071   61.008  #999998  153 7  -0.0001
1072   61.014  #999999  154 1  0.0001
1073   61.219  #99999a  154 2  0.0034
1074   61.438  #9a9999  154 3  0.0036
1075   61.626  #9a999a  154 4  0.0031
1076   61.601  #999a99  154 5  -0.0004
1077   61.795  #999a9a  154 6  0.0031
1078   62.022  #9a9a99  154 7  0.0037
1079   62.233  #9a9a9a  155 1  0.0034
1080   62.226  #9a9a9b  155 2  -0.0001
1081   62.229  #9b9a9a  155 3  0.0000
1082   62.216  #9b9a9b  155 4  -0.0002
1083   62.866  #9a9b9a  155 5  0.0104
1084   62.863  #9a9b9b  155 6  -0.0000
1085   62.874  #9b9b9a  155 7  0.0002
1086   62.873  #9b9b9b  156 1  -0.0000
1087   63.069  #9b9b9c  156 2  0.0031
1088   63.320  #9c9b9b  156 3  0.0040
1089   63.504  #9c9b9c  156 4  0.0029
1090   63.490  #9b9c9b  156 5  -0.0002
1091   63.675  #9b9c9c  156 6  0.0029
1092   63.896  #9c9c9b  156 7  0.0035
1093   64.110  #9c9c9c  157 1  0.0033
1094   64.081  #9c9c9d  157 2  -0.0005
1095   64.082  #9d9c9c  157 3  0.0000
1096   64.082  #9d9c9d  157 4  0.0000
1097   64.678  #9c9d9c  157 5  0.0093
1098   64.676  #9c9d9d  157 6  -0.0000
1099   64.679  #9d9d9c  157 7  0.0000
1100   64.682  #9d9d9d  158 1  0.0000
1101   64.851  #9d9d9e  158 2  0.0026
1102   65.094  #9e9d9d  158 3  0.0037
1103   65.280  #9e9d9e  158 4  0.0029
1104   65.267  #9d9e9d  158 5  -0.0002
1105   65.460  #9d9e9e  158 6  0.0030
1106   65.680  #9e9e9d  158 7  0.0034
1107   65.871  #9e9e9e  159 1  0.0029
1108   65.879  #9e9e9f  159 2  0.0001
1109   65.881  #9f9e9e  159 3  0.0000
1110   65.891  #9f9e9f  159 4  0.0002
1111   66.480  #9e9f9e  159 5  0.0089
1112   66.477  #9e9f9f  159 6  -0.0000
1113   66.472  #9f9f9e  159 7  -0.0001
1114   66.493  #9f9f9f  160 1  0.0003
1115   66.665  #9f9fa0  160 2  0.0026
1116   66.886  #a09f9f  160 3  0.0033
1117   67.086  #a09fa0  160 4  0.0030
1118   67.080  #9fa09f  160 5  -0.0001
1119   67.252  #9fa0a0  160 6  0.0026
1120   67.486  #a0a09f  160 7  0.0035
1121   67.663  #a0a0a0  161 1  0.0026
1122   67.680  #a0a0a1  161 2  0.0003
1123   67.672  #a1a0a0  161 3  -0.0001
1124   67.676  #a1a0a1  161 4  0.0001
1125   68.281  #a0a1a0  161 5  0.0089
1126   68.275  #a0a1a1  161 6  -0.0001
1127   68.282  #a1a1a0  161 7  0.0001
1128   68.280  #a1a1a1  162 1  -0.0000
1129   68.496  #a1a1a2  162 2  0.0032
1130   68.741  #a2a1a1  162 3  0.0036
1131   68.940  #a2a1a2  162 4  0.0029
1132   68.932  #a1a2a1  162 5  -0.0001
1133   69.111  #a1a2a2  162 6  0.0026
1134   69.362  #a2a2a1  162 7  0.0036
1135   69.559  #a2a2a2  163 1  0.0028
1136   69.564  #a2a2a3  163 2  0.0001
1137   69.568  #a3a2a2  163 3  0.0001
1138   69.574  #a3a2a3  163 4  0.0001
1139   70.181  #a2a3a2  163 5  0.0087
1140   70.180  #a2a3a3  163 6  -0.0000
1141   70.186  #a3a3a2  163 7  0.0001
1142   70.188  #a3a3a3  164 1  0.0000
1143   70.380  #a3a3a4  164 2  0.0027
1144   70.622  #a4a3a3  164 3  0.0034
1145   70.838  #a4a3a4  164 4  0.0031
1146   70.791  #a3a4a3  164 5  -0.0007
1147   70.990  #a3a4a4  164 6  0.0028
1148   71.246  #a4a4a3  164 7  0.0036
1149   71.460  #a4a4a4  165 1  0.0030
1150   71.458  #a4a4a5  165 2  -0.0000
1151   71.448  #a5a4a4  165 3  -0.0001
1152   71.457  #a5a4a5  165 4  0.0001
1153   72.112  #a4a5a4  165 5  0.0091
1154   72.105  #a4a5a5  165 6  -0.0001
1155   72.109  #a5a5a4  165 7  0.0001
1156   72.114  #a5a5a5  166 1  0.0001
1157   72.313  #a5a5a6  166 2  0.0028
1158   72.557  #a6a5a5  166 3  0.0034
1159   72.767  #a6a5a6  166 4  0.0029
1160   72.759  #a5a6a5  166 5  -0.0001
1161   72.958  #a5a6a6  166 6  0.0027
1162   73.208  #a6a6a5  166 7  0.0034
1163   73.394  #a6a6a6  167 1  0.0025
1164   73.395  #a6a6a7  167 2  0.0000
1165   73.410  #a7a6a6  167 3  0.0002
1166   73.403  #a7a6a7  167 4  -0.0001
1167   74.064  #a6a7a6  167 5  0.0090
1168   74.041  #a6a7a7  167 6  -0.0003
1169   74.040  #a7a7a6  167 7  -0.0000
1170   74.058  #a7a7a7  168 1  0.0002
1171   74.250  #a7a7a8  168 2  0.0026
1172   74.516  #a8a7a7  168 3  0.0036
1173   74.699  #a8a7a8  168 4  0.0025
1174   74.709  #a7a8a7  168 5  0.0001
1175   74.886  #a7a8a8  168 6  0.0024
1176   75.140  #a8a8a7  168 7  0.0034
1177   75.352  #a8a8a8  169 1  0.0028
1178   75.344  #a8a8a9  169 2  -0.0001
1179   75.358  #a9a8a8  169 3  0.0002
1180   75.343  #a9a8a9  169 4  -0.0002
1181   76.035  #a8a9a8  169 5  0.0091
1182   76.035  #a8a9a9  169 6  0.0000
1183   76.058  #a9a9a8  169 7  0.0003
1184   76.035  #a9a9a9  170 1  -0.0003
1185   76.267  #a9a9aa  170 2  0.0030
1186   76.561  #aaa9a9  170 3  0.0038
1187   76.760  #aaa9aa  170 4  0.0026
1188   76.734  #a9aaa9  170 5  -0.0003
1189   76.970  #a9aaaa  170 6  0.0031
1190   77.229  #aaaaa9  170 7  0.0034
1191   77.445  #aaaaaa  171 1  0.0028
1192   77.448  #aaaaab  171 2  0.0000
1193   77.445  #abaaaa  171 3  -0.0000
1194   77.435  #abaaab  171 4  -0.0001
1195   78.141  #aaabaa  171 5  0.0091
1196   78.145  #aaabab  171 6  0.0001
1197   78.140  #ababaa  171 7  -0.0001
1198   78.159  #ababab  172 1  0.0002
1199   78.381  #ababac  172 2  0.0028
1200   78.654  #acabab  172 3  0.0035
1201   78.868  #acabac  172 4  0.0027
1202   78.828  #abacab  172 5  -0.0005
1203   79.065  #abacac  172 6  0.0030
1204   79.368  #acacab  172 7  0.0038
1205   79.547  #acacac  173 1  0.0023
1206   79.557  #acacad  173 2  0.0001
1207   79.569  #adacac  173 3  0.0002
1208   79.562  #adacad  173 4  -0.0001
1209   80.307  #acadac  173 5  0.0093
1210   80.283  #acadad  173 6  -0.0003
1211   80.283  #adadac  173 7  0.0000
1212   80.280  #adadad  174 1  -0.0000
1213   80.535  #adadae  174 2  0.0032
1214   80.867  #aeadad  174 3  0.0041
1215   81.092  #aeadae  174 4  0.0028
1216   81.076  #adaead  174 5  -0.0002
1217   81.290  #adaeae  174 6  0.0026
1218   81.589  #aeaead  174 7  0.0037
1219   81.780  #aeaeae  175 1  0.0023
1220   81.813  #aeaeaf  175 2  0.0004
1221   81.800  #afaeae  175 3  -0.0002
1222   81.809  #afaeaf  175 4  0.0001
1223   82.514  #aeafae  175 5  0.0086
1224   82.519  #aeafaf  175 6  0.0001
1225   82.519  #afafae  175 7  0.0000
1226   82.515  #afafaf  176 1  -0.0000
1227   82.737  #afafb0  176 2  0.0027
1228   83.023  #b0afaf  176 3  0.0035
1229   83.229  #b0afb0  176 4  0.0025
1230   83.219  #afb0af  176 5  -0.0001
1231   83.442  #afb0b0  176 6  0.0027
1232   83.720  #b0b0af  176 7  0.0033
1233   83.955  #b0b0b0  177 1  0.0028
1234   83.951  #b0b0b1  177 2  -0.0000
1235   83.945  #b1b0b0  177 3  -0.0001
1236   83.957  #b1b0b1  177 4  0.0001
1237   84.733  #b0b1b0  177 5  0.0092
1238   84.728  #b0b1b1  177 6  -0.0001
1239   84.709  #b1b1b0  177 7  -0.0002
1240   84.712  #b1b1b1  178 1  0.0000
1241   84.952  #b1b1b2  178 2  0.0028
1242   85.294  #b2b1b1  178 3  0.0040
1243   85.515  #b2b1b2  178 4  0.0026
1244   85.472  #b1b2b1  178 5  -0.0005
1245   85.744  #b1b2b2  178 6  0.0032
1246   86.043  #b2b2b1  178 7  0.0035
1247   86.282  #b2b2b2  179 1  0.0028
1248   86.291  #b2b2b3  179 2  0.0001
1249   86.291  #b3b2b2  179 3  0.0000
1250   86.295  #b3b2b3  179 4  0.0000
1251   87.064  #b2b3b2  179 5  0.0089
1252   87.055  #b2b3b3  179 6  -0.0001
1253   87.056  #b3b3b2  179 7  0.0000
1254   87.062  #b3b3b3  180 1  0.0001
1255   87.301  #b3b3b4  180 2  0.0027
1256   87.611  #b4b3b3  180 3  0.0035
1257   87.859  #b4b3b4  180 4  0.0028
1258   87.813  #b3b4b3  180 5  -0.0005
1259   88.042  #b3b4b4  180 6  0.0026
1260   88.376  #b4b4b3  180 7  0.0038
1261   88.627  #b4b4b4  181 1  0.0028
1262   88.631  #b4b4b5  181 2  0.0000
1263   88.636  #b5b4b4  181 3  0.0001
1264   88.654  #b5b4b5  181 4  0.0002
1265   89.598  #b4b5b4  181 5  0.0106
1266   89.573  #b4b5b5  181 6  -0.0003
1267   89.554  #b5b5b4  181 7  -0.0002
1268   89.569  #b5b5b5  182 1  0.0002
1269   89.837  #b5b5b6  182 2  0.0030
1270   90.181  #b6b5b5  182 3  0.0038
1271   90.403  #b6b5b6  182 4  0.0025
1272   90.389  #b5b6b5  182 5  -0.0002
1273   90.656  #b5b6b6  182 6  0.0029
1274   90.973  #b6b6b5  182 7  0.0035
1275   91.225  #b6b6b6  183 1  0.0028
1276   91.212  #b6b6b7  183 2  -0.0001
1277   91.204  #b7b6b6  183 3  -0.0001
1278   91.195  #b7b6b7  183 4  -0.0001
1279   92.020  #b6b7b6  183 5  0.0090
1280   91.995  #b6b7b7  183 6  -0.0003
1281   92.000  #b7b7b6  183 7  0.0001
1282   92.004  #b7b7b7  184 1  0.0000
1283   92.252  #b7b7b8  184 2  0.0027
1284   92.569  #b8b7b7  184 3  0.0034
1285   92.801  #b8b7b8  184 4  0.0025
1286   92.781  #b7b8b7  184 5  -0.0002
1287   93.024  #b7b8b8  184 6  0.0026
1288   93.353  #b8b8b7  184 7  0.0035
1289   93.592  #b8b8b8  185 1  0.0026
1290   93.597  #b8b8b9  185 2  0.0001
1291   93.607  #b9b8b8  185 3  0.0001
1292   93.603  #b9b8b9  185 4  -0.0000
1293   94.412  #b8b9b8  185 5  0.0086
1294   94.410  #b8b9b9  185 6  -0.0000
1295   94.411  #b9b9b8  185 7  0.0000
1296   94.403  #b9b9b9  186 1  -0.0001
1297   94.674  #b9b9ba  186 2  0.0029
1298   95.012  #bab9b9  186 3  0.0036
1299   95.273  #bab9ba  186 4  0.0027
1300   95.230  #b9bab9  186 5  -0.0005
1301   95.489  #b9baba  186 6  0.0027
1302   95.824  #babab9  186 7  0.0035
1303   96.076  #bababa  187 1  0.0026
1304   96.075  #bababb  187 2  -0.0000
1305   96.080  #bbbaba  187 3  0.0001
1306   96.087  #bbbabb  187 4  0.0001
1307   96.891  #babbba  187 5  0.0083
1308   96.897  #babbbb  187 6  0.0001
1309   96.921  #bbbbba  187 7  0.0002
1310   96.903  #bbbbbb  188 1  -0.0002
1311   97.199  #bbbbbc  188 2  0.0030
1312   97.524  #bcbbbb  188 3  0.0033
1313   97.787  #bcbbbc  188 4  0.0027
1314   97.721  #bbbcbb  188 5  -0.0007
1315   97.976  #bbbcbc  188 6  0.0026
1316   98.370  #bcbcbb  188 7  0.0040
1317   98.670  #bcbcbc  189 1  0.0030
1318   98.664  #bcbcbd  189 2  -0.0001
1319   98.676  #bdbcbc  189 3  0.0001
1320   98.675  #bdbcbd  189 4  -0.0000
1321   99.547  #bcbdbc  189 5  0.0088
1322   99.538  #bcbdbd  189 6  -0.0001
1323   99.536  #bdbdbc  189 7  -0.0000
1324   99.525  #bdbdbd  190 1  -0.0001
1325   99.774  #bdbdbe  190 2  0.0025
1326  100.140  #bebdbd  190 3  0.0037
1327  100.400  #bebdbe  190 4  0.0026
1328  100.390  #bdbebd  190 5  -0.0001
1329  100.630  #bdbebe  190 6  0.0024
1330  101.000  #bebebd  190 7  0.0037
1331  101.250  #bebebe  191 1  0.0025
1332  101.240  #bebebf  191 2  -0.0001
1333  101.260  #bfbebe  191 3  0.0002
1334  101.230  #bfbebf  191 4  -0.0003
1335  102.100  #bebfbe  191 5  0.0086
1336  102.110  #bebfbf  191 6  0.0001
1337  102.110  #bfbfbe  191 7  0.0000
1338  102.100  #bfbfbf  192 1  -0.0001
1339  102.360  #bfbfc0  192 2  0.0025
1340  102.720  #c0bfbf  192 3  0.0035
1341  102.960  #c0bfc0  192 4  0.0023
1342  102.950  #bfc0bf  192 5  -0.0001
1343  103.230  #bfc0c0  192 6  0.0027
1344  103.540  #c0c0bf  192 7  0.0030
1345  103.810  #c0c0c0  193 1  0.0026
1346  103.840  #c0c0c1  193 2  0.0003
1347  103.810  #c1c0c0  193 3  -0.0003
1348  103.830  #c1c0c1  193 4  0.0002
1349  104.530  #c0c1c0  193 5  0.0067
1350  104.500  #c0c1c1  193 6  -0.0003
1351  104.520  #c1c1c0  193 7  0.0002
1352  104.520  #c1c1c1  194 1  0.0000
1353  104.740  #c1c1c2  194 2  0.0021
1354  105.060  #c2c1c1  194 3  0.0031
1355  105.290  #c2c1c2  194 4  0.0022
1356  105.220  #c1c2c1  194 5  -0.0007
1357  105.440  #c1c2c2  194 6  0.0021
1358  105.760  #c2c2c1  194 7  0.0030
1359  105.990  #c2c2c2  195 1  0.0022
1360  105.990  #c2c2c3  195 2  0.0000
1361  105.990  #c3c2c2  195 3  0.0000
1362  105.990  #c3c2c3  195 4  0.0000
1363  106.700  #c2c3c2  195 5  0.0067
1364  106.700  #c2c3c3  195 6  0.0000
1365  106.720  #c3c3c2  195 7  0.0002
1366  106.710  #c3c3c3  196 1  -0.0001
1367  106.950  #c3c3c4  196 2  0.0022
1368  107.340  #c4c3c3  196 3  0.0036
1369  107.580  #c4c3c4  196 4  0.0022
1370  107.510  #c3c4c3  196 5  -0.0007
1371  107.740  #c3c4c4  196 6  0.0021
1372  108.060  #c4c4c3  196 7  0.0030
1373  108.280  #c4c4c4  197 1  0.0020
1374  108.280  #c4c4c5  197 2  0.0000
1375  108.300  #c5c4c4  197 3  0.0002
1376  108.280  #c5c4c5  197 4  -0.0002
1377  109.070  #c4c5c4  197 5  0.0073
1378  109.070  #c4c5c5  197 6  0.0000
1379  109.080  #c5c5c4  197 7  0.0001
1380  109.080  #c5c5c5  198 1  0.0000
1381  109.310  #c5c5c6  198 2  0.0021
1382  109.620  #c6c5c5  198 3  0.0028
1383  109.860  #c6c5c6  198 4  0.0022
1384  109.860  #c5c6c5  198 5  0.0000
1385  110.090  #c5c6c6  198 6  0.0021
1386  110.390  #c6c6c5  198 7  0.0027
1387  110.630  #c6c6c6  199 1  0.0022
1388  110.630  #c6c6c7  199 2  0.0000
1389  110.620  #c7c6c6  199 3  -0.0001
1390  110.620  #c7c6c7  199 4  0.0000
1391  111.410  #c6c7c6  199 5  0.0071
1392  111.400  #c6c7c7  199 6  -0.0001
1393  111.400  #c7c7c6  199 7  0.0000
1394  111.390  #c7c7c7  200 1  -0.0001
1395  111.640  #c7c7c8  200 2  0.0022
1396  111.940  #c8c7c7  200 3  0.0027
1397  112.160  #c8c7c8  200 4  0.0020
1398  112.170  #c7c8c7  200 5  0.0001
1399  112.400  #c7c8c8  200 6  0.0020
1400  112.750  #c8c8c7  200 7  0.0031
1401  112.940  #c8c8c8  201 1  0.0017
1402  112.930  #c8c8c9  201 2  -0.0001
1403  112.970  #c9c8c8  201 3  0.0004
1404  112.960  #c9c8c9  201 4  -0.0001
1405  113.740  #c8c9c8  201 5  0.0069
1406  113.740  #c8c9c9  201 6  0.0000
1407  113.750  #c9c9c8  201 7  0.0001
1408  113.720  #c9c9c9  202 1  -0.0003
1409  114.000  #c9c9ca  202 2  0.0025
1410  114.360  #cac9c9  202 3  0.0032
1411  114.610  #cac9ca  202 4  0.0022
1412  114.540  #c9cac9  202 5  -0.0006
1413  114.800  #c9caca  202 6  0.0023
1414  115.160  #cacac9  202 7  0.0031
1415  115.420  #cacaca  203 1  0.0023
1416  115.430  #cacacb  203 2  0.0001
1417  115.390  #cbcaca  203 3  -0.0003
1418  115.430  #cbcacb  203 4  0.0003
1419  116.250  #cacbca  203 5  0.0071
1420  116.270  #cacbcb  203 6  0.0002
1421  116.290  #cbcbca  203 7  0.0002
1422  116.290  #cbcbcb  204 1  0.0000
1423  116.560  #cbcbcc  204 2  0.0023
1424  116.940  #cccbcb  204 3  0.0033
1425  117.200  #cccbcc  204 4  0.0022
1426  117.090  #cbcccb  204 5  -0.0009
1427  117.340  #cbcccc  204 6  0.0021
1428  117.740  #cccccb  204 7  0.0034
1429  117.970  #cccccc  205 1  0.0020
1430  117.960  #cccccd  205 2  -0.0001
1431  117.960  #cdcccc  205 3  0.0000
1432  117.970  #cdcccd  205 4  0.0001
1433  118.850  #cccdcc  205 5  0.0074
1434  118.860  #cccdcd  205 6  0.0001
1435  118.860  #cdcdcc  205 7  0.0000
1436  118.850  #cdcdcd  206 1  -0.0001
1437  119.110  #cdcdce  206 2  0.0022
1438  119.480  #cecdcd  206 3  0.0031
1439  119.710  #cecdce  206 4  0.0019
1440  119.740  #cdcecd  206 5  0.0003
1441  119.990  #cdcece  206 6  0.0021
1442  120.350  #cececd  206 7  0.0030
1443  120.590  #cecece  207 1  0.0020
1444  120.600  #cececf  207 2  0.0001
1445  120.640  #cfcece  207 3  0.0003
1446  120.590  #cfcecf  207 4  -0.0004
1447  121.480  #cecfce  207 5  0.0074
1448  121.480  #cecfcf  207 6  0.0000
1449  121.480  #cfcfce  207 7  0.0000
1450  121.490  #cfcfcf  208 1  0.0001
1451  121.750  #cfcfd0  208 2  0.0021
1452  122.100  #d0cfcf  208 3  0.0029
1453  122.340  #d0cfd0  208 4  0.0020
1454  122.350  #cfd0cf  208 5  0.0001
1455  122.600  #cfd0d0  208 6  0.0020
1456  123.000  #d0d0cf  208 7  0.0033
1457  123.240  #d0d0d0  209 1  0.0019
1458  123.240  #d0d0d1  209 2  0.0000
1459  123.210  #d1d0d0  209 3  -0.0002
1460  123.240  #d1d0d1  209 4  0.0002
1461  124.160  #d0d1d0  209 5  0.0074
1462  124.180  #d0d1d1  209 6  0.0002
1463  124.170  #d1d1d0  209 7  -0.0001
1464  124.170  #d1d1d1  210 1  0.0000
1465  124.470  #d1d1d2  210 2  0.0024
1466  124.950  #d2d1d1  210 3  0.0038
1467  125.290  #d2d1d2  210 4  0.0027
1468  125.210  #d1d2d1  210 5  -0.0006
1469  125.540  #d1d2d2  210 6  0.0026
1470  125.980  #d2d2d1  210 7  0.0035
1471  126.250  #d2d2d2  211 1  0.0021
1472  126.250  #d2d2d3  211 2  0.0000
1473  126.240  #d3d2d2  211 3  -0.0001
1474  126.230  #d3d2d3  211 4  -0.0001
1475  127.190  #d2d3d2  211 5  0.0076
1476  127.220  #d2d3d3  211 6  0.0002
1477  127.200  #d3d3d2  211 7  -0.0002
1478  127.200  #d3d3d3  212 1  0.0000
1479  127.490  #d3d3d4  212 2  0.0023
1480  127.910  #d4d3d3  212 3  0.0033
1481  128.210  #d4d3d4  212 4  0.0023
1482  128.150  #d3d4d3  212 5  -0.0005
1483  128.440  #d3d4d4  212 6  0.0023
1484  128.870  #d4d4d3  212 7  0.0033
1485  129.160  #d4d4d4  213 1  0.0022
1486  129.160  #d4d4d5  213 2  0.0000
1487  129.160  #d5d4d4  213 3  0.0000
1488  129.180  #d5d4d5  213 4  0.0002
1489  130.120  #d4d5d4  213 5  0.0073
1490  130.120  #d4d5d5  213 6  0.0000
1491  130.120  #d5d5d4  213 7  0.0000
1492  130.130  #d5d5d5  214 1  0.0001
1493  130.400  #d5d5d6  214 2  0.0021
1494  130.840  #d6d5d5  214 3  0.0034
1495  131.130  #d6d5d6  214 4  0.0022
1496  131.090  #d5d6d5  214 5  -0.0003
1497  131.380  #d5d6d6  214 6  0.0022
1498  131.830  #d6d6d5  214 7  0.0034
1499  132.110  #d6d6d6  215 1  0.0021
1500  132.110  #d6d6d7  215 2  0.0000
1501  132.100  #d7d6d6  215 3  -0.0001
1502  132.090  #d7d6d7  215 4  -0.0001
1503  133.080  #d6d7d6  215 5  0.0075
1504  133.070  #d6d7d7  215 6  -0.0001
1505  133.090  #d7d7d6  215 7  0.0002
1506  133.070  #d7d7d7  216 1  -0.0002
1507  133.370  #d7d7d8  216 2  0.0023
1508  133.820  #d8d7d7  216 3  0.0034
1509  134.160  #d8d7d8  216 4  0.0025
1510  134.120  #d7d8d7  216 5  -0.0003
1511  134.420  #d7d8d8  216 6  0.0022
1512  134.870  #d8d8d7  216 7  0.0033
1513  135.150  #d8d8d8  217 1  0.0021
1514  135.170  #d8d8d9  217 2  0.0001
1515  135.180  #d9d8d8  217 3  0.0001
1516  135.150  #d9d8d9  217 4  -0.0002
1517  136.170  #d8d9d8  217 5  0.0075
1518  136.180  #d8d9d9  217 6  0.0001
1519  136.160  #d9d9d8  217 7  -0.0001
1520  136.170  #d9d9d9  218 1  0.0001
1521  136.490  #d9d9da  218 2  0.0023
1522  136.980  #dad9d9  218 3  0.0036
1523  137.310  #dad9da  218 4  0.0024
1524  137.210  #d9dad9  218 5  -0.0007
1525  137.500  #d9dada  218 6  0.0021
1526  137.990  #dadad9  218 7  0.0036
1527  138.310  #dadada  219 1  0.0023
1528  138.310  #dadadb  219 2  0.0000
1529  138.330  #dbdada  219 3  0.0001
1530  138.310  #dbdadb  219 4  -0.0001
1531  139.310  #dadbda  219 5  0.0072
1532  139.340  #dadbdb  219 6  0.0002
1533  139.320  #dbdbda  219 7  -0.0001
1534  139.300  #dbdbdb  220 1  -0.0001
1535  139.630  #dbdbdc  220 2  0.0024
1536  140.140  #dcdbdb  220 3  0.0036
1537  140.430  #dcdbdc  220 4  0.0021
1538  140.330  #dbdcdb  220 5  -0.0007
1539  140.660  #dbdcdc  220 6  0.0023
1540  141.170  #dcdcdb  220 7  0.0036
1541  141.470  #dcdcdc  221 1  0.0021
1542  141.460  #dcdcdd  221 2  -0.0001
1543  141.450  #dddcdc  221 3  -0.0001
1544  141.430  #dddcdd  221 4  -0.0001
1545  142.430  #dcdddc  221 5  0.0070
1546  142.440  #dcdddd  221 6  0.0001
1547  142.430  #dddddc  221 7  -0.0001
1548  142.420  #dddddd  222 1  -0.0001
1549  142.770  #ddddde  222 2  0.0025
1550  143.230  #dedddd  222 3  0.0032
1551  143.560  #deddde  222 4  0.0023
1552  143.550  #dddedd  222 5  -0.0001
1553  143.900  #dddede  222 6  0.0024
1554  144.370  #dededd  222 7  0.0033
1555  144.630  #dedede  223 1  0.0018
1556  144.620  #dededf  223 2  -0.0001
1557  144.650  #dfdede  223 3  0.0002
1558  144.640  #dfdedf  223 4  -0.0001
1559  145.750  #dedfde  223 5  0.0076
1560  145.750  #dedfdf  223 6  0.0000
1561  145.770  #dfdfde  223 7  0.0001
1562  145.740  #dfdfdf  224 1  -0.0002
1563  146.040  #dfdfe0  224 2  0.0021
1564  146.560  #e0dfdf  224 3  0.0036
1565  146.870  #e0dfe0  224 4  0.0021
1566  146.860  #dfe0df  224 5  -0.0001
1567  147.140  #dfe0e0  224 6  0.0019
1568  147.580  #e0e0df  224 7  0.0030
1569  147.920  #e0e0e0  225 1  0.0023
1570  147.910  #e0e0e1  225 2  -0.0001
1571  147.930  #e1e0e0  225 3  0.0001
1572  147.920  #e1e0e1  225 4  -0.0001
1573  148.960  #e0e1e0  225 5  0.0070
1574  148.960  #e0e1e1  225 6  0.0000
1575  148.970  #e1e1e0  225 7  0.0001
1576  148.960  #e1e1e1  226 1  -0.0001
1577  149.270  #e1e1e2  226 2  0.0021
1578  149.720  #e2e1e1  226 3  0.0030
1579  150.040  #e2e1e2  226 4  0.0021
1580  149.900  #e1e2e1  226 5  -0.0009
1581  150.230  #e1e2e2  226 6  0.0022
1582  150.790  #e2e2e1  226 7  0.0037
1583  151.070  #e2e2e2  227 1  0.0019
1584  151.070  #e2e2e3  227 2  0.0000
1585  151.050  #e3e2e2  227 3  -0.0001
1586  151.070  #e3e2e3  227 4  0.0001
1587  152.070  #e2e3e2  227 5  0.0066
1588  152.060  #e2e3e3  227 6  -0.0001
1589  152.070  #e3e3e2  227 7  0.0001
1590  152.060  #e3e3e3  228 1  -0.0001
1591  152.380  #e3e3e4  228 2  0.0021
1592  152.910  #e4e3e3  228 3  0.0035
1593  153.210  #e4e3e4  228 4  0.0020
1594  153.110  #e3e4e3  228 5  -0.0007
1595  153.400  #e3e4e4  228 6  0.0019
1596  153.920  #e4e4e3  228 7  0.0034
1597  154.260  #e4e4e4  229 1  0.0022
1598  154.240  #e4e4e5  229 2  -0.0001
1599  154.240  #e5e4e4  229 3  0.0000
1600  154.260  #e5e4e5  229 4  0.0001
1601  155.310  #e4e5e4  229 5  0.0068
1602  155.280  #e4e5e5  229 6  -0.0002
1603  155.280  #e5e5e4  229 7  0.0000
1604  155.280  #e5e5e5  230 1  0.0000
1605  155.660  #e5e5e6  230 2  0.0024
1606  156.140  #e6e5e5  230 3  0.0031
1607  156.460  #e6e5e6  230 4  0.0020
1608  156.430  #e5e6e5  230 5  -0.0002
1609  156.760  #e5e6e6  230 6  0.0021
1610  157.270  #e6e6e5  230 7  0.0032
1611  157.540  #e6e6e6  231 1  0.0017
1612  157.540  #e6e6e7  231 2  0.0000
1613  157.520  #e7e6e6  231 3  -0.0001
1614  157.510  #e7e6e7  231 4  -0.0001
1615  158.640  #e6e7e6  231 5  0.0071
1616  158.640  #e6e7e7  231 6  0.0000
1617  158.630  #e7e7e6  231 7  -0.0001
1618  158.640  #e7e7e7  232 1  0.0001
1619  158.980  #e7e7e8  232 2  0.0021
1620  159.500  #e8e7e7  232 3  0.0033
1621  159.780  #e8e7e8  232 4  0.0018
1622  159.750  #e7e8e7  232 5  -0.0002
1623  160.050  #e7e8e8  232 6  0.0019
1624  160.590  #e8e8e7  232 7  0.0034
1625  160.930  #e8e8e8  233 1  0.0021
1626  160.920  #e8e8e9  233 2  -0.0001
1627  160.930  #e9e8e8  233 3  0.0001
1628  160.930  #e9e8e9  233 4  0.0000
1629  162.140  #e8e9e8  233 5  0.0075
1630  162.140  #e8e9e9  233 6  0.0000
1631  162.110  #e9e9e8  233 7  -0.0002
1632  162.130  #e9e9e9  234 1  0.0001
1633  162.470  #e9e9ea  234 2  0.0021
1634  163.040  #eae9e9  234 3  0.0035
1635  163.440  #eae9ea  234 4  0.0025
1636  163.290  #e9eae9  234 5  -0.0009
1637  163.620  #e9eaea  234 6  0.0020
1638  164.280  #eaeae9  234 7  0.0040
1639  164.660  #eaeaea  235 1  0.0023
1640  164.680  #eaeaeb  235 2  0.0001
1641  164.670  #ebeaea  235 3  -0.0001
1642  164.660  #ebeaeb  235 4  -0.0001
1643  165.840  #eaebea  235 5  0.0071
1644  165.820  #eaebeb  235 6  -0.0001
1645  165.820  #ebebea  235 7  0.0000
1646  165.830  #ebebeb  236 1  0.0001
1647  166.240  #ebebec  236 2  0.0025
1648  166.940  #ecebeb  236 3  0.0042
1649  167.620  #ecebec  236 4  0.0041
1650  167.350  #ebeceb  236 5  -0.0016
1651  167.930  #ebecec  236 6  0.0035
1652  168.600  #ececeb  236 7  0.0040
1653  168.960  #ececec  237 1  0.0021
1654  168.940  #ececed  237 2  -0.0001
1655  168.940  #edecec  237 3  0.0000
1656  168.940  #edeced  237 4  0.0000
1657  170.220  #ecedec  237 5  0.0075
1658  170.210  #eceded  237 6  -0.0001
1659  170.230  #ededec  237 7  0.0001
1660  170.200  #ededed  238 1  -0.0002
1661  170.580  #ededee  238 2  0.0022
1662  171.240  #eeeded  238 3  0.0039
1663  171.600  #eeedee  238 4  0.0021
1664  171.540  #edeeed  238 5  -0.0003
1665  171.890  #edeeee  238 6  0.0020
1666  172.510  #eeeeed  238 7  0.0036
1667  172.830  #eeeeee  239 1  0.0019
1668  172.820  #eeeeef  239 2  -0.0001
1669  172.820  #efeeee  239 3  0.0000
1670  172.830  #efeeef  239 4  0.0001
1671  174.110  #eeefee  239 5  0.0074
1672  174.140  #eeefef  239 6  0.0002
1673  174.100  #efefee  239 7  -0.0002
1674  174.110  #efefef  240 1  0.0001
1675  174.510  #efeff0  240 2  0.0023
1676  175.160  #f0efef  240 3  0.0037
1677  175.480  #f0eff0  240 4  0.0018
1678  175.430  #eff0ef  240 5  -0.0003
1679  175.780  #eff0f0  240 6  0.0020
1680  176.440  #f0f0ef  240 7  0.0037
1681  176.760  #f0f0f0  241 1  0.0018
1682  176.780  #f0f0f1  241 2  0.0001
1683  176.780  #f1f0f0  241 3  0.0000
1684  176.770  #f1f0f1  241 4  -0.0001
1685  178.100  #f0f1f0  241 5  0.0075
1686  178.090  #f0f1f1  241 6  -0.0001
1687  178.080  #f1f1f0  241 7  -0.0001
1688  178.080  #f1f1f1  242 1  0.0000
1689  178.530  #f1f1f2  242 2  0.0025
1690  179.240  #f2f1f1  242 3  0.0040
1691  179.720  #f2f1f2  242 4  0.0027
1692  179.420  #f1f2f1  242 5  -0.0017
1693  179.900  #f1f2f2  242 6  0.0027
1694  180.610  #f2f2f1  242 7  0.0039
1695  181.060  #f2f2f2  243 1  0.0025
1696  181.070  #f2f2f3  243 2  0.0001
1697  181.040  #f3f2f2  243 3  -0.0002
1698  181.050  #f3f2f3  243 4  0.0001
1699  182.490  #f2f3f2  243 5  0.0079
1700  182.490  #f2f3f3  243 6  0.0000
1701  182.470  #f3f3f2  243 7  -0.0001
1702  182.470  #f3f3f3  244 1  0.0000
1703  182.920  #f3f3f4  244 2  0.0025
1704  183.590  #f4f3f3  244 3  0.0037
1705  184.040  #f4f3f4  244 4  0.0024
1706  183.780  #f3f4f3  244 5  -0.0014
1707  184.220  #f3f4f4  244 6  0.0024
1708  185.020  #f4f4f3  244 7  0.0043
1709  185.460  #f4f4f4  245 1  0.0024
1710  185.450  #f4f4f5  245 2  -0.0001
1711  185.440  #f5f4f4  245 3  -0.0001
1712  185.480  #f5f4f5  245 4  0.0002
1713  187.020  #f4f5f4  245 5  0.0083
1714  187.030  #f4f5f5  245 6  0.0001
1715  187.010  #f5f5f4  245 7  -0.0001
1716  187.030  #f5f5f5  246 1  0.0001
1717  187.440  #f5f5f6  246 2  0.0022
1718  188.150  #f6f5f5  246 3  0.0038
1719  188.560  #f6f5f6  246 4  0.0022
1720  188.560  #f5f6f5  246 5  0.0000
1721  189.010  #f5f6f6  246 6  0.0024
1722  189.750  #f6f6f5  246 7  0.0039
1723  190.200  #f6f6f6  247 1  0.0024
1724  190.210  #f6f6f7  247 2  0.0001
1725  190.200  #f7f6f6  247 3  -0.0001
1726  190.210  #f7f6f7  247 4  0.0001
1727  191.820  #f6f7f6  247 5  0.0084
1728  191.810  #f6f7f7  247 6  -0.0001
1729  191.820  #f7f7f6  247 7  0.0001
1730  191.800  #f7f7f7  248 1  -0.0001
1731  192.210  #f7f7f8  248 2  0.0021
1732  192.960  #f8f7f7  248 3  0.0039
1733  193.320  #f8f7f8  248 4  0.0019
1734  193.350  #f7f8f7  248 5  0.0002
1735  193.760  #f7f8f8  248 6  0.0021
1736  194.530  #f8f8f7  248 7  0.0040
1737  194.910  #f8f8f8  249 1  0.0020
1738  194.930  #f8f8f9  249 2  0.0001
1739  194.930  #f9f8f8  249 3  0.0000
1740  194.930  #f9f8f9  249 4  0.0000
1741  196.820  #f8f9f8  249 5  0.0096
1742  196.820  #f8f9f9  249 6  0.0000
1743  196.810  #f9f9f8  249 7  -0.0001
1744  196.810  #f9f9f9  250 1  0.0000
1745  196.800  #f9f9fa  250 2  -0.0001
1746  196.790  #faf9f9  250 3  -0.0001
1747  196.790  #faf9fa  250 4  0.0000
1748  198.660  #f9faf9  250 5  0.0095
1749  198.670  #f9fafa  250 6  0.0001
1750  198.660  #fafaf9  250 7  -0.0001
1751  198.650  #fafafa  251 1  -0.0001
1752  198.650  #fafafb  251 2  0.0000
1753  198.660  #fbfafa  251 3  0.0001
1754  198.650  #fbfafb  251 4  -0.0001
1755  200.500  #fafbfa  251 5  0.0093
1756  200.530  #fafbfb  251 6  0.0001
1757  200.510  #fbfbfa  251 7  -0.0001
1758  200.530  #fbfbfb  252 1  0.0001
1759  200.520  #fbfbfc  252 2  -0.0000
1760  200.500  #fcfbfb  252 3  -0.0001
1761  200.500  #fcfbfc  252 4  0.0000
1762  202.350  #fbfcfb  252 5  0.0092
1763  202.360  #fbfcfc  252 6  0.0000
1764  202.350  #fcfcfb  252 7  -0.0000
1765  202.360  #fcfcfc  253 1  0.0000
1766  202.330  #fcfcfd  253 2  -0.0001
1767  202.360  #fdfcfc  253 3  0.0001
1768  202.350  #fdfcfd  253 4  -0.0000
1769  202.350  #fcfdfc  253 5  0.0000
1770  202.350  #fcfdfd  253 6  0.0000
1771  202.340  #fdfdfc  253 7  -0.0000
1772  202.370  #fdfdfd  254 1  0.0001
1773  202.370  #fdfdfe  254 2  0.0000
1774  202.340  #fefdfd  254 3  -0.0001
1775  202.350  #fefdfe  254 4  0.0000
1776  202.340  #fdfefd  254 5  -0.0000
1777  202.360  #fdfefe  254 6  0.0001
1778  202.350  #fefefd  254 7  -0.0000
1779  202.360  #fefefe  255 1  0.0000
1780  202.340  #fefeff  255 2  -0.0001
1781  202.350  #fffefe  255 3  0.0000
1782  202.360  #fffeff  255 4  0.0000
1783  202.360  #fefffe  255 5  0.0000
1784  202.340  #feffff  255 6  -0.0001
1785  202.350  #fffffe  255 7  0.0000
1786  202.330  #ffffff  256 1  -0.0001
