#  lumResponse vers. 1.8 - 10/29/09 08:44:12
#  Display ID: L200ME_810KCAS4Y184
#  iLdelay=1  avgN=1  ILlimit_plus=0.20 ILlimit_minus=-0.05  R=22.4% G=67.4% B=10.1%
#  75.917  #ff0000
#  228.11  #00ff00
#  34.197  #0000ff
   1    0.295  #000000    1 1  0.0000
   2    0.298  #000001    1 2  0.0084
   3    0.294  #010000    1 3  -0.0119
   4    0.298  #010001    1 4  0.0120
   5    0.290  #000100    1 5  -0.0258
   6    0.298  #000101    1 6  0.0259
   7    0.294  #010100    1 7  -0.0140
   8    0.297  #010101    2 1  0.0100
   9    0.296  #010102    2 2  -0.0043
  10    0.298  #020101    2 3  0.0087
  11    0.291  #020102    2 4  -0.0229
  12    0.295  #010201    2 5  0.0121
  13    0.300  #010202    2 6  0.0161
  14    0.298  #020201    2 7  -0.0048
  15    0.297  #020202    3 1  -0.0056
  16    0.291  #020203    3 2  -0.0175
  17    0.296  #030202    3 3  0.0145
  18    0.298  #030203    3 4  0.0068
  19    0.298  #020302    3 5  -0.0003
  20    0.300  #020303    3 6  0.0072
  21    0.295  #030302    3 7  -0.0164
  22    0.301  #030303    4 1  0.0196
  23    0.304  #030304    4 2  0.0102
  24    0.298  #040303    4 3  -0.0180
  25    0.299  #040304    4 4  0.0033
  26    0.305  #030403    4 5  0.0187
  27    0.301  #030404    4 6  -0.0128
  28    0.300  #040403    4 7  -0.0039
  29    0.308  #040404    5 1  0.0266
  30    0.305  #040405    5 2  -0.0104
  31    0.304  #050404    5 3  -0.0022
  32    0.299  #050405    5 4  -0.0160
  33    0.304  #040504    5 5  0.0148
  34    0.306  #040505    5 6  0.0075
  35    0.311  #050504    5 7  0.0153
  36    0.313  #050505    6 1  0.0057
  37    0.315  #050506    6 2  0.0082
  38    0.306  #060505    6 3  -0.0300
  39    0.322  #060506    6 4  0.0513
  40    0.315  #050605    6 5  -0.0225
  41    0.312  #050606    6 6  -0.0097
  42    0.321  #060605    6 7  0.0302
  43    0.330  #060606    7 1  0.0276
  44    0.314  #060607    7 2  -0.0512
  45    0.314  #070606    7 3  0.0013
  46    0.319  #070607    7 4  0.0135
  47    0.329  #060706    7 5  0.0329
  48    0.316  #060707    7 6  -0.0399
  49    0.329  #070706    7 7  0.0400
  50    0.324  #070707    8 1  -0.0165
  51    0.340  #070708    8 2  0.0487
  52    0.336  #080707    8 3  -0.0129
  53    0.352  #080708    8 4  0.0474
  54    0.343  #070807    8 5  -0.0248
  55    0.344  #070808    8 6  0.0007
  56    0.342  #080807    8 7  -0.0051
  57    0.341  #080808    9 1  -0.0020
  58    0.347  #080809    9 2  0.0163
  59    0.356  #090808    9 3  0.0260
  60    0.362  #090809    9 4  0.0157
  61    0.367  #080908    9 5  0.0163
  62    0.370  #080909    9 6  0.0074
  63    0.355  #090908    9 7  -0.0420
  64    0.371  #090909   10 1  0.0432
  65    0.368  #09090a   10 2  -0.0071
  66    0.358  #0a0909   10 3  -0.0270
  67    0.385  #0a090a   10 4  0.0721
  68    0.396  #090a09   10 5  0.0277
  69    0.394  #090a0a   10 6  -0.0040
  70    0.400  #0a0a09   10 7  0.0147
  71    0.392  #0a0a0a   11 1  -0.0195
  72    0.398  #0a0a0b   11 2  0.0138
  73    0.391  #0b0a0a   11 3  -0.0170
  74    0.385  #0b0a0b   11 4  -0.0155
  75    0.429  #0a0b0a   11 5  0.1081
  76    0.432  #0a0b0b   11 6  0.0075
  77    0.432  #0b0b0a   11 7  0.0004
  78    0.436  #0b0b0b   12 1  0.0085
  79    0.428  #0b0b0c   12 2  -0.0177
  80    0.423  #0c0b0b   12 3  -0.0124
  81    0.439  #0c0b0c   12 4  0.0374
  82    0.433  #0b0c0b   12 5  -0.0142
  83    0.483  #0b0c0c   12 6  0.1085
  84    0.472  #0c0c0b   12 7  -0.0222
  85    0.482  #0c0c0c   13 1  0.0200
  86    0.485  #0c0c0d   13 2  0.0075
  87    0.472  #0d0c0c   13 3  -0.0278
  88    0.474  #0d0c0d   13 4  0.0041
  89    0.475  #0c0d0c   13 5  0.0021
  90    0.480  #0c0d0d   13 6  0.0102
  91    0.548  #0d0d0c   13 7  0.1327
  92    0.555  #0d0d0d   14 1  0.0117
  93    0.532  #0d0d0e   14 2  -0.0412
  94    0.537  #0e0d0d   14 3  0.0087
  95    0.522  #0e0d0e   14 4  -0.0288
  96    0.549  #0d0e0d   14 5  0.0515
  97    0.528  #0d0e0e   14 6  -0.0401
  98    0.543  #0e0e0d   14 7  0.0291
  99    0.543  #0e0e0e   15 1  -0.0011
 100    0.604  #0e0e0f   15 2  0.1072
 101    0.598  #0f0e0e   15 3  -0.0098
 102    0.601  #0f0e0f   15 4  0.0057
 103    0.603  #0e0f0e   15 5  0.0024
 104    0.605  #0e0f0f   15 6  0.0027
 105    0.604  #0f0f0e   15 7  -0.0006
 106    0.608  #0f0f0f   16 1  0.0060
 107    0.606  #0f0f10   16 2  -0.0037
 108    0.681  #100f0f   16 3  0.1178
 109    0.683  #100f10   16 4  0.0027
 110    0.684  #0f100f   16 5  0.0006
 111    0.686  #0f1010   16 6  0.0037
 112    0.686  #10100f   16 7  0.0004
 113    0.685  #101010   17 1  -0.0026
 114    0.684  #101011   17 2  -0.0015
 115    0.675  #111010   17 3  -0.0121
 116    0.751  #111011   17 4  0.1056
 117    0.775  #101110   17 5  0.0321
 118    0.771  #101111   17 6  -0.0057
 119    0.777  #111110   17 7  0.0086
 120    0.777  #111111   18 1  -0.0007
 121    0.762  #111112   18 2  -0.0194
 122    0.764  #121111   18 3  0.0032
 123    0.771  #121112   18 4  0.0085
 124    0.857  #111211   18 5  0.1062
 125    0.859  #111212   18 6  0.0021
 126    0.856  #121211   18 7  -0.0039
 127    0.869  #121212   19 1  0.0150
 128    0.859  #121213   19 2  -0.0107
 129    0.843  #131212   19 3  -0.0193
 130    0.848  #131213   19 4  0.0057
 131    0.851  #121312   19 5  0.0032
 132    0.862  #121313   19 6  0.0132
 133    0.976  #131312   19 7  0.1238
 134    0.970  #131313   20 1  -0.0061
 135    0.963  #131314   20 2  -0.0065
 136    0.951  #141313   20 3  -0.0131
 137    0.959  #141314   20 4  0.0091
 138    0.965  #131413   20 5  0.0056
 139    0.967  #131414   20 6  0.0018
 140    1.097  #141413   20 7  0.1262
 141    1.103  #141414   21 1  0.0055
 142    1.071  #141415   21 2  -0.0294
 143    1.068  #151414   21 3  -0.0025
 144    1.060  #151415   21 4  -0.0077
 145    1.101  #141514   21 5  0.0380
 146    1.107  #141515   21 6  0.0054
 147    1.103  #151514   21 7  -0.0034
 148    1.095  #151515   22 1  -0.0070
 149    1.230  #151516   22 2  0.1156
 150    1.194  #161515   22 3  -0.0291
 151    1.210  #161516   22 4  0.0126
 152    1.224  #151615   22 5  0.0122
 153    1.228  #151616   22 6  0.0025
 154    1.219  #161615   22 7  -0.0073
 155    1.216  #161616   23 1  -0.0020
 156    1.221  #161617   23 2  0.0035
 157    1.361  #171616   23 3  0.1084
 158    1.331  #171617   23 4  -0.0218
 159    1.394  #161716   23 5  0.0457
 160    1.363  #161717   23 6  -0.0218
 161    1.385  #171716   23 7  0.0155
 162    1.392  #171717   24 1  0.0050
 163    1.366  #171718   24 2  -0.0187
 164    1.360  #181717   24 3  -0.0044
 165    1.533  #181718   24 4  0.1199
 166    1.583  #171817   24 5  0.0316
 167    1.555  #171818   24 6  -0.0175
 168    1.577  #181817   24 7  0.0139
 169    1.575  #181818   25 1  -0.0011
 170    1.550  #181819   25 2  -0.0159
 171    1.551  #191818   25 3  0.0003
 172    1.531  #191819   25 4  -0.0130
 173    1.742  #181918   25 5  0.1289
 174    1.750  #181919   25 6  0.0048
 175    1.746  #191918   25 7  -0.0022
 176    1.746  #191919   26 1  0.0000
 177    1.747  #19191a   26 2  0.0007
 178    1.723  #1a1919   26 3  -0.0140
 179    1.731  #1a191a   26 4  0.0048
 180    1.745  #191a19   26 5  0.0081
 181    1.954  #191a1a   26 6  0.1125
 182    1.975  #1a1a19   26 7  0.0108
 183    1.974  #1a1a1a   27 1  -0.0005
 184    1.948  #1a1a1b   27 2  -0.0133
 185    1.938  #1b1a1a   27 3  -0.0051
 186    1.905  #1b1a1b   27 4  -0.0170
 187    1.976  #1a1b1a   27 5  0.0367
 188    1.937  #1a1b1b   27 6  -0.0203
 189    2.228  #1b1b1a   27 7  0.1398
 190    2.227  #1b1b1b   28 1  -0.0005
 191    2.191  #1b1b1c   28 2  -0.0162
 192    2.181  #1c1b1b   28 3  -0.0045
 193    2.157  #1c1b1c   28 4  -0.0112
 194    2.225  #1b1c1b   28 5  0.0314
 195    2.217  #1b1c1c   28 6  -0.0037
 196    2.225  #1c1c1b   28 7  0.0035
 197    2.417  #1c1c1c   29 1  0.0826
 198    2.432  #1c1c1d   29 2  0.0063
 199    2.391  #1d1c1c   29 3  -0.0168
 200    2.410  #1d1c1d   29 4  0.0078
 201    2.416  #1c1d1c   29 5  0.0025
 202    2.425  #1c1d1d   29 6  0.0036
 203    2.407  #1d1d1c   29 7  -0.0074
 204    2.413  #1d1d1d   30 1  0.0026
 205    2.426  #1d1d1e   30 2  0.0053
 206    2.620  #1e1d1d   30 3  0.0769
 207    2.608  #1e1d1e   30 4  -0.0044
 208    2.643  #1d1e1d   30 5  0.0132
 209    2.625  #1d1e1e   30 6  -0.0068
 210    2.640  #1e1e1d   30 7  0.0055
 211    2.651  #1e1e1e   31 1  0.0041
 212    2.624  #1e1e1f   31 2  -0.0099
 213    2.625  #1f1e1e   31 3  0.0001
 214    2.828  #1f1e1f   31 4  0.0745
 215    2.888  #1e1f1e   31 5  0.0210
 216    2.863  #1e1f1f   31 6  -0.0087
 217    2.895  #1f1f1e   31 7  0.0110
 218    2.891  #1f1f1f   32 1  -0.0012
 219    2.862  #1f1f20   32 2  -0.0100
 220    2.859  #201f1f   32 3  -0.0013
 221    2.837  #201f20   32 4  -0.0076
 222    3.080  #1f201f   32 5  0.0822
 223    3.092  #1f2020   32 6  0.0039
 224    3.083  #20201f   32 7  -0.0029
 225    3.076  #202020   33 1  -0.0024
 226    3.101  #202021   33 2  0.0083
 227    3.064  #212020   33 3  -0.0122
 228    3.073  #212021   33 4  0.0031
 229    3.079  #202120   33 5  0.0017
 230    3.298  #202121   33 6  0.0688
 231    3.328  #212120   33 7  0.0091
 232    3.324  #212121   34 1  -0.0011
 233    3.307  #212122   34 2  -0.0052
 234    3.295  #222121   34 3  -0.0037
 235    3.267  #222122   34 4  -0.0084
 236    3.327  #212221   34 5  0.0182
 237    3.296  #212222   34 6  -0.0093
 238    3.584  #222221   34 7  0.0837
 239    3.585  #222222   35 1  0.0002
 240    3.561  #222223   35 2  -0.0067
 241    3.546  #232222   35 3  -0.0042
 242    3.525  #232223   35 4  -0.0058
 243    3.583  #222322   35 5  0.0162
 244    3.552  #222323   35 6  -0.0085
 245    3.582  #232322   35 7  0.0082
 246    3.577  #232323   36 1  -0.0013
 247    3.822  #232324   36 2  0.0662
 248    3.790  #242323   36 3  -0.0086
 249    3.793  #242324   36 4  0.0008
 250    3.808  #232423   36 5  0.0040
 251    3.821  #232424   36 6  0.0033
 252    3.806  #242423   36 7  -0.0039
 253    3.804  #242424   37 1  -0.0005
 254    3.828  #242425   37 2  0.0064
 255    4.051  #252424   37 3  0.0566
 256    4.023  #252425   37 4  -0.0071
 257    4.089  #242524   37 5  0.0163
 258    4.057  #242525   37 6  -0.0078
 259    4.084  #252524   37 7  0.0066
 260    4.081  #252525   38 1  -0.0006
 261    4.057  #252526   38 2  -0.0059
 262    4.048  #262525   38 3  -0.0022
 263    4.306  #262526   38 4  0.0617
 264    4.372  #252625   38 5  0.0151
 265    4.343  #252626   38 6  -0.0067
 266    4.372  #262625   38 7  0.0066
 267    4.370  #262626   39 1  -0.0003
 268    4.333  #262627   39 2  -0.0085
 269    4.330  #272626   39 3  -0.0006
 270    4.299  #272627   39 4  -0.0073
 271    4.596  #262726   39 5  0.0666
 272    4.618  #262727   39 6  0.0048
 273    4.602  #272726   39 7  -0.0034
 274    4.604  #272727   40 1  0.0004
 275    4.615  #272728   40 2  0.0023
 276    4.577  #282727   40 3  -0.0081
 277    4.586  #282728   40 4  0.0019
 278    4.598  #272827   40 5  0.0025
 279    4.870  #272828   40 6  0.0575
 280    4.903  #282827   40 7  0.0067
 281    4.918  #282828   41 1  0.0031
 282    4.875  #282829   41 2  -0.0088
 283    4.872  #292828   41 3  -0.0007
 284    4.830  #292829   41 4  -0.0085
 285    4.904  #282928   41 5  0.0152
 286    4.871  #282929   41 6  -0.0067
 287    5.171  #292928   41 7  0.0597
 288    5.169  #292929   42 1  -0.0005
 289    5.170  #29292a   42 2  0.0002
 290    5.135  #2a2929   42 3  -0.0067
 291    5.147  #2a292a   42 4  0.0023
 292    5.165  #292a29   42 5  0.0036
 293    5.187  #292a2a   42 6  0.0042
 294    5.166  #2a2a29   42 7  -0.0041
 295    5.513  #2a2a2a   43 1  0.0651
 296    5.524  #2a2a2b   43 2  0.0019
 297    5.472  #2b2a2a   43 3  -0.0095
 298    5.497  #2b2a2b   43 4  0.0046
 299    5.510  #2a2b2a   43 5  0.0023
 300    5.520  #2a2b2b   43 6  0.0018
 301    5.500  #2b2b2a   43 7  -0.0035
 302    5.510  #2b2b2b   44 1  0.0017
 303    5.518  #2b2b2c   44 2  0.0015
 304    5.823  #2c2b2b   44 3  0.0538
 305    5.787  #2c2b2c   44 4  -0.0062
 306    5.873  #2b2c2b   44 5  0.0148
 307    5.835  #2b2c2c   44 6  -0.0065
 308    5.880  #2c2c2b   44 7  0.0077
 309    5.882  #2c2c2c   45 1  0.0004
 310    5.849  #2c2c2d   45 2  -0.0057
 311    6.138  #2d2c2c   45 3  0.0482
 312    6.155  #2d2c2d   45 4  0.0027
 313    6.167  #2c2d2c   45 5  0.0020
 314    6.199  #2c2d2d   45 6  0.0051
 315    6.168  #2d2d2c   45 7  -0.0049
 316    6.169  #2d2d2d   46 1  0.0001
 317    6.190  #2d2d2e   46 2  0.0033
 318    6.148  #2e2d2d   46 3  -0.0067
 319    6.151  #2e2d2e   46 4  0.0004
 320    6.554  #2d2e2d   46 5  0.0635
 321    6.572  #2d2e2e   46 6  0.0027
 322    6.551  #2e2e2d   46 7  -0.0032
 323    6.547  #2e2e2e   47 1  -0.0005
 324    6.570  #2e2e2f   47 2  0.0035
 325    6.514  #2f2e2e   47 3  -0.0085
 326    6.526  #2f2e2f   47 4  0.0018
 327    6.545  #2e2f2e   47 5  0.0030
 328    6.891  #2e2f2f   47 6  0.0514
 329    6.943  #2f2f2e   47 7  0.0075
 330    6.941  #2f2f2f   48 1  -0.0003
 331    6.905  #2f2f30   48 2  -0.0051
 332    6.882  #302f2f   48 3  -0.0033
 333    6.844  #302f30   48 4  -0.0056
 334    6.930  #2f302f   48 5  0.0125
 335    6.908  #2f3030   48 6  -0.0031
 336    7.263  #30302f   48 7  0.0502
 337    7.268  #303030   49 1  0.0006
 338    7.281  #303031   49 2  0.0017
 339    7.231  #313030   49 3  -0.0068
 340    7.248  #313031   49 4  0.0024
 341    7.263  #303130   49 5  0.0021
 342    7.271  #303131   49 6  0.0010
 343    7.257  #313130   49 7  -0.0019
 344    7.685  #313131   50 1  0.0573
 345    7.718  #313132   50 2  0.0043
 346    7.656  #323131   50 3  -0.0080
 347    7.676  #323132   50 4  0.0026
 348    7.688  #313231   50 5  0.0015
 349    7.704  #313232   50 6  0.0020
 350    7.690  #323231   50 7  -0.0018
 351    7.687  #323232   51 1  -0.0004
 352    7.713  #323233   51 2  0.0035
 353    8.074  #333232   51 3  0.0456
 354    8.019  #333233   51 4  -0.0068
 355    8.132  #323332   51 5  0.0140
 356    8.076  #323333   51 6  -0.0070
 357    8.142  #333332   51 7  0.0081
 358    8.123  #333333   52 1  -0.0023
 359    8.078  #333334   52 2  -0.0055
 360    8.066  #343333   52 3  -0.0015
 361    8.451  #343334   52 4  0.0466
 362    8.485  #333433   52 5  0.0040
 363    8.495  #333434   52 6  0.0012
 364    8.484  #343433   52 7  -0.0014
 365    8.476  #343434   53 1  -0.0009
 366    8.501  #343435   53 2  0.0029
 367    8.435  #353434   53 3  -0.0079
 368    8.459  #353435   53 4  0.0029
 369    8.931  #343534   53 5  0.0542
 370    8.950  #343535   53 6  0.0022
 371    8.924  #353534   53 7  -0.0030
 372    8.916  #353535   54 1  -0.0008
 373    8.939  #353536   54 2  0.0026
 374    8.896  #363535   54 3  -0.0048
 375    8.902  #363536   54 4  0.0006
 376    8.924  #353635   54 5  0.0024
 377    9.344  #353636   54 6  0.0460
 378    9.395  #363635   54 7  0.0054
 379    9.382  #363636   55 1  -0.0013
 380    9.341  #363637   55 2  -0.0044
 381    9.328  #373636   55 3  -0.0015
 382    9.274  #373637   55 4  -0.0058
 383    9.384  #363736   55 5  0.0119
 384    9.335  #363737   55 6  -0.0052
 385    9.793  #373736   55 7  0.0478
 386    9.800  #373737   56 1  0.0008
 387    9.816  #373738   56 2  0.0016
 388    9.741  #383737   56 3  -0.0077
 389    9.773  #383738   56 4  0.0033
 390    9.792  #373837   56 5  0.0019
 391    9.802  #373838   56 6  0.0011
 392    9.787  #383837   56 7  -0.0015
 393   10.294  #383838   57 1  0.0505
 394   10.306  #383839   57 2  0.0012
 395   10.232  #393838   57 3  -0.0072
 396   10.278  #393839   57 4  0.0045
 397   10.281  #383938   57 5  0.0003
 398   10.311  #383939   57 6  0.0029
 399   10.280  #393938   57 7  -0.0030
 400   10.279  #393939   58 1  -0.0001
 401   10.743  #39393a   58 2  0.0441
 402   10.726  #3a3939   58 3  -0.0016
 403   10.671  #3a393a   58 4  -0.0051
 404   10.801  #393a39   58 5  0.0121
 405   10.738  #393a3a   58 6  -0.0058
 406   10.790  #3a3a39   58 7  0.0048
 407   10.801  #3a3a3a   59 1  0.0010
 408   10.741  #3a3a3b   59 2  -0.0056
 409   11.169  #3b3a3a   59 3  0.0391
 410   11.195  #3b3a3b   59 4  0.0023
 411   11.213  #3a3b3a   59 5  0.0016
 412   11.237  #3a3b3b   59 6  0.0021
 413   11.218  #3b3b3a   59 7  -0.0017
 414   11.215  #3b3b3b   60 1  -0.0003
 415   11.247  #3b3b3c   60 2  0.0028
 416   11.179  #3c3b3b   60 3  -0.0061
 417   11.201  #3c3b3c   60 4  0.0020
 418   11.780  #3b3c3b   60 5  0.0504
 419   11.715  #3b3c3c   60 6  -0.0055
 420   11.778  #3c3c3b   60 7  0.0054
 421   11.779  #3c3c3c   61 1  0.0001
 422   11.710  #3c3c3d   61 2  -0.0059
 423   11.700  #3d3c3c   61 3  -0.0009
 424   11.638  #3d3c3d   61 4  -0.0053
 425   11.775  #3c3d3c   61 5  0.0117
 426   12.298  #3c3d3d   61 6  0.0435
 427   12.382  #3d3d3c   61 7  0.0068
 428   12.384  #3d3d3d   62 1  0.0002
 429   12.296  #3d3d3e   62 2  -0.0071
 430   12.271  #3e3d3d   62 3  -0.0020
 431   12.193  #3e3d3e   62 4  -0.0064
 432   12.365  #3d3e3d   62 5  0.0140
 433   12.293  #3d3e3e   62 6  -0.0058
 434   12.882  #3e3e3d   62 7  0.0468
 435   12.871  #3e3e3e   63 1  -0.0009
 436   12.915  #3e3e3f   63 2  0.0034
 437   12.810  #3f3e3e   63 3  -0.0082
 438   12.849  #3f3e3f   63 4  0.0030
 439   12.874  #3e3f3e   63 5  0.0019
 440   12.896  #3e3f3f   63 6  0.0017
 441   12.869  #3f3f3e   63 7  -0.0021
 442   12.880  #3f3f3f   64 1  0.0009
 443   13.472  #3f3f40   64 2  0.0449
 444   13.461  #403f3f   64 3  -0.0008
 445   13.370  #403f40   64 4  -0.0068
 446   13.549  #3f403f   64 5  0.0133
 447   13.467  #3f4040   64 6  -0.0061
 448   13.571  #40403f   64 7  0.0077
 449   13.567  #404040   65 1  -0.0003
 450   14.178  #404041   65 2  0.0440
 451   14.145  #414040   65 3  -0.0023
 452   14.071  #414041   65 4  -0.0052
 453   14.242  #404140   65 5  0.0121
 454   14.179  #404141   65 6  -0.0044
 455   14.243  #414140   65 7  0.0045
 456   14.246  #414141   66 1  0.0002
 457   14.156  #414142   66 2  -0.0063
 458   14.765  #424141   66 3  0.0421
 459   14.803  #424142   66 4  0.0026
 460   14.812  #414241   66 5  0.0006
 461   14.845  #414242   66 6  0.0022
 462   14.827  #424241   66 7  -0.0012
 463   14.819  #424242   67 1  -0.0005
 464   14.854  #424243   67 2  0.0024
 465   14.747  #434242   67 3  -0.0072
 466   14.778  #434243   67 4  0.0021
 467   15.574  #424342   67 5  0.0525
 468   15.491  #424343   67 6  -0.0053
 469   15.489  #434342   67 7  -0.0001
 470   15.567  #434343   68 1  0.0050
 471   15.479  #434344   68 2  -0.0057
 472   15.468  #444343   68 3  -0.0007
 473   15.386  #444344   68 4  -0.0053
 474   15.568  #434443   68 5  0.0118
 475   16.281  #434444   68 6  0.0448
 476   16.350  #444443   68 7  0.0042
 477   16.343  #444444   69 1  -0.0004
 478   16.255  #444445   69 2  -0.0054
 479   16.231  #454444   69 3  -0.0015
 480   16.157  #454445   69 4  -0.0046
 481   16.340  #444544   69 5  0.0113
 482   16.245  #444545   69 6  -0.0058
 483   16.996  #454544   69 7  0.0452
 484   16.986  #454545   70 1  -0.0006
 485   17.033  #454546   70 2  0.0028
 486   16.910  #464545   70 3  -0.0072
 487   16.962  #464546   70 4  0.0031
 488   16.989  #454645   70 5  0.0016
 489   17.024  #454646   70 6  0.0021
 490   16.989  #464645   70 7  -0.0021
 491   17.844  #464646   71 1  0.0491
 492   17.753  #464647   71 2  -0.0051
 493   17.722  #474646   71 3  -0.0017
 494   17.626  #474647   71 4  -0.0054
 495   17.850  #464746   71 5  0.0126
 496   17.746  #464747   71 6  -0.0058
 497   17.723  #474746   71 7  -0.0013
 498   17.838  #474747   72 1  0.0065
 499   17.737  #474748   72 2  -0.0057
 500   18.592  #484747   72 3  0.0471
 501   18.490  #484748   72 4  -0.0055
 502   18.724  #474847   72 5  0.0126
 503   18.614  #474848   72 6  -0.0059
 504   18.695  #484847   72 7  0.0043
 505   18.696  #484848   73 1  0.0001
 506   18.600  #484849   73 2  -0.0051
 507   19.363  #494848   73 3  0.0402
 508   19.407  #494849   73 4  0.0023
 509   19.440  #484948   73 5  0.0017
 510   19.501  #484949   73 6  0.0031
 511   19.458  #494948   73 7  -0.0022
 512   19.441  #494949   74 1  -0.0009
 513   19.496  #49494a   74 2  0.0028
 514   19.361  #4a4949   74 3  -0.0069
 515   19.384  #4a494a   74 4  0.0012
 516   20.374  #494a49   74 5  0.0498
 517   20.271  #494a4a   74 6  -0.0051
 518   20.373  #4a4a49   74 7  0.0050
 519   20.371  #4a4a4a   75 1  -0.0001
 520   20.271  #4a4a4b   75 2  -0.0049
 521   20.236  #4b4a4a   75 3  -0.0017
 522   20.146  #4b4a4b   75 4  -0.0045
 523   20.364  #4a4b4a   75 5  0.0108
 524   21.226  #4a4b4b   75 6  0.0415
 525   21.191  #4b4b4a   75 7  -0.0017
 526   21.347  #4b4b4b   76 1  0.0073
 527   21.230  #4b4b4c   76 2  -0.0055
 528   21.183  #4c4b4b   76 3  -0.0022
 529   21.102  #4c4b4c   76 4  -0.0038
 530   21.337  #4b4c4b   76 5  0.0111
 531   21.222  #4b4c4c   76 6  -0.0054
 532   22.118  #4c4c4b   76 7  0.0413
 533   22.105  #4c4c4c   77 1  -0.0006
 534   22.169  #4c4c4d   77 2  0.0029
 535   22.017  #4d4c4c   77 3  -0.0069
 536   22.071  #4d4c4d   77 4  0.0024
 537   22.113  #4c4d4c   77 5  0.0019
 538   22.157  #4c4d4d   77 6  0.0020
 539   22.111  #4d4d4c   77 7  -0.0021
 540   23.145  #4d4d4d   78 1  0.0457
 541   23.024  #4d4d4e   78 2  -0.0052
 542   22.979  #4e4d4d   78 3  -0.0020
 543   22.898  #4e4d4e   78 4  -0.0035
 544   23.123  #4d4e4d   78 5  0.0098
 545   23.028  #4d4e4e   78 6  -0.0041
 546   23.126  #4e4e4d   78 7  0.0042
 547   23.135  #4e4e4e   79 1  0.0004
 548   23.002  #4e4e4f   79 2  -0.0058
 549   23.873  #4f4e4e   79 3  0.0372
 550   23.941  #4f4e4f   79 4  0.0028
 551   23.934  #4e4f4e   79 5  -0.0003
 552   23.997  #4e4f4f   79 6  0.0026
 553   23.868  #4f4f4e   79 7  -0.0054
 554   23.928  #4f4f4f   80 1  0.0025
 555   23.989  #4f4f50   80 2  0.0025
 556   24.901  #504f4f   80 3  0.0373
 557   24.947  #504f50   80 4  0.0018
 558   24.996  #4f504f   80 5  0.0020
 559   25.034  #4f5050   80 6  0.0015
 560   25.001  #50504f   80 7  -0.0013
 561   24.992  #505050   81 1  -0.0004
 562   25.033  #505051   81 2  0.0016
 563   24.894  #515050   81 3  -0.0056
 564   24.944  #515051   81 4  0.0020
 565   26.047  #505150   81 5  0.0433
 566   25.937  #505151   81 6  -0.0042
 567   26.043  #515150   81 7  0.0041
 568   26.050  #515151   82 1  0.0003
 569   25.931  #515152   82 2  -0.0046
 570   25.896  #525151   82 3  -0.0014
 571   25.802  #525152   82 4  -0.0036
 572   26.023  #515251   82 5  0.0085
 573   26.984  #515252   82 6  0.0363
 574   26.897  #525251   82 7  -0.0032
 575   26.912  #525252   83 1  0.0006
 576   26.978  #525253   83 2  0.0024
 577   26.781  #535252   83 3  -0.0073
 578   26.860  #535253   83 4  0.0029
 579   26.887  #525352   83 5  0.0010
 580   26.942  #525353   83 6  0.0020
 581   27.888  #535352   83 7  0.0345
 582   28.002  #535353   84 1  0.0041
 583   28.055  #535354   84 2  0.0019
 584   27.890  #545353   84 3  -0.0059
 585   27.949  #545354   84 4  0.0021
 586   27.959  #535453   84 5  0.0004
 587   28.045  #535454   84 6  0.0031
 588   27.974  #545453   84 7  -0.0025
 589   29.093  #545454   85 1  0.0392
 590   28.979  #545455   85 2  -0.0039
 591   28.948  #555454   85 3  -0.0011
 592   28.839  #555455   85 4  -0.0038
 593   29.080  #545554   85 5  0.0083
 594   28.964  #545555   85 6  -0.0040
 595   29.088  #555554   85 7  0.0043
 596   29.065  #555555   86 1  -0.0008
 597   30.074  #555556   86 2  0.0341
 598   29.906  #565555   86 3  -0.0056
 599   29.966  #565556   86 4  0.0020
 600   29.995  #555655   86 5  0.0010
 601   30.079  #555656   86 6  0.0028
 602   30.003  #565655   86 7  -0.0025
 603   30.011  #565656   87 1  0.0003
 604   30.042  #565657   87 2  0.0010
 605   31.033  #575656   87 3  0.0325
 606   31.093  #575657   87 4  0.0019
 607   31.133  #565756   87 5  0.0013
 608   31.192  #565757   87 6  0.0019
 609   31.031  #575756   87 7  -0.0052
 610   31.109  #575757   88 1  0.0025
 611   31.167  #575758   88 2  0.0019
 612   31.029  #585757   88 3  -0.0044
 613   31.083  #585758   88 4  0.0017
 614   32.259  #575857   88 5  0.0371
 615   32.125  #575858   88 6  -0.0042
 616   32.229  #585857   88 7  0.0032
 617   32.229  #585858   89 1  0.0000
 618   32.140  #585859   89 2  -0.0028
 619   32.093  #595858   89 3  -0.0015
 620   31.977  #595859   89 4  -0.0036
 621   33.173  #585958   89 5  0.0367
 622   33.216  #585959   89 6  0.0013
 623   33.162  #595958   89 7  -0.0016
 624   33.157  #595959   90 1  -0.0002
 625   33.249  #59595a   90 2  0.0028
 626   33.052  #5a5959   90 3  -0.0059
 627   33.128  #5a595a   90 4  0.0023
 628   33.160  #595a59   90 5  0.0010
 629   33.198  #595a5a   90 6  0.0011
 630   34.323  #5a5a59   90 7  0.0333
 631   34.309  #5a5a5a   91 1  -0.0004
 632   34.361  #5a5a5b   91 2  0.0015
 633   34.213  #5b5a5a   91 3  -0.0043
 634   34.274  #5b5a5b   91 4  0.0018
 635   34.302  #5a5b5a   91 5  0.0008
 636   34.361  #5a5b5b   91 6  0.0017
 637   34.209  #5b5b5a   91 7  -0.0044
 638   35.490  #5b5b5b   92 1  0.0368
 639   35.369  #5b5b5c   92 2  -0.0034
 640   35.336  #5c5b5b   92 3  -0.0009
 641   35.231  #5c5b5c   92 4  -0.0030
 642   35.496  #5b5c5b   92 5  0.0075
 643   35.348  #5b5c5c   92 6  -0.0042
 644   35.481  #5c5c5b   92 7  0.0038
 645   35.478  #5c5c5c   93 1  -0.0001
 646   36.635  #5c5c5d   93 2  0.0321
 647   36.454  #5d5c5c   93 3  -0.0050
 648   36.500  #5d5c5d   93 4  0.0013
 649   36.543  #5c5d5c   93 5  0.0012
 650   36.636  #5c5d5d   93 6  0.0025
 651   36.554  #5d5d5c   93 7  -0.0022
 652   36.568  #5d5d5d   94 1  0.0004
 653   36.609  #5d5d5e   94 2  0.0011
 654   37.667  #5e5d5d   94 3  0.0285
 655   37.735  #5e5d5e   94 4  0.0018
 656   37.767  #5d5e5d   94 5  0.0008
 657   37.840  #5d5e5e   94 6  0.0019
 658   37.769  #5e5e5d   94 7  -0.0019
 659   37.778  #5e5e5e   95 1  0.0002
 660   37.820  #5e5e5f   95 2  0.0011
 661   37.648  #5f5e5e   95 3  -0.0046
 662   37.725  #5f5e5f   95 4  0.0020
 663   38.989  #5e5f5e   95 5  0.0330
 664   38.841  #5e5f5f   95 6  -0.0038
 665   38.811  #5f5f5e   95 7  -0.0008
 666   38.988  #5f5f5f   96 1  0.0046
 667   38.854  #5f5f60   96 2  -0.0034
 668   38.807  #605f5f   96 3  -0.0012
 669   38.686  #605f60   96 4  -0.0031
 670   38.977  #5f605f   96 5  0.0075
 671   40.046  #5f6060   96 6  0.0271
 672   39.965  #60605f   96 7  -0.0020
 673   39.966  #606060   97 1  0.0000
 674   40.043  #606061   97 2  0.0019
 675   39.851  #616060   97 3  -0.0048
 676   39.930  #616061   97 4  0.0020
 677   39.957  #606160   97 5  0.0007
 678   39.995  #606161   97 6  0.0010
 679   41.229  #616160   97 7  0.0304
 680   41.216  #616161   98 1  -0.0003
 681   41.067  #616162   98 2  -0.0036
 682   41.055  #626161   98 3  -0.0003
 683   40.922  #626162   98 4  -0.0032
 684   41.221  #616261   98 5  0.0073
 685   41.062  #616262   98 6  -0.0039
 686   41.046  #626261   98 7  -0.0004
 687   42.471  #626262   99 1  0.0341
 688   42.346  #626263   99 2  -0.0029
 689   42.292  #636262   99 3  -0.0013
 690   42.178  #636263   99 4  -0.0027
 691   42.501  #626362   99 5  0.0076
 692   42.344  #626363   99 6  -0.0037
 693   42.305  #636362   99 7  -0.0009
 694   42.331  #636363  100 1  0.0006
 695   43.584  #636364  100 2  0.0292
 696   43.378  #646363  100 3  -0.0047
 697   43.445  #646364  100 4  0.0015
 698   43.507  #636463  100 5  0.0014
 699   43.575  #636464  100 6  0.0016
 700   43.469  #646463  100 7  -0.0024
 701   43.491  #646464  101 1  0.0005
 702   43.533  #646465  101 2  0.0010
 703   44.614  #656464  101 3  0.0245
 704   44.505  #656465  101 4  -0.0024
 705   44.819  #646564  101 5  0.0070
 706   44.668  #646565  101 6  -0.0034
 707   44.795  #656564  101 7  0.0028
 708   44.810  #656565  102 1  0.0003
 709   44.674  #656566  102 2  -0.0030
 710   44.615  #666565  102 3  -0.0013
 711   45.894  #666566  102 4  0.0283
 712   46.194  #656665  102 5  0.0065
 713   46.052  #656666  102 6  -0.0031
 714   45.992  #666665  102 7  -0.0013
 715   46.059  #666666  103 1  0.0015
 716   46.055  #666667  103 2  -0.0001
 717   46.012  #676666  103 3  -0.0009
 718   45.855  #676667  103 4  -0.0034
 719   47.235  #666766  103 5  0.0296
 720   47.321  #666767  103 6  0.0018
 721   47.123  #676766  103 7  -0.0042
 722   47.293  #676767  104 1  0.0036
 723   47.290  #676768  104 2  -0.0001
 724   47.079  #686767  104 3  -0.0045
 725   47.171  #686768  104 4  0.0020
 726   47.186  #676867  104 5  0.0003
 727   47.269  #676868  104 6  0.0018
 728   48.517  #686867  104 7  0.0261
 729   48.522  #686868  105 1  0.0001
 730   48.402  #686869  105 2  -0.0025
 731   48.332  #696868  105 3  -0.0014
 732   48.210  #696869  105 4  -0.0025
 733   48.508  #686968  105 5  0.0062
 734   48.379  #686969  105 6  -0.0027
 735   49.885  #696968  105 7  0.0307
 736   49.714  #696969  106 1  -0.0034
 737   49.712  #69696a  106 2  -0.0000
 738   49.674  #6a6969  106 3  -0.0008
 739   49.543  #6a696a  106 4  -0.0026
 740   49.828  #696a69  106 5  0.0057
 741   49.698  #696a6a  106 6  -0.0026
 742   49.651  #6a6a69  106 7  -0.0009
 743   49.830  #6a6a6a  107 1  0.0036
 744   50.979  #6a6a6b  107 2  0.0228
 745   50.777  #6b6a6a  107 3  -0.0040
 746   50.868  #6b6a6b  107 4  0.0018
 747   50.874  #6a6b6a  107 5  0.0001
 748   50.969  #6a6b6b  107 6  0.0019
 749   50.746  #6b6b6a  107 7  -0.0044
 750   50.946  #6b6b6b  108 1  0.0039
 751   50.949  #6b6b6c  108 2  0.0001
 752   52.038  #6c6b6b  108 3  0.0211
 753   51.902  #6c6b6c  108 4  -0.0026
 754   52.213  #6b6c6b  108 5  0.0060
 755   52.094  #6b6c6c  108 6  -0.0023
 756   52.190  #6c6c6b  108 7  0.0018
 757   52.198  #6c6c6c  109 1  0.0002
 758   52.061  #6c6c6d  109 2  -0.0026
 759   52.176  #6d6c6c  109 3  0.0022
 760   53.386  #6d6c6d  109 4  0.0229
 761   53.764  #6c6d6c  109 5  0.0071
 762   53.617  #6c6d6d  109 6  -0.0027
 763   53.741  #6d6d6c  109 7  0.0023
 764   53.748  #6d6d6d  110 1  0.0001
 765   53.584  #6d6d6e  110 2  -0.0031
 766   53.549  #6e6d6d  110 3  -0.0007
 767   53.389  #6e6d6e  110 4  -0.0030
 768   54.863  #6d6e6d  110 5  0.0272
 769   54.921  #6d6e6e  110 6  0.0011
 770   54.717  #6e6e6d  110 7  -0.0037
 771   54.915  #6e6e6e  111 1  0.0036
 772   54.951  #6e6e6f  111 2  0.0007
 773   54.720  #6f6e6e  111 3  -0.0042
 774   54.799  #6f6e6f  111 4  0.0014
 775   54.822  #6e6f6e  111 5  0.0004
 776   54.903  #6e6f6f  111 6  0.0015
 777   56.017  #6f6f6e  111 7  0.0201
 778   56.045  #6f6f6f  112 1  0.0005
 779   56.022  #6f6f70  112 2  -0.0004
 780   55.986  #706f6f  112 3  -0.0006
 781   55.857  #706f70  112 4  -0.0023
 782   56.149  #6f706f  112 5  0.0052
 783   56.012  #6f7070  112 6  -0.0024
 784   57.507  #70706f  112 7  0.0263
 785   57.517  #707070  113 1  0.0002
 786   57.387  #707071  113 2  -0.0023
 787   57.314  #717070  113 3  -0.0013
 788   57.166  #717071  113 4  -0.0026
 789   57.485  #707170  113 5  0.0056
 790   57.345  #707171  113 6  -0.0024
 791   57.480  #717170  113 7  0.0024
 792   57.466  #717171  114 1  -0.0002
 793   58.643  #717172  114 2  0.0203
 794   58.444  #727171  114 3  -0.0034
 795   58.516  #727172  114 4  0.0012
 796   58.558  #717271  114 5  0.0007
 797   58.616  #717272  114 6  0.0010
 798   58.414  #727271  114 7  -0.0035
 799   58.521  #727272  115 1  0.0018
 800   58.608  #727273  115 2  0.0015
 801   59.721  #737272  115 3  0.0188
 802   59.596  #737273  115 4  -0.0021
 803   59.874  #727372  115 5  0.0047
 804   59.749  #727373  115 6  -0.0021
 805   59.687  #737372  115 7  -0.0010
 806   59.875  #737373  116 1  0.0031
 807   59.743  #737374  116 2  -0.0022
 808   59.701  #747373  116 3  -0.0007
 809   60.919  #747374  116 4  0.0202
 810   60.952  #737473  116 5  0.0005
 811   61.025  #737474  116 6  0.0012
 812   60.917  #747473  116 7  -0.0018
 813   60.934  #747474  117 1  0.0003
 814   60.994  #747475  117 2  0.0010
 815   60.810  #757474  117 3  -0.0030
 816   60.890  #757475  117 4  0.0013
 817   62.308  #747574  117 5  0.0230
 818   62.367  #747575  117 6  0.0009
 819   62.293  #757574  117 7  -0.0012
 820   62.264  #757575  118 1  -0.0005
 821   62.330  #757576  118 2  0.0011
 822   62.139  #767575  118 3  -0.0031
 823   62.227  #767576  118 4  0.0014
 824   62.241  #757675  118 5  0.0002
 825   63.562  #757676  118 6  0.0210
 826   63.523  #767675  118 7  -0.0006
 827   63.555  #767676  119 1  0.0005
 828   63.553  #767677  119 2  -0.0000
 829   63.505  #777676  119 3  -0.0008
 830   63.360  #777677  119 4  -0.0023
 831   63.656  #767776  119 5  0.0047
 832   63.552  #767777  119 6  -0.0016
 833   64.650  #777776  119 7  0.0171
 834   64.828  #777777  120 1  0.0027
 835   64.823  #777778  120 2  -0.0001
 836   64.597  #787777  120 3  -0.0035
 837   64.669  #787778  120 4  0.0011
 838   64.710  #777877  120 5  0.0006
 839   64.794  #777878  120 6  0.0013
 840   64.701  #787877  120 7  -0.0014
 841   66.066  #787878  121 1  0.0209
 842   66.147  #787879  121 2  0.0012
 843   65.942  #797878  121 3  -0.0031
 844   65.997  #797879  121 4  0.0008
 845   66.088  #787978  121 5  0.0014
 846   66.129  #787979  121 6  0.0006
 847   66.044  #797978  121 7  -0.0013
 848   66.042  #797979  122 1  -0.0000
 849   66.120  #79797a  122 2  0.0012
 850   67.222  #7a7979  122 3  0.0165
 851   67.083  #7a797a  122 4  -0.0021
 852   67.407  #797a79  122 5  0.0048
 853   67.241  #797a7a  122 6  -0.0025
 854   67.207  #7a7a79  122 7  -0.0005
 855   67.397  #7a7a7a  123 1  0.0028
 856   67.253  #7a7a7b  123 2  -0.0021
 857   67.205  #7b7a7a  123 3  -0.0007
 858   68.449  #7b7a7b  123 4  0.0183
 859   68.502  #7a7b7a  123 5  0.0008
 860   68.578  #7a7b7b  123 6  0.0011
 861   68.356  #7b7b7a  123 7  -0.0032
 862   68.519  #7b7b7b  124 1  0.0024
 863   68.568  #7b7b7c  124 2  0.0007
 864   68.347  #7c7b7b  124 3  -0.0032
 865   68.443  #7c7b7c  124 4  0.0014
 866   69.968  #7b7c7b  124 5  0.0220
 867   70.063  #7b7c7c  124 6  0.0014
 868   69.955  #7c7c7b  124 7  -0.0015
 869   70.025  #7c7c7c  125 1  0.0010
 870   70.013  #7c7c7d  125 2  -0.0002
 871   69.778  #7d7c7c  125 3  -0.0034
 872   69.836  #7d7c7d  125 4  0.0008
 873   69.923  #7c7d7c  125 5  0.0012
 874   69.994  #7c7d7d  125 6  0.0010
 875   71.516  #7d7d7c  125 7  0.0215
 876   71.299  #7d7d7d  126 1  -0.0030
 877   71.295  #7d7d7e  126 2  -0.0001
 878   71.232  #7e7d7d  126 3  -0.0009
 879   71.029  #7e7d7e  126 4  -0.0029
 880   71.486  #7d7e7d  126 5  0.0064
 881   71.287  #7d7e7e  126 6  -0.0028
 882   71.206  #7e7e7d  126 7  -0.0011
 883   72.875  #7e7e7e  127 1  0.0232
 884   72.845  #7e7e7f  127 2  -0.0004
 885   72.599  #7f7e7e  127 3  -0.0034
 886   72.671  #7f7e7f  127 4  0.0010
 887   72.786  #7e7f7e  127 5  0.0016
 888   72.844  #7e7f7f  127 6  0.0008
 889   72.593  #7f7f7e  127 7  -0.0035
 890   72.832  #7f7f7f  128 1  0.0033
 891   74.566  #7f7f80  128 2  0.0235
 892   74.280  #807f7f  128 3  -0.0038
 893   74.370  #807f80  128 4  0.0012
 894   74.435  #7f807f  128 5  0.0009
 895   74.527  #7f8080  128 6  0.0012
 896   74.242  #80807f  128 7  -0.0038
 897   74.444  #808080  129 1  0.0027
 898   74.513  #808081  129 2  0.0009
 899   75.899  #818080  129 3  0.0184
 900   75.720  #818081  129 4  -0.0024
 901   76.149  #808180  129 5  0.0056
 902   75.959  #808181  129 6  -0.0025
 903   75.876  #818180  129 7  -0.0011
 904   76.110  #818181  130 1  0.0031
 905   75.939  #818182  130 2  -0.0022
 906   75.864  #828181  130 3  -0.0010
 907   77.474  #828182  130 4  0.0210
 908   77.489  #818281  130 5  0.0002
 909   77.586  #818282  130 6  0.0013
 910   77.332  #828281  130 7  -0.0033
 911   77.483  #828282  131 1  0.0020
 912   77.574  #828283  131 2  0.0012
 913   77.295  #838282  131 3  -0.0036
 914   77.407  #838283  131 4  0.0014
 915   79.257  #828382  131 5  0.0236
 916   79.370  #828383  131 6  0.0014
 917   79.116  #838382  131 7  -0.0032
 918   79.195  #838383  132 1  0.0010
 919   79.367  #838384  132 2  0.0022
 920   79.075  #848383  132 3  -0.0037
 921   79.186  #848384  132 4  0.0014
 922   79.221  #838483  132 5  0.0004
 923   80.936  #838484  132 6  0.0214
 924   80.848  #848483  132 7  -0.0011
 925   81.095  #848484  133 1  0.0031
 926   80.897  #848485  133 2  -0.0024
 927   80.838  #858484  133 3  -0.0007
 928   80.649  #858485  133 4  -0.0023
 929   81.080  #848584  133 5  0.0053
 930   80.898  #848585  133 6  -0.0022
 931   82.399  #858584  133 7  0.0184
 932   82.559  #858585  134 1  0.0019
 933   82.652  #858586  134 2  0.0011
 934   82.369  #868585  134 3  -0.0034
 935   82.484  #868586  134 4  0.0014
 936   82.491  #858685  134 5  0.0001
 937   82.637  #858686  134 6  0.0018
 938   82.360  #868685  134 7  -0.0034
 939   82.612  #868686  135 1  0.0031
 940   84.179  #868687  135 2  0.0188
 941   84.101  #878686  135 3  -0.0009
 942   83.936  #878687  135 4  -0.0020
 943   84.331  #868786  135 5  0.0047
 944   84.155  #868787  135 6  -0.0021
 945   84.088  #878786  135 7  -0.0008
 946   83.914  #878787  136 1  -0.0021
 947   84.125  #878788  136 2  0.0025
 948   85.932  #888787  136 3  0.0213
 949   85.736  #888788  136 4  -0.0023
 950   86.175  #878887  136 5  0.0051
 951   85.995  #878888  136 6  -0.0021
 952   85.905  #888887  136 7  -0.0010
 953   86.187  #888888  137 1  0.0033
 954   85.956  #888889  137 2  -0.0027
 955   85.903  #898888  137 3  -0.0006
 956   87.627  #898889  137 4  0.0199
 957   87.656  #888988  137 5  0.0003
 958   87.762  #888989  137 6  0.0012
 959   87.473  #898988  137 7  -0.0033
 960   87.732  #898989  138 1  0.0030
 961   87.727  #89898a  138 2  -0.0001
 962   87.454  #8a8989  138 3  -0.0031
 963   87.539  #8a898a  138 4  0.0010
 964   89.670  #898a89  138 5  0.0241
 965   89.439  #898a8a  138 6  -0.0026
 966   89.362  #8a8a89  138 7  -0.0009
 967   89.656  #8a8a8a  139 1  0.0033
 968   89.426  #8a8a8b  139 2  -0.0026
 969   89.350  #8b8a8a  139 3  -0.0009
 970   89.092  #8b8a8b  139 4  -0.0029
 971   89.615  #8a8b8a  139 5  0.0059
 972   89.376  #8a8b8b  139 6  -0.0027
 973   91.360  #8b8b8a  139 7  0.0220
 974   91.157  #8b8b8b  140 1  -0.0022
 975   91.408  #8b8b8c  140 2  0.0027
 976   91.337  #8c8b8b  140 3  -0.0008
 977   91.124  #8c8b8c  140 4  -0.0023
 978   91.578  #8b8c8b  140 5  0.0050
 979   91.370  #8b8c8c  140 6  -0.0023
 980   92.983  #8c8c8b  140 7  0.0175
 981   93.176  #8c8c8c  141 1  0.0021
 982   93.265  #8c8c8d  141 2  0.0010
 983   92.971  #8d8c8c  141 3  -0.0032
 984   93.075  #8d8c8d  141 4  0.0011
 985   93.166  #8c8d8c  141 5  0.0010
 986   93.246  #8c8d8d  141 6  0.0009
 987   92.914  #8d8d8c  141 7  -0.0036
 988   93.113  #8d8d8d  142 1  0.0021
 989   94.910  #8d8d8e  142 2  0.0191
 990   94.848  #8e8d8d  142 3  -0.0007
 991   94.607  #8e8d8e  142 4  -0.0025
 992   95.076  #8d8e8d  142 5  0.0049
 993   94.873  #8d8e8e  142 6  -0.0021
 994   94.788  #8e8e8d  142 7  -0.0009
 995   94.872  #8e8e8e  143 1  0.0009
 996   94.870  #8e8e8f  143 2  -0.0000
 997   96.800  #8f8e8e  143 3  0.0201
 998   96.602  #8f8e8f  143 4  -0.0020
 999   97.037  #8e8f8e  143 5  0.0045
1000   96.880  #8e8f8f  143 6  -0.0016
1001   96.784  #8f8f8e  143 7  -0.0010
1002   96.581  #8f8f8f  144 1  -0.0021
1003   96.821  #8f8f90  144 2  0.0025
1004   96.754  #908f8f  144 3  -0.0007
1005   98.688  #908f90  144 4  0.0198
1006   98.753  #8f908f  144 5  0.0007
1007   98.868  #8f9090  144 6  0.0012
1008   98.545  #90908f  144 7  -0.0033
1009   98.730  #909090  145 1  0.0019
1010   98.852  #909091  145 2  0.0012
1011   98.505  #919090  145 3  -0.0035
1012   98.601  #919091  145 4  0.0010
1013  100.770  #909190  145 5  0.0218
1014  100.570  #909191  145 6  -0.0020
1015  100.480  #919190  145 7  -0.0009
1016  100.760  #919191  146 1  0.0028
1017  100.560  #919192  146 2  -0.0020
1018  100.490  #929191  146 3  -0.0007
1019  100.260  #929192  146 4  -0.0023
1020  100.740  #919291  146 5  0.0048
1021  102.620  #919292  146 6  0.0185
1022  102.570  #929291  146 7  -0.0005
1023  102.840  #929292  147 1  0.0026
1024  102.610  #929293  147 2  -0.0022
1025  102.520  #939292  147 3  -0.0009
1026  102.310  #939293  147 4  -0.0021
1027  102.770  #929392  147 5  0.0045
1028  102.560  #929393  147 6  -0.0020
1029  104.280  #939392  147 7  0.0166
1030  104.260  #939393  148 1  -0.0002
1031  104.570  #939394  148 2  0.0030
1032  104.250  #949393  148 3  -0.0031
1033  104.350  #949394  148 4  0.0010
1034  104.420  #939493  148 5  0.0007
1035  104.560  #939494  148 6  0.0013
1036  104.190  #949493  148 7  -0.0035
1037  106.560  #949494  149 1  0.0225
1038  106.320  #949495  149 2  -0.0023
1039  106.250  #959494  149 3  -0.0007
1040  106.020  #959495  149 4  -0.0022
1041  106.510  #949594  149 5  0.0046
1042  106.280  #949595  149 6  -0.0022
1043  106.220  #959594  149 7  -0.0006
1044  106.500  #959595  150 1  0.0026
1045  106.290  #959596  150 2  -0.0020
1046  108.470  #969595  150 3  0.0203
1047  108.260  #969596  150 4  -0.0019
1048  108.730  #959695  150 5  0.0043
1049  108.520  #959696  150 6  -0.0019
1050  108.420  #969695  150 7  -0.0009
1051  108.500  #969696  151 1  0.0007
1052  108.500  #969697  151 2  0.0000
1053  108.410  #979696  151 3  -0.0008
1054  110.370  #979697  151 4  0.0179
1055  110.430  #969796  151 5  0.0005
1056  110.580  #969797  151 6  0.0014
1057  110.230  #979796  151 7  -0.0032
1058  110.330  #979797  152 1  0.0009
1059  110.540  #979798  152 2  0.0019
1060  110.200  #989797  152 3  -0.0031
1061  110.320  #989798  152 4  0.0011
1062  112.600  #979897  152 5  0.0205
1063  112.390  #979898  152 6  -0.0019
1064  112.280  #989897  152 7  -0.0010
1065  112.560  #989898  153 1  0.0025
1066  112.330  #989899  153 2  -0.0020
1067  112.260  #999898  153 3  -0.0006
1068  112.010  #999899  153 4  -0.0022
1069  112.530  #989998  153 5  0.0046
1070  114.440  #989999  153 6  0.0168
1071  114.120  #999998  153 7  -0.0028
1072  114.290  #999999  154 1  0.0015
1073  114.410  #99999a  154 2  0.0010
1074  114.070  #9a9999  154 3  -0.0030
1075  114.180  #9a999a  154 4  0.0010
1076  114.260  #999a99  154 5  0.0007
1077  114.400  #999a9a  154 6  0.0012
1078  116.360  #9a9a99  154 7  0.0170
1079  116.530  #9a9a9a  155 1  0.0015
1080  116.690  #9a9a9b  155 2  0.0014
1081  116.290  #9b9a9a  155 3  -0.0034
1082  116.450  #9b9a9b  155 4  0.0014
1083  116.530  #9a9b9a  155 5  0.0007
1084  116.660  #9a9b9b  155 6  0.0011
1085  116.290  #9b9b9a  155 7  -0.0032
1086  116.300  #9b9b9b  156 1  0.0001
1087  118.580  #9b9b9c  156 2  0.0194
1088  118.460  #9c9b9b  156 3  -0.0010
1089  118.250  #9c9b9c  156 4  -0.0018
1090  118.790  #9b9c9b  156 5  0.0046
1091  118.540  #9b9c9c  156 6  -0.0021
1092  118.420  #9c9c9b  156 7  -0.0010
1093  118.520  #9c9c9c  157 1  0.0008
1094  118.530  #9c9c9d  157 2  0.0001
1095  120.360  #9d9c9c  157 3  0.0153
1096  120.510  #9d9c9d  157 4  0.0012
1097  120.570  #9c9d9c  157 5  0.0005
1098  120.670  #9c9d9d  157 6  0.0008
1099  120.310  #9d9d9c  157 7  -0.0030
1100  120.680  #9d9d9d  158 1  0.0031
1101  120.680  #9d9d9e  158 2  0.0000
1102  120.280  #9e9d9d  158 3  -0.0033
1103  122.730  #9e9d9e  158 4  0.0202
1104  122.740  #9d9e9d  158 5  0.0001
1105  122.910  #9d9e9e  158 6  0.0014
1106  122.580  #9e9e9d  158 7  -0.0027
1107  122.880  #9e9e9e  159 1  0.0024
1108  122.900  #9e9e9f  159 2  0.0002
1109  122.550  #9f9e9e  159 3  -0.0029
1110  122.690  #9f9e9f  159 4  0.0011
1111  125.120  #9e9f9e  159 5  0.0196
1112  124.880  #9e9f9f  159 6  -0.0019
1113  124.780  #9f9f9e  159 7  -0.0008
1114  124.520  #9f9f9f  160 1  -0.0021
1115  124.860  #9f9fa0  160 2  0.0027
1116  124.730  #a09f9f  160 3  -0.0010
1117  124.490  #a09fa0  160 4  -0.0019
1118  125.040  #9fa09f  160 5  0.0044
1119  127.110  #9fa0a0  160 6  0.0164
1120  126.740  #a0a09f  160 7  -0.0029
1121  126.930  #a0a0a0  161 1  0.0015
1122  127.060  #a0a0a1  161 2  0.0010
1123  126.710  #a1a0a0  161 3  -0.0028
1124  126.840  #a1a0a1  161 4  0.0010
1125  126.890  #a0a1a0  161 5  0.0004
1126  127.030  #a0a1a1  161 6  0.0011
1127  129.020  #a1a1a0  161 7  0.0155
1128  129.360  #a1a1a1  162 1  0.0026
1129  129.370  #a1a1a2  162 2  0.0001
1130  128.970  #a2a1a1  162 3  -0.0031
1131  129.100  #a2a1a2  162 4  0.0010
1132  129.190  #a1a2a1  162 5  0.0007
1133  129.300  #a1a2a2  162 6  0.0009
1134  128.930  #a2a2a1  162 7  -0.0029
1135  131.000  #a2a2a2  163 1  0.0159
1136  131.260  #a2a2a3  163 2  0.0020
1137  131.150  #a3a2a2  163 3  -0.0008
1138  130.930  #a3a2a3  163 4  -0.0017
1139  131.440  #a2a3a2  163 5  0.0039
1140  131.210  #a2a3a3  163 6  -0.0018
1141  131.100  #a3a3a2  163 7  -0.0008
1142  130.880  #a3a3a3  164 1  -0.0017
1143  131.200  #a3a3a4  164 2  0.0024
1144  133.130  #a4a3a3  164 3  0.0146
1145  133.250  #a4a3a4  164 4  0.0009
1146  133.300  #a3a4a3  164 5  0.0004
1147  133.460  #a3a4a4  164 6  0.0012
1148  133.050  #a4a4a3  164 7  -0.0031
1149  133.430  #a4a4a4  165 1  0.0029
1150  133.390  #a4a4a5  165 2  -0.0003
1151  135.490  #a5a4a4  165 3  0.0156
1152  135.600  #a5a4a5  165 4  0.0008
1153  135.710  #a4a5a4  165 5  0.0008
1154  135.810  #a4a5a5  165 6  0.0007
1155  135.480  #a5a5a4  165 7  -0.0024
1156  135.800  #a5a5a5  166 1  0.0024
1157  135.790  #a5a5a6  166 2  -0.0001
1158  135.420  #a6a5a5  166 3  -0.0027
1159  135.540  #a6a5a6  166 4  0.0009
1160  138.000  #a5a6a5  166 5  0.0180
1161  137.730  #a5a6a6  166 6  -0.0020
1162  137.630  #a6a6a5  166 7  -0.0007
1163  137.440  #a6a6a6  167 1  -0.0014
1164  137.740  #a6a6a7  167 2  0.0022
1165  137.620  #a7a6a6  167 3  -0.0009
1166  137.390  #a7a6a7  167 4  -0.0017
1167  137.920  #a6a7a6  167 5  0.0039
1168  139.940  #a6a7a7  167 6  0.0145
1169  139.590  #a7a7a6  167 7  -0.0025
1170  139.720  #a7a7a7  168 1  0.0009
1171  139.940  #a7a7a8  168 2  0.0016
1172  139.580  #a8a7a7  168 3  -0.0026
1173  139.720  #a8a7a8  168 4  0.0010
1174  139.760  #a7a8a7  168 5  0.0003
1175  139.910  #a7a8a8  168 6  0.0011
1176  141.760  #a8a8a7  168 7  0.0131
1177  142.120  #a8a8a8  169 1  0.0025
1178  142.150  #a8a8a9  169 2  0.0002
1179  141.700  #a9a8a8  169 3  -0.0032
1180  141.900  #a9a8a9  169 4  0.0014
1181  141.970  #a8a9a8  169 5  0.0005
1182  142.120  #a8a9a9  169 6  0.0011
1183  141.670  #a9a9a8  169 7  -0.0032
1184  144.080  #a9a9a9  170 1  0.0169
1185  144.060  #a9a9aa  170 2  -0.0001
1186  144.000  #aaa9a9  170 3  -0.0004
1187  143.770  #aaa9aa  170 4  -0.0016
1188  144.310  #a9aaa9  170 5  0.0037
1189  144.040  #a9aaaa  170 6  -0.0019
1190  143.970  #aaaaa9  170 7  -0.0005
1191  143.680  #aaaaaa  171 1  -0.0020
1192  144.020  #aaaaab  171 2  0.0024
1193  145.990  #abaaaa  171 3  0.0136
1194  146.100  #abaaab  171 4  0.0008
1195  146.170  #aaabaa  171 5  0.0005
1196  146.350  #aaabab  171 6  0.0012
1197  145.900  #ababaa  171 7  -0.0031
1198  146.050  #ababab  172 1  0.0010
1199  146.270  #ababac  172 2  0.0015
1200  145.890  #acabab  172 3  -0.0026
1201  147.910  #acabac  172 4  0.0138
1202  148.540  #abacab  172 5  0.0043
1203  148.290  #abacac  172 6  -0.0017
1204  148.170  #acacab  172 7  -0.0008
1205  148.250  #acacac  173 1  0.0005
1206  148.270  #acacad  173 2  0.0001
1207  148.120  #adacac  173 3  -0.0010
1208  147.880  #adacad  173 4  -0.0016
1209  150.840  #acadac  173 5  0.0198
1210  150.620  #acadad  173 6  -0.0015
1211  150.490  #adadac  173 7  -0.0009
1212  150.560  #adadad  174 1  0.0005
1213  150.560  #adadae  174 2  0.0000
1214  150.460  #aeadad  174 3  -0.0007
1215  150.260  #aeadae  174 4  -0.0013
1216  150.780  #adaead  174 5  0.0035
1217  152.840  #adaeae  174 6  0.0136
1218  152.470  #aeaead  174 7  -0.0024
1219  152.590  #aeaeae  175 1  0.0008
1220  152.830  #aeaeaf  175 2  0.0016
1221  152.450  #afaeae  175 3  -0.0025
1222  152.560  #afaeaf  175 4  0.0007
1223  152.640  #aeafae  175 5  0.0005
1224  152.770  #aeafaf  175 6  0.0009
1225  154.700  #afafae  175 7  0.0126
1226  154.450  #afafaf  176 1  -0.0016
1227  154.790  #afafb0  176 2  0.0022
1228  154.670  #b0afaf  176 3  -0.0008
1229  154.400  #b0afb0  176 4  -0.0017
1230  155.010  #afb0af  176 5  0.0039
1231  154.750  #afb0b0  176 6  -0.0017
1232  154.660  #b0b0af  176 7  -0.0006
1233  157.190  #b0b0b0  177 1  0.0162
1234  157.150  #b0b0b1  177 2  -0.0003
1235  157.070  #b1b0b0  177 3  -0.0005
1236  156.810  #b1b0b1  177 4  -0.0017
1237  157.380  #b0b1b0  177 5  0.0036
1238  157.140  #b0b1b1  177 6  -0.0015
1239  157.070  #b1b1b0  177 7  -0.0004
1240  157.100  #b1b1b1  178 1  0.0002
1241  159.420  #b1b1b2  178 2  0.0147
1242  159.060  #b2b1b1  178 3  -0.0023
1243  159.210  #b2b1b2  178 4  0.0009
1244  159.210  #b1b2b1  178 5  0.0000
1245  159.380  #b1b2b2  178 6  0.0011
1246  159.020  #b2b2b1  178 7  -0.0023
1247  159.230  #b2b2b2  179 1  0.0013
1248  159.340  #b2b2b3  179 2  0.0007
1249  161.300  #b3b2b2  179 3  0.0122
1250  161.070  #b3b2b3  179 4  -0.0014
1251  161.620  #b2b3b2  179 5  0.0034
1252  161.390  #b2b3b3  179 6  -0.0014
1253  161.270  #b3b3b2  179 7  -0.0007
1254  161.010  #b3b3b3  180 1  -0.0016
1255  161.350  #b3b3b4  180 2  0.0021
1256  161.230  #b4b3b3  180 3  -0.0007
1257  161.020  #b4b3b4  180 4  -0.0013
1258  163.940  #b3b4b3  180 5  0.0180
1259  163.700  #b3b4b4  180 6  -0.0015
1260  163.600  #b4b4b3  180 7  -0.0006
1261  163.650  #b4b4b4  181 1  0.0003
1262  163.670  #b4b4b5  181 2  0.0001
1263  163.560  #b5b4b4  181 3  -0.0007
1264  163.330  #b5b4b5  181 4  -0.0014
1265  165.790  #b4b5b4  181 5  0.0149
1266  165.940  #b4b5b5  181 6  0.0009
1267  165.570  #b5b5b4  181 7  -0.0022
1268  165.940  #b5b5b5  182 1  0.0022
1269  165.920  #b5b5b6  182 2  -0.0001
1270  165.550  #b6b5b5  182 3  -0.0022
1271  165.670  #b6b5b6  182 4  0.0007
1272  165.800  #b5b6b5  182 5  0.0008
1273  165.880  #b5b6b6  182 6  0.0005
1274  168.320  #b6b6b5  182 7  0.0146
1275  168.050  #b6b6b6  183 1  -0.0016
1276  168.440  #b6b6b7  183 2  0.0023
1277  168.270  #b7b6b6  183 3  -0.0010
1278  168.000  #b7b6b7  183 4  -0.0016
1279  168.670  #b6b7b6  183 5  0.0040
1280  168.350  #b6b7b7  183 6  -0.0019
1281  168.210  #b7b7b6  183 7  -0.0008
1282  170.500  #b7b7b7  184 1  0.0135
1283  170.870  #b7b7b8  184 2  0.0022
1284  170.720  #b8b7b7  184 3  -0.0009
1285  170.430  #b8b7b8  184 4  -0.0017
1286  171.000  #b7b8b7  184 5  0.0033
1287  170.780  #b7b8b8  184 6  -0.0013
1288  170.670  #b8b8b7  184 7  -0.0006
1289  170.790  #b8b8b8  185 1  0.0007
1290  173.060  #b8b8b9  185 2  0.0132
1291  172.690  #b9b8b8  185 3  -0.0021
1292  172.840  #b9b8b9  185 4  0.0009
1293  172.900  #b8b9b8  185 5  0.0003
1294  172.990  #b8b9b9  185 6  0.0005
1295  172.660  #b9b9b8  185 7  -0.0019
1296  173.030  #b9b9b9  186 1  0.0021
1297  173.000  #b9b9ba  186 2  -0.0002
1298  174.900  #bab9b9  186 3  0.0109
1299  174.690  #bab9ba  186 4  -0.0012
1300  175.210  #b9bab9  186 5  0.0030
1301  174.940  #b9baba  186 6  -0.0015
1302  174.870  #babab9  186 7  -0.0004
1303  174.690  #bababa  187 1  -0.0010
1304  174.970  #bababb  187 2  0.0016
1305  174.840  #bbbaba  187 3  -0.0007
1306  174.610  #bbbabb  187 4  -0.0013
1307  177.580  #babbba  187 5  0.0169
1308  177.340  #babbbb  187 6  -0.0014
1309  177.240  #bbbbba  187 7  -0.0006
1310  176.960  #bbbbbb  188 1  -0.0016
1311  177.340  #bbbbbc  188 2  0.0021
1312  177.180  #bcbbbb  188 3  -0.0009
1313  176.950  #bcbbbc  188 4  -0.0013
1314  177.520  #bbbcbb  188 5  0.0032
1315  179.590  #bbbcbc  188 6  0.0116
1316  179.230  #bcbcbb  188 7  -0.0020
1317  179.580  #bcbcbc  189 1  0.0020
1318  179.560  #bcbcbd  189 2  -0.0001
1319  179.180  #bdbcbc  189 3  -0.0021
1320  179.280  #bdbcbd  189 4  0.0006
1321  179.360  #bcbdbc  189 5  0.0004
1322  179.520  #bcbdbd  189 6  0.0009
1323  181.410  #bdbdbc  189 7  0.0105
1324  181.440  #bdbdbd  190 1  0.0002
1325  181.480  #bdbdbe  190 2  0.0002
1326  181.370  #bebdbd  190 3  -0.0006
1327  181.200  #bebdbe  190 4  -0.0009
1328  181.630  #bdbebd  190 5  0.0024
1329  181.430  #bdbebe  190 6  -0.0011
1330  181.340  #bebebd  190 7  -0.0005
1331  183.420  #bebebe  191 1  0.0114
1332  183.620  #bebebf  191 2  0.0011
1333  183.240  #bfbebe  191 3  -0.0021
1334  183.380  #bfbebf  191 4  0.0008
1335  183.460  #bebfbe  191 5  0.0004
1336  183.570  #bebfbf  191 6  0.0006
1337  183.200  #bfbfbe  191 7  -0.0020
1338  183.340  #bfbfbf  192 1  0.0008
1339  183.550  #bfbfc0  192 2  0.0011
1340  185.550  #c0bfbf  192 3  0.0108
1341  185.630  #c0bfc0  192 4  0.0004
1342  185.750  #bfc0bf  192 5  0.0006
1343  185.900  #bfc0c0  192 6  0.0008
1344  185.510  #c0c0bf  192 7  -0.0021
1345  185.710  #c0c0c0  193 1  0.0011
1346  185.830  #c0c0c1  193 2  0.0006
1347  187.750  #c1c0c0  193 3  0.0103
1348  187.470  #c1c0c1  193 4  -0.0015
1349  188.100  #c0c1c0  193 5  0.0034
1350  187.870  #c0c1c1  193 6  -0.0012
1351  187.720  #c1c1c0  193 7  -0.0008
1352  187.490  #c1c1c1  194 1  -0.0012
1353  187.830  #c1c1c2  194 2  0.0018
1354  187.700  #c2c1c1  194 3  -0.0007
1355  189.880  #c2c1c2  194 4  0.0115
1356  189.990  #c1c2c1  194 5  0.0006
1357  190.150  #c1c2c2  194 6  0.0008
1358  189.730  #c2c2c1  194 7  -0.0022
1359  189.870  #c2c2c2  195 1  0.0007
1360  190.070  #c2c2c3  195 2  0.0011
1361  189.670  #c3c2c2  195 3  -0.0021
1362  189.830  #c3c2c3  195 4  0.0008
1363  192.420  #c2c3c2  195 5  0.0136
1364  192.520  #c2c3c3  195 6  0.0005
1365  192.190  #c3c3c2  195 7  -0.0017
1366  192.280  #c3c3c3  196 1  0.0005
1367  192.540  #c3c3c4  196 2  0.0014
1368  192.160  #c4c3c3  196 3  -0.0020
1369  192.260  #c4c3c4  196 4  0.0005
1370  192.400  #c3c4c3  196 5  0.0007
1371  192.530  #c3c4c4  196 6  0.0007
1372  194.540  #c4c4c3  196 7  0.0104
1373  194.610  #c4c4c4  197 1  0.0004
1374  194.590  #c4c4c5  197 2  -0.0001
1375  194.500  #c5c4c4  197 3  -0.0005
1376  194.190  #c5c4c5  197 4  -0.0016
1377  194.850  #c4c5c4  197 5  0.0034
1378  194.530  #c4c5c5  197 6  -0.0016
1379  194.430  #c5c5c4  197 7  -0.0005
1380  196.750  #c5c5c5  198 1  0.0119
1381  197.010  #c5c5c6  198 2  0.0013
1382  196.620  #c6c5c5  198 3  -0.0020
1383  196.760  #c6c5c6  198 4  0.0007
1384  196.860  #c5c6c5  198 5  0.0005
1385  196.960  #c5c6c6  198 6  0.0005
1386  196.550  #c6c6c5  198 7  -0.0021
1387  196.640  #c6c6c6  199 1  0.0005
1388  196.950  #c6c6c7  199 2  0.0016
1389  199.120  #c7c6c6  199 3  0.0110
1390  199.300  #c7c6c7  199 4  0.0009
1391  199.320  #c6c7c6  199 5  0.0001
1392  199.510  #c6c7c7  199 6  0.0010
1393  199.090  #c7c7c6  199 7  -0.0021
1394  199.240  #c7c7c7  200 1  0.0008
1395  199.490  #c7c7c8  200 2  0.0013
1396  201.580  #c8c7c7  200 3  0.0104
1397  201.300  #c8c7c8  200 4  -0.0014
1398  201.900  #c7c8c7  200 5  0.0030
1399  201.670  #c7c8c8  200 6  -0.0011
1400  201.530  #c8c8c7  200 7  -0.0007
1401  201.620  #c8c8c8  201 1  0.0004
1402  201.600  #c8c8c9  201 2  -0.0001
1403  201.540  #c9c8c8  201 3  -0.0003
1404  201.250  #c9c8c9  201 4  -0.0014
1405  203.880  #c8c9c8  201 5  0.0130
1406  204.030  #c8c9c9  201 6  0.0007
1407  203.610  #c9c9c8  201 7  -0.0021
1408  203.810  #c9c9c9  202 1  0.0010
1409  203.990  #c9c9ca  202 2  0.0009
1410  203.570  #cac9c9  202 3  -0.0021
1411  203.710  #cac9ca  202 4  0.0007
1412  203.800  #c9cac9  202 5  0.0004
1413  206.470  #c9caca  202 6  0.0130
1414  206.100  #cacac9  202 7  -0.0018
1415  206.260  #cacaca  203 1  0.0008
1416  206.430  #cacacb  203 2  0.0008
1417  206.030  #cbcaca  203 3  -0.0019
1418  206.170  #cbcacb  203 4  0.0007
1419  206.290  #cacbca  203 5  0.0006
1420  206.460  #cacbcb  203 6  0.0008
1421  208.710  #cbcbca  203 7  0.0108
1422  208.340  #cbcbcb  204 1  -0.0018
1423  208.760  #cbcbcc  204 2  0.0020
1424  208.670  #cccbcb  204 3  -0.0004
1425  208.300  #cccbcc  204 4  -0.0018
1426  209.010  #cbcccb  204 5  0.0034
1427  208.730  #cbcccc  204 6  -0.0013
1428  208.600  #cccccb  204 7  -0.0006
1429  211.360  #cccccc  205 1  0.0131
1430  211.330  #cccccd  205 2  -0.0001
1431  210.920  #cdcccc  205 3  -0.0019
1432  211.090  #cdcccd  205 4  0.0008
1433  211.200  #cccdcc  205 5  0.0005
1434  211.310  #cccdcd  205 6  0.0005
1435  210.870  #cdcdcc  205 7  -0.0021
1436  211.030  #cdcdcd  206 1  0.0008
1437  213.810  #cdcdce  206 2  0.0131
1438  213.400  #cecdcd  206 3  -0.0019
1439  213.520  #cecdce  206 4  0.0006
1440  213.630  #cdcecd  206 5  0.0005
1441  213.780  #cdcece  206 6  0.0007
1442  213.390  #cececd  206 7  -0.0018
1443  213.530  #cecece  207 1  0.0007
1444  213.770  #cececf  207 2  0.0011
1445  215.750  #cfcece  207 3  0.0092
1446  215.500  #cfcecf  207 4  -0.0012
1447  216.130  #cecfce  207 5  0.0029
1448  215.840  #cecfcf  207 6  -0.0013
1449  215.730  #cfcfce  207 7  -0.0005
1450  215.470  #cfcfcf  208 1  -0.0012
1451  215.800  #cfcfd0  208 2  0.0015
1452  215.690  #d0cfcf  208 3  -0.0005
1453  215.430  #d0cfd0  208 4  -0.0012
1454  218.070  #cfd0cf  208 5  0.0122
1455  218.210  #cfd0d0  208 6  0.0006
1456  217.790  #d0d0cf  208 7  -0.0019
1457  218.210  #d0d0d0  209 1  0.0019
1458  218.200  #d0d0d1  209 2  -0.0000
1459  217.790  #d1d0d0  209 3  -0.0019
1460  217.880  #d1d0d1  209 4  0.0004
1461  220.520  #d0d1d0  209 5  0.0120
1462  220.250  #d0d1d1  209 6  -0.0012
1463  220.150  #d1d1d0  209 7  -0.0005
1464  219.850  #d1d1d1  210 1  -0.0014
1465  220.220  #d1d1d2  210 2  0.0017
1466  220.090  #d2d1d1  210 3  -0.0006
1467  219.820  #d2d1d2  210 4  -0.0012
1468  220.440  #d1d2d1  210 5  0.0028
1469  220.190  #d1d2d2  210 6  -0.0011
1470  222.610  #d2d2d1  210 7  0.0109
1471  222.370  #d2d2d2  211 1  -0.0011
1472  222.770  #d2d2d3  211 2  0.0018
1473  222.670  #d3d2d2  211 3  -0.0004
1474  222.320  #d3d2d3  211 4  -0.0016
1475  222.970  #d2d3d2  211 5  0.0029
1476  222.680  #d2d3d3  211 6  -0.0013
1477  222.540  #d3d3d2  211 7  -0.0006
1478  224.870  #d3d3d3  212 1  0.0104
1479  225.140  #d3d3d4  212 2  0.0012
1480  224.710  #d4d3d3  212 3  -0.0019
1481  224.830  #d4d3d4  212 4  0.0005
1482  224.950  #d3d4d3  212 5  0.0005
1483  225.080  #d3d4d4  212 6  0.0006
1484  224.700  #d4d4d3  212 7  -0.0017
1485  225.060  #d4d4d4  213 1  0.0016
1486  227.280  #d4d4d5  213 2  0.0098
1487  227.150  #d5d4d4  213 3  -0.0006
1488  226.850  #d5d4d5  213 4  -0.0013
1489  227.540  #d4d5d4  213 5  0.0030
1490  227.220  #d4d5d5  213 6  -0.0014
1491  227.060  #d5d5d4  213 7  -0.0007
1492  226.810  #d5d5d5  214 1  -0.0011
1493  227.170  #d5d5d6  214 2  0.0016
1494  229.630  #d6d5d5  214 3  0.0108
1495  229.360  #d6d5d6  214 4  -0.0012
1496  229.980  #d5d6d5  214 5  0.0027
1497  229.760  #d5d6d6  214 6  -0.0010
1498  229.640  #d6d6d5  214 7  -0.0005
1499  229.300  #d6d6d6  215 1  -0.0015
1500  229.690  #d6d6d7  215 2  0.0017
1501  229.560  #d7d6d6  215 3  -0.0006
1502  229.340  #d7d6d7  215 4  -0.0010
1503  232.000  #d6d7d6  215 5  0.0115
1504  232.170  #d6d7d7  215 6  0.0007
1505  231.710  #d7d7d6  215 7  -0.0020
1506  231.830  #d7d7d7  216 1  0.0005
1507  232.080  #d7d7d8  216 2  0.0011
1508  231.680  #d8d7d7  216 3  -0.0017
1509  231.780  #d8d7d8  216 4  0.0004
1510  234.500  #d7d8d7  216 5  0.0117
1511  234.230  #d7d8d8  216 6  -0.0012
1512  234.120  #d8d8d7  216 7  -0.0005
1513  234.190  #d8d8d8  217 1  0.0003
1514  234.200  #d8d8d9  217 2  0.0000
1515  234.100  #d9d8d8  217 3  -0.0004
1516  233.870  #d9d8d9  217 4  -0.0010
1517  234.450  #d8d9d8  217 5  0.0025
1518  234.210  #d8d9d9  217 6  -0.0010
1519  236.670  #d9d9d8  217 7  0.0104
1520  236.410  #d9d9d9  218 1  -0.0011
1521  236.790  #d9d9da  218 2  0.0016
1522  236.620  #dad9d9  218 3  -0.0007
1523  236.350  #dad9da  218 4  -0.0011
1524  236.970  #d9dad9  218 5  0.0026
1525  236.720  #d9dada  218 6  -0.0011
1526  236.580  #dadad9  218 7  -0.0006
1527  238.910  #dadada  219 1  0.0098
1528  239.150  #dadadb  219 2  0.0010
1529  238.760  #dbdada  219 3  -0.0016
1530  238.850  #dbdadb  219 4  0.0004
1531  238.970  #dadbda  219 5  0.0005
1532  239.090  #dadbdb  219 6  0.0005
1533  238.660  #dbdbda  219 7  -0.0018
1534  238.800  #dbdbdb  220 1  0.0006
1535  241.190  #dbdbdc  220 2  0.0100
1536  241.040  #dcdbdb  220 3  -0.0006
1537  240.830  #dcdbdc  220 4  -0.0009
1538  241.390  #dbdcdb  220 5  0.0023
1539  241.160  #dbdcdc  220 6  -0.0010
1540  240.990  #dcdcdb  220 7  -0.0007
1541  241.110  #dcdcdc  221 1  0.0005
1542  241.110  #dcdcdd  221 2  0.0000
1543  243.510  #dddcdc  221 3  0.0099
1544  243.210  #dddcdd  221 4  -0.0012
1545  243.860  #dcdddc  221 5  0.0027
1546  243.580  #dcdddd  221 6  -0.0011
1547  243.470  #dddddc  221 7  -0.0005
1548  243.240  #dddddd  222 1  -0.0009
1549  243.560  #ddddde  222 2  0.0013
1550  243.420  #dedddd  222 3  -0.0006
1551  245.660  #deddde  222 4  0.0092
1552  245.740  #dddedd  222 5  0.0003
1553  245.890  #dddede  222 6  0.0006
1554  245.480  #dededd  222 7  -0.0017
1555  245.590  #dedede  223 1  0.0004
1556  245.830  #dededf  223 2  0.0010
1557  245.460  #dfdede  223 3  -0.0015
1558  245.580  #dfdedf  223 4  0.0005
1559  248.120  #dedfde  223 5  0.0103
1560  247.850  #dedfdf  223 6  -0.0011
1561  247.770  #dfdfde  223 7  -0.0003
1562  247.470  #dfdfdf  224 1  -0.0012
1563  247.860  #dfdfe0  224 2  0.0016
1564  247.740  #e0dfdf  224 3  -0.0005
1565  247.440  #e0dfe0  224 4  -0.0012
1566  248.050  #dfe0df  224 5  0.0025
1567  247.760  #dfe0e0  224 6  -0.0012
1568  250.470  #e0e0df  224 7  0.0109
1569  250.180  #e0e0e0  225 1  -0.0012
1570  250.600  #e0e0e1  225 2  0.0017
1571  250.470  #e1e0e0  225 3  -0.0005
1572  250.190  #e1e0e1  225 4  -0.0011
1573  250.830  #e0e1e0  225 5  0.0026
1574  250.470  #e0e1e1  225 6  -0.0014
1575  252.590  #e1e1e0  225 7  0.0084
1576  252.670  #e1e1e1  226 1  0.0003
1577  252.930  #e1e1e2  226 2  0.0010
1578  252.530  #e2e1e1  226 3  -0.0016
1579  252.610  #e2e1e2  226 4  0.0003
1580  252.740  #e1e2e1  226 5  0.0005
1581  252.850  #e1e2e2  226 6  0.0004
1582  252.510  #e2e2e1  226 7  -0.0013
1583  252.600  #e2e2e2  227 1  0.0004
1584  254.550  #e2e2e3  227 2  0.0077
1585  254.800  #e3e2e2  227 3  0.0010
1586  254.500  #e3e2e3  227 4  -0.0012
1587  255.120  #e2e3e2  227 5  0.0024
1588  254.890  #e2e3e3  227 6  -0.0009
1589  254.740  #e3e3e2  227 7  -0.0006
1590  254.460  #e3e3e3  228 1  -0.0011
1591  254.440  #e3e3e4  228 2  -0.0001
1592  256.810  #e4e3e3  228 3  0.0093
1593  256.840  #e4e3e4  228 4  0.0001
1594  257.090  #e3e4e3  228 5  0.0010
1595  257.140  #e3e4e4  228 6  0.0002
1596  256.780  #e4e4e3  228 7  -0.0014
1597  256.870  #e4e4e4  229 1  0.0004
1598  257.100  #e4e4e5  229 2  0.0009
1599  256.670  #e5e4e4  229 3  -0.0017
1600  259.300  #e5e4e5  229 4  0.0102
1601  259.470  #e4e5e4  229 5  0.0007
1602  259.620  #e4e5e5  229 6  0.0006
1603  259.160  #e5e5e4  229 7  -0.0018
1604  259.240  #e5e5e5  230 1  0.0003
1605  259.570  #e5e5e6  230 2  0.0013
1606  259.120  #e6e5e5  230 3  -0.0017
1607  259.230  #e6e5e6  230 4  0.0004
1608  261.920  #e5e6e5  230 5  0.0103
1609  261.590  #e5e6e6  230 6  -0.0013
1610  261.480  #e6e6e5  230 7  -0.0004
1611  261.160  #e6e6e6  231 1  -0.0012
1612  261.170  #e6e6e7  231 2  0.0000
1613  261.150  #e7e6e6  231 3  -0.0001
1614  261.150  #e7e6e7  231 4  0.0000
1615  261.810  #e6e7e6  231 5  0.0025
1616  261.480  #e6e7e7  231 6  -0.0013
1617  263.530  #e7e7e6  231 7  0.0078
1618  263.660  #e7e7e7  232 1  0.0005
1619  263.670  #e7e7e8  232 2  0.0000
1620  263.540  #e8e7e7  232 3  -0.0005
1621  263.620  #e8e7e8  232 4  0.0003
1622  263.780  #e7e8e7  232 5  0.0006
1623  263.900  #e7e8e8  232 6  0.0005
1624  266.020  #e8e8e7  232 7  0.0080
1625  266.130  #e8e8e8  233 1  0.0004
1626  266.380  #e8e8e9  233 2  0.0009
1627  265.980  #e9e8e8  233 3  -0.0015
1628  266.080  #e9e8e9  233 4  0.0004
1629  266.190  #e8e9e8  233 5  0.0004
1630  266.340  #e8e9e9  233 6  0.0006
1631  265.940  #e9e9e8  233 7  -0.0015
1632  266.070  #e9e9e9  234 1  0.0005
1633  268.390  #e9e9ea  234 2  0.0087
1634  268.330  #eae9e9  234 3  -0.0002
1635  267.980  #eae9ea  234 4  -0.0013
1636  268.650  #e9eae9  234 5  0.0025
1637  268.360  #e9eaea  234 6  -0.0011
1638  268.270  #eaeae9  234 7  -0.0003
1639  267.940  #eaeaea  235 1  -0.0012
1640  267.950  #eaeaeb  235 2  0.0000
1641  270.290  #ebeaea  235 3  0.0087
1642  270.330  #ebeaeb  235 4  0.0001
1643  270.450  #eaebea  235 5  0.0004
1644  270.580  #eaebeb  235 6  0.0005
1645  270.240  #ebebea  235 7  -0.0013
1646  270.300  #ebebeb  236 1  0.0002
1647  270.330  #ebebec  236 2  0.0001
1648  270.190  #ecebeb  236 3  -0.0005
1649  272.640  #ecebec  236 4  0.0090
1650  272.800  #ebeceb  236 5  0.0006
1651  272.910  #ebecec  236 6  0.0004
1652  272.550  #ececeb  236 7  -0.0013
1653  272.600  #ececec  237 1  0.0002
1654  272.830  #ececed  237 2  0.0008
1655  272.500  #edecec  237 3  -0.0012
1656  272.590  #edeced  237 4  0.0003
1657  275.080  #ecedec  237 5  0.0091
1658  274.840  #eceded  237 6  -0.0009
1659  274.710  #ededec  237 7  -0.0005
1660  274.410  #ededed  238 1  -0.0011
1661  274.760  #ededee  238 2  0.0013
1662  274.640  #eeeded  238 3  -0.0004
1663  274.400  #eeedee  238 4  -0.0009
1664  275.000  #edeeed  238 5  0.0022
1665  276.850  #edeeee  238 6  0.0067
1666  276.540  #eeeeed  238 7  -0.0011
1667  276.610  #eeeeee  239 1  0.0003
1668  276.610  #eeeeef  239 2  0.0000
1669  276.590  #efeeee  239 3  -0.0001
1670  276.580  #efeeef  239 4  -0.0000
1671  276.710  #eeefee  239 5  0.0005
1672  276.800  #eeefef  239 6  0.0003
1673  278.710  #efefee  239 7  0.0069
1674  278.770  #efefef  240 1  0.0002
1675  278.850  #efeff0  240 2  0.0003
1676  278.660  #f0efef  240 3  -0.0007
1677  278.780  #f0eff0  240 4  0.0004
1678  278.900  #eff0ef  240 5  0.0004
1679  279.000  #eff0f0  240 6  0.0004
1680  278.640  #f0f0ef  240 7  -0.0013
1681  280.540  #f0f0f0  241 1  0.0068
1682  280.870  #f0f0f1  241 2  0.0012
1683  280.760  #f1f0f0  241 3  -0.0004
1684  280.520  #f1f0f1  241 4  -0.0009
1685  281.080  #f0f1f0  241 5  0.0020
1686  280.810  #f0f1f1  241 6  -0.0010
1687  280.730  #f1f1f0  241 7  -0.0003
1688  280.420  #f1f1f1  242 1  -0.0011
1689  280.770  #f1f1f2  242 2  0.0012
1690  282.560  #f2f1f1  242 3  0.0064
1691  282.610  #f2f1f2  242 4  0.0002
1692  282.740  #f1f2f1  242 5  0.0005
1693  282.800  #f1f2f2  242 6  0.0002
1694  282.510  #f2f2f1  242 7  -0.0010
1695  282.580  #f2f2f2  243 1  0.0002
1696  282.520  #f2f2f3  243 2  -0.0002
1697  282.480  #f3f2f2  243 3  -0.0001
1698  284.770  #f3f2f3  243 4  0.0081
1699  284.890  #f2f3f2  243 5  0.0004
1700  284.940  #f2f3f3  243 6  0.0002
1701  284.630  #f3f3f2  243 7  -0.0011
1702  284.680  #f3f3f3  244 1  0.0002
1703  284.680  #f3f3f4  244 2  0.0000
1704  284.580  #f4f3f3  244 3  -0.0004
1705  284.660  #f4f3f4  244 4  0.0003
1706  287.060  #f3f4f3  244 5  0.0084
1707  286.830  #f3f4f4  244 6  -0.0008
1708  286.680  #f4f4f3  244 7  -0.0005
1709  286.420  #f4f4f4  245 1  -0.0009
1710  286.760  #f4f4f5  245 2  0.0012
1711  286.640  #f5f4f4  245 3  -0.0004
1712  286.350  #f5f4f5  245 4  -0.0010
1713  286.960  #f4f5f4  245 5  0.0021
1714  288.810  #f4f5f5  245 6  0.0064
1715  288.470  #f5f5f4  245 7  -0.0012
1716  288.530  #f5f5f5  246 1  0.0002
1717  288.770  #f5f5f6  246 2  0.0008
1718  288.420  #f6f5f5  246 3  -0.0012
1719  288.480  #f6f5f6  246 4  0.0002
1720  288.640  #f5f6f5  246 5  0.0006
1721  288.690  #f5f6f6  246 6  0.0002
1722  290.480  #f6f6f5  246 7  0.0062
1723  290.160  #f6f6f6  247 1  -0.0011
1724  290.160  #f6f6f7  247 2  0.0000
1725  290.430  #f7f6f6  247 3  0.0009
1726  290.120  #f7f6f7  247 4  -0.0011
1727  290.760  #f6f7f6  247 5  0.0022
1728  290.460  #f6f7f7  247 6  -0.0010
1729  290.330  #f7f7f6  247 7  -0.0004
1730  290.070  #f7f7f7  248 1  -0.0009
1731  292.620  #f7f7f8  248 2  0.0088
1732  292.840  #f8f7f7  248 3  0.0008
1733  292.550  #f8f7f8  248 4  -0.0010
1734  292.950  #f7f8f7  248 5  0.0014
1735  292.870  #f7f8f8  248 6  -0.0003
1736  292.770  #f8f8f7  248 7  -0.0003
1737  292.470  #f8f8f8  249 1  -0.0010
1738  292.800  #f8f8f9  249 2  0.0011
1739  294.240  #f9f8f8  249 3  0.0049
1740  294.340  #f9f8f9  249 4  0.0003
1741  294.530  #f8f9f8  249 5  0.0006
1742  294.560  #f8f9f9  249 6  0.0001
1743  294.240  #f9f9f8  249 7  -0.0011
1744  294.260  #f9f9f9  250 1  0.0001
1745  294.540  #f9f9fa  250 2  0.0010
1746  294.190  #faf9f9  250 3  -0.0012
1747  295.870  #faf9fa  250 4  0.0057
1748  296.170  #f9faf9  250 5  0.0010
1749  296.020  #f9fafa  250 6  -0.0005
1750  296.090  #fafaf9  250 7  0.0002
1751  295.830  #fafafa  251 1  -0.0009
1752  295.780  #fafafb  251 2  -0.0002
1753  295.990  #fbfafa  251 3  0.0007
1754  295.750  #fbfafb  251 4  -0.0008
1755  298.900  #fafbfa  251 5  0.0106
1756  298.150  #fafbfb  251 6  -0.0025
1757  297.880  #fbfbfa  251 7  -0.0009
1758  297.380  #fbfbfb  252 1  -0.0017
1759  297.390  #fbfbfc  252 2  0.0000
1760  297.360  #fcfbfb  252 3  -0.0001
1761  297.350  #fcfbfc  252 4  -0.0000
1762  298.800  #fbfcfb  252 5  0.0049
1763  301.370  #fbfcfc  252 6  0.0086
1764  300.570  #fcfcfb  252 7  -0.0027
1765  300.320  #fcfcfc  253 1  -0.0008
1766  301.250  #fcfcfd  253 2  0.0031
1767  300.520  #fdfcfc  253 3  -0.0024
1768  300.310  #fdfcfd  253 4  -0.0007
1769  301.500  #fcfdfc  253 5  0.0040
1770  301.180  #fcfdfd  253 6  -0.0011
1771  303.080  #fdfdfc  253 7  0.0063
1772  303.500  #fdfdfd  254 1  0.0014
1773  302.530  #fdfdfe  254 2  -0.0032
1774  303.040  #fefdfd  254 3  0.0017
1775  303.440  #fefdfe  254 4  0.0013
1776  302.010  #fdfefd  254 5  -0.0047
1777  302.470  #fdfefe  254 6  0.0015
1778  302.990  #fefefd  254 7  0.0017
1779  303.390  #fefefe  255 1  0.0013
1780  303.370  #fefeff  255 2  -0.0001
1781  303.180  #fffefe  255 3  -0.0006
1782  303.320  #fffeff  255 4  0.0005
1783  302.990  #fefffe  255 5  -0.0011
1784  303.100  #feffff  255 6  0.0004
1785  303.110  #fffffe  255 7  0.0000
1786  303.250  #ffffff  256 1  0.0005
