#  lumResponse vers. 1.8 - 10/28/09 18:25:43
#  Display ID: L200ME_810KCSF4Y174
#  iLdelay=1  avgN=1  ILlimit_plus=0.20 ILlimit_minus=-0.05  R=22.5% G=67.2% B=10.3%
#  69.234  #ff0000
#  206.55  #00ff00
#  31.761  #0000ff
   1    0.283  #000000    1 1  0.0000
   2    0.277  #000001    1 2  -0.0237
   3    0.274  #010000    1 3  -0.0087
   4    0.291  #010001    1 4  0.0610
   5    0.276  #000100    1 5  -0.0542
   6    0.274  #000101    1 6  -0.0079
   7    0.277  #010100    1 7  0.0112
   8    0.279  #010101    2 1  0.0083
   9    0.280  #010102    2 2  0.0035
  10    0.278  #020101    2 3  -0.0086
  11    0.274  #020102    2 4  -0.0153
  12    0.278  #010201    2 5  0.0140
  13    0.282  #010202    2 6  0.0147
  14    0.284  #020201    2 7  0.0069
  15    0.281  #020202    3 1  -0.0074
  16    0.274  #020203    3 2  -0.0268
  17    0.282  #030202    3 3  0.0286
  18    0.283  #030203    3 4  0.0030
  19    0.279  #020302    3 5  -0.0151
  20    0.280  #020303    3 6  0.0061
  21    0.299  #030302    3 7  0.0639
  22    0.274  #030303    4 1  -0.0863
  23    0.282  #030304    4 2  0.0271
  24    0.274  #040303    4 3  -0.0268
  25    0.279  #040304    4 4  0.0174
  26    0.287  #030403    4 5  0.0300
  27    0.286  #030404    4 6  -0.0054
  28    0.284  #040403    4 7  -0.0050
  29    0.276  #040404    5 1  -0.0291
  30    0.283  #040405    5 2  0.0234
  31    0.299  #050404    5 3  0.0540
  32    0.276  #050405    5 4  -0.0792
  33    0.290  #040504    5 5  0.0518
  34    0.283  #040505    5 6  -0.0273
  35    0.290  #050504    5 7  0.0262
  36    0.288  #050505    6 1  -0.0059
  37    0.284  #050506    6 2  -0.0163
  38    0.286  #060505    6 3  0.0072
  39    0.303  #060506    6 4  0.0598
  40    0.291  #050605    6 5  -0.0409
  41    0.292  #050606    6 6  0.0035
  42    0.308  #060605    6 7  0.0536
  43    0.311  #060606    7 1  0.0086
  44    0.299  #060607    7 2  -0.0390
  45    0.298  #070606    7 3  -0.0043
  46    0.295  #070607    7 4  -0.0081
  47    0.307  #060706    7 5  0.0378
  48    0.296  #060707    7 6  -0.0360
  49    0.301  #070706    7 7  0.0157
  50    0.305  #070707    8 1  0.0143
  51    0.323  #070708    8 2  0.0571
  52    0.317  #080707    8 3  -0.0174
  53    0.313  #080708    8 4  -0.0129
  54    0.312  #070807    8 5  -0.0049
  55    0.319  #070808    8 6  0.0239
  56    0.322  #080807    8 7  0.0076
  57    0.322  #080808    9 1  0.0005
  58    0.313  #080809    9 2  -0.0282
  59    0.331  #090808    9 3  0.0563
  60    0.332  #090809    9 4  0.0026
  61    0.337  #080908    9 5  0.0147
  62    0.340  #080909    9 6  0.0097
  63    0.337  #090908    9 7  -0.0098
  64    0.338  #090909   10 1  0.0030
  65    0.339  #09090a   10 2  0.0038
  66    0.336  #0a0909   10 3  -0.0095
  67    0.353  #0a090a   10 4  0.0508
  68    0.366  #090a09   10 5  0.0353
  69    0.366  #090a0a   10 6  0.0001
  70    0.361  #0a0a09   10 7  -0.0141
  71    0.362  #0a0a0a   11 1  0.0042
  72    0.360  #0a0a0b   11 2  -0.0081
  73    0.358  #0b0a0a   11 3  -0.0046
  74    0.363  #0b0a0b   11 4  0.0150
  75    0.396  #0a0b0a   11 5  0.0855
  76    0.399  #0a0b0b   11 6  0.0091
  77    0.399  #0b0b0a   11 7  -0.0016
  78    0.395  #0b0b0b   12 1  -0.0094
  79    0.395  #0b0b0c   12 2  -0.0001
  80    0.390  #0c0b0b   12 3  -0.0115
  81    0.384  #0c0b0c   12 4  -0.0176
  82    0.391  #0b0c0b   12 5  0.0195
  83    0.451  #0b0c0c   12 6  0.1430
  84    0.444  #0c0c0b   12 7  -0.0166
  85    0.443  #0c0c0c   13 1  -0.0034
  86    0.442  #0c0c0d   13 2  -0.0016
  87    0.433  #0d0c0c   13 3  -0.0210
  88    0.440  #0d0c0d   13 4  0.0171
  89    0.440  #0c0d0c   13 5  -0.0011
  90    0.437  #0c0d0d   13 6  -0.0068
  91    0.497  #0d0d0c   13 7  0.1286
  92    0.515  #0d0d0d   14 1  0.0373
  93    0.485  #0d0d0e   14 2  -0.0614
  94    0.482  #0e0d0d   14 3  -0.0060
  95    0.480  #0e0d0e   14 4  -0.0048
  96    0.498  #0d0e0d   14 5  0.0380
  97    0.488  #0d0e0e   14 6  -0.0207
  98    0.498  #0e0e0d   14 7  0.0204
  99    0.502  #0e0e0e   15 1  0.0082
 100    0.554  #0e0e0f   15 2  0.0986
 101    0.542  #0f0e0e   15 3  -0.0213
 102    0.547  #0f0e0f   15 4  0.0088
 103    0.553  #0e0f0e   15 5  0.0104
 104    0.558  #0e0f0f   15 6  0.0083
 105    0.551  #0f0f0e   15 7  -0.0110
 106    0.549  #0f0f0f   16 1  -0.0042
 107    0.546  #0f0f10   16 2  -0.0049
 108    0.614  #100f0f   16 3  0.1160
 109    0.617  #100f10   16 4  0.0059
 110    0.626  #0f100f   16 5  0.0138
 111    0.626  #0f1010   16 6  0.0005
 112    0.621  #10100f   16 7  -0.0088
 113    0.613  #101010   17 1  -0.0121
 114    0.634  #101011   17 2  0.0327
 115    0.612  #111010   17 3  -0.0343
 116    0.682  #111011   17 4  0.1069
 117    0.706  #101110   17 5  0.0349
 118    0.692  #101111   17 6  -0.0190
 119    0.701  #111110   17 7  0.0123
 120    0.696  #111111   18 1  -0.0077
 121    0.691  #111112   18 2  -0.0063
 122    0.687  #121111   18 3  -0.0064
 123    0.680  #121112   18 4  -0.0104
 124    0.771  #111211   18 5  0.1257
 125    0.776  #111212   18 6  0.0069
 126    0.771  #121211   18 7  -0.0065
 127    0.772  #121212   19 1  0.0010
 128    0.780  #121213   19 2  0.0102
 129    0.761  #131212   19 3  -0.0243
 130    0.762  #131213   19 4  0.0006
 131    0.769  #121312   19 5  0.0100
 132    0.772  #121313   19 6  0.0030
 133    0.874  #131312   19 7  0.1249
 134    0.867  #131313   20 1  -0.0091
 135    0.869  #131314   20 2  0.0029
 136    0.860  #141313   20 3  -0.0107
 137    0.853  #141314   20 4  -0.0077
 138    0.867  #131413   20 5  0.0161
 139    0.870  #131414   20 6  0.0033
 140    0.992  #141413   20 7  0.1306
 141    1.006  #141414   21 1  0.0149
 142    0.970  #141415   21 2  -0.0371
 143    0.964  #151414   21 3  -0.0057
 144    0.953  #151415   21 4  -0.0122
 145    0.980  #141514   21 5  0.0285
 146    1.005  #141515   21 6  0.0250
 147    1.000  #151514   21 7  -0.0050
 148    0.986  #151515   22 1  -0.0142
 149    1.101  #151516   22 2  0.1108
 150    1.084  #161515   22 3  -0.0161
 151    1.082  #161516   22 4  -0.0021
 152    1.093  #151615   22 5  0.0104
 153    1.099  #151616   22 6  0.0056
 154    1.096  #161615   22 7  -0.0025
 155    1.095  #161616   23 1  -0.0010
 156    1.096  #161617   23 2  0.0005
 157    1.223  #171616   23 3  0.1100
 158    1.219  #171617   23 4  -0.0034
 159    1.244  #161716   23 5  0.0201
 160    1.232  #161717   23 6  -0.0098
 161    1.252  #171716   23 7  0.0167
 162    1.248  #171717   24 1  -0.0038
 163    1.224  #171718   24 2  -0.0186
 164    1.216  #181717   24 3  -0.0069
 165    1.361  #181718   24 4  0.1127
 166    1.416  #171817   24 5  0.0396
 167    1.390  #171818   24 6  -0.0190
 168    1.414  #181817   24 7  0.0174
 169    1.407  #181818   25 1  -0.0054
 170    1.396  #181819   25 2  -0.0075
 171    1.390  #191818   25 3  -0.0047
 172    1.362  #191819   25 4  -0.0201
 173    1.557  #181918   25 5  0.1337
 174    1.569  #181919   25 6  0.0079
 175    1.564  #191918   25 7  -0.0036
 176    1.559  #191919   26 1  -0.0031
 177    1.576  #19191a   26 2  0.0111
 178    1.544  #1a1919   26 3  -0.0209
 179    1.548  #1a191a   26 4  0.0028
 180    1.575  #191a19   26 5  0.0170
 181    1.735  #191a1a   26 6  0.0968
 182    1.752  #1a1a19   26 7  0.0099
 183    1.754  #1a1a1a   27 1  0.0013
 184    1.753  #1a1a1b   27 2  -0.0009
 185    1.724  #1b1a1a   27 3  -0.0167
 186    1.705  #1b1a1b   27 4  -0.0111
 187    1.753  #1a1b1a   27 5  0.0281
 188    1.734  #1a1b1b   27 6  -0.0110
 189    1.980  #1b1b1a   27 7  0.1323
 190    1.987  #1b1b1b   28 1  0.0035
 191    1.953  #1b1b1c   28 2  -0.0172
 192    1.944  #1c1b1b   28 3  -0.0047
 193    1.914  #1c1b1c   28 4  -0.0156
 194    1.984  #1b1c1b   28 5  0.0361
 195    1.979  #1b1c1c   28 6  -0.0028
 196    1.984  #1c1c1b   28 7  0.0026
 197    2.153  #1c1c1c   29 1  0.0820
 198    2.184  #1c1c1d   29 2  0.0141
 199    2.137  #1d1c1c   29 3  -0.0218
 200    2.151  #1d1c1d   29 4  0.0067
 201    2.154  #1c1d1c   29 5  0.0013
 202    2.177  #1c1d1d   29 6  0.0106
 203    2.150  #1d1d1c   29 7  -0.0124
 204    2.152  #1d1d1d   30 1  0.0010
 205    2.172  #1d1d1e   30 2  0.0093
 206    2.356  #1e1d1d   30 3  0.0811
 207    2.327  #1e1d1e   30 4  -0.0123
 208    2.363  #1d1e1d   30 5  0.0153
 209    2.345  #1d1e1e   30 6  -0.0073
 210    2.361  #1e1e1d   30 7  0.0065
 211    2.369  #1e1e1e   31 1  0.0037
 212    2.362  #1e1e1f   31 2  -0.0031
 213    2.338  #1f1e1e   31 3  -0.0102
 214    2.523  #1f1e1f   31 4  0.0759
 215    2.583  #1e1f1e   31 5  0.0237
 216    2.553  #1e1f1f   31 6  -0.0116
 217    2.579  #1f1f1e   31 7  0.0101
 218    2.579  #1f1f1f   32 1  -0.0001
 219    2.555  #1f1f20   32 2  -0.0094
 220    2.555  #201f1f   32 3  -0.0001
 221    2.526  #201f20   32 4  -0.0114
 222    2.746  #1f201f   32 5  0.0834
 223    2.752  #1f2020   32 6  0.0021
 224    2.745  #20201f   32 7  -0.0024
 225    2.748  #202020   33 1  0.0013
 226    2.753  #202021   33 2  0.0017
 227    2.727  #212020   33 3  -0.0094
 228    2.736  #212021   33 4  0.0030
 229    2.745  #202120   33 5  0.0033
 230    2.938  #202121   33 6  0.0680
 231    2.964  #212120   33 7  0.0090
 232    2.977  #212121   34 1  0.0043
 233    2.940  #212122   34 2  -0.0126
 234    2.933  #222121   34 3  -0.0023
 235    2.907  #222122   34 4  -0.0089
 236    2.965  #212221   34 5  0.0199
 237    2.936  #212222   34 6  -0.0098
 238    3.183  #222221   34 7  0.0805
 239    3.188  #222222   35 1  0.0015
 240    3.156  #222223   35 2  -0.0100
 241    3.150  #232222   35 3  -0.0018
 242    3.132  #232223   35 4  -0.0058
 243    3.179  #222322   35 5  0.0148
 244    3.160  #222323   35 6  -0.0057
 245    3.178  #232322   35 7  0.0056
 246    3.181  #232323   36 1  0.0008
 247    3.371  #232324   36 2  0.0581
 248    3.338  #242323   36 3  -0.0100
 249    3.353  #242324   36 4  0.0046
 250    3.361  #232423   36 5  0.0023
 251    3.384  #232424   36 6  0.0069
 252    3.359  #242423   36 7  -0.0074
 253    3.363  #242424   37 1  0.0010
 254    3.379  #242425   37 2  0.0048
 255    3.577  #252424   37 3  0.0570
 256    3.542  #252425   37 4  -0.0098
 257    3.602  #242524   37 5  0.0168
 258    3.578  #242525   37 6  -0.0067
 259    3.603  #252524   37 7  0.0069
 260    3.609  #252525   38 1  0.0016
 261    3.572  #252526   38 2  -0.0101
 262    3.563  #262525   38 3  -0.0026
 263    3.804  #262526   38 4  0.0654
 264    3.878  #252625   38 5  0.0193
 265    3.838  #252626   38 6  -0.0103
 266    3.872  #262625   38 7  0.0086
 267    3.868  #262626   39 1  -0.0009
 268    3.833  #262627   39 2  -0.0091
 269    3.829  #272626   39 3  -0.0009
 270    3.804  #272627   39 4  -0.0066
 271    4.078  #262726   39 5  0.0696
 272    4.090  #262727   39 6  0.0029
 273    4.083  #272726   39 7  -0.0017
 274    4.082  #272727   40 1  -0.0004
 275    4.091  #272728   40 2  0.0023
 276    4.058  #282727   40 3  -0.0082
 277    4.061  #282728   40 4  0.0010
 278    4.087  #272827   40 5  0.0063
 279    4.326  #272828   40 6  0.0568
 280    4.346  #282827   40 7  0.0046
 281    4.356  #282828   41 1  0.0024
 282    4.330  #282829   41 2  -0.0061
 283    4.316  #292828   41 3  -0.0033
 284    4.279  #292829   41 4  -0.0084
 285    4.355  #282928   41 5  0.0174
 286    4.319  #282929   41 6  -0.0082
 287    4.580  #292928   41 7  0.0587
 288    4.579  #292929   42 1  -0.0003
 289    4.605  #29292a   42 2  0.0056
 290    4.550  #2a2929   42 3  -0.0119
 291    4.564  #2a292a   42 4  0.0031
 292    4.591  #292a29   42 5  0.0060
 293    4.591  #292a2a   42 6  -0.0001
 294    4.583  #2a2a29   42 7  -0.0018
 295    4.883  #2a2a2a   43 1  0.0635
 296    4.878  #2a2a2b   43 2  -0.0012
 297    4.840  #2b2a2a   43 3  -0.0077
 298    4.857  #2b2a2b   43 4  0.0034
 299    4.879  #2a2b2a   43 5  0.0045
 300    4.888  #2a2b2b   43 6  0.0019
 301    4.881  #2b2b2a   43 7  -0.0015
 302    4.875  #2b2b2b   44 1  -0.0011
 303    4.881  #2b2b2c   44 2  0.0011
 304    5.141  #2c2b2b   44 3  0.0519
 305    5.104  #2c2b2c   44 4  -0.0073
 306    5.179  #2b2c2b   44 5  0.0146
 307    5.157  #2b2c2c   44 6  -0.0043
 308    5.194  #2c2c2b   44 7  0.0071
 309    5.178  #2c2c2c   45 1  -0.0031
 310    5.146  #2c2c2d   45 2  -0.0061
 311    5.415  #2d2c2c   45 3  0.0508
 312    5.425  #2d2c2d   45 4  0.0019
 313    5.445  #2c2d2c   45 5  0.0037
 314    5.455  #2c2d2d   45 6  0.0018
 315    5.440  #2d2d2c   45 7  -0.0028
 316    5.445  #2d2d2d   46 1  0.0009
 317    5.456  #2d2d2e   46 2  0.0020
 318    5.406  #2e2d2d   46 3  -0.0093
 319    5.410  #2e2d2e   46 4  0.0009
 320    5.789  #2d2e2d   46 5  0.0676
 321    5.802  #2d2e2e   46 6  0.0023
 322    5.799  #2e2e2d   46 7  -0.0006
 323    5.783  #2e2e2e   47 1  -0.0027
 324    5.805  #2e2e2f   47 2  0.0038
 325    5.744  #2f2e2e   47 3  -0.0106
 326    5.769  #2f2e2f   47 4  0.0043
 327    5.777  #2e2f2e   47 5  0.0015
 328    6.094  #2e2f2f   47 6  0.0533
 329    6.131  #2f2f2e   47 7  0.0061
 330    6.140  #2f2f2f   48 1  0.0014
 331    6.092  #2f2f30   48 2  -0.0077
 332    6.087  #302f2f   48 3  -0.0008
 333    6.053  #302f30   48 4  -0.0057
 334    6.128  #2f302f   48 5  0.0124
 335    6.090  #2f3030   48 6  -0.0062
 336    6.415  #30302f   48 7  0.0519
 337    6.419  #303030   49 1  0.0006
 338    6.438  #303031   49 2  0.0030
 339    6.386  #313030   49 3  -0.0081
 340    6.407  #313031   49 4  0.0033
 341    6.410  #303130   49 5  0.0004
 342    6.433  #303131   49 6  0.0036
 343    6.414  #313130   49 7  -0.0029
 344    6.782  #313131   50 1  0.0557
 345    6.792  #313132   50 2  0.0015
 346    6.746  #323131   50 3  -0.0069
 347    6.754  #323132   50 4  0.0012
 348    6.778  #313231   50 5  0.0035
 349    6.805  #313232   50 6  0.0040
 350    6.775  #323231   50 7  -0.0045
 351    6.786  #323232   51 1  0.0017
 352    6.790  #323233   51 2  0.0006
 353    7.099  #333232   51 3  0.0445
 354    7.052  #333233   51 4  -0.0067
 355    7.160  #323332   51 5  0.0152
 356    7.103  #323333   51 6  -0.0080
 357    7.147  #333332   51 7  0.0062
 358    7.142  #333333   52 1  -0.0007
 359    7.104  #333334   52 2  -0.0052
 360    7.095  #343333   52 3  -0.0013
 361    7.440  #343334   52 4  0.0474
 362    7.462  #333433   52 5  0.0030
 363    7.484  #333434   52 6  0.0029
 364    7.467  #343433   52 7  -0.0023
 365    7.467  #343434   53 1  0.0000
 366    7.474  #343435   53 2  0.0010
 367    7.418  #353434   53 3  -0.0075
 368    7.443  #353435   53 4  0.0033
 369    7.875  #343534   53 5  0.0564
 370    7.888  #343535   53 6  0.0017
 371    7.865  #353534   53 7  -0.0029
 372    7.863  #353535   54 1  -0.0002
 373    7.894  #353536   54 2  0.0039
 374    7.838  #363535   54 3  -0.0071
 375    7.854  #363536   54 4  0.0020
 376    7.875  #353635   54 5  0.0027
 377    8.235  #353636   54 6  0.0446
 378    8.287  #363635   54 7  0.0063
 379    8.286  #363636   55 1  -0.0000
 380    8.231  #363637   55 2  -0.0067
 381    8.227  #373636   55 3  -0.0004
 382    8.191  #373637   55 4  -0.0045
 383    8.281  #363736   55 5  0.0110
 384    8.234  #363737   55 6  -0.0058
 385    8.618  #373736   55 7  0.0456
 386    8.619  #373737   56 1  0.0002
 387    8.628  #373738   56 2  0.0010
 388    8.584  #383737   56 3  -0.0051
 389    8.602  #383738   56 4  0.0021
 390    8.600  #373837   56 5  -0.0003
 391    8.638  #373838   56 6  0.0044
 392    8.617  #383837   56 7  -0.0024
 393    9.046  #383838   57 1  0.0485
 394    9.075  #383839   57 2  0.0033
 395    9.009  #393838   57 3  -0.0074
 396    9.034  #393839   57 4  0.0028
 397    9.048  #383938   57 5  0.0015
 398    9.066  #383939   57 6  0.0020
 399    9.042  #393938   57 7  -0.0027
 400    9.047  #393939   58 1  0.0006
 401    9.449  #39393a   58 2  0.0435
 402    9.434  #3a3939   58 3  -0.0016
 403    9.373  #3a393a   58 4  -0.0065
 404    9.497  #393a39   58 5  0.0132
 405    9.444  #393a3a   58 6  -0.0056
 406    9.500  #3a3a39   58 7  0.0059
 407    9.505  #3a3a3a   59 1  0.0006
 408    9.447  #3a3a3b   59 2  -0.0062
 409    9.836  #3b3a3a   59 3  0.0404
 410    9.856  #3b3a3b   59 4  0.0020
 411    9.873  #3a3b3a   59 5  0.0017
 412    9.915  #3a3b3b   59 6  0.0043
 413    9.881  #3b3b3a   59 7  -0.0034
 414    9.877  #3b3b3b   60 1  -0.0004
 415    9.899  #3b3b3c   60 2  0.0023
 416    9.831  #3c3b3b   60 3  -0.0070
 417    9.864  #3c3b3c   60 4  0.0034
 418   10.370  #3b3c3b   60 5  0.0500
 419   10.307  #3b3c3c   60 6  -0.0061
 420   10.344  #3c3c3b   60 7  0.0036
 421   10.349  #3c3c3c   61 1  0.0005
 422   10.298  #3c3c3d   61 2  -0.0049
 423   10.282  #3d3c3c   61 3  -0.0016
 424   10.230  #3d3c3d   61 4  -0.0051
 425   10.348  #3c3d3c   61 5  0.0115
 426   10.815  #3c3d3d   61 6  0.0441
 427   10.881  #3d3d3c   61 7  0.0061
 428   10.886  #3d3d3d   62 1  0.0005
 429   10.820  #3d3d3e   62 2  -0.0061
 430   10.795  #3e3d3d   62 3  -0.0023
 431   10.711  #3e3d3e   62 4  -0.0078
 432   10.883  #3d3e3d   62 5  0.0159
 433   10.801  #3d3e3e   62 6  -0.0076
 434   11.326  #3e3e3d   62 7  0.0475
 435   11.339  #3e3e3e   63 1  0.0011
 436   11.353  #3e3e3f   63 2  0.0012
 437   11.259  #3f3e3e   63 3  -0.0083
 438   11.284  #3f3e3f   63 4  0.0022
 439   11.339  #3e3f3e   63 5  0.0049
 440   11.355  #3e3f3f   63 6  0.0014
 441   11.332  #3f3f3e   63 7  -0.0020
 442   11.321  #3f3f3f   64 1  -0.0010
 443   11.868  #3f3f40   64 2  0.0472
 444   11.849  #403f3f   64 3  -0.0016
 445   11.784  #403f40   64 4  -0.0055
 446   11.933  #3f403f   64 5  0.0126
 447   11.855  #3f4040   64 6  -0.0066
 448   11.925  #40403f   64 7  0.0059
 449   11.929  #404040   65 1  0.0003
 450   12.479  #404041   65 2  0.0451
 451   12.458  #414040   65 3  -0.0017
 452   12.390  #414041   65 4  -0.0055
 453   12.543  #404140   65 5  0.0123
 454   12.477  #404141   65 6  -0.0053
 455   12.548  #414140   65 7  0.0057
 456   12.541  #414141   66 1  -0.0006
 457   12.480  #414142   66 2  -0.0049
 458   13.001  #424141   66 3  0.0409
 459   13.037  #424142   66 4  0.0028
 460   13.062  #414241   66 5  0.0019
 461   13.089  #414242   66 6  0.0021
 462   13.058  #424241   66 7  -0.0024
 463   13.069  #424242   67 1  0.0008
 464   13.084  #424243   67 2  0.0011
 465   12.996  #434242   67 3  -0.0067
 466   13.027  #434243   67 4  0.0024
 467   13.739  #424342   67 5  0.0532
 468   13.672  #424343   67 6  -0.0049
 469   13.642  #434342   67 7  -0.0022
 470   13.741  #434343   68 1  0.0072
 471   13.661  #434344   68 2  -0.0058
 472   13.648  #444343   68 3  -0.0010
 473   13.569  #444344   68 4  -0.0058
 474   13.735  #434443   68 5  0.0122
 475   14.363  #434444   68 6  0.0447
 476   14.435  #444443   68 7  0.0050
 477   14.429  #444444   69 1  -0.0004
 478   14.356  #444445   69 2  -0.0051
 479   14.343  #454444   69 3  -0.0009
 480   14.256  #454445   69 4  -0.0061
 481   14.436  #444544   69 5  0.0125
 482   14.356  #444545   69 6  -0.0056
 483   15.012  #454544   69 7  0.0447
 484   15.005  #454545   70 1  -0.0005
 485   15.052  #454546   70 2  0.0031
 486   14.944  #464545   70 3  -0.0072
 487   14.973  #464546   70 4  0.0019
 488   15.016  #454645   70 5  0.0029
 489   15.033  #454646   70 6  0.0011
 490   15.007  #464645   70 7  -0.0017
 491   15.761  #464646   71 1  0.0490
 492   15.659  #464647   71 2  -0.0065
 493   15.645  #474646   71 3  -0.0009
 494   15.563  #474647   71 4  -0.0053
 495   15.755  #464746   71 5  0.0123
 496   15.665  #464747   71 6  -0.0057
 497   15.645  #474746   71 7  -0.0013
 498   15.751  #474747   72 1  0.0068
 499   15.655  #474748   72 2  -0.0061
 500   16.403  #484747   72 3  0.0467
 501   16.335  #484748   72 4  -0.0042
 502   16.508  #474847   72 5  0.0105
 503   16.432  #474848   72 6  -0.0046
 504   16.513  #484847   72 7  0.0049
 505   16.504  #484848   73 1  -0.0005
 506   16.420  #484849   73 2  -0.0051
 507   17.070  #494848   73 3  0.0388
 508   17.114  #494849   73 4  0.0026
 509   17.137  #484948   73 5  0.0013
 510   17.195  #484949   73 6  0.0034
 511   17.166  #494948   73 7  -0.0017
 512   17.150  #494949   74 1  -0.0009
 513   17.189  #49494a   74 2  0.0023
 514   17.070  #4a4949   74 3  -0.0069
 515   17.113  #4a494a   74 4  0.0025
 516   17.975  #494a49   74 5  0.0491
 517   17.901  #494a4a   74 6  -0.0041
 518   17.986  #4a4a49   74 7  0.0047
 519   17.969  #4a4a4a   75 1  -0.0009
 520   17.880  #4a4a4b   75 2  -0.0050
 521   17.869  #4b4a4a   75 3  -0.0006
 522   17.762  #4b4a4b   75 4  -0.0060
 523   17.984  #4a4b4a   75 5  0.0124
 524   18.731  #4a4b4b   75 6  0.0407
 525   18.700  #4b4b4a   75 7  -0.0017
 526   18.829  #4b4b4b   76 1  0.0069
 527   18.730  #4b4b4c   76 2  -0.0053
 528   18.691  #4c4b4b   76 3  -0.0021
 529   18.609  #4c4b4c   76 4  -0.0044
 530   18.836  #4b4c4b   76 5  0.0121
 531   18.721  #4b4c4c   76 6  -0.0061
 532   19.552  #4c4c4b   76 7  0.0434
 533   19.554  #4c4c4c   77 1  0.0001
 534   19.605  #4c4c4d   77 2  0.0026
 535   19.468  #4d4c4c   77 3  -0.0070
 536   19.504  #4d4c4d   77 4  0.0018
 537   19.548  #4c4d4c   77 5  0.0023
 538   19.591  #4c4d4d   77 6  0.0022
 539   19.557  #4d4d4c   77 7  -0.0017
 540   20.452  #4d4d4d   78 1  0.0447
 541   20.342  #4d4d4e   78 2  -0.0054
 542   20.330  #4e4d4d   78 3  -0.0006
 543   20.207  #4e4d4e   78 4  -0.0061
 544   20.446  #4d4e4d   78 5  0.0118
 545   20.347  #4d4e4e   78 6  -0.0049
 546   20.439  #4e4e4d   78 7  0.0045
 547   20.441  #4e4e4e   79 1  0.0001
 548   20.331  #4e4e4f   79 2  -0.0054
 549   21.095  #4f4e4e   79 3  0.0369
 550   21.159  #4f4e4f   79 4  0.0030
 551   21.167  #4e4f4e   79 5  0.0004
 552   21.222  #4e4f4f   79 6  0.0026
 553   21.091  #4f4f4e   79 7  -0.0062
 554   21.170  #4f4f4f   80 1  0.0037
 555   21.210  #4f4f50   80 2  0.0019
 556   22.034  #504f4f   80 3  0.0381
 557   22.075  #504f50   80 4  0.0019
 558   22.094  #4f504f   80 5  0.0009
 559   22.146  #4f5050   80 6  0.0024
 560   22.097  #50504f   80 7  -0.0022
 561   22.104  #505050   81 1  0.0003
 562   22.140  #505051   81 2  0.0016
 563   22.005  #515050   81 3  -0.0061
 564   22.060  #515051   81 4  0.0025
 565   23.053  #505150   81 5  0.0440
 566   22.944  #505151   81 6  -0.0047
 567   23.051  #515150   81 7  0.0047
 568   23.053  #515151   82 1  0.0001
 569   22.929  #515152   82 2  -0.0054
 570   22.899  #525151   82 3  -0.0013
 571   22.824  #525152   82 4  -0.0033
 572   23.043  #515251   82 5  0.0095
 573   23.881  #515252   82 6  0.0357
 574   23.820  #525251   82 7  -0.0026
 575   23.805  #525252   83 1  -0.0006
 576   23.866  #525253   83 2  0.0026
 577   23.724  #535252   83 3  -0.0060
 578   23.789  #535253   83 4  0.0027
 579   23.798  #525352   83 5  0.0004
 580   23.859  #525353   83 6  0.0026
 581   24.701  #535352   83 7  0.0347
 582   24.757  #535353   84 1  0.0023
 583   24.841  #535354   84 2  0.0034
 584   24.682  #545353   84 3  -0.0064
 585   24.752  #545354   84 4  0.0028
 586   24.775  #535453   84 5  0.0009
 587   24.822  #535454   84 6  0.0019
 588   24.790  #545453   84 7  -0.0013
 589   25.794  #545454   85 1  0.0397
 590   25.675  #545455   85 2  -0.0046
 591   25.636  #555454   85 3  -0.0015
 592   25.529  #555455   85 4  -0.0042
 593   25.772  #545554   85 5  0.0095
 594   25.658  #545555   85 6  -0.0044
 595   25.745  #555554   85 7  0.0034
 596   25.770  #555555   86 1  0.0010
 597   26.612  #555556   86 2  0.0321
 598   26.481  #565555   86 3  -0.0049
 599   26.536  #565556   86 4  0.0021
 600   26.557  #555655   86 5  0.0008
 601   26.600  #555656   86 6  0.0016
 602   26.564  #565655   86 7  -0.0014
 603   26.564  #565656   87 1  0.0000
 604   26.586  #565657   87 2  0.0008
 605   27.492  #575656   87 3  0.0335
 606   27.532  #575657   87 4  0.0015
 607   27.579  #565756   87 5  0.0017
 608   27.619  #565757   87 6  0.0014
 609   27.472  #575756   87 7  -0.0053
 610   27.557  #575757   88 1  0.0031
 611   27.627  #575758   88 2  0.0025
 612   27.470  #585757   88 3  -0.0057
 613   27.520  #585758   88 4  0.0018
 614   28.615  #575857   88 5  0.0390
 615   28.507  #575858   88 6  -0.0038
 616   28.583  #585857   88 7  0.0027
 617   28.587  #585858   89 1  0.0001
 618   28.483  #585859   89 2  -0.0036
 619   28.439  #595858   89 3  -0.0015
 620   28.330  #595859   89 4  -0.0038
 621   29.422  #585958   89 5  0.0378
 622   29.478  #585959   89 6  0.0019
 623   29.418  #595958   89 7  -0.0020
 624   29.413  #595959   90 1  -0.0002
 625   29.464  #59595a   90 2  0.0017
 626   29.321  #5a5959   90 3  -0.0049
 627   29.396  #5a595a   90 4  0.0026
 628   29.421  #595a59   90 5  0.0009
 629   29.486  #595a5a   90 6  0.0022
 630   30.489  #5a5a59   90 7  0.0334
 631   30.494  #5a5a5a   91 1  0.0002
 632   30.570  #5a5a5b   91 2  0.0025
 633   30.413  #5b5a5a   91 3  -0.0051
 634   30.480  #5b5a5b   91 4  0.0022
 635   30.487  #5a5b5a   91 5  0.0002
 636   30.539  #5a5b5b   91 6  0.0017
 637   30.417  #5b5b5a   91 7  -0.0040
 638   31.568  #5b5b5b   92 1  0.0371
 639   31.452  #5b5b5c   92 2  -0.0037
 640   31.400  #5c5b5b   92 3  -0.0017
 641   31.283  #5c5b5c   92 4  -0.0037
 642   31.539  #5b5c5b   92 5  0.0082
 643   31.425  #5b5c5c   92 6  -0.0036
 644   31.517  #5c5c5b   92 7  0.0029
 645   31.547  #5c5c5c   93 1  0.0010
 646   32.466  #5c5c5d   93 2  0.0287
 647   32.304  #5d5c5c   93 3  -0.0050
 648   32.359  #5d5c5d   93 4  0.0017
 649   32.372  #5c5d5c   93 5  0.0004
 650   32.439  #5c5d5d   93 6  0.0021
 651   32.370  #5d5d5c   93 7  -0.0021
 652   32.376  #5d5d5d   94 1  0.0002
 653   32.446  #5d5d5e   94 2  0.0022
 654   33.370  #5e5d5d   94 3  0.0281
 655   33.447  #5e5d5e   94 4  0.0023
 656   33.457  #5d5e5d   94 5  0.0003
 657   33.526  #5d5e5e   94 6  0.0021
 658   33.458  #5e5e5d   94 7  -0.0020
 659   33.451  #5e5e5e   95 1  -0.0002
 660   33.506  #5e5e5f   95 2  0.0016
 661   33.335  #5f5e5e   95 3  -0.0051
 662   33.418  #5f5e5f   95 4  0.0025
 663   34.561  #5e5f5e   95 5  0.0336
 664   34.437  #5e5f5f   95 6  -0.0036
 665   34.407  #5f5f5e   95 7  -0.0009
 666   34.547  #5f5f5f   96 1  0.0041
 667   34.429  #5f5f60   96 2  -0.0034
 668   34.386  #605f5f   96 3  -0.0012
 669   34.266  #605f60   96 4  -0.0035
 670   34.544  #5f605f   96 5  0.0081
 671   35.484  #5f6060   96 6  0.0268
 672   35.423  #60605f   96 7  -0.0017
 673   35.430  #606060   97 1  0.0002
 674   35.509  #606061   97 2  0.0022
 675   35.324  #616060   97 3  -0.0052
 676   35.404  #616061   97 4  0.0023
 677   35.451  #606160   97 5  0.0013
 678   35.511  #606161   97 6  0.0017
 679   36.694  #616160   97 7  0.0328
 680   36.636  #616161   98 1  -0.0016
 681   36.566  #616162   98 2  -0.0019
 682   36.524  #626161   98 3  -0.0011
 683   36.421  #626162   98 4  -0.0028
 684   36.669  #616261   98 5  0.0068
 685   36.553  #616262   98 6  -0.0032
 686   36.506  #626261   98 7  -0.0013
 687   37.801  #626262   99 1  0.0349
 688   37.696  #626263   99 2  -0.0028
 689   37.642  #636262   99 3  -0.0014
 690   37.533  #636263   99 4  -0.0029
 691   37.809  #626362   99 5  0.0073
 692   37.686  #626363   99 6  -0.0033
 693   37.634  #636362   99 7  -0.0014
 694   37.687  #636363  100 1  0.0014
 695   38.792  #636364  100 2  0.0289
 696   38.597  #646363  100 3  -0.0050
 697   38.667  #646364  100 4  0.0018
 698   38.717  #636463  100 5  0.0013
 699   38.769  #636464  100 6  0.0013
 700   38.700  #646463  100 7  -0.0018
 701   38.703  #646464  101 1  0.0001
 702   38.761  #646465  101 2  0.0015
 703   39.724  #656464  101 3  0.0245
 704   39.602  #656465  101 4  -0.0031
 705   39.857  #646564  101 5  0.0064
 706   39.759  #646565  101 6  -0.0025
 707   39.880  #656564  101 7  0.0030
 708   39.856  #656565  102 1  -0.0006
 709   39.729  #656566  102 2  -0.0032
 710   39.706  #666565  102 3  -0.0006
 711   40.764  #666566  102 4  0.0263
 712   41.036  #656665  102 5  0.0067
 713   40.919  #656666  102 6  -0.0029
 714   40.874  #666665  102 7  -0.0011
 715   40.891  #666666  103 1  0.0004
 716   40.875  #666667  103 2  -0.0004
 717   40.876  #676666  103 3  0.0000
 718   40.766  #676667  103 4  -0.0027
 719   41.963  #666766  103 5  0.0289
 720   42.031  #666767  103 6  0.0016
 721   41.859  #676766  103 7  -0.0041
 722   42.004  #676767  104 1  0.0035
 723   42.019  #676768  104 2  0.0004
 724   41.843  #686767  104 3  -0.0042
 725   41.918  #686768  104 4  0.0018
 726   41.943  #676867  104 5  0.0006
 727   42.007  #676868  104 6  0.0015
 728   43.111  #686867  104 7  0.0259
 729   43.147  #686868  105 1  0.0008
 730   43.022  #686869  105 2  -0.0029
 731   42.968  #696868  105 3  -0.0013
 732   42.865  #696869  105 4  -0.0024
 733   43.115  #686968  105 5  0.0058
 734   43.007  #686969  105 6  -0.0025
 735   44.323  #696968  105 7  0.0301
 736   44.188  #696969  106 1  -0.0031
 737   44.190  #69696a  106 2  0.0000
 738   44.159  #6a6969  106 3  -0.0007
 739   44.028  #6a696a  106 4  -0.0030
 740   44.297  #696a69  106 5  0.0061
 741   44.185  #696a6a  106 6  -0.0025
 742   44.120  #6a6a69  106 7  -0.0015
 743   44.284  #6a6a6a  107 1  0.0037
 744   45.405  #6a6a6b  107 2  0.0250
 745   45.216  #6b6a6a  107 3  -0.0042
 746   45.296  #6b6a6b  107 4  0.0018
 747   45.354  #6a6b6a  107 5  0.0013
 748   45.415  #6a6b6b  107 6  0.0013
 749   45.215  #6b6b6a  107 7  -0.0044
 750   45.397  #6b6b6b  108 1  0.0040
 751   45.401  #6b6b6c  108 2  0.0001
 752   46.367  #6c6b6b  108 3  0.0211
 753   46.270  #6c6b6c  108 4  -0.0021
 754   46.547  #6b6c6b  108 5  0.0060
 755   46.402  #6b6c6c  108 6  -0.0031
 756   46.531  #6c6c6b  108 7  0.0028
 757   46.517  #6c6c6c  109 1  -0.0003
 758   46.413  #6c6c6d  109 2  -0.0022
 759   46.364  #6d6c6c  109 3  -0.0011
 760   47.461  #6d6c6d  109 4  0.0234
 761   47.717  #6c6d6c  109 5  0.0054
 762   47.612  #6c6d6d  109 6  -0.0022
 763   47.713  #6d6d6c  109 7  0.0021
 764   47.720  #6d6d6d  110 1  0.0001
 765   47.611  #6d6d6e  110 2  -0.0023
 766   47.537  #6e6d6d  110 3  -0.0016
 767   47.431  #6e6d6e  110 4  -0.0022
 768   48.665  #6d6e6d  110 5  0.0257
 769   48.746  #6d6e6e  110 6  0.0017
 770   48.528  #6e6e6d  110 7  -0.0045
 771   48.737  #6e6e6e  111 1  0.0043
 772   48.712  #6e6e6f  111 2  -0.0005
 773   48.543  #6f6e6e  111 3  -0.0035
 774   48.617  #6f6e6f  111 4  0.0015
 775   48.615  #6e6f6e  111 5  -0.0000
 776   48.708  #6e6f6f  111 6  0.0019
 777   49.691  #6f6f6e  111 7  0.0200
 778   49.734  #6f6f6f  112 1  0.0009
 779   49.716  #6f6f70  112 2  -0.0004
 780   49.668  #706f6f  112 3  -0.0010
 781   49.557  #706f70  112 4  -0.0022
 782   49.831  #6f706f  112 5  0.0055
 783   49.689  #6f7070  112 6  -0.0029
 784   51.033  #70706f  112 7  0.0267
 785   51.041  #707070  113 1  0.0002
 786   50.921  #707071  113 2  -0.0024
 787   50.854  #717070  113 3  -0.0013
 788   50.762  #717071  113 4  -0.0018
 789   51.009  #707170  113 5  0.0049
 790   50.902  #707171  113 6  -0.0021
 791   51.009  #717170  113 7  0.0021
 792   50.997  #717171  114 1  -0.0002
 793   52.046  #717172  114 2  0.0204
 794   51.865  #727171  114 3  -0.0035
 795   51.939  #727172  114 4  0.0014
 796   51.951  #717271  114 5  0.0002
 797   51.995  #717272  114 6  0.0008
 798   51.853  #727271  114 7  -0.0027
 799   51.971  #727272  115 1  0.0023
 800   52.022  #727273  115 2  0.0010
 801   53.006  #737272  115 3  0.0187
 802   52.894  #737273  115 4  -0.0021
 803   53.185  #727372  115 5  0.0055
 804   53.059  #727373  115 6  -0.0024
 805   52.981  #737372  115 7  -0.0015
 806   53.151  #737373  116 1  0.0032
 807   53.038  #737374  116 2  -0.0021
 808   52.982  #747373  116 3  -0.0011
 809   54.191  #747374  116 4  0.0226
 810   54.220  #737473  116 5  0.0005
 811   54.301  #737474  116 6  0.0015
 812   54.229  #747473  116 7  -0.0013
 813   54.205  #747474  117 1  -0.0004
 814   54.300  #747475  117 2  0.0018
 815   54.084  #757474  117 3  -0.0040
 816   54.153  #757475  117 4  0.0013
 817   55.430  #747574  117 5  0.0233
 818   55.498  #747575  117 6  0.0012
 819   55.424  #757574  117 7  -0.0013
 820   55.409  #757575  118 1  -0.0003
 821   55.482  #757576  118 2  0.0013
 822   55.312  #767575  118 3  -0.0031
 823   55.387  #767576  118 4  0.0014
 824   55.403  #757675  118 5  0.0003
 825   56.499  #757676  118 6  0.0196
 826   56.452  #767675  118 7  -0.0008
 827   56.503  #767676  119 1  0.0009
 828   56.503  #767677  119 2  0.0000
 829   56.447  #777676  119 3  -0.0010
 830   56.337  #777677  119 4  -0.0020
 831   56.604  #767776  119 5  0.0047
 832   56.487  #767777  119 6  -0.0021
 833   57.468  #777776  119 7  0.0172
 834   57.625  #777777  120 1  0.0027
 835   57.631  #777778  120 2  0.0001
 836   57.454  #787777  120 3  -0.0031
 837   57.537  #787778  120 4  0.0014
 838   57.545  #777877  120 5  0.0001
 839   57.627  #777878  120 6  0.0014
 840   57.524  #787877  120 7  -0.0018
 841   58.765  #787878  121 1  0.0213
 842   58.833  #787879  121 2  0.0012
 843   58.652  #797878  121 3  -0.0031
 844   58.724  #797879  121 4  0.0012
 845   58.747  #787978  121 5  0.0004
 846   58.812  #787979  121 6  0.0011
 847   58.759  #797978  121 7  -0.0009
 848   58.733  #797979  122 1  -0.0004
 849   58.810  #79797a  122 2  0.0013
 850   59.797  #7a7979  122 3  0.0166
 851   59.674  #7a797a  122 4  -0.0021
 852   59.959  #797a79  122 5  0.0048
 853   59.826  #797a7a  122 6  -0.0022
 854   59.785  #7a7a79  122 7  -0.0007
 855   59.936  #7a7a7a  123 1  0.0025
 856   59.824  #7a7a7b  123 2  -0.0019
 857   59.769  #7b7a7a  123 3  -0.0009
 858   60.889  #7b7a7b  123 4  0.0186
 859   60.956  #7a7b7a  123 5  0.0011
 860   60.996  #7a7b7b  123 6  0.0007
 861   60.810  #7b7b7a  123 7  -0.0031
 862   60.960  #7b7b7b  124 1  0.0025
 863   60.991  #7b7b7c  124 2  0.0005
 864   60.800  #7c7b7b  124 3  -0.0031
 865   60.861  #7c7b7c  124 4  0.0010
 866   62.262  #7b7c7b  124 5  0.0228
 867   62.326  #7b7c7c  124 6  0.0010
 868   62.231  #7c7c7b  124 7  -0.0015
 869   62.320  #7c7c7c  125 1  0.0014
 870   62.344  #7c7c7d  125 2  0.0004
 871   62.096  #7d7c7c  125 3  -0.0040
 872   62.144  #7d7c7d  125 4  0.0008
 873   62.232  #7c7d7c  125 5  0.0014
 874   62.295  #7c7d7d  125 6  0.0010
 875   63.710  #7d7d7c  125 7  0.0225
 876   63.536  #7d7d7d  126 1  -0.0027
 877   63.548  #7d7d7e  126 2  0.0002
 878   63.467  #7e7d7d  126 3  -0.0013
 879   63.284  #7e7d7e  126 4  -0.0029
 880   63.690  #7d7e7d  126 5  0.0064
 881   63.524  #7d7e7e  126 6  -0.0026
 882   63.463  #7e7e7d  126 7  -0.0010
 883   64.913  #7e7e7e  127 1  0.0226
 884   64.897  #7e7e7f  127 2  -0.0002
 885   64.672  #7f7e7e  127 3  -0.0035
 886   64.777  #7f7e7f  127 4  0.0016
 887   64.817  #7e7f7e  127 5  0.0006
 888   64.890  #7e7f7f  127 6  0.0011
 889   64.650  #7f7f7e  127 7  -0.0037
 890   64.879  #7f7f7f  128 1  0.0035
 891   66.373  #7f7f80  128 2  0.0228
 892   66.143  #807f7f  128 3  -0.0035
 893   66.222  #807f80  128 4  0.0012
 894   66.250  #7f807f  128 5  0.0004
 895   66.385  #7f8080  128 6  0.0020
 896   66.123  #80807f  128 7  -0.0040
 897   66.249  #808080  129 1  0.0019
 898   66.354  #808081  129 2  0.0016
 899   67.571  #818080  129 3  0.0182
 900   67.430  #818081  129 4  -0.0021
 901   67.753  #808180  129 5  0.0048
 902   67.619  #808181  129 6  -0.0020
 903   67.558  #818180  129 7  -0.0009
 904   67.772  #818181  130 1  0.0032
 905   67.596  #818182  130 2  -0.0026
 906   67.530  #828181  130 3  -0.0010
 907   68.941  #828182  130 4  0.0207
 908   68.963  #818281  130 5  0.0003
 909   69.048  #818282  130 6  0.0012
 910   68.815  #828281  130 7  -0.0034
 911   68.955  #828282  131 1  0.0020
 912   69.065  #828283  131 2  0.0016
 913   68.803  #838282  131 3  -0.0038
 914   68.901  #838283  131 4  0.0014
 915   70.516  #828382  131 5  0.0232
 916   70.583  #828383  131 6  0.0009
 917   70.348  #838382  131 7  -0.0033
 918   70.431  #838383  132 1  0.0012
 919   70.573  #838384  132 2  0.0020
 920   70.331  #848383  132 3  -0.0034
 921   70.423  #848384  132 4  0.0013
 922   70.477  #838483  132 5  0.0008
 923   71.889  #838484  132 6  0.0198
 924   71.836  #848483  132 7  -0.0007
 925   72.050  #848484  133 1  0.0030
 926   71.900  #848485  133 2  -0.0021
 927   71.818  #858484  133 3  -0.0011
 928   71.663  #858485  133 4  -0.0022
 929   72.031  #848584  133 5  0.0051
 930   71.858  #848585  133 6  -0.0024
 931   73.142  #858584  133 7  0.0177
 932   73.300  #858585  134 1  0.0022
 933   73.376  #858586  134 2  0.0010
 934   73.150  #868585  134 3  -0.0031
 935   73.234  #868586  134 4  0.0011
 936   73.266  #858685  134 5  0.0004
 937   73.360  #858686  134 6  0.0013
 938   73.130  #868685  134 7  -0.0031
 939   73.335  #868686  135 1  0.0028
 940   74.694  #868687  135 2  0.0184
 941   74.635  #878686  135 3  -0.0008
 942   74.491  #878687  135 4  -0.0019
 943   74.832  #868786  135 5  0.0046
 944   74.681  #868787  135 6  -0.0020
 945   74.624  #878786  135 7  -0.0008
 946   74.459  #878787  136 1  -0.0022
 947   74.658  #878788  136 2  0.0027
 948   76.230  #888787  136 3  0.0208
 949   76.059  #888788  136 4  -0.0022
 950   76.463  #878887  136 5  0.0053
 951   76.267  #878888  136 6  -0.0026
 952   76.213  #888887  136 7  -0.0007
 953   76.431  #888888  137 1  0.0029
 954   76.263  #888889  137 2  -0.0022
 955   76.180  #898888  137 3  -0.0011
 956   77.709  #898889  137 4  0.0199
 957   77.727  #888988  137 5  0.0002
 958   77.827  #888989  137 6  0.0013
 959   77.559  #898988  137 7  -0.0034
 960   77.806  #898989  138 1  0.0032
 961   77.794  #89898a  138 2  -0.0002
 962   77.539  #8a8989  138 3  -0.0033
 963   77.638  #8a898a  138 4  0.0013
 964   79.350  #898a89  138 5  0.0218
 965   79.191  #898a8a  138 6  -0.0020
 966   79.096  #8a8a89  138 7  -0.0012
 967   79.326  #8a8a8a  139 1  0.0029
 968   79.172  #8a8a8b  139 2  -0.0019
 969   79.101  #8b8a8a  139 3  -0.0009
 970   78.934  #8b8a8b  139 4  -0.0021
 971   79.313  #8a8b8a  139 5  0.0048
 972   79.123  #8a8b8b  139 6  -0.0024
 973   80.812  #8b8b8a  139 7  0.0211
 974   80.640  #8b8b8b  140 1  -0.0021
 975   80.865  #8b8b8c  140 2  0.0028
 976   80.805  #8c8b8b  140 3  -0.0007
 977   80.626  #8c8b8c  140 4  -0.0022
 978   81.045  #8b8c8b  140 5  0.0052
 979   80.858  #8b8c8c  140 6  -0.0023
 980   82.254  #8c8c8b  140 7  0.0171
 981   82.422  #8c8c8c  141 1  0.0020
 982   82.509  #8c8c8d  141 2  0.0011
 983   82.248  #8d8c8c  141 3  -0.0032
 984   82.315  #8d8c8d  141 4  0.0008
 985   82.399  #8c8d8c  141 5  0.0010
 986   82.485  #8c8d8d  141 6  0.0010
 987   82.175  #8d8d8c  141 7  -0.0038
 988   82.389  #8d8d8d  142 1  0.0026
 989   83.945  #8d8d8e  142 2  0.0187
 990   83.865  #8e8d8d  142 3  -0.0010
 991   83.694  #8e8d8e  142 4  -0.0020
 992   84.113  #8d8e8d  142 5  0.0050
 993   83.948  #8d8e8e  142 6  -0.0020
 994   83.837  #8e8e8d  142 7  -0.0013
 995   83.923  #8e8e8e  143 1  0.0010
 996   83.912  #8e8e8f  143 2  -0.0001
 997   85.575  #8f8e8e  143 3  0.0196
 998   85.407  #8f8e8f  143 4  -0.0020
 999   85.804  #8e8f8e  143 5  0.0046
1000   85.649  #8e8f8f  143 6  -0.0018
1001   85.569  #8f8f8e  143 7  -0.0009
1002   85.405  #8f8f8f  144 1  -0.0019
1003   85.631  #8f8f90  144 2  0.0026
1004   85.545  #908f8f  144 3  -0.0010
1005   87.139  #908f90  144 4  0.0185
1006   87.202  #8f908f  144 5  0.0007
1007   87.311  #8f9090  144 6  0.0012
1008   87.032  #90908f  144 7  -0.0032
1009   87.170  #909090  145 1  0.0016
1010   87.291  #909091  145 2  0.0014
1011   86.990  #919090  145 3  -0.0035
1012   87.115  #919091  145 4  0.0014
1013   89.000  #909190  145 5  0.0214
1014   88.787  #909191  145 6  -0.0024
1015   88.709  #919190  145 7  -0.0009
1016   88.991  #919191  146 1  0.0032
1017   88.804  #919192  146 2  -0.0021
1018   88.686  #929191  146 3  -0.0013
1019   88.524  #929192  146 4  -0.0018
1020   88.950  #919291  146 5  0.0048
1021   90.753  #919292  146 6  0.0201
1022   90.630  #929291  146 7  -0.0014
1023   90.894  #929292  147 1  0.0029
1024   90.727  #929293  147 2  -0.0018
1025   90.642  #939292  147 3  -0.0009
1026   90.434  #939293  147 4  -0.0023
1027   90.861  #929392  147 5  0.0047
1028   90.697  #929393  147 6  -0.0018
1029   92.191  #939392  147 7  0.0163
1030   92.161  #939393  148 1  -0.0003
1031   92.435  #939394  148 2  0.0030
1032   92.147  #949393  148 3  -0.0031
1033   92.278  #949394  148 4  0.0014
1034   92.301  #939493  148 5  0.0002
1035   92.428  #939494  148 6  0.0014
1036   92.116  #949493  148 7  -0.0034
1037   94.161  #949494  149 1  0.0220
1038   93.963  #949495  149 2  -0.0021
1039   93.866  #959494  149 3  -0.0010
1040   93.691  #959495  149 4  -0.0019
1041   94.129  #949594  149 5  0.0047
1042   93.946  #949595  149 6  -0.0019
1043   93.846  #959594  149 7  -0.0011
1044   94.101  #959595  150 1  0.0027
1045   93.906  #959596  150 2  -0.0021
1046   95.732  #969595  150 3  0.0193
1047   95.522  #969596  150 4  -0.0022
1048   95.956  #959695  150 5  0.0045
1049   95.772  #959696  150 6  -0.0019
1050   95.675  #969695  150 7  -0.0010
1051   95.765  #969696  151 1  0.0009
1052   95.744  #969697  151 2  -0.0002
1053   95.677  #979696  151 3  -0.0007
1054   97.404  #979697  151 4  0.0179
1055   97.443  #969796  151 5  0.0004
1056   97.560  #969797  151 6  0.0012
1057   97.239  #979796  151 7  -0.0033
1058   97.356  #979797  152 1  0.0012
1059   97.542  #979798  152 2  0.0019
1060   97.228  #989797  152 3  -0.0032
1061   97.332  #989798  152 4  0.0011
1062   99.417  #979897  152 5  0.0212
1063   99.249  #979898  152 6  -0.0017
1064   99.147  #989897  152 7  -0.0010
1065   99.420  #989898  153 1  0.0027
1066   99.227  #989899  153 2  -0.0019
1067   99.154  #999898  153 3  -0.0007
1068   98.933  #999899  153 4  -0.0022
1069   99.395  #989998  153 5  0.0047
1070  101.050  #989999  153 6  0.0165
1071  100.760  #999998  153 7  -0.0029
1072  100.910  #999999  154 1  0.0015
1073  101.030  #99999a  154 2  0.0012
1074  100.730  #9a9999  154 3  -0.0030
1075  100.830  #9a999a  154 4  0.0010
1076  100.890  #999a99  154 5  0.0006
1077  101.010  #999a9a  154 6  0.0012
1078  102.640  #9a9a99  154 7  0.0160
1079  102.840  #9a9a9a  155 1  0.0019
1080  102.910  #9a9a9b  155 2  0.0007
1081  102.640  #9b9a9a  155 3  -0.0026
1082  102.710  #9b9a9b  155 4  0.0007
1083  102.790  #9a9b9a  155 5  0.0008
1084  102.900  #9a9b9b  155 6  0.0011
1085  102.580  #9b9b9a  155 7  -0.0031
1086  102.560  #9b9b9b  156 1  -0.0002
1087  104.540  #9b9b9c  156 2  0.0191
1088  104.450  #9c9b9b  156 3  -0.0009
1089  104.280  #9c9b9c  156 4  -0.0016
1090  104.740  #9b9c9b  156 5  0.0044
1091  104.520  #9b9c9c  156 6  -0.0021
1092  104.420  #9c9c9b  156 7  -0.0010
1093  104.510  #9c9c9c  157 1  0.0009
1094  104.480  #9c9c9d  157 2  -0.0003
1095  106.100  #9d9c9c  157 3  0.0154
1096  106.200  #9d9c9d  157 4  0.0009
1097  106.270  #9c9d9c  157 5  0.0007
1098  106.400  #9c9d9d  157 6  0.0012
1099  106.040  #9d9d9c  157 7  -0.0034
1100  106.370  #9d9d9d  158 1  0.0031
1101  106.360  #9d9d9e  158 2  -0.0001
1102  106.030  #9e9d9d  158 3  -0.0031
1103  108.270  #9e9d9e  158 4  0.0209
1104  108.320  #9d9e9d  158 5  0.0005
1105  108.430  #9d9e9e  158 6  0.0010
1106  108.130  #9e9e9d  158 7  -0.0028
1107  108.430  #9e9e9e  159 1  0.0028
1108  108.420  #9e9e9f  159 2  -0.0001
1109  108.100  #9f9e9e  159 3  -0.0030
1110  108.230  #9f9e9f  159 4  0.0012
1111  110.320  #9e9f9e  159 5  0.0191
1112  110.110  #9e9f9f  159 6  -0.0019
1113  110.020  #9f9f9e  159 7  -0.0008
1114  109.820  #9f9f9f  160 1  -0.0018
1115  110.090  #9f9fa0  160 2  0.0025
1116  109.990  #a09f9f  160 3  -0.0009
1117  109.810  #a09fa0  160 4  -0.0016
1118  110.250  #9fa09f  160 5  0.0040
1119  112.010  #9fa0a0  160 6  0.0158
1120  111.670  #a0a09f  160 7  -0.0030
1121  111.850  #a0a0a0  161 1  0.0016
1122  112.010  #a0a0a1  161 2  0.0014
1123  111.640  #a1a0a0  161 3  -0.0033
1124  111.770  #a1a0a1  161 4  0.0012
1125  111.840  #a0a1a0  161 5  0.0006
1126  111.950  #a0a1a1  161 6  0.0010
1127  113.650  #a1a1a0  161 7  0.0151
1128  113.980  #a1a1a1  162 1  0.0029
1129  113.960  #a1a1a2  162 2  -0.0002
1130  113.660  #a2a1a1  162 3  -0.0026
1131  113.780  #a2a1a2  162 4  0.0011
1132  113.830  #a1a2a1  162 5  0.0004
1133  113.940  #a1a2a2  162 6  0.0010
1134  113.610  #a2a2a1  162 7  -0.0029
1135  115.390  #a2a2a2  163 1  0.0155
1136  115.680  #a2a2a3  163 2  0.0025
1137  115.540  #a3a2a2  163 3  -0.0012
1138  115.380  #a3a2a3  163 4  -0.0014
1139  115.840  #a2a3a2  163 5  0.0040
1140  115.640  #a2a3a3  163 6  -0.0017
1141  115.540  #a3a3a2  163 7  -0.0009
1142  115.320  #a3a3a3  164 1  -0.0019
1143  115.630  #a3a3a4  164 2  0.0027
1144  117.330  #a4a3a3  164 3  0.0146
1145  117.490  #a4a3a4  164 4  0.0014
1146  117.510  #a3a4a3  164 5  0.0002
1147  117.620  #a3a4a4  164 6  0.0009
1148  117.310  #a4a4a3  164 7  -0.0026
1149  117.630  #a4a4a4  165 1  0.0027
1150  117.600  #a4a4a5  165 2  -0.0003
1151  119.350  #a5a4a4  165 3  0.0148
1152  119.490  #a5a4a5  165 4  0.0012
1153  119.530  #a4a5a4  165 5  0.0003
1154  119.630  #a4a5a5  165 6  0.0008
1155  119.320  #a5a5a4  165 7  -0.0026
1156  119.620  #a5a5a5  166 1  0.0025
1157  119.630  #a5a5a6  166 2  0.0001
1158  119.300  #a6a5a5  166 3  -0.0028
1159  119.440  #a6a5a6  166 4  0.0012
1160  121.540  #a5a6a5  166 5  0.0174
1161  121.350  #a5a6a6  166 6  -0.0016
1162  121.250  #a6a6a5  166 7  -0.0008
1163  121.050  #a6a6a6  167 1  -0.0017
1164  121.340  #a6a6a7  167 2  0.0024
1165  121.230  #a7a6a6  167 3  -0.0009
1166  121.030  #a7a6a7  167 4  -0.0017
1167  121.470  #a6a7a6  167 5  0.0036
1168  123.250  #a6a7a7  167 6  0.0145
1169  122.930  #a7a7a6  167 7  -0.0026
1170  123.060  #a7a7a7  168 1  0.0011
1171  123.260  #a7a7a8  168 2  0.0016
1172  122.930  #a8a7a7  168 3  -0.0027
1173  123.040  #a8a7a8  168 4  0.0009
1174  123.090  #a7a8a7  168 5  0.0004
1175  123.220  #a7a8a8  168 6  0.0011
1176  125.060  #a8a8a7  168 7  0.0148
1177  125.370  #a8a8a8  169 1  0.0025
1178  125.370  #a8a8a9  169 2  0.0000
1179  125.050  #a9a8a8  169 3  -0.0026
1180  125.180  #a9a8a9  169 4  0.0010
1181  125.220  #a8a9a8  169 5  0.0003
1182  125.340  #a8a9a9  169 6  0.0010
1183  125.000  #a9a9a8  169 7  -0.0027
1184  127.150  #a9a9a9  170 1  0.0171
1185  127.150  #a9a9aa  170 2  0.0000
1186  127.030  #aaa9a9  170 3  -0.0009
1187  126.830  #aaa9aa  170 4  -0.0016
1188  127.330  #a9aaa9  170 5  0.0039
1189  127.080  #a9aaaa  170 6  -0.0020
1190  126.990  #aaaaa9  170 7  -0.0007
1191  126.840  #aaaaaa  171 1  -0.0012
1192  127.080  #aaaaab  171 2  0.0019
1193  128.750  #abaaaa  171 3  0.0131
1194  128.860  #abaaab  171 4  0.0009
1195  128.940  #aaabaa  171 5  0.0006
1196  129.060  #aaabab  171 6  0.0009
1197  128.730  #ababaa  171 7  -0.0026
1198  128.840  #ababab  172 1  0.0009
1199  129.050  #ababac  172 2  0.0016
1200  128.680  #acabab  172 3  -0.0029
1201  130.510  #acabac  172 4  0.0141
1202  130.960  #abacab  172 5  0.0034
1203  130.790  #abacac  172 6  -0.0013
1204  130.680  #acacab  172 7  -0.0008
1205  130.770  #acacac  173 1  0.0007
1206  130.750  #acacad  173 2  -0.0002
1207  130.640  #adacac  173 3  -0.0008
1208  130.440  #adacad  173 4  -0.0015
1209  133.050  #acadac  173 5  0.0198
1210  132.850  #acadad  173 6  -0.0015
1211  132.760  #adadac  173 7  -0.0007
1212  132.800  #adadad  174 1  0.0003
1213  132.820  #adadae  174 2  0.0002
1214  132.720  #aeadad  174 3  -0.0008
1215  132.530  #aeadae  174 4  -0.0014
1216  133.010  #adaead  174 5  0.0036
1217  134.910  #adaeae  174 6  0.0142
1218  134.560  #aeaead  174 7  -0.0026
1219  134.700  #aeaeae  175 1  0.0010
1220  134.880  #aeaeaf  175 2  0.0013
1221  134.530  #afaeae  175 3  -0.0026
1222  134.660  #afaeaf  175 4  0.0010
1223  134.720  #aeafae  175 5  0.0004
1224  134.860  #aeafaf  175 6  0.0010
1225  136.520  #afafae  175 7  0.0122
1226  136.350  #afafaf  176 1  -0.0012
1227  136.650  #afafb0  176 2  0.0022
1228  136.530  #b0afaf  176 3  -0.0009
1229  136.330  #b0afb0  176 4  -0.0015
1230  136.810  #afb0af  176 5  0.0035
1231  136.560  #afb0b0  176 6  -0.0018
1232  136.490  #b0b0af  176 7  -0.0005
1233  138.700  #b0b0b0  177 1  0.0161
1234  138.670  #b0b0b1  177 2  -0.0002
1235  138.570  #b1b0b0  177 3  -0.0007
1236  138.370  #b1b0b1  177 4  -0.0014
1237  138.840  #b0b1b0  177 5  0.0034
1238  138.650  #b0b1b1  177 6  -0.0014
1239  138.550  #b1b1b0  177 7  -0.0007
1240  138.610  #b1b1b1  178 1  0.0004
1241  140.650  #b1b1b2  178 2  0.0146
1242  140.320  #b2b1b1  178 3  -0.0023
1243  140.440  #b2b1b2  178 4  0.0009
1244  140.480  #b1b2b1  178 5  0.0003
1245  140.620  #b1b2b2  178 6  0.0010
1246  140.280  #b2b2b1  178 7  -0.0024
1247  140.420  #b2b2b2  179 1  0.0010
1248  140.560  #b2b2b3  179 2  0.0010
1249  142.160  #b3b2b2  179 3  0.0113
1250  141.970  #b3b2b3  179 4  -0.0013
1251  142.450  #b2b3b2  179 5  0.0034
1252  142.260  #b2b3b3  179 6  -0.0013
1253  142.140  #b3b3b2  179 7  -0.0008
1254  141.960  #b3b3b3  180 1  -0.0013
1255  142.250  #b3b3b4  180 2  0.0020
1256  142.120  #b4b3b3  180 3  -0.0009
1257  141.910  #b4b3b4  180 4  -0.0015
1258  144.560  #b3b4b3  180 5  0.0185
1259  144.330  #b3b4b4  180 6  -0.0016
1260  144.240  #b4b4b3  180 7  -0.0006
1261  144.320  #b4b4b4  181 1  0.0006
1262  144.310  #b4b4b5  181 2  -0.0001
1263  144.210  #b5b4b4  181 3  -0.0007
1264  143.990  #b5b4b5  181 4  -0.0015
1265  146.240  #b4b5b4  181 5  0.0155
1266  146.350  #b4b5b5  181 6  0.0008
1267  146.040  #b5b5b4  181 7  -0.0021
1268  146.340  #b5b5b5  182 1  0.0021
1269  146.350  #b5b5b6  182 2  0.0001
1270  145.980  #b6b5b5  182 3  -0.0025
1271  146.120  #b6b5b6  182 4  0.0010
1272  146.160  #b5b6b5  182 5  0.0003
1273  146.300  #b5b6b6  182 6  0.0010
1274  147.980  #b6b6b5  182 7  0.0114
1275  147.770  #b6b6b6  183 1  -0.0014
1276  148.040  #b6b6b7  183 2  0.0018
1277  147.930  #b7b6b6  183 3  -0.0007
1278  147.740  #b7b6b7  183 4  -0.0013
1279  148.250  #b6b7b6  183 5  0.0034
1280  148.060  #b6b7b7  183 6  -0.0013
1281  147.930  #b7b7b6  183 7  -0.0009
1282  149.850  #b7b7b7  184 1  0.0129
1283  150.130  #b7b7b8  184 2  0.0019
1284  150.050  #b8b7b7  184 3  -0.0005
1285  149.850  #b8b7b8  184 4  -0.0013
1286  150.300  #b7b8b7  184 5  0.0030
1287  150.100  #b7b8b8  184 6  -0.0013
1288  150.020  #b8b8b7  184 7  -0.0005
1289  150.080  #b8b8b8  185 1  0.0004
1290  152.100  #b8b8b9  185 2  0.0134
1291  151.760  #b9b8b8  185 3  -0.0022
1292  151.920  #b9b8b9  185 4  0.0011
1293  151.940  #b8b9b8  185 5  0.0001
1294  152.070  #b8b9b9  185 6  0.0009
1295  151.760  #b9b9b8  185 7  -0.0020
1296  152.070  #b9b9b9  186 1  0.0020
1297  152.060  #b9b9ba  186 2  -0.0001
1298  153.750  #bab9b9  186 3  0.0111
1299  153.520  #bab9ba  186 4  -0.0015
1300  154.030  #b9bab9  186 5  0.0033
1301  153.850  #b9baba  186 6  -0.0012
1302  153.720  #babab9  186 7  -0.0008
1303  153.550  #bababa  187 1  -0.0011
1304  153.810  #bababb  187 2  0.0017
1305  153.700  #bbbaba  187 3  -0.0007
1306  153.490  #bbbabb  187 4  -0.0014
1307  156.130  #babbba  187 5  0.0171
1308  155.940  #babbbb  187 6  -0.0012
1309  155.790  #bbbbba  187 7  -0.0010
1310  155.600  #bbbbbb  188 1  -0.0012
1311  155.870  #bbbbbc  188 2  0.0017
1312  155.760  #bcbbbb  188 3  -0.0007
1313  155.600  #bcbbbc  188 4  -0.0010
1314  156.060  #bbbcbb  188 5  0.0030
1315  157.930  #bbbcbc  188 6  0.0119
1316  157.550  #bcbcbb  188 7  -0.0024
1317  157.890  #bcbcbc  189 1  0.0022
1318  157.840  #bcbcbd  189 2  -0.0003
1319  157.530  #bdbcbc  189 3  -0.0020
1320  157.670  #bdbcbd  189 4  0.0009
1321  157.730  #bcbdbc  189 5  0.0004
1322  157.870  #bcbdbd  189 6  0.0009
1323  159.540  #bdbdbc  189 7  0.0105
1324  159.560  #bdbdbd  190 1  0.0001
1325  159.570  #bdbdbe  190 2  0.0001
1326  159.500  #bebdbd  190 3  -0.0004
1327  159.310  #bebdbe  190 4  -0.0012
1328  159.730  #bdbebd  190 5  0.0026
1329  159.560  #bdbebe  190 6  -0.0011
1330  159.490  #bebebd  190 7  -0.0004
1331  161.360  #bebebe  191 1  0.0117
1332  161.590  #bebebf  191 2  0.0014
1333  161.200  #bfbebe  191 3  -0.0024
1334  161.380  #bfbebf  191 4  0.0011
1335  161.410  #bebfbe  191 5  0.0002
1336  161.530  #bebfbf  191 6  0.0007
1337  161.200  #bfbfbe  191 7  -0.0020
1338  161.320  #bfbfbf  192 1  0.0007
1339  161.520  #bfbfc0  192 2  0.0012
1340  163.290  #c0bfbf  192 3  0.0109
1341  163.400  #c0bfc0  192 4  0.0007
1342  163.490  #bfc0bf  192 5  0.0006
1343  163.570  #bfc0c0  192 6  0.0005
1344  163.210  #c0c0bf  192 7  -0.0022
1345  163.480  #c0c0c0  193 1  0.0017
1346  163.550  #c0c0c1  193 2  0.0004
1347  165.320  #c1c0c0  193 3  0.0108
1348  165.090  #c1c0c1  193 4  -0.0014
1349  165.620  #c0c1c0  193 5  0.0032
1350  165.400  #c0c1c1  193 6  -0.0013
1351  165.300  #c1c1c0  193 7  -0.0006
1352  165.050  #c1c1c1  194 1  -0.0015
1353  165.370  #c1c1c2  194 2  0.0019
1354  165.250  #c2c1c1  194 3  -0.0007
1355  167.610  #c2c1c2  194 4  0.0142
1356  167.670  #c1c2c1  194 5  0.0004
1357  167.900  #c1c2c2  194 6  0.0014
1358  167.410  #c2c2c1  194 7  -0.0029
1359  167.550  #c2c2c2  195 1  0.0008
1360  167.850  #c2c2c3  195 2  0.0018
1361  167.410  #c3c2c2  195 3  -0.0026
1362  167.560  #c3c2c3  195 4  0.0009
1363  170.120  #c2c3c2  195 5  0.0152
1364  170.270  #c2c3c3  195 6  0.0009
1365  169.860  #c3c3c2  195 7  -0.0024
1366  170.000  #c3c3c3  196 1  0.0008
1367  170.220  #c3c3c4  196 2  0.0013
1368  169.830  #c4c3c3  196 3  -0.0023
1369  169.970  #c4c3c4  196 4  0.0008
1370  170.040  #c3c4c3  196 5  0.0004
1371  170.190  #c3c4c4  196 6  0.0009
1372  172.020  #c4c4c3  196 7  0.0107
1373  172.120  #c4c4c4  197 1  0.0006
1374  172.100  #c4c4c5  197 2  -0.0001
1375  171.990  #c5c4c4  197 3  -0.0006
1376  171.780  #c5c4c5  197 4  -0.0012
1377  172.310  #c4c5c4  197 5  0.0031
1378  172.070  #c4c5c5  197 6  -0.0014
1379  171.980  #c5c5c4  197 7  -0.0005
1380  174.040  #c5c5c5  198 1  0.0119
1381  174.310  #c5c5c6  198 2  0.0016
1382  173.910  #c6c5c5  198 3  -0.0023
1383  174.060  #c6c5c6  198 4  0.0009
1384  174.160  #c5c6c5  198 5  0.0006
1385  174.280  #c5c6c6  198 6  0.0007
1386  173.850  #c6c6c5  198 7  -0.0025
1387  174.000  #c6c6c6  199 1  0.0009
1388  174.250  #c6c6c7  199 2  0.0014
1389  176.230  #c7c6c6  199 3  0.0113
1390  176.410  #c7c6c7  199 4  0.0010
1391  176.430  #c6c7c6  199 5  0.0001
1392  176.610  #c6c7c7  199 6  0.0010
1393  176.210  #c7c7c6  199 7  -0.0023
1394  176.350  #c7c7c7  200 1  0.0008
1395  176.530  #c7c7c8  200 2  0.0010
1396  178.440  #c8c7c7  200 3  0.0108
1397  178.240  #c8c7c8  200 4  -0.0011
1398  178.710  #c7c8c7  200 5  0.0026
1399  178.530  #c7c8c8  200 6  -0.0010
1400  178.390  #c8c8c7  200 7  -0.0008
1401  178.490  #c8c8c8  201 1  0.0006
1402  178.460  #c8c8c9  201 2  -0.0002
1403  178.370  #c9c8c8  201 3  -0.0005
1404  178.160  #c9c8c9  201 4  -0.0012
1405  180.570  #c8c9c8  201 5  0.0134
1406  180.660  #c8c9c9  201 6  0.0005
1407  180.320  #c9c9c8  201 7  -0.0019
1408  180.460  #c9c9c9  202 1  0.0008
1409  180.700  #c9c9ca  202 2  0.0013
1410  180.300  #cac9c9  202 3  -0.0022
1411  180.450  #cac9ca  202 4  0.0008
1412  180.490  #c9cac9  202 5  0.0002
1413  182.980  #c9caca  202 6  0.0137
1414  182.650  #cacac9  202 7  -0.0018
1415  182.750  #cacaca  203 1  0.0005
1416  182.960  #cacacb  203 2  0.0011
1417  182.590  #cbcaca  203 3  -0.0020
1418  182.730  #cbcacb  203 4  0.0008
1419  182.770  #cacbca  203 5  0.0002
1420  182.890  #cacbcb  203 6  0.0007
1421  184.770  #cbcbca  203 7  0.0102
1422  184.520  #cbcbcb  204 1  -0.0014
1423  184.860  #cbcbcc  204 2  0.0018
1424  184.750  #cccbcb  204 3  -0.0006
1425  184.520  #cccbcc  204 4  -0.0012
1426  185.020  #cbcccb  204 5  0.0027
1427  184.820  #cbcccc  204 6  -0.0011
1428  184.700  #cccccb  204 7  -0.0006
1429  187.040  #cccccc  205 1  0.0126
1430  187.010  #cccccd  205 2  -0.0002
1431  186.610  #cdcccc  205 3  -0.0021
1432  186.730  #cdcccd  205 4  0.0006
1433  186.820  #cccdcc  205 5  0.0005
1434  186.980  #cccdcd  205 6  0.0009
1435  186.590  #cdcdcc  205 7  -0.0021
1436  186.730  #cdcdcd  206 1  0.0008
1437  189.240  #cdcdce  206 2  0.0134
1438  188.850  #cecdcd  206 3  -0.0021
1439  189.010  #cecdce  206 4  0.0008
1440  189.040  #cdcecd  206 5  0.0002
1441  189.240  #cdcece  206 6  0.0011
1442  188.870  #cececd  206 7  -0.0020
1443  188.980  #cecece  207 1  0.0006
1444  189.160  #cececf  207 2  0.0010
1445  191.000  #cfcece  207 3  0.0097
1446  190.810  #cfcecf  207 4  -0.0010
1447  191.300  #cecfce  207 5  0.0026
1448  191.080  #cecfcf  207 6  -0.0012
1449  190.940  #cfcfce  207 7  -0.0007
1450  190.720  #cfcfcf  208 1  -0.0012
1451  191.060  #cfcfd0  208 2  0.0018
1452  190.920  #d0cfcf  208 3  -0.0007
1453  190.710  #d0cfd0  208 4  -0.0011
1454  193.110  #cfd0cf  208 5  0.0125
1455  193.250  #cfd0d0  208 6  0.0007
1456  192.880  #d0d0cf  208 7  -0.0019
1457  193.240  #d0d0d0  209 1  0.0019
1458  193.240  #d0d0d1  209 2  0.0000
1459  192.830  #d1d0d0  209 3  -0.0021
1460  192.960  #d1d0d1  209 4  0.0007
1461  195.400  #d0d1d0  209 5  0.0126
1462  195.160  #d0d1d1  209 6  -0.0012
1463  195.060  #d1d1d0  209 7  -0.0005
1464  194.840  #d1d1d1  210 1  -0.0011
1465  195.110  #d1d1d2  210 2  0.0014
1466  195.020  #d2d1d1  210 3  -0.0005
1467  194.780  #d2d1d2  210 4  -0.0012
1468  195.340  #d1d2d1  210 5  0.0029
1469  195.120  #d1d2d2  210 6  -0.0011
1470  197.350  #d2d2d1  210 7  0.0114
1471  197.090  #d2d2d2  211 1  -0.0013
1472  197.450  #d2d2d3  211 2  0.0018
1473  197.300  #d3d2d2  211 3  -0.0008
1474  197.050  #d3d2d3  211 4  -0.0013
1475  197.630  #d2d3d2  211 5  0.0029
1476  197.420  #d2d3d3  211 6  -0.0011
1477  197.260  #d3d3d2  211 7  -0.0008
1478  199.420  #d3d3d3  212 1  0.0109
1479  199.640  #d3d3d4  212 2  0.0011
1480  199.240  #d4d3d3  212 3  -0.0020
1481  199.380  #d4d3d4  212 4  0.0007
1482  199.420  #d3d4d3  212 5  0.0002
1483  199.570  #d3d4d4  212 6  0.0008
1484  199.180  #d4d4d3  212 7  -0.0020
1485  199.580  #d4d4d4  213 1  0.0020
1486  201.590  #d4d4d5  213 2  0.0100
1487  201.470  #d5d4d4  213 3  -0.0006
1488  201.220  #d5d4d5  213 4  -0.0012
1489  201.830  #d4d5d4  213 5  0.0030
1490  201.560  #d4d5d5  213 6  -0.0013
1491  201.450  #d5d5d4  213 7  -0.0005
1492  201.160  #d5d5d5  214 1  -0.0014
1493  201.550  #d5d5d6  214 2  0.0019
1494  203.810  #d6d5d5  214 3  0.0112
1495  203.610  #d6d5d6  214 4  -0.0010
1496  204.150  #d5d6d5  214 5  0.0026
1497  203.920  #d5d6d6  214 6  -0.0011
1498  203.800  #d6d6d5  214 7  -0.0006
1499  203.530  #d6d6d6  215 1  -0.0013
1500  203.890  #d6d6d7  215 2  0.0018
1501  203.770  #d7d6d6  215 3  -0.0006
1502  203.510  #d7d6d7  215 4  -0.0013
1503  205.970  #d6d7d6  215 5  0.0120
1504  206.140  #d6d7d7  215 6  0.0008
1505  205.760  #d7d7d6  215 7  -0.0018
1506  205.890  #d7d7d7  216 1  0.0006
1507  206.080  #d7d7d8  216 2  0.0009
1508  205.720  #d8d7d7  216 3  -0.0017
1509  205.800  #d8d7d8  216 4  0.0004
1510  208.570  #d7d8d7  216 5  0.0134
1511  208.240  #d7d8d8  216 6  -0.0016
1512  208.090  #d8d8d7  216 7  -0.0007
1513  208.250  #d8d8d8  217 1  0.0008
1514  208.180  #d8d8d9  217 2  -0.0003
1515  208.010  #d9d8d8  217 3  -0.0008
1516  207.720  #d9d8d9  217 4  -0.0014
1517  208.460  #d8d9d8  217 5  0.0036
1518  208.170  #d8d9d9  217 6  -0.0014
1519  210.810  #d9d9d8  217 7  0.0126
1520  210.580  #d9d9d9  218 1  -0.0011
1521  210.910  #d9d9da  218 2  0.0016
1522  210.810  #dad9d9  218 3  -0.0005
1523  210.560  #dad9da  218 4  -0.0012
1524  211.070  #d9dad9  218 5  0.0024
1525  210.870  #d9dada  218 6  -0.0009
1526  210.780  #dadad9  218 7  -0.0004
1527  212.920  #dadada  219 1  0.0101
1528  213.150  #dadadb  219 2  0.0011
1529  212.730  #dbdada  219 3  -0.0020
1530  212.900  #dbdadb  219 4  0.0008
1531  212.940  #dadbda  219 5  0.0002
1532  213.120  #dadbdb  219 6  0.0008
1533  212.750  #dbdbda  219 7  -0.0017
1534  212.880  #dbdbdb  220 1  0.0006
1535  215.040  #dbdbdc  220 2  0.0101
1536  214.920  #dcdbdb  220 3  -0.0006
1537  214.680  #dcdbdc  220 4  -0.0011
1538  215.230  #dbdcdb  220 5  0.0026
1539  215.020  #dbdcdc  220 6  -0.0010
1540  214.910  #dcdcdb  220 7  -0.0005
1541  214.980  #dcdcdc  221 1  0.0003
1542  214.990  #dcdcdd  221 2  0.0000
1543  217.220  #dddcdc  221 3  0.0103
1544  216.960  #dddcdd  221 4  -0.0012
1545  217.550  #dcdddc  221 5  0.0027
1546  217.270  #dcdddd  221 6  -0.0013
1547  217.170  #dddddc  221 7  -0.0005
1548  216.960  #dddddd  222 1  -0.0010
1549  217.270  #ddddde  222 2  0.0014
1550  217.110  #dedddd  222 3  -0.0007
1551  219.240  #deddde  222 4  0.0098
1552  219.300  #dddedd  222 5  0.0003
1553  219.440  #dddede  222 6  0.0006
1554  219.050  #dededd  222 7  -0.0018
1555  219.180  #dedede  223 1  0.0006
1556  219.400  #dededf  223 2  0.0010
1557  219.030  #dfdede  223 3  -0.0017
1558  219.170  #dfdedf  223 4  0.0006
1559  221.480  #dedfde  223 5  0.0105
1560  221.270  #dedfdf  223 6  -0.0009
1561  221.170  #dfdfde  223 7  -0.0005
1562  220.950  #dfdfdf  224 1  -0.0010
1563  221.250  #dfdfe0  224 2  0.0014
1564  221.180  #e0dfdf  224 3  -0.0003
1565  220.900  #e0dfe0  224 4  -0.0013
1566  221.410  #dfe0df  224 5  0.0023
1567  221.190  #dfe0e0  224 6  -0.0010
1568  223.340  #e0e0df  224 7  0.0097
1569  223.140  #e0e0e0  225 1  -0.0009
1570  223.420  #e0e0e1  225 2  0.0013
1571  223.320  #e1e0e0  225 3  -0.0004
1572  223.080  #e1e0e1  225 4  -0.0011
1573  223.600  #e0e1e0  225 5  0.0023
1574  223.410  #e0e1e1  225 6  -0.0009
1575  225.200  #e1e1e0  225 7  0.0080
1576  225.250  #e1e1e1  226 1  0.0002
1577  225.500  #e1e1e2  226 2  0.0011
1578  225.110  #e2e1e1  226 3  -0.0017
1579  225.200  #e2e1e2  226 4  0.0004
1580  225.290  #e1e2e1  226 5  0.0004
1581  225.440  #e1e2e2  226 6  0.0007
1582  225.080  #e2e2e1  226 7  -0.0016
1583  225.210  #e2e2e2  227 1  0.0006
1584  227.010  #e2e2e3  227 2  0.0080
1585  227.260  #e3e2e2  227 3  0.0011
1586  227.000  #e3e2e3  227 4  -0.0011
1587  227.620  #e2e3e2  227 5  0.0027
1588  227.340  #e2e3e3  227 6  -0.0012
1589  227.200  #e3e3e2  227 7  -0.0006
1590  226.980  #e3e3e3  228 1  -0.0010
1591  226.960  #e3e3e4  228 2  -0.0001
1592  229.160  #e4e3e3  228 3  0.0096
1593  229.250  #e4e3e4  228 4  0.0004
1594  229.400  #e3e4e3  228 5  0.0007
1595  229.500  #e3e4e4  228 6  0.0004
1596  229.120  #e4e4e3  228 7  -0.0017
1597  229.250  #e4e4e4  229 1  0.0006
1598  229.470  #e4e4e5  229 2  0.0010
1599  229.080  #e5e4e4  229 3  -0.0017
1600  231.520  #e5e4e5  229 4  0.0106
1601  231.640  #e4e5e4  229 5  0.0005
1602  231.790  #e4e5e5  229 6  0.0006
1603  231.390  #e5e5e4  229 7  -0.0017
1604  231.490  #e5e5e5  230 1  0.0004
1605  231.740  #e5e5e6  230 2  0.0011
1606  231.380  #e6e5e5  230 3  -0.0016
1607  231.480  #e6e5e6  230 4  0.0004
1608  234.010  #e5e6e5  230 5  0.0109
1609  233.720  #e5e6e6  230 6  -0.0012
1610  233.630  #e6e6e5  230 7  -0.0004
1611  233.350  #e6e6e6  231 1  -0.0012
1612  233.350  #e6e6e7  231 2  0.0000
1613  233.350  #e7e6e6  231 3  0.0000
1614  233.300  #e7e6e7  231 4  -0.0002
1615  233.920  #e6e7e6  231 5  0.0027
1616  233.660  #e6e7e7  231 6  -0.0011
1617  235.550  #e7e7e6  231 7  0.0081
1618  235.690  #e7e7e7  232 1  0.0006
1619  235.660  #e7e7e8  232 2  -0.0001
1620  235.550  #e8e7e7  232 3  -0.0005
1621  235.630  #e8e7e8  232 4  0.0003
1622  235.740  #e7e8e7  232 5  0.0005
1623  235.860  #e7e8e8  232 6  0.0005
1624  237.920  #e8e8e7  232 7  0.0087
1625  238.050  #e8e8e8  233 1  0.0005
1626  238.280  #e8e8e9  233 2  0.0010
1627  237.870  #e9e8e8  233 3  -0.0017
1628  238.020  #e9e8e9  233 4  0.0006
1629  238.110  #e8e9e8  233 5  0.0004
1630  238.220  #e8e9e9  233 6  0.0005
1631  237.870  #e9e9e8  233 7  -0.0015
1632  237.980  #e9e9e9  234 1  0.0005
1633  240.220  #e9e9ea  234 2  0.0094
1634  240.110  #eae9e9  234 3  -0.0005
1635  239.860  #eae9ea  234 4  -0.0010
1636  240.400  #e9eae9  234 5  0.0022
1637  240.170  #e9eaea  234 6  -0.0010
1638  240.030  #eaeae9  234 7  -0.0006
1639  239.790  #eaeaea  235 1  -0.0010
1640  239.810  #eaeaeb  235 2  0.0001
1641  241.980  #ebeaea  235 3  0.0090
1642  242.080  #ebeaeb  235 4  0.0004
1643  242.160  #eaebea  235 5  0.0003
1644  242.290  #eaebeb  235 6  0.0005
1645  241.940  #ebebea  235 7  -0.0014
1646  242.050  #ebebeb  236 1  0.0005
1647  242.050  #ebebec  236 2  0.0000
1648  241.900  #ecebeb  236 3  -0.0006
1649  244.330  #ecebec  236 4  0.0100
1650  244.450  #ebeceb  236 5  0.0005
1651  244.560  #ebecec  236 6  0.0004
1652  244.190  #ececeb  236 7  -0.0015
1653  244.310  #ececec  237 1  0.0005
1654  244.500  #ececed  237 2  0.0008
1655  244.150  #edecec  237 3  -0.0014
1656  244.230  #edeced  237 4  0.0003
1657  246.570  #ecedec  237 5  0.0095
1658  246.300  #eceded  237 6  -0.0011
1659  246.180  #ededec  237 7  -0.0005
1660  245.940  #ededed  238 1  -0.0010
1661  246.290  #ededee  238 2  0.0014
1662  246.150  #eeeded  238 3  -0.0006
1663  245.930  #eeedee  238 4  -0.0009
1664  246.510  #edeeed  238 5  0.0024
1665  248.390  #edeeee  238 6  0.0076
1666  248.050  #eeeeed  238 7  -0.0014
1667  248.140  #eeeeee  239 1  0.0004
1668  248.120  #eeeeef  239 2  -0.0001
1669  248.130  #efeeee  239 3  0.0000
1670  248.120  #efeeef  239 4  -0.0000
1671  248.220  #eeefee  239 5  0.0004
1672  248.320  #eeefef  239 6  0.0004
1673  250.620  #efefee  239 7  0.0092
1674  250.700  #efefef  240 1  0.0003
1675  250.660  #efeff0  240 2  -0.0002
1676  250.540  #f0efef  240 3  -0.0005
1677  250.660  #f0eff0  240 4  0.0005
1678  250.740  #eff0ef  240 5  0.0003
1679  250.920  #eff0f0  240 6  0.0007
1680  250.480  #f0f0ef  240 7  -0.0018
1681  252.410  #f0f0f0  241 1  0.0077
1682  252.760  #f0f0f1  241 2  0.0014
1683  252.680  #f1f0f0  241 3  -0.0003
1684  252.410  #f1f0f1  241 4  -0.0011
1685  252.980  #f0f1f0  241 5  0.0023
1686  252.720  #f0f1f1  241 6  -0.0010
1687  252.600  #f1f1f0  241 7  -0.0005
1688  252.370  #f1f1f1  242 1  -0.0009
1689  252.680  #f1f1f2  242 2  0.0012
1690  254.440  #f2f1f1  242 3  0.0069
1691  254.490  #f2f1f2  242 4  0.0002
1692  254.650  #f1f2f1  242 5  0.0006
1693  254.680  #f1f2f2  242 6  0.0001
1694  254.390  #f2f2f1  242 7  -0.0011
1695  254.500  #f2f2f2  243 1  0.0004
1696  254.480  #f2f2f3  243 2  -0.0001
1697  254.330  #f3f2f2  243 3  -0.0006
1698  256.590  #f3f2f3  243 4  0.0088
1699  256.720  #f2f3f2  243 5  0.0005
1700  256.840  #f2f3f3  243 6  0.0005
1701  256.420  #f3f3f2  243 7  -0.0016
1702  256.540  #f3f3f3  244 1  0.0005
1703  256.500  #f3f3f4  244 2  -0.0002
1704  256.380  #f4f3f3  244 3  -0.0005
1705  256.450  #f4f3f4  244 4  0.0003
1706  258.800  #f3f4f3  244 5  0.0091
1707  258.560  #f3f4f4  244 6  -0.0009
1708  258.440  #f4f4f3  244 7  -0.0005
1709  258.180  #f4f4f4  245 1  -0.0010
1710  258.500  #f4f4f5  245 2  0.0012
1711  258.460  #f5f4f4  245 3  -0.0002
1712  258.180  #f5f4f5  245 4  -0.0011
1713  258.740  #f4f5f4  245 5  0.0022
1714  260.560  #f4f5f5  245 6  0.0070
1715  260.210  #f5f5f4  245 7  -0.0013
1716  260.320  #f5f5f5  246 1  0.0004
1717  260.550  #f5f5f6  246 2  0.0009
1718  260.160  #f6f5f5  246 3  -0.0015
1719  260.260  #f6f5f6  246 4  0.0004
1720  260.400  #f5f6f5  246 5  0.0005
1721  260.480  #f5f6f6  246 6  0.0003
1722  262.210  #f6f6f5  246 7  0.0066
1723  262.000  #f6f6f6  247 1  -0.0008
1724  261.960  #f6f6f7  247 2  -0.0002
1725  262.150  #f7f6f6  247 3  0.0007
1726  261.920  #f7f6f7  247 4  -0.0009
1727  262.420  #f6f7f6  247 5  0.0019
1728  262.190  #f6f7f7  247 6  -0.0009
1729  262.110  #f7f7f6  247 7  -0.0003
1730  261.870  #f7f7f7  248 1  -0.0009
1731  263.940  #f7f7f8  248 2  0.0079
1732  264.170  #f8f7f7  248 3  0.0009
1733  263.930  #f8f7f8  248 4  -0.0009
1734  264.300  #f7f8f7  248 5  0.0014
1735  264.180  #f7f8f8  248 6  -0.0005
1736  264.130  #f8f8f7  248 7  -0.0002
1737  263.870  #f8f8f8  249 1  -0.0010
1738  264.130  #f8f8f9  249 2  0.0010
1739  265.730  #f9f8f8  249 3  0.0060
1740  265.740  #f9f8f9  249 4  0.0000
1741  265.910  #f8f9f8  249 5  0.0006
1742  266.020  #f8f9f9  249 6  0.0004
1743  265.620  #f9f9f8  249 7  -0.0015
1744  265.730  #f9f9f9  250 1  0.0004
1745  265.980  #f9f9fa  250 2  0.0009
1746  265.590  #faf9f9  250 3  -0.0015
1747  267.240  #faf9fa  250 4  0.0062
1748  267.620  #f9faf9  250 5  0.0014
1749  267.410  #f9fafa  250 6  -0.0008
1750  267.440  #fafaf9  250 7  0.0001
1751  267.190  #fafafa  251 1  -0.0009
1752  267.230  #fafafb  251 2  0.0001
1753  267.420  #fbfafa  251 3  0.0007
1754  267.220  #fbfafb  251 4  -0.0007
1755  270.400  #fafbfa  251 5  0.0118
1756  269.720  #fafbfb  251 6  -0.0025
1757  269.460  #fbfbfa  251 7  -0.0010
1758  268.930  #fbfbfb  252 1  -0.0020
1759  268.890  #fbfbfc  252 2  -0.0001
1760  268.900  #fcfbfb  252 3  0.0000
1761  268.820  #fcfbfc  252 4  -0.0003
1762  270.300  #fbfcfb  252 5  0.0055
1763  273.060  #fbfcfc  252 6  0.0102
1764  272.180  #fcfcfb  252 7  -0.0032
1765  271.950  #fcfcfc  253 1  -0.0008
1766  273.060  #fcfcfd  253 2  0.0041
1767  272.130  #fdfcfc  253 3  -0.0034
1768  271.950  #fdfcfd  253 4  -0.0007
1769  273.300  #fcfdfc  253 5  0.0050
1770  273.000  #fcfdfd  253 6  -0.0011
1771  275.130  #fdfdfc  253 7  0.0078
1772  275.590  #fdfdfd  254 1  0.0017
1773  274.470  #fdfdfe  254 2  -0.0041
1774  275.040  #fefdfd  254 3  0.0021
1775  275.580  #fefdfe  254 4  0.0020
1776  273.910  #fdfefd  254 5  -0.0061
1777  274.440  #fdfefe  254 6  0.0019
1778  275.000  #fefefd  254 7  0.0020
1779  275.520  #fefefe  255 1  0.0019
1780  275.510  #fefeff  255 2  -0.0000
1781  275.290  #fffefe  255 3  -0.0008
1782  275.490  #fffeff  255 4  0.0007
1783  275.060  #fefffe  255 5  -0.0016
1784  275.260  #feffff  255 6  0.0007
1785  275.250  #fffffe  255 7  -0.0000
1786  275.460  #ffffff  256 1  0.0008
