#  lumResponse vers. 1.8 - 10/29/09 07:55:28
#  Display ID: L200ME_810KCXM4Y186
#  iLdelay=1  avgN=1  ILlimit_plus=0.20 ILlimit_minus=-0.05  R=23.0% G=67.2% B=9.8%
#  67.935  #ff0000
#  198.41  #00ff00
#  29.026  #0000ff
   1    0.258  #000000    1 1  0.0000
   2    0.258  #000001    1 2  -0.0015
   3    0.251  #010000    1 3  -0.0257
   4    0.259  #010001    1 4  0.0284
   5    0.253  #000100    1 5  -0.0227
   6    0.261  #000101    1 6  0.0315
   7    0.259  #010100    1 7  -0.0075
   8    0.262  #010101    2 1  0.0121
   9    0.261  #010102    2 2  -0.0028
  10    0.275  #020101    2 3  0.0511
  11    0.256  #020102    2 4  -0.0703
  12    0.258  #010201    2 5  0.0055
  13    0.258  #010202    2 6  0.0007
  14    0.273  #020201    2 7  0.0552
  15    0.258  #020202    3 1  -0.0552
  16    0.257  #020203    3 2  -0.0050
  17    0.260  #030202    3 3  0.0135
  18    0.264  #030203    3 4  0.0130
  19    0.262  #020302    3 5  -0.0064
  20    0.262  #020303    3 6  0.0014
  21    0.265  #030302    3 7  0.0103
  22    0.262  #030303    4 1  -0.0101
  23    0.272  #030304    4 2  0.0382
  24    0.259  #040303    4 3  -0.0492
  25    0.263  #040304    4 4  0.0157
  26    0.268  #030403    4 5  0.0174
  27    0.263  #030404    4 6  -0.0200
  28    0.270  #040403    4 7  0.0262
  29    0.269  #040404    5 1  -0.0013
  30    0.271  #040405    5 2  0.0055
  31    0.265  #050404    5 3  -0.0234
  32    0.263  #050405    5 4  -0.0044
  33    0.267  #040504    5 5  0.0114
  34    0.265  #040505    5 6  -0.0069
  35    0.276  #050504    5 7  0.0403
  36    0.270  #050505    6 1  -0.0192
  37    0.287  #050506    6 2  0.0584
  38    0.274  #060505    6 3  -0.0439
  39    0.267  #060506    6 4  -0.0254
  40    0.273  #050605    6 5  0.0200
  41    0.289  #050606    6 6  0.0587
  42    0.270  #060605    6 7  -0.0682
  43    0.302  #060606    7 1  0.1102
  44    0.277  #060607    7 2  -0.0851
  45    0.281  #070606    7 3  0.0140
  46    0.275  #070607    7 4  -0.0203
  47    0.279  #060706    7 5  0.0121
  48    0.280  #060707    7 6  0.0038
  49    0.302  #070706    7 7  0.0781
  50    0.288  #070707    8 1  -0.0483
  51    0.315  #070708    8 2  0.0878
  52    0.298  #080707    8 3  -0.0540
  53    0.295  #080708    8 4  -0.0104
  54    0.299  #070807    8 5  0.0135
  55    0.298  #070808    8 6  -0.0045
  56    0.297  #080807    8 7  -0.0008
  57    0.295  #080808    9 1  -0.0092
  58    0.300  #080809    9 2  0.0167
  59    0.318  #090808    9 3  0.0588
  60    0.314  #090809    9 4  -0.0115
  61    0.319  #080908    9 5  0.0139
  62    0.319  #080909    9 6  -0.0006
  63    0.314  #090908    9 7  -0.0141
  64    0.318  #090909   10 1  0.0112
  65    0.322  #09090a   10 2  0.0136
  66    0.314  #0a0909   10 3  -0.0237
  67    0.333  #0a090a   10 4  0.0575
  68    0.345  #090a09   10 5  0.0359
  69    0.341  #090a0a   10 6  -0.0122
  70    0.346  #0a0a09   10 7  0.0154
  71    0.351  #0a0a0a   11 1  0.0142
  72    0.342  #0a0a0b   11 2  -0.0252
  73    0.342  #0b0a0a   11 3  0.0000
  74    0.342  #0b0a0b   11 4  0.0001
  75    0.370  #0a0b0a   11 5  0.0767
  76    0.390  #0a0b0b   11 6  0.0523
  77    0.377  #0b0b0a   11 7  -0.0328
  78    0.380  #0b0b0b   12 1  0.0085
  79    0.372  #0b0b0c   12 2  -0.0233
  80    0.366  #0c0b0b   12 3  -0.0159
  81    0.365  #0c0b0c   12 4  -0.0031
  82    0.376  #0b0c0b   12 5  0.0300
  83    0.430  #0b0c0c   12 6  0.1353
  84    0.428  #0c0c0b   12 7  -0.0049
  85    0.415  #0c0c0c   13 1  -0.0309
  86    0.416  #0c0c0d   13 2  0.0031
  87    0.408  #0d0c0c   13 3  -0.0191
  88    0.425  #0d0c0d   13 4  0.0397
  89    0.421  #0c0d0c   13 5  -0.0106
  90    0.415  #0c0d0d   13 6  -0.0141
  91    0.461  #0d0d0c   13 7  0.1065
  92    0.465  #0d0d0d   14 1  0.0079
  93    0.473  #0d0d0e   14 2  0.0168
  94    0.454  #0e0d0d   14 3  -0.0410
  95    0.444  #0e0d0e   14 4  -0.0216
  96    0.467  #0d0e0d   14 5  0.0500
  97    0.455  #0d0e0e   14 6  -0.0263
  98    0.472  #0e0e0d   14 7  0.0367
  99    0.467  #0e0e0e   15 1  -0.0091
 100    0.512  #0e0e0f   15 2  0.0903
 101    0.505  #0f0e0e   15 3  -0.0131
 102    0.506  #0f0e0f   15 4  0.0021
 103    0.519  #0e0f0e   15 5  0.0253
 104    0.521  #0e0f0f   15 6  0.0037
 105    0.518  #0f0f0e   15 7  -0.0048
 106    0.522  #0f0f0f   16 1  0.0065
 107    0.519  #0f0f10   16 2  -0.0052
 108    0.575  #100f0f   16 3  0.1025
 109    0.590  #100f10   16 4  0.0260
 110    0.578  #0f100f   16 5  -0.0216
 111    0.584  #0f1010   16 6  0.0101
 112    0.578  #10100f   16 7  -0.0102
 113    0.582  #101010   17 1  0.0078
 114    0.587  #101011   17 2  0.0080
 115    0.578  #111010   17 3  -0.0157
 116    0.637  #111011   17 4  0.0983
 117    0.650  #101110   17 5  0.0188
 118    0.644  #101111   17 6  -0.0085
 119    0.658  #111110   17 7  0.0212
 120    0.660  #111111   18 1  0.0032
 121    0.646  #111112   18 2  -0.0220
 122    0.641  #121111   18 3  -0.0071
 123    0.632  #121112   18 4  -0.0143
 124    0.717  #111211   18 5  0.1254
 125    0.730  #111212   18 6  0.0180
 126    0.712  #121211   18 7  -0.0248
 127    0.719  #121212   19 1  0.0110
 128    0.719  #121213   19 2  -0.0010
 129    0.715  #131212   19 3  -0.0051
 130    0.710  #131213   19 4  -0.0078
 131    0.724  #121312   19 5  0.0201
 132    0.733  #121313   19 6  0.0126
 133    0.809  #131312   19 7  0.0983
 134    0.806  #131313   20 1  -0.0035
 135    0.814  #131314   20 2  0.0094
 136    0.800  #141313   20 3  -0.0166
 137    0.810  #141314   20 4  0.0118
 138    0.807  #131413   20 5  -0.0030
 139    0.810  #131414   20 6  0.0031
 140    0.919  #141413   20 7  0.1267
 141    0.919  #141414   21 1  -0.0005
 142    0.911  #141415   21 2  -0.0088
 143    0.897  #151414   21 3  -0.0154
 144    0.884  #151415   21 4  -0.0140
 145    0.917  #141514   21 5  0.0360
 146    0.931  #141515   21 6  0.0157
 147    0.928  #151514   21 7  -0.0039
 148    0.923  #151515   22 1  -0.0054
 149    1.011  #151516   22 2  0.0909
 150    1.002  #161515   22 3  -0.0087
 151    1.013  #161516   22 4  0.0107
 152    1.012  #151615   22 5  -0.0010
 153    1.013  #151616   22 6  0.0017
 154    1.010  #161615   22 7  -0.0029
 155    1.010  #161616   23 1  -0.0001
 156    1.013  #161617   23 2  0.0025
 157    1.132  #171616   23 3  0.1113
 158    1.107  #171617   23 4  -0.0222
 159    1.147  #161716   23 5  0.0350
 160    1.129  #161717   23 6  -0.0159
 161    1.145  #171716   23 7  0.0140
 162    1.147  #171717   24 1  0.0017
 163    1.124  #171718   24 2  -0.0198
 164    1.126  #181717   24 3  0.0020
 165    1.263  #181718   24 4  0.1148
 166    1.300  #171817   24 5  0.0282
 167    1.279  #171818   24 6  -0.0159
 168    1.301  #181817   24 7  0.0167
 169    1.314  #181818   25 1  0.0104
 170    1.281  #181819   25 2  -0.0258
 171    1.283  #191818   25 3  0.0016
 172    1.254  #191819   25 4  -0.0222
 173    1.443  #181918   25 5  0.1397
 174    1.425  #181919   25 6  -0.0126
 175    1.429  #191918   25 7  0.0028
 176    1.421  #191919   26 1  -0.0055
 177    1.431  #19191a   26 2  0.0072
 178    1.422  #1a1919   26 3  -0.0064
 179    1.415  #1a191a   26 4  -0.0051
 180    1.430  #191a19   26 5  0.0106
 181    1.586  #191a1a   26 6  0.1036
 182    1.605  #1a1a19   26 7  0.0116
 183    1.606  #1a1a1a   27 1  0.0010
 184    1.584  #1a1a1b   27 2  -0.0143
 185    1.580  #1b1a1a   27 3  -0.0021
 186    1.561  #1b1a1b   27 4  -0.0120
 187    1.604  #1a1b1a   27 5  0.0269
 188    1.583  #1a1b1b   27 6  -0.0131
 189    1.805  #1b1b1a   27 7  0.1309
 190    1.798  #1b1b1b   28 1  -0.0037
 191    1.767  #1b1b1c   28 2  -0.0176
 192    1.763  #1c1b1b   28 3  -0.0024
 193    1.743  #1c1b1c   28 4  -0.0112
 194    1.802  #1b1c1b   28 5  0.0331
 195    1.800  #1b1c1c   28 6  -0.0008
 196    1.800  #1c1c1b   28 7  -0.0001
 197    1.958  #1c1c1c   29 1  0.0838
 198    1.971  #1c1c1d   29 2  0.0066
 199    1.954  #1d1c1c   29 3  -0.0084
 200    1.962  #1d1c1d   29 4  0.0041
 201    1.968  #1c1d1c   29 5  0.0028
 202    1.989  #1c1d1d   29 6  0.0108
 203    1.967  #1d1d1c   29 7  -0.0114
 204    1.963  #1d1d1d   30 1  -0.0019
 205    1.976  #1d1d1e   30 2  0.0068
 206    2.137  #1e1d1d   30 3  0.0783
 207    2.129  #1e1d1e   30 4  -0.0039
 208    2.156  #1d1e1d   30 5  0.0127
 209    2.138  #1d1e1e   30 6  -0.0085
 210    2.158  #1e1e1d   30 7  0.0092
 211    2.169  #1e1e1e   31 1  0.0052
 212    2.137  #1e1e1f   31 2  -0.0150
 213    2.135  #1f1e1e   31 3  -0.0007
 214    2.324  #1f1e1f   31 4  0.0848
 215    2.357  #1e1f1e   31 5  0.0138
 216    2.342  #1e1f1f   31 6  -0.0062
 217    2.354  #1f1f1e   31 7  0.0052
 218    2.363  #1f1f1f   32 1  0.0036
 219    2.336  #1f1f20   32 2  -0.0116
 220    2.325  #201f1f   32 3  -0.0045
 221    2.310  #201f20   32 4  -0.0067
 222    2.507  #1f201f   32 5  0.0818
 223    2.523  #1f2020   32 6  0.0062
 224    2.513  #20201f   32 7  -0.0036
 225    2.504  #202020   33 1  -0.0039
 226    2.520  #202021   33 2  0.0063
 227    2.490  #212020   33 3  -0.0117
 228    2.504  #212021   33 4  0.0057
 229    2.515  #202120   33 5  0.0043
 230    2.698  #202121   33 6  0.0702
 231    2.717  #212120   33 7  0.0071
 232    2.719  #212121   34 1  0.0004
 233    2.693  #212122   34 2  -0.0094
 234    2.692  #222121   34 3  -0.0006
 235    2.673  #222122   34 4  -0.0070
 236    2.712  #212221   34 5  0.0147
 237    2.689  #212222   34 6  -0.0088
 238    2.915  #222221   34 7  0.0807
 239    2.920  #222222   35 1  0.0017
 240    2.896  #222223   35 2  -0.0083
 241    2.896  #232222   35 3  0.0001
 242    2.868  #232223   35 4  -0.0097
 243    2.922  #222322   35 5  0.0189
 244    2.891  #222323   35 6  -0.0109
 245    2.919  #232322   35 7  0.0098
 246    2.912  #232323   36 1  -0.0024
 247    3.102  #232324   36 2  0.0630
 248    3.071  #242323   36 3  -0.0099
 249    3.075  #242324   36 4  0.0012
 250    3.092  #232423   36 5  0.0057
 251    3.094  #232424   36 6  0.0004
 252    3.084  #242423   36 7  -0.0031
 253    3.085  #242424   37 1  0.0004
 254    3.094  #242425   37 2  0.0029
 255    3.273  #252424   37 3  0.0560
 256    3.248  #252425   37 4  -0.0074
 257    3.318  #242524   37 5  0.0211
 258    3.278  #242525   37 6  -0.0119
 259    3.297  #252524   37 7  0.0057
 260    3.299  #252525   38 1  0.0006
 261    3.281  #252526   38 2  -0.0056
 262    3.274  #262525   38 3  -0.0020
 263    3.472  #262526   38 4  0.0586
 264    3.545  #252625   38 5  0.0209
 265    3.506  #252626   38 6  -0.0111
 266    3.529  #262625   38 7  0.0065
 267    3.535  #262626   39 1  0.0018
 268    3.501  #262627   39 2  -0.0096
 269    3.518  #272626   39 3  0.0046
 270    3.478  #272627   39 4  -0.0113
 271    3.733  #262726   39 5  0.0706
 272    3.745  #262727   39 6  0.0032
 273    3.730  #272726   39 7  -0.0039
 274    3.738  #272727   40 1  0.0021
 275    3.736  #272728   40 2  -0.0004
 276    3.729  #282727   40 3  -0.0020
 277    3.719  #282728   40 4  -0.0027
 278    3.733  #272827   40 5  0.0038
 279    3.989  #272828   40 6  0.0662
 280    3.997  #282827   40 7  0.0020
 281    4.001  #282828   41 1  0.0009
 282    3.973  #282829   41 2  -0.0070
 283    3.973  #292828   41 3  0.0001
 284    3.938  #292829   41 4  -0.0090
 285    4.009  #282928   41 5  0.0179
 286    3.971  #282929   41 6  -0.0095
 287    4.217  #292928   41 7  0.0602
 288    4.218  #292929   42 1  0.0003
 289    4.212  #29292a   42 2  -0.0015
 290    4.193  #2a2929   42 3  -0.0046
 291    4.195  #2a292a   42 4  0.0005
 292    4.231  #292a29   42 5  0.0087
 293    4.225  #292a2a   42 6  -0.0014
 294    4.217  #2a2a29   42 7  -0.0019
 295    4.491  #2a2a2a   43 1  0.0628
 296    4.499  #2a2a2b   43 2  0.0018
 297    4.466  #2b2a2a   43 3  -0.0074
 298    4.478  #2b2a2b   43 4  0.0028
 299    4.486  #2a2b2a   43 5  0.0018
 300    4.497  #2a2b2b   43 6  0.0024
 301    4.487  #2b2b2a   43 7  -0.0021
 302    4.490  #2b2b2b   44 1  0.0005
 303    4.490  #2b2b2c   44 2  -0.0001
 304    4.731  #2c2b2b   44 3  0.0523
 305    4.702  #2c2b2c   44 4  -0.0060
 306    4.771  #2b2c2b   44 5  0.0145
 307    4.737  #2b2c2c   44 6  -0.0070
 308    4.768  #2c2c2b   44 7  0.0063
 309    4.777  #2c2c2c   45 1  0.0020
 310    4.736  #2c2c2d   45 2  -0.0087
 311    5.000  #2d2c2c   45 3  0.0543
 312    4.998  #2d2c2d   45 4  -0.0004
 313    5.032  #2c2d2c   45 5  0.0068
 314    5.026  #2c2d2d   45 6  -0.0012
 315    5.016  #2d2d2c   45 7  -0.0019
 316    5.006  #2d2d2d   46 1  -0.0021
 317    5.037  #2d2d2e   46 2  0.0062
 318    4.984  #2e2d2d   46 3  -0.0105
 319    4.999  #2e2d2e   46 4  0.0029
 320    5.313  #2d2e2d   46 5  0.0609
 321    5.320  #2d2e2e   46 6  0.0013
 322    5.314  #2e2e2d   46 7  -0.0013
 323    5.308  #2e2e2e   47 1  -0.0010
 324    5.321  #2e2e2f   47 2  0.0024
 325    5.294  #2f2e2e   47 3  -0.0050
 326    5.302  #2f2e2f   47 4  0.0015
 327    5.311  #2e2f2e   47 5  0.0018
 328    5.608  #2e2f2f   47 6  0.0543
 329    5.637  #2f2f2e   47 7  0.0052
 330    5.638  #2f2f2f   48 1  0.0001
 331    5.607  #2f2f30   48 2  -0.0055
 332    5.596  #302f2f   48 3  -0.0019
 333    5.558  #302f30   48 4  -0.0069
 334    5.634  #2f302f   48 5  0.0137
 335    5.605  #2f3030   48 6  -0.0052
 336    5.905  #30302f   48 7  0.0521
 337    5.906  #303030   49 1  0.0001
 338    5.923  #303031   49 2  0.0030
 339    5.904  #313030   49 3  -0.0033
 340    5.898  #313031   49 4  -0.0010
 341    5.914  #303130   49 5  0.0028
 342    5.919  #303131   49 6  0.0008
 343    5.906  #313130   49 7  -0.0023
 344    6.254  #313131   50 1  0.0574
 345    6.260  #313132   50 2  0.0009
 346    6.235  #323131   50 3  -0.0040
 347    6.235  #323132   50 4  0.0001
 348    6.246  #313231   50 5  0.0017
 349    6.255  #313232   50 6  0.0015
 350    6.239  #323231   50 7  -0.0027
 351    6.245  #323232   51 1  0.0010
 352    6.252  #323233   51 2  0.0012
 353    6.561  #333232   51 3  0.0481
 354    6.519  #333233   51 4  -0.0064
 355    6.587  #323332   51 5  0.0104
 356    6.556  #323333   51 6  -0.0047
 357    6.589  #333332   51 7  0.0051
 358    6.589  #333333   52 1  0.0000
 359    6.553  #333334   52 2  -0.0055
 360    6.543  #343333   52 3  -0.0015
 361    6.866  #343334   52 4  0.0481
 362    6.882  #333433   52 5  0.0023
 363    6.897  #333434   52 6  0.0021
 364    6.873  #343433   52 7  -0.0034
 365    6.877  #343434   53 1  0.0005
 366    6.887  #343435   53 2  0.0016
 367    6.858  #353434   53 3  -0.0043
 368    6.882  #353435   53 4  0.0034
 369    7.245  #343534   53 5  0.0514
 370    7.264  #343535   53 6  0.0027
 371    7.241  #353534   53 7  -0.0032
 372    7.246  #353535   54 1  0.0008
 373    7.251  #353536   54 2  0.0007
 374    7.214  #363535   54 3  -0.0051
 375    7.222  #363536   54 4  0.0010
 376    7.242  #353635   54 5  0.0028
 377    7.591  #353636   54 6  0.0470
 378    7.634  #363635   54 7  0.0057
 379    7.642  #363636   55 1  0.0010
 380    7.595  #363637   55 2  -0.0061
 381    7.582  #373636   55 3  -0.0018
 382    7.547  #373637   55 4  -0.0046
 383    7.640  #363736   55 5  0.0122
 384    7.585  #363737   55 6  -0.0072
 385    7.976  #373736   55 7  0.0502
 386    7.962  #373737   56 1  -0.0018
 387    7.963  #373738   56 2  0.0001
 388    7.924  #383737   56 3  -0.0049
 389    7.939  #383738   56 4  0.0019
 390    7.951  #373837   56 5  0.0015
 391    7.972  #373838   56 6  0.0026
 392    7.965  #383837   56 7  -0.0008
 393    8.370  #383838   57 1  0.0495
 394    8.373  #383839   57 2  0.0004
 395    8.331  #393838   57 3  -0.0051
 396    8.350  #393839   57 4  0.0023
 397    8.353  #383938   57 5  0.0004
 398    8.371  #383939   57 6  0.0022
 399    8.362  #393938   57 7  -0.0011
 400    8.355  #393939   58 1  -0.0009
 401    8.735  #39393a   58 2  0.0445
 402    8.724  #3a3939   58 3  -0.0013
 403    8.678  #3a393a   58 4  -0.0052
 404    8.776  #393a39   58 5  0.0112
 405    8.732  #393a3a   58 6  -0.0050
 406    8.776  #3a3a39   58 7  0.0050
 407    8.777  #3a3a3a   59 1  0.0001
 408    8.727  #3a3a3b   59 2  -0.0057
 409    9.105  #3b3a3a   59 3  0.0424
 410    9.101  #3b3a3b   59 4  -0.0005
 411    9.134  #3a3b3a   59 5  0.0037
 412    9.128  #3a3b3b   59 6  -0.0006
 413    9.118  #3b3b3a   59 7  -0.0011
 414    9.117  #3b3b3b   60 1  -0.0001
 415    9.125  #3b3b3c   60 2  0.0009
 416    9.082  #3c3b3b   60 3  -0.0047
 417    9.096  #3c3b3c   60 4  0.0016
 418    9.576  #3b3c3b   60 5  0.0514
 419    9.515  #3b3c3c   60 6  -0.0064
 420    9.562  #3c3c3b   60 7  0.0049
 421    9.565  #3c3c3c   61 1  0.0003
 422    9.520  #3c3c3d   61 2  -0.0046
 423    9.504  #3d3c3c   61 3  -0.0017
 424    9.465  #3d3c3d   61 4  -0.0041
 425    9.563  #3c3d3c   61 5  0.0103
 426    9.996  #3c3d3d   61 6  0.0443
 427   10.057  #3d3d3c   61 7  0.0061
 428   10.058  #3d3d3d   62 1  0.0001
 429    9.998  #3d3d3e   62 2  -0.0060
 430    9.979  #3e3d3d   62 3  -0.0019
 431    9.915  #3e3d3e   62 4  -0.0064
 432   10.054  #3d3e3d   62 5  0.0140
 433    9.992  #3d3e3e   62 6  -0.0062
 434   10.471  #3e3e3d   62 7  0.0468
 435   10.475  #3e3e3e   63 1  0.0004
 436   10.471  #3e3e3f   63 2  -0.0004
 437   10.419  #3f3e3e   63 3  -0.0050
 438   10.432  #3f3e3f   63 4  0.0012
 439   10.473  #3e3f3e   63 5  0.0039
 440   10.473  #3e3f3f   63 6  0.0000
 441   10.471  #3f3f3e   63 7  -0.0002
 442   10.473  #3f3f3f   64 1  0.0002
 443   10.915  #3f3f40   64 2  0.0413
 444   10.910  #403f3f   64 3  -0.0005
 445   10.848  #403f40   64 4  -0.0057
 446   10.994  #3f403f   64 5  0.0134
 447   10.908  #3f4040   64 6  -0.0079
 448   10.986  #40403f   64 7  0.0071
 449   10.978  #404040   65 1  -0.0007
 450   11.486  #404041   65 2  0.0452
 451   11.482  #414040   65 3  -0.0003
 452   11.412  #414041   65 4  -0.0061
 453   11.560  #404140   65 5  0.0129
 454   11.482  #404141   65 6  -0.0068
 455   11.556  #414140   65 7  0.0064
 456   11.546  #414141   66 1  -0.0009
 457   11.470  #414142   66 2  -0.0066
 458   11.973  #424141   66 3  0.0429
 459   11.989  #424142   66 4  0.0013
 460   12.019  #414241   66 5  0.0025
 461   12.028  #414242   66 6  0.0007
 462   12.021  #424241   66 7  -0.0006
 463   12.026  #424242   67 1  0.0004
 464   12.025  #424243   67 2  -0.0001
 465   11.973  #434242   67 3  -0.0043
 466   12.001  #434243   67 4  0.0023
 467   12.613  #424342   67 5  0.0497
 468   12.545  #424343   67 6  -0.0054
 469   12.545  #434342   67 7  0.0000
 470   12.614  #434343   68 1  0.0055
 471   12.547  #434344   68 2  -0.0053
 472   12.536  #444343   68 3  -0.0009
 473   12.467  #444344   68 4  -0.0055
 474   12.607  #434443   68 5  0.0112
 475   13.162  #434444   68 6  0.0431
 476   13.226  #444443   68 7  0.0049
 477   13.227  #444444   69 1  0.0001
 478   13.160  #444445   69 2  -0.0051
 479   13.151  #454444   69 3  -0.0007
 480   13.078  #454445   69 4  -0.0056
 481   13.225  #444544   69 5  0.0112
 482   13.158  #444545   69 6  -0.0051
 483   13.769  #454544   69 7  0.0454
 484   13.777  #454545   70 1  0.0006
 485   13.786  #454546   70 2  0.0007
 486   13.714  #464545   70 3  -0.0052
 487   13.737  #464546   70 4  0.0017
 488   13.767  #454645   70 5  0.0022
 489   13.777  #454646   70 6  0.0007
 490   13.786  #464645   70 7  0.0007
 491   14.424  #464646   71 1  0.0452
 492   14.341  #464647   71 2  -0.0058
 493   14.330  #474646   71 3  -0.0008
 494   14.264  #474647   71 4  -0.0046
 495   14.425  #464746   71 5  0.0112
 496   14.342  #464747   71 6  -0.0058
 497   14.342  #474746   71 7  0.0000
 498   14.418  #474747   72 1  0.0053
 499   14.333  #474748   72 2  -0.0059
 500   15.018  #484747   72 3  0.0467
 501   14.941  #484748   72 4  -0.0051
 502   15.111  #474847   72 5  0.0113
 503   15.016  #474848   72 6  -0.0063
 504   15.102  #484847   72 7  0.0057
 505   15.102  #484848   73 1  0.0000
 506   15.012  #484849   73 2  -0.0060
 507   15.616  #494848   73 3  0.0394
 508   15.637  #494849   73 4  0.0013
 509   15.681  #484948   73 5  0.0028
 510   15.696  #484949   73 6  0.0010
 511   15.665  #494948   73 7  -0.0020
 512   15.683  #494949   74 1  0.0011
 513   15.678  #49494a   74 2  -0.0003
 514   15.609  #4a4949   74 3  -0.0044
 515   15.623  #4a494a   74 4  0.0009
 516   16.420  #494a49   74 5  0.0497
 517   16.322  #494a4a   74 6  -0.0060
 518   16.410  #4a4a49   74 7  0.0054
 519   16.406  #4a4a4a   75 1  -0.0002
 520   16.319  #4a4a4b   75 2  -0.0053
 521   16.314  #4b4a4a   75 3  -0.0003
 522   16.225  #4b4a4b   75 4  -0.0055
 523   16.410  #4a4b4a   75 5  0.0113
 524   17.073  #4a4b4b   75 6  0.0396
 525   17.049  #4b4b4a   75 7  -0.0014
 526   17.168  #4b4b4b   76 1  0.0070
 527   17.057  #4b4b4c   76 2  -0.0065
 528   17.054  #4c4b4b   76 3  -0.0002
 529   16.974  #4c4b4c   76 4  -0.0047
 530   17.156  #4b4c4b   76 5  0.0107
 531   17.063  #4b4c4c   76 6  -0.0054
 532   17.810  #4c4c4b   76 7  0.0428
 533   17.809  #4c4c4c   77 1  -0.0001
 534   17.825  #4c4c4d   77 2  0.0009
 535   17.750  #4d4c4c   77 3  -0.0042
 536   17.775  #4d4c4d   77 4  0.0014
 537   17.809  #4c4d4c   77 5  0.0019
 538   17.822  #4c4d4d   77 6  0.0007
 539   17.794  #4d4d4c   77 7  -0.0016
 540   18.593  #4d4d4d   78 1  0.0439
 541   18.519  #4d4d4e   78 2  -0.0040
 542   18.494  #4e4d4d   78 3  -0.0014
 543   18.390  #4e4d4e   78 4  -0.0056
 544   18.590  #4d4e4d   78 5  0.0108
 545   18.487  #4d4e4e   78 6  -0.0056
 546   18.583  #4e4e4d   78 7  0.0052
 547   18.586  #4e4e4e   79 1  0.0002
 548   18.490  #4e4e4f   79 2  -0.0052
 549   19.229  #4f4e4e   79 3  0.0392
 550   19.250  #4f4e4f   79 4  0.0011
 551   19.294  #4e4f4e   79 5  0.0023
 552   19.306  #4e4f4f   79 6  0.0006
 553   19.221  #4f4f4e   79 7  -0.0044
 554   19.270  #4f4f4f   80 1  0.0025
 555   19.304  #4f4f50   80 2  0.0018
 556   20.072  #504f4f   80 3  0.0390
 557   20.080  #504f50   80 4  0.0004
 558   20.102  #4f504f   80 5  0.0011
 559   20.136  #4f5050   80 6  0.0017
 560   20.086  #50504f   80 7  -0.0025
 561   20.098  #505050   81 1  0.0006
 562   20.117  #505051   81 2  0.0009
 563   20.042  #515050   81 3  -0.0037
 564   20.068  #515051   81 4  0.0013
 565   20.945  #505150   81 5  0.0428
 566   20.871  #505151   81 6  -0.0035
 567   20.935  #515150   81 7  0.0031
 568   20.940  #515151   82 1  0.0002
 569   20.852  #515152   82 2  -0.0042
 570   20.836  #525151   82 3  -0.0008
 571   20.748  #525152   82 4  -0.0042
 572   20.938  #515251   82 5  0.0091
 573   21.674  #515252   82 6  0.0345
 574   21.638  #525251   82 7  -0.0017
 575   21.643  #525252   83 1  0.0002
 576   21.652  #525253   83 2  0.0004
 577   21.557  #535252   83 3  -0.0044
 578   21.611  #535253   83 4  0.0025
 579   21.631  #525352   83 5  0.0009
 580   21.683  #525353   83 6  0.0024
 581   22.445  #535352   83 7  0.0345
 582   22.491  #535353   84 1  0.0020
 583   22.545  #535354   84 2  0.0024
 584   22.431  #545353   84 3  -0.0051
 585   22.462  #545354   84 4  0.0014
 586   22.500  #535453   84 5  0.0017
 587   22.534  #535454   84 6  0.0015
 588   22.494  #545453   84 7  -0.0018
 589   23.386  #545454   85 1  0.0389
 590   23.291  #545455   85 2  -0.0041
 591   23.269  #555454   85 3  -0.0009
 592   23.190  #555455   85 4  -0.0034
 593   23.379  #545554   85 5  0.0081
 594   23.281  #545555   85 6  -0.0042
 595   23.371  #555554   85 7  0.0039
 596   23.374  #555555   86 1  0.0001
 597   24.133  #555556   86 2  0.0320
 598   24.048  #565555   86 3  -0.0035
 599   24.078  #565556   86 4  0.0012
 600   24.100  #555655   86 5  0.0009
 601   24.156  #555656   86 6  0.0023
 602   24.113  #565655   86 7  -0.0018
 603   24.098  #565656   87 1  -0.0006
 604   24.109  #565657   87 2  0.0005
 605   24.926  #575656   87 3  0.0333
 606   24.967  #575657   87 4  0.0016
 607   24.993  #565756   87 5  0.0010
 608   25.041  #565757   87 6  0.0019
 609   24.919  #575756   87 7  -0.0049
 610   24.991  #575757   88 1  0.0029
 611   25.024  #575758   88 2  0.0013
 612   24.913  #585757   88 3  -0.0044
 613   24.970  #585758   88 4  0.0023
 614   25.905  #575857   88 5  0.0368
 615   25.817  #575858   88 6  -0.0034
 616   25.904  #585857   88 7  0.0034
 617   25.902  #585858   89 1  -0.0001
 618   25.809  #585859   89 2  -0.0036
 619   25.785  #595858   89 3  -0.0009
 620   25.707  #595859   89 4  -0.0030
 621   26.641  #585958   89 5  0.0357
 622   26.690  #585959   89 6  0.0018
 623   26.636  #595958   89 7  -0.0020
 624   26.632  #595959   90 1  -0.0002
 625   26.660  #59595a   90 2  0.0011
 626   26.565  #5a5959   90 3  -0.0036
 627   26.590  #5a595a   90 4  0.0009
 628   26.624  #595a59   90 5  0.0013
 629   26.681  #595a5a   90 6  0.0021
 630   27.595  #5a5a59   90 7  0.0337
 631   27.578  #5a5a5a   91 1  -0.0006
 632   27.633  #5a5a5b   91 2  0.0020
 633   27.532  #5b5a5a   91 3  -0.0037
 634   27.559  #5b5a5b   91 4  0.0010
 635   27.593  #5a5b5a   91 5  0.0012
 636   27.622  #5a5b5b   91 6  0.0011
 637   27.507  #5b5b5a   91 7  -0.0042
 638   28.514  #5b5b5b   92 1  0.0360
 639   28.431  #5b5b5c   92 2  -0.0029
 640   28.394  #5c5b5b   92 3  -0.0013
 641   28.324  #5c5b5c   92 4  -0.0025
 642   28.506  #5b5c5b   92 5  0.0064
 643   28.413  #5b5c5c   92 6  -0.0033
 644   28.500  #5c5c5b   92 7  0.0031
 645   28.504  #5c5c5c   93 1  0.0001
 646   29.373  #5c5c5d   93 2  0.0300
 647   29.254  #5d5c5c   93 3  -0.0041
 648   29.282  #5d5c5d   93 4  0.0010
 649   29.320  #5c5d5c   93 5  0.0013
 650   29.355  #5c5d5d   93 6  0.0012
 651   29.315  #5d5d5c   93 7  -0.0014
 652   29.304  #5d5d5d   94 1  -0.0004
 653   29.350  #5d5d5e   94 2  0.0016
 654   30.262  #5e5d5d   94 3  0.0306
 655   30.291  #5e5d5e   94 4  0.0010
 656   30.332  #5d5e5d   94 5  0.0014
 657   30.356  #5d5e5e   94 6  0.0008
 658   30.307  #5e5e5d   94 7  -0.0016
 659   30.314  #5e5e5e   95 1  0.0002
 660   30.338  #5e5e5f   95 2  0.0008
 661   30.244  #5f5e5e   95 3  -0.0031
 662   30.274  #5f5e5f   95 4  0.0010
 663   31.315  #5e5f5e   95 5  0.0338
 664   31.203  #5e5f5f   95 6  -0.0036
 665   31.209  #5f5f5e   95 7  0.0002
 666   31.300  #5f5f5f   96 1  0.0029
 667   31.200  #5f5f60   96 2  -0.0032
 668   31.194  #605f5f   96 3  -0.0002
 669   31.094  #605f60   96 4  -0.0032
 670   31.296  #5f605f   96 5  0.0065
 671   32.126  #5f6060   96 6  0.0262
 672   32.076  #60605f   96 7  -0.0016
 673   32.077  #606060   97 1  0.0000
 674   32.104  #606061   97 2  0.0008
 675   32.007  #616060   97 3  -0.0030
 676   32.041  #616061   97 4  0.0011
 677   32.059  #606160   97 5  0.0006
 678   32.121  #606161   97 6  0.0019
 679   33.102  #616160   97 7  0.0301
 680   33.101  #616161   98 1  -0.0000
 681   32.980  #616162   98 2  -0.0037
 682   32.952  #626161   98 3  -0.0008
 683   32.855  #626162   98 4  -0.0029
 684   33.081  #616261   98 5  0.0069
 685   32.966  #616262   98 6  -0.0035
 686   32.943  #626261   98 7  -0.0007
 687   34.088  #626262   99 1  0.0342
 688   33.975  #626263   99 2  -0.0033
 689   33.939  #636262   99 3  -0.0011
 690   33.834  #636263   99 4  -0.0031
 691   34.066  #626362   99 5  0.0068
 692   33.974  #626363   99 6  -0.0027
 693   33.950  #636362   99 7  -0.0007
 694   33.969  #636363  100 1  0.0006
 695   34.968  #636364  100 2  0.0290
 696   34.839  #646363  100 3  -0.0037
 697   34.874  #646364  100 4  0.0010
 698   34.896  #636463  100 5  0.0006
 699   34.959  #636464  100 6  0.0018
 700   34.912  #646463  100 7  -0.0013
 701   34.922  #646464  101 1  0.0003
 702   34.942  #646465  101 2  0.0006
 703   35.864  #656464  101 3  0.0260
 704   35.720  #656465  101 4  -0.0040
 705   36.006  #646564  101 5  0.0080
 706   35.853  #646565  101 6  -0.0043
 707   36.004  #656564  101 7  0.0042
 708   35.975  #656565  102 1  -0.0008
 709   35.848  #656566  102 2  -0.0035
 710   35.832  #666565  102 3  -0.0004
 711   36.860  #666566  102 4  0.0283
 712   37.099  #656665  102 5  0.0065
 713   36.999  #656666  102 6  -0.0027
 714   36.965  #666665  102 7  -0.0009
 715   36.993  #666666  103 1  0.0008
 716   36.981  #666667  103 2  -0.0003
 717   36.944  #676666  103 3  -0.0010
 718   36.878  #676667  103 4  -0.0018
 719   37.961  #666766  103 5  0.0289
 720   37.981  #666767  103 6  0.0005
 721   37.856  #676766  103 7  -0.0033
 722   37.989  #676767  104 1  0.0035
 723   37.974  #676768  104 2  -0.0004
 724   37.855  #686767  104 3  -0.0031
 725   37.894  #686768  104 4  0.0010
 726   37.920  #676867  104 5  0.0007
 727   37.978  #676868  104 6  0.0015
 728   38.979  #686867  104 7  0.0260
 729   38.985  #686868  105 1  0.0002
 730   38.876  #686869  105 2  -0.0028
 731   38.881  #696868  105 3  0.0001
 732   38.742  #696869  105 4  -0.0036
 733   38.982  #686968  105 5  0.0062
 734   38.865  #686969  105 6  -0.0030
 735   40.032  #696968  105 7  0.0296
 736   39.918  #696969  106 1  -0.0029
 737   39.917  #69696a  106 2  -0.0000
 738   39.878  #6a6969  106 3  -0.0010
 739   39.789  #6a696a  106 4  -0.0022
 740   40.010  #696a69  106 5  0.0055
 741   39.919  #696a6a  106 6  -0.0023
 742   39.869  #6a6a69  106 7  -0.0013
 743   40.017  #6a6a6a  107 1  0.0037
 744   40.941  #6a6a6b  107 2  0.0228
 745   40.807  #6b6a6a  107 3  -0.0033
 746   40.840  #6b6a6b  107 4  0.0008
 747   40.848  #6a6b6a  107 5  0.0002
 748   40.913  #6a6b6b  107 6  0.0016
 749   40.804  #6b6b6a  107 7  -0.0027
 750   40.905  #6b6b6b  108 1  0.0025
 751   40.923  #6b6b6c  108 2  0.0004
 752   41.799  #6c6b6b  108 3  0.0212
 753   41.692  #6c6b6c  108 4  -0.0026
 754   41.915  #6b6c6b  108 5  0.0053
 755   41.816  #6b6c6c  108 6  -0.0024
 756   41.911  #6c6c6b  108 7  0.0023
 757   41.935  #6c6c6c  109 1  0.0006
 758   41.813  #6c6c6d  109 2  -0.0029
 759   41.775  #6d6c6c  109 3  -0.0009
 760   42.787  #6d6c6d  109 4  0.0239
 761   42.999  #6c6d6c  109 5  0.0049
 762   42.886  #6c6d6d  109 6  -0.0026
 763   42.978  #6d6d6c  109 7  0.0021
 764   43.011  #6d6d6d  110 1  0.0008
 765   42.888  #6d6d6e  110 2  -0.0029
 766   42.850  #6e6d6d  110 3  -0.0009
 767   42.761  #6e6d6e  110 4  -0.0021
 768   43.839  #6d6e6d  110 5  0.0249
 769   43.891  #6d6e6e  110 6  0.0012
 770   43.763  #6e6e6d  110 7  -0.0029
 771   43.880  #6e6e6e  111 1  0.0027
 772   43.881  #6e6e6f  111 2  0.0000
 773   43.781  #6f6e6e  111 3  -0.0023
 774   43.813  #6f6e6f  111 4  0.0007
 775   43.824  #6e6f6e  111 5  0.0003
 776   43.875  #6e6f6f  111 6  0.0012
 777   44.853  #6f6f6e  111 7  0.0220
 778   44.847  #6f6f6f  112 1  -0.0001
 779   44.851  #6f6f70  112 2  0.0001
 780   44.831  #706f6f  112 3  -0.0004
 781   44.722  #706f70  112 4  -0.0024
 782   44.940  #6f706f  112 5  0.0049
 783   44.849  #6f7070  112 6  -0.0020
 784   46.045  #70706f  112 7  0.0263
 785   46.071  #707070  113 1  0.0006
 786   45.966  #707071  113 2  -0.0023
 787   45.929  #717070  113 3  -0.0008
 788   45.827  #717071  113 4  -0.0022
 789   46.047  #707170  113 5  0.0048
 790   45.970  #707171  113 6  -0.0017
 791   46.043  #717170  113 7  0.0016
 792   46.042  #717171  114 1  -0.0000
 793   46.979  #717172  114 2  0.0201
 794   46.846  #727171  114 3  -0.0028
 795   46.898  #727172  114 4  0.0011
 796   46.919  #717271  114 5  0.0004
 797   46.954  #717272  114 6  0.0007
 798   46.854  #727271  114 7  -0.0021
 799   46.921  #727272  115 1  0.0014
 800   46.966  #727273  115 2  0.0010
 801   47.845  #737272  115 3  0.0185
 802   47.756  #737273  115 4  -0.0019
 803   47.976  #727372  115 5  0.0046
 804   47.868  #727373  115 6  -0.0023
 805   47.862  #737372  115 7  -0.0001
 806   47.994  #737373  116 1  0.0028
 807   47.864  #737374  116 2  -0.0027
 808   47.834  #747373  116 3  -0.0006
 809   48.846  #747374  116 4  0.0209
 810   48.861  #737473  116 5  0.0003
 811   48.889  #737474  116 6  0.0006
 812   48.859  #747473  116 7  -0.0006
 813   48.852  #747474  117 1  -0.0001
 814   48.928  #747475  117 2  0.0016
 815   48.772  #757474  117 3  -0.0032
 816   48.827  #757475  117 4  0.0011
 817   49.921  #747574  117 5  0.0222
 818   49.962  #747575  117 6  0.0008
 819   49.899  #757574  117 7  -0.0013
 820   49.910  #757575  118 1  0.0002
 821   49.938  #757576  118 2  0.0006
 822   49.827  #767575  118 3  -0.0022
 823   49.854  #767576  118 4  0.0005
 824   49.883  #757675  118 5  0.0006
 825   50.899  #757676  118 6  0.0202
 826   50.859  #767675  118 7  -0.0008
 827   50.883  #767676  119 1  0.0005
 828   50.877  #767677  119 2  -0.0001
 829   50.866  #777676  119 3  -0.0002
 830   50.759  #777677  119 4  -0.0021
 831   50.932  #767776  119 5  0.0034
 832   50.845  #767777  119 6  -0.0017
 833   51.765  #777776  119 7  0.0179
 834   51.866  #777777  120 1  0.0019
 835   51.865  #777778  120 2  -0.0000
 836   51.746  #787777  120 3  -0.0023
 837   51.791  #787778  120 4  0.0009
 838   51.803  #777877  120 5  0.0002
 839   51.859  #777878  120 6  0.0011
 840   51.814  #787877  120 7  -0.0009
 841   52.905  #787878  121 1  0.0208
 842   52.959  #787879  121 2  0.0010
 843   52.823  #797878  121 3  -0.0026
 844   52.849  #797879  121 4  0.0005
 845   52.904  #787978  121 5  0.0010
 846   52.931  #787979  121 6  0.0005
 847   52.867  #797978  121 7  -0.0012
 848   52.873  #797979  122 1  0.0001
 849   52.927  #79797a  122 2  0.0010
 850   53.884  #7a7979  122 3  0.0179
 851   53.779  #7a797a  122 4  -0.0020
 852   54.044  #797a79  122 5  0.0049
 853   53.925  #797a7a  122 6  -0.0022
 854   53.869  #7a7a79  122 7  -0.0010
 855   54.037  #7a7a7a  123 1  0.0031
 856   53.893  #7a7a7b  123 2  -0.0027
 857   53.840  #7b7a7a  123 3  -0.0010
 858   54.921  #7b7a7b  123 4  0.0199
 859   54.978  #7a7b7a  123 5  0.0010
 860   55.013  #7a7b7b  123 6  0.0006
 861   54.884  #7b7b7a  123 7  -0.0023
 862   54.965  #7b7b7b  124 1  0.0015
 863   55.003  #7b7b7c  124 2  0.0007
 864   54.851  #7c7b7b  124 3  -0.0028
 865   54.907  #7c7b7c  124 4  0.0010
 866   56.124  #7b7c7b  124 5  0.0219
 867   56.145  #7b7c7c  124 6  0.0004
 868   56.117  #7c7c7b  124 7  -0.0005
 869   56.113  #7c7c7c  125 1  -0.0001
 870   56.110  #7c7c7d  125 2  -0.0001
 871   56.003  #7d7c7c  125 3  -0.0019
 872   55.998  #7d7c7d  125 4  -0.0001
 873   56.083  #7c7d7c  125 5  0.0015
 874   56.123  #7c7d7d  125 6  0.0007
 875   57.356  #7d7d7c  125 7  0.0217
 876   57.188  #7d7d7d  126 1  -0.0029
 877   57.182  #7d7d7e  126 2  -0.0001
 878   57.150  #7e7d7d  126 3  -0.0006
 879   56.999  #7e7d7e  126 4  -0.0026
 880   57.347  #7d7e7d  126 5  0.0061
 881   57.167  #7d7e7e  126 6  -0.0031
 882   57.142  #7e7e7d  126 7  -0.0004
 883   58.354  #7e7e7e  127 1  0.0210
 884   58.356  #7e7e7f  127 2  0.0000
 885   58.230  #7f7e7e  127 3  -0.0022
 886   58.228  #7f7e7f  127 4  -0.0000
 887   58.358  #7e7f7e  127 5  0.0022
 888   58.357  #7e7f7f  127 6  -0.0000
 889   58.220  #7f7f7e  127 7  -0.0024
 890   58.351  #7f7f7f  128 1  0.0022
 891   59.684  #7f7f80  128 2  0.0226
 892   59.565  #807f7f  128 3  -0.0020
 893   59.577  #807f80  128 4  0.0002
 894   59.634  #7f807f  128 5  0.0010
 895   59.676  #7f8080  128 6  0.0007
 896   59.529  #80807f  128 7  -0.0025
 897   59.621  #808080  129 1  0.0015
 898   59.658  #808081  129 2  0.0006
 899   60.813  #818080  129 3  0.0192
 900   60.640  #818081  129 4  -0.0028
 901   60.959  #808180  129 5  0.0052
 902   60.794  #808181  129 6  -0.0027
 903   60.786  #818180  129 7  -0.0001
 904   60.943  #818181  130 1  0.0026
 905   60.785  #818182  130 2  -0.0026
 906   60.775  #828181  130 3  -0.0002
 907   62.002  #828182  130 4  0.0200
 908   62.044  #818281  130 5  0.0007
 909   62.077  #818282  130 6  0.0005
 910   61.958  #828281  130 7  -0.0019
 911   62.040  #828282  131 1  0.0013
 912   62.065  #828283  131 2  0.0004
 913   61.930  #838282  131 3  -0.0022
 914   61.934  #838283  131 4  0.0001
 915   63.532  #828382  131 5  0.0255
 916   63.576  #828383  131 6  0.0007
 917   63.390  #838382  131 7  -0.0029
 918   63.455  #838383  132 1  0.0010
 919   63.550  #838384  132 2  0.0015
 920   63.375  #848383  132 3  -0.0028
 921   63.440  #848384  132 4  0.0010
 922   63.493  #838483  132 5  0.0008
 923   64.752  #838484  132 6  0.0196
 924   64.721  #848483  132 7  -0.0005
 925   64.870  #848484  133 1  0.0023
 926   64.735  #848485  133 2  -0.0021
 927   64.707  #858484  133 3  -0.0004
 928   64.552  #858485  133 4  -0.0024
 929   64.860  #848584  133 5  0.0048
 930   64.686  #848585  133 6  -0.0027
 931   65.921  #858584  133 7  0.0189
 932   66.037  #858585  134 1  0.0018
 933   66.080  #858586  134 2  0.0007
 934   65.927  #868585  134 3  -0.0023
 935   65.966  #868586  134 4  0.0006
 936   65.993  #858685  134 5  0.0004
 937   66.067  #858686  134 6  0.0011
 938   65.912  #868685  134 7  -0.0023
 939   66.058  #868686  135 1  0.0022
 940   67.287  #868687  135 2  0.0184
 941   67.258  #878686  135 3  -0.0004
 942   67.105  #878687  135 4  -0.0023
 943   67.400  #868786  135 5  0.0044
 944   67.275  #868787  135 6  -0.0019
 945   67.230  #878786  135 7  -0.0007
 946   67.066  #878787  136 1  -0.0024
 947   67.246  #878788  136 2  0.0027
 948   68.695  #888787  136 3  0.0213
 949   68.535  #888788  136 4  -0.0023
 950   68.894  #878887  136 5  0.0052
 951   68.708  #878888  136 6  -0.0027
 952   68.675  #888887  136 7  -0.0005
 953   68.869  #888888  137 1  0.0028
 954   68.725  #888889  137 2  -0.0021
 955   68.672  #898888  137 3  -0.0008
 956   70.000  #898889  137 4  0.0192
 957   70.058  #888988  137 5  0.0008
 958   70.097  #888989  137 6  0.0006
 959   69.928  #898988  137 7  -0.0024
 960   70.079  #898989  138 1  0.0022
 961   70.095  #89898a  138 2  0.0002
 962   69.914  #8a8989  138 3  -0.0026
 963   69.955  #8a898a  138 4  0.0006
 964   71.552  #898a89  138 5  0.0226
 965   71.401  #898a8a  138 6  -0.0021
 966   71.372  #8a8a89  138 7  -0.0004
 967   71.536  #8a8a8a  139 1  0.0023
 968   71.397  #8a8a8b  139 2  -0.0019
 969   71.324  #8b8a8a  139 3  -0.0010
 970   71.191  #8b8a8b  139 4  -0.0019
 971   71.524  #8a8b8a  139 5  0.0047
 972   71.343  #8a8b8b  139 6  -0.0025
 973   72.854  #8b8b8a  139 7  0.0210
 974   72.673  #8b8b8b  140 1  -0.0025
 975   72.861  #8b8b8c  140 2  0.0026
 976   72.831  #8c8b8b  140 3  -0.0004
 977   72.669  #8c8b8c  140 4  -0.0022
 978   73.008  #8b8c8b  140 5  0.0047
 979   72.866  #8b8c8c  140 6  -0.0019
 980   74.161  #8c8c8b  140 7  0.0176
 981   74.290  #8c8c8c  141 1  0.0017
 982   74.343  #8c8c8d  141 2  0.0007
 983   74.143  #8d8c8c  141 3  -0.0027
 984   74.186  #8d8c8d  141 4  0.0006
 985   74.258  #8c8d8c  141 5  0.0010
 986   74.306  #8c8d8d  141 6  0.0006
 987   74.116  #8d8d8c  141 7  -0.0026
 988   74.214  #8d8d8d  142 1  0.0013
 989   75.645  #8d8d8e  142 2  0.0191
 990   75.599  #8e8d8d  142 3  -0.0006
 991   75.455  #8e8d8e  142 4  -0.0019
 992   75.798  #8d8e8d  142 5  0.0045
 993   75.619  #8d8e8e  142 6  -0.0024
 994   75.573  #8e8e8d  142 7  -0.0006
 995   75.617  #8e8e8e  143 1  0.0006
 996   75.617  #8e8e8f  143 2  0.0000
 997   77.182  #8f8e8e  143 3  0.0205
 998   77.018  #8f8e8f  143 4  -0.0021
 999   77.365  #8e8f8e  143 5  0.0045
1000   77.192  #8e8f8f  143 6  -0.0022
1001   77.150  #8f8f8e  143 7  -0.0005
1002   76.972  #8f8f8f  144 1  -0.0023
1003   77.164  #8f8f90  144 2  0.0025
1004   77.127  #908f8f  144 3  -0.0005
1005   78.579  #908f90  144 4  0.0187
1006   78.634  #8f908f  144 5  0.0007
1007   78.679  #8f9090  144 6  0.0006
1008   78.488  #90908f  144 7  -0.0024
1009   78.632  #909090  145 1  0.0018
1010   78.673  #909091  145 2  0.0005
1011   78.487  #919090  145 3  -0.0024
1012   78.530  #919091  145 4  0.0005
1013   80.273  #909190  145 5  0.0220
1014   80.069  #909191  145 6  -0.0025
1015   80.036  #919190  145 7  -0.0004
1016   80.272  #919191  146 1  0.0029
1017   80.073  #919192  146 2  -0.0025
1018   80.011  #929191  146 3  -0.0008
1019   79.824  #929192  146 4  -0.0023
1020   80.216  #919291  146 5  0.0049
1021   81.761  #919292  146 6  0.0191
1022   81.731  #929291  146 7  -0.0004
1023   81.931  #929292  147 1  0.0024
1024   81.759  #929293  147 2  -0.0021
1025   81.729  #939292  147 3  -0.0004
1026   81.539  #939293  147 4  -0.0023
1027   81.897  #929392  147 5  0.0044
1028   81.730  #929393  147 6  -0.0020
1029   83.162  #939392  147 7  0.0174
1030   83.142  #939393  148 1  -0.0002
1031   83.317  #939394  148 2  0.0021
1032   83.131  #949393  148 3  -0.0022
1033   83.204  #949394  148 4  0.0009
1034   83.255  #939493  148 5  0.0006
1035   83.315  #939494  148 6  0.0007
1036   83.125  #949493  148 7  -0.0023
1037   84.927  #949494  149 1  0.0214
1038   84.743  #949495  149 2  -0.0022
1039   84.671  #959494  149 3  -0.0008
1040   84.518  #959495  149 4  -0.0018
1041   84.918  #949594  149 5  0.0047
1042   84.717  #949595  149 6  -0.0024
1043   84.695  #959594  149 7  -0.0003
1044   84.884  #959595  150 1  0.0022
1045   84.702  #959596  150 2  -0.0021
1046   86.384  #969595  150 3  0.0197
1047   86.231  #969596  150 4  -0.0018
1048   86.568  #959695  150 5  0.0039
1049   86.415  #959696  150 6  -0.0018
1050   86.356  #969695  150 7  -0.0007
1051   86.384  #969696  151 1  0.0003
1052   86.397  #969697  151 2  0.0002
1053   86.349  #979696  151 3  -0.0006
1054   87.875  #979697  151 4  0.0175
1055   87.954  #969796  151 5  0.0009
1056   87.997  #969797  151 6  0.0005
1057   87.798  #979796  151 7  -0.0023
1058   87.834  #979797  152 1  0.0004
1059   87.962  #979798  152 2  0.0015
1060   87.766  #989797  152 3  -0.0022
1061   87.829  #989798  152 4  0.0007
1062   89.835  #979897  152 5  0.0226
1063   89.627  #979898  152 6  -0.0023
1064   89.532  #989897  152 7  -0.0011
1065   89.799  #989898  153 1  0.0030
1066   89.577  #989899  153 2  -0.0025
1067   89.559  #999898  153 3  -0.0002
1068   89.344  #999899  153 4  -0.0024
1069   89.767  #989998  153 5  0.0047
1070   91.267  #989999  153 6  0.0166
1071   91.084  #999998  153 7  -0.0020
1072   91.214  #999999  154 1  0.0014
1073   91.286  #99999a  154 2  0.0008
1074   91.069  #9a9999  154 3  -0.0024
1075   91.127  #9a999a  154 4  0.0006
1076   91.198  #999a99  154 5  0.0008
1077   91.265  #999a9a  154 6  0.0007
1078   92.852  #9a9a99  154 7  0.0172
1079   92.977  #9a9a9a  155 1  0.0013
1080   93.059  #9a9a9b  155 2  0.0009
1081   92.818  #9b9a9a  155 3  -0.0026
1082   92.907  #9b9a9b  155 4  0.0010
1083   92.947  #9a9b9a  155 5  0.0004
1084   93.036  #9a9b9b  155 6  0.0010
1085   92.806  #9b9b9a  155 7  -0.0025
1086   92.796  #9b9b9b  156 1  -0.0001
1087   94.532  #9b9b9c  156 2  0.0185
1088   94.487  #9c9b9b  156 3  -0.0005
1089   94.313  #9c9b9c  156 4  -0.0018
1090   94.709  #9b9c9b  156 5  0.0042
1091   94.510  #9b9c9c  156 6  -0.0021
1092   94.474  #9c9c9b  156 7  -0.0004
1093   94.524  #9c9c9c  157 1  0.0005
1094   94.505  #9c9c9d  157 2  -0.0002
1095   96.051  #9d9c9c  157 3  0.0162
1096   96.110  #9d9c9d  157 4  0.0006
1097   96.183  #9c9d9c  157 5  0.0008
1098   96.224  #9c9d9d  157 6  0.0004
1099   96.053  #9d9d9c  157 7  -0.0018
1100   96.211  #9d9d9d  158 1  0.0016
1101   96.189  #9d9d9e  158 2  -0.0002
1102   96.004  #9e9d9d  158 3  -0.0019
1103   97.838  #9e9d9e  158 4  0.0189
1104   97.934  #9d9e9d  158 5  0.0010
1105   98.022  #9d9e9e  158 6  0.0009
1106   97.790  #9e9e9d  158 7  -0.0024
1107   97.997  #9e9e9e  159 1  0.0021
1108   98.003  #9e9e9f  159 2  0.0001
1109   97.772  #9f9e9e  159 3  -0.0024
1110   97.837  #9f9e9f  159 4  0.0007
1111   99.874  #9e9f9e  159 5  0.0206
1112   99.702  #9e9f9f  159 6  -0.0017
1113   99.644  #9f9f9e  159 7  -0.0006
1114   99.424  #9f9f9f  160 1  -0.0022
1115   99.681  #9f9fa0  160 2  0.0026
1116   99.604  #a09f9f  160 3  -0.0008
1117   99.401  #a09fa0  160 4  -0.0020
1118   99.818  #9fa09f  160 5  0.0042
1119  101.370  #9fa0a0  160 6  0.0154
1120  101.160  #a0a09f  160 7  -0.0021
1121  101.280  #a0a0a0  161 1  0.0012
1122  101.370  #a0a0a1  161 2  0.0009
1123  101.140  #a1a0a0  161 3  -0.0023
1124  101.220  #a1a0a1  161 4  0.0008
1125  101.270  #a0a1a0  161 5  0.0005
1126  101.380  #a0a1a1  161 6  0.0011
1127  103.010  #a1a1a0  161 7  0.0159
1128  103.220  #a1a1a1  162 1  0.0020
1129  103.220  #a1a1a2  162 2  0.0000
1130  102.990  #a2a1a1  162 3  -0.0022
1131  103.080  #a2a1a2  162 4  0.0009
1132  103.100  #a1a2a1  162 5  0.0002
1133  103.200  #a1a2a2  162 6  0.0010
1134  102.970  #a2a2a1  162 7  -0.0022
1135  104.550  #a2a2a2  163 1  0.0152
1136  104.780  #a2a2a3  163 2  0.0022
1137  104.690  #a3a2a2  163 3  -0.0009
1138  104.540  #a3a2a3  163 4  -0.0014
1139  104.930  #a2a3a2  163 5  0.0037
1140  104.750  #a2a3a3  163 6  -0.0017
1141  104.710  #a3a3a2  163 7  -0.0004
1142  104.510  #a3a3a3  164 1  -0.0019
1143  104.730  #a3a3a4  164 2  0.0021
1144  106.350  #a4a3a3  164 3  0.0153
1145  106.430  #a4a3a4  164 4  0.0008
1146  106.480  #a3a4a3  164 5  0.0005
1147  106.560  #a3a4a4  164 6  0.0008
1148  106.280  #a4a4a3  164 7  -0.0026
1149  106.550  #a4a4a4  165 1  0.0025
1150  106.530  #a4a4a5  165 2  -0.0002
1151  108.290  #a5a4a4  165 3  0.0164
1152  108.350  #a5a4a5  165 4  0.0006
1153  108.430  #a4a5a4  165 5  0.0007
1154  108.490  #a4a5a5  165 6  0.0006
1155  108.250  #a5a5a4  165 7  -0.0022
1156  108.480  #a5a5a5  166 1  0.0021
1157  108.440  #a5a5a6  166 2  -0.0004
1158  108.240  #a6a5a5  166 3  -0.0018
1159  108.290  #a6a5a6  166 4  0.0005
1160  110.300  #a5a6a5  166 5  0.0184
1161  110.100  #a5a6a6  166 6  -0.0018
1162  110.030  #a6a6a5  166 7  -0.0006
1163  109.860  #a6a6a6  167 1  -0.0015
1164  110.090  #a6a6a7  167 2  0.0021
1165  110.040  #a7a6a6  167 3  -0.0005
1166  109.850  #a7a6a7  167 4  -0.0017
1167  110.260  #a6a7a6  167 5  0.0037
1168  111.860  #a6a7a7  167 6  0.0144
1169  111.630  #a7a7a6  167 7  -0.0021
1170  111.710  #a7a7a7  168 1  0.0007
1171  111.890  #a7a7a8  168 2  0.0016
1172  111.610  #a8a7a7  168 3  -0.0025
1173  111.710  #a8a7a8  168 4  0.0009
1174  111.760  #a7a8a7  168 5  0.0004
1175  111.820  #a7a8a8  168 6  0.0005
1176  113.530  #a8a8a7  168 7  0.0152
1177  113.780  #a8a8a8  169 1  0.0022
1178  113.750  #a8a8a9  169 2  -0.0003
1179  113.520  #a9a8a8  169 3  -0.0020
1180  113.600  #a9a8a9  169 4  0.0007
1181  113.660  #a8a9a8  169 5  0.0005
1182  113.720  #a8a9a9  169 6  0.0005
1183  113.480  #a9a9a8  169 7  -0.0021
1184  115.370  #a9a9a9  170 1  0.0165
1185  115.370  #a9a9aa  170 2  0.0000
1186  115.300  #aaa9a9  170 3  -0.0006
1187  115.070  #aaa9aa  170 4  -0.0020
1188  115.540  #a9aaa9  170 5  0.0041
1189  115.330  #a9aaaa  170 6  -0.0018
1190  115.250  #aaaaa9  170 7  -0.0007
1191  115.090  #aaaaaa  171 1  -0.0014
1192  115.320  #aaaaab  171 2  0.0020
1193  117.030  #abaaaa  171 3  0.0147
1194  117.110  #abaaab  171 4  0.0007
1195  117.190  #aaabaa  171 5  0.0007
1196  117.250  #aaabab  171 6  0.0005
1197  116.990  #ababaa  171 7  -0.0022
1198  117.100  #ababab  172 1  0.0009
1199  117.230  #ababac  172 2  0.0011
1200  116.970  #acabab  172 3  -0.0022
1201  118.610  #acabac  172 4  0.0139
1202  119.080  #abacab  172 5  0.0040
1203  118.880  #abacac  172 6  -0.0017
1204  118.820  #acacab  172 7  -0.0005
1205  118.860  #acacac  173 1  0.0003
1206  118.840  #acacad  173 2  -0.0002
1207  118.780  #adacac  173 3  -0.0005
1208  118.590  #adacad  173 4  -0.0016
1209  120.990  #acadac  173 5  0.0200
1210  120.820  #acadad  173 6  -0.0014
1211  120.730  #adadac  173 7  -0.0007
1212  120.780  #adadad  174 1  0.0004
1213  120.780  #adadae  174 2  0.0000
1214  120.690  #aeadad  174 3  -0.0007
1215  120.500  #aeadae  174 4  -0.0016
1216  120.930  #adaead  174 5  0.0036
1217  122.650  #adaeae  174 6  0.0141
1218  122.370  #aeaead  174 7  -0.0023
1219  122.440  #aeaeae  175 1  0.0006
1220  122.580  #aeaeaf  175 2  0.0011
1221  122.330  #afaeae  175 3  -0.0020
1222  122.410  #afaeaf  175 4  0.0007
1223  122.460  #aeafae  175 5  0.0004
1224  122.520  #aeafaf  175 6  0.0005
1225  124.230  #afafae  175 7  0.0139
1226  124.030  #afafaf  176 1  -0.0016
1227  124.270  #afafb0  176 2  0.0019
1228  124.180  #b0afaf  176 3  -0.0007
1229  123.970  #b0afb0  176 4  -0.0017
1230  124.420  #afb0af  176 5  0.0036
1231  124.210  #afb0b0  176 6  -0.0017
1232  124.120  #b0b0af  176 7  -0.0007
1233  126.250  #b0b0b0  177 1  0.0170
1234  126.250  #b0b0b1  177 2  0.0000
1235  126.210  #b1b0b0  177 3  -0.0003
1236  125.980  #b1b0b1  177 4  -0.0018
1237  126.420  #b0b1b0  177 5  0.0035
1238  126.200  #b0b1b1  177 6  -0.0017
1239  126.130  #b1b1b0  177 7  -0.0006
1240  126.190  #b1b1b1  178 1  0.0005
1241  128.120  #b1b1b2  178 2  0.0152
1242  127.860  #b2b1b1  178 3  -0.0020
1243  127.980  #b2b1b2  178 4  0.0009
1244  127.980  #b1b2b1  178 5  0.0000
1245  128.090  #b1b2b2  178 6  0.0009
1246  127.820  #b2b2b1  178 7  -0.0021
1247  127.900  #b2b2b2  179 1  0.0006
1248  128.080  #b2b2b3  179 2  0.0014
1249  129.680  #b3b2b2  179 3  0.0124
1250  129.530  #b3b2b3  179 4  -0.0012
1251  129.930  #b2b3b2  179 5  0.0031
1252  129.730  #b2b3b3  179 6  -0.0015
1253  129.650  #b3b3b2  179 7  -0.0006
1254  129.480  #b3b3b3  180 1  -0.0013
1255  129.720  #b3b3b4  180 2  0.0019
1256  129.610  #b4b3b3  180 3  -0.0008
1257  129.460  #b4b3b4  180 4  -0.0012
1258  131.870  #b3b4b3  180 5  0.0184
1259  131.700  #b3b4b4  180 6  -0.0013
1260  131.610  #b4b4b3  180 7  -0.0007
1261  131.690  #b4b4b4  181 1  0.0006
1262  131.680  #b4b4b5  181 2  -0.0001
1263  131.600  #b5b4b4  181 3  -0.0006
1264  131.380  #b5b4b5  181 4  -0.0017
1265  133.490  #b4b5b4  181 5  0.0159
1266  133.580  #b4b5b5  181 6  0.0007
1267  133.290  #b5b5b4  181 7  -0.0022
1268  133.500  #b5b5b5  182 1  0.0016
1269  133.500  #b5b5b6  182 2  0.0000
1270  133.250  #b6b5b5  182 3  -0.0019
1271  133.320  #b6b5b6  182 4  0.0005
1272  133.380  #b5b6b5  182 5  0.0004
1273  133.460  #b5b6b6  182 6  0.0006
1274  135.220  #b6b6b5  182 7  0.0131
1275  135.010  #b6b6b6  183 1  -0.0016
1276  135.270  #b6b6b7  183 2  0.0019
1277  135.180  #b7b6b6  183 3  -0.0007
1278  135.000  #b7b6b7  183 4  -0.0013
1279  135.420  #b6b7b6  183 5  0.0031
1280  135.240  #b6b7b7  183 6  -0.0013
1281  135.160  #b7b7b6  183 7  -0.0006
1282  136.950  #b7b7b7  184 1  0.0132
1283  137.190  #b7b7b8  184 2  0.0018
1284  137.080  #b8b7b7  184 3  -0.0008
1285  136.940  #b8b7b8  184 4  -0.0010
1286  137.370  #b7b8b7  184 5  0.0031
1287  137.160  #b7b8b8  184 6  -0.0015
1288  137.070  #b8b8b7  184 7  -0.0007
1289  137.130  #b8b8b8  185 1  0.0004
1290  139.060  #b8b8b9  185 2  0.0140
1291  138.810  #b9b8b8  185 3  -0.0018
1292  138.850  #b9b8b9  185 4  0.0003
1293  138.940  #b8b9b8  185 5  0.0006
1294  139.010  #b8b9b9  185 6  0.0005
1295  138.760  #b9b9b8  185 7  -0.0018
1296  139.040  #b9b9b9  186 1  0.0020
1297  139.020  #b9b9ba  186 2  -0.0001
1298  140.630  #bab9b9  186 3  0.0115
1299  140.460  #bab9ba  186 4  -0.0012
1300  140.900  #b9bab9  186 5  0.0031
1301  140.680  #b9baba  186 6  -0.0016
1302  140.580  #babab9  186 7  -0.0007
1303  140.390  #bababa  187 1  -0.0014
1304  140.640  #bababb  187 2  0.0018
1305  140.560  #bbbaba  187 3  -0.0006
1306  140.350  #bbbabb  187 4  -0.0015
1307  142.690  #babbba  187 5  0.0165
1308  142.510  #babbbb  187 6  -0.0013
1309  142.430  #bbbbba  187 7  -0.0006
1310  142.240  #bbbbbb  188 1  -0.0013
1311  142.490  #bbbbbc  188 2  0.0018
1312  142.410  #bcbbbb  188 3  -0.0006
1313  142.250  #bcbbbc  188 4  -0.0011
1314  142.660  #bbbcbb  188 5  0.0029
1315  144.410  #bbbcbc  188 6  0.0122
1316  144.130  #bcbcbb  188 7  -0.0019
1317  144.380  #bcbcbc  189 1  0.0017
1318  144.330  #bcbcbd  189 2  -0.0003
1319  144.110  #bdbcbc  189 3  -0.0015
1320  144.190  #bdbcbd  189 4  0.0006
1321  144.220  #bcbdbc  189 5  0.0002
1322  144.320  #bcbdbd  189 6  0.0007
1323  146.020  #bdbdbc  189 7  0.0117
1324  146.070  #bdbdbd  190 1  0.0003
1325  146.060  #bdbdbe  190 2  -0.0001
1326  146.010  #bebdbd  190 3  -0.0003
1327  145.820  #bebdbe  190 4  -0.0013
1328  146.190  #bdbebd  190 5  0.0025
1329  146.050  #bdbebe  190 6  -0.0010
1330  145.950  #bebebd  190 7  -0.0007
1331  147.710  #bebebe  191 1  0.0120
1332  147.850  #bebebf  191 2  0.0009
1333  147.580  #bfbebe  191 3  -0.0018
1334  147.660  #bfbebf  191 4  0.0005
1335  147.760  #bebfbe  191 5  0.0007
1336  147.820  #bebfbf  191 6  0.0004
1337  147.540  #bfbfbe  191 7  -0.0019
1338  147.640  #bfbfbf  192 1  0.0007
1339  147.780  #bfbfc0  192 2  0.0009
1340  149.530  #c0bfbf  192 3  0.0118
1341  149.610  #c0bfc0  192 4  0.0005
1342  149.740  #bfc0bf  192 5  0.0009
1343  149.800  #bfc0c0  192 6  0.0004
1344  149.470  #c0c0bf  192 7  -0.0022
1345  149.730  #c0c0c0  193 1  0.0017
1346  149.760  #c0c0c1  193 2  0.0002
1347  151.430  #c1c0c0  193 3  0.0111
1348  151.270  #c1c0c1  193 4  -0.0011
1349  151.730  #c0c1c0  193 5  0.0030
1350  151.500  #c0c1c1  193 6  -0.0015
1351  151.430  #c1c1c0  193 7  -0.0005
1352  151.220  #c1c1c1  194 1  -0.0014
1353  151.460  #c1c1c2  194 2  0.0016
1354  151.400  #c2c1c1  194 3  -0.0004
1355  153.260  #c2c1c2  194 4  0.0122
1356  153.420  #c1c2c1  194 5  0.0010
1357  153.500  #c1c2c2  194 6  0.0005
1358  153.170  #c2c2c1  194 7  -0.0022
1359  153.230  #c2c2c2  195 1  0.0004
1360  153.430  #c2c2c3  195 2  0.0013
1361  153.140  #c3c2c2  195 3  -0.0019
1362  153.220  #c3c2c3  195 4  0.0005
1363  155.480  #c2c3c2  195 5  0.0146
1364  155.530  #c2c3c3  195 6  0.0003
1365  155.300  #c3c3c2  195 7  -0.0015
1366  155.340  #c3c3c3  196 1  0.0003
1367  155.540  #c3c3c4  196 2  0.0013
1368  155.240  #c4c3c3  196 3  -0.0019
1369  155.330  #c4c3c4  196 4  0.0006
1370  155.450  #c3c4c3  196 5  0.0008
1371  155.520  #c3c4c4  196 6  0.0005
1372  157.320  #c4c4c3  196 7  0.0115
1373  157.390  #c4c4c4  197 1  0.0004
1374  157.350  #c4c4c5  197 2  -0.0003
1375  157.260  #c5c4c4  197 3  -0.0006
1376  157.050  #c5c4c5  197 4  -0.0013
1377  157.570  #c4c5c4  197 5  0.0033
1378  157.280  #c4c5c5  197 6  -0.0018
1379  157.280  #c5c5c4  197 7  0.0000
1380  159.190  #c5c5c5  198 1  0.0121
1381  159.380  #c5c5c6  198 2  0.0012
1382  159.140  #c6c5c5  198 3  -0.0015
1383  159.160  #c6c5c6  198 4  0.0001
1384  159.300  #c5c6c5  198 5  0.0009
1385  159.370  #c5c6c6  198 6  0.0004
1386  159.080  #c6c6c5  198 7  -0.0018
1387  159.110  #c6c6c6  199 1  0.0002
1388  159.310  #c6c6c7  199 2  0.0013
1389  161.340  #c7c6c6  199 3  0.0127
1390  161.380  #c7c6c7  199 4  0.0002
1391  161.520  #c6c7c6  199 5  0.0009
1392  161.570  #c6c7c7  199 6  0.0003
1393  161.300  #c7c7c6  199 7  -0.0017
1394  161.380  #c7c7c7  200 1  0.0005
1395  161.550  #c7c7c8  200 2  0.0011
1396  163.320  #c8c7c7  200 3  0.0109
1397  163.090  #c8c7c8  200 4  -0.0014
1398  163.630  #c7c8c7  200 5  0.0033
1399  163.360  #c7c8c8  200 6  -0.0017
1400  163.320  #c8c8c7  200 7  -0.0002
1401  163.370  #c8c8c8  201 1  0.0003
1402  163.360  #c8c8c9  201 2  -0.0001
1403  163.280  #c9c8c8  201 3  -0.0005
1404  163.060  #c9c8c9  201 4  -0.0013
1405  165.440  #c8c9c8  201 5  0.0145
1406  165.500  #c8c9c9  201 6  0.0004
1407  165.220  #c9c9c8  201 7  -0.0017
1408  165.280  #c9c9c9  202 1  0.0004
1409  165.460  #c9c9ca  202 2  0.0011
1410  165.200  #cac9c9  202 3  -0.0016
1411  165.280  #cac9ca  202 4  0.0005
1412  165.390  #c9cac9  202 5  0.0007
1413  168.040  #c9caca  202 6  0.0159
1414  167.730  #cacac9  202 7  -0.0018
1415  167.810  #cacaca  203 1  0.0005
1416  168.030  #cacacb  203 2  0.0013
1417  167.680  #cbcaca  203 3  -0.0021
1418  167.760  #cbcacb  203 4  0.0005
1419  167.880  #cacbca  203 5  0.0007
1420  167.960  #cacbcb  203 6  0.0005
1421  169.960  #cbcbca  203 7  0.0118
1422  169.760  #cbcbcb  204 1  -0.0012
1423  170.010  #cbcbcc  204 2  0.0015
1424  169.930  #cccbcb  204 3  -0.0005
1425  169.730  #cccbcc  204 4  -0.0012
1426  170.200  #cbcccb  204 5  0.0028
1427  170.010  #cbcccc  204 6  -0.0011
1428  169.890  #cccccb  204 7  -0.0007
1429  172.110  #cccccc  205 1  0.0130
1430  172.100  #cccccd  205 2  -0.0001
1431  171.790  #cdcccc  205 3  -0.0018
1432  171.870  #cdcccd  205 4  0.0005
1433  171.950  #cccdcc  205 5  0.0005
1434  172.050  #cccdcd  205 6  0.0006
1435  171.750  #cdcdcc  205 7  -0.0017
1436  171.820  #cdcdcd  206 1  0.0004
1437  174.260  #cdcdce  206 2  0.0141
1438  173.950  #cecdcd  206 3  -0.0018
1439  174.030  #cecdce  206 4  0.0005
1440  174.150  #cdcecd  206 5  0.0007
1441  174.230  #cdcece  206 6  0.0005
1442  173.920  #cececd  206 7  -0.0018
1443  174.040  #cecece  207 1  0.0007
1444  174.220  #cececf  207 2  0.0010
1445  176.080  #cfcece  207 3  0.0106
1446  175.890  #cfcecf  207 4  -0.0011
1447  176.330  #cecfce  207 5  0.0025
1448  176.150  #cecfcf  207 6  -0.0010
1449  176.040  #cfcfce  207 7  -0.0006
1450  175.830  #cfcfcf  208 1  -0.0012
1451  176.130  #cfcfd0  208 2  0.0017
1452  176.010  #d0cfcf  208 3  -0.0007
1453  175.840  #d0cfd0  208 4  -0.0010
1454  178.100  #cfd0cf  208 5  0.0128
1455  178.180  #cfd0d0  208 6  0.0004
1456  177.900  #d0d0cf  208 7  -0.0016
1457  178.180  #d0d0d0  209 1  0.0016
1458  178.190  #d0d0d1  209 2  0.0001
1459  177.840  #d1d0d0  209 3  -0.0020
1460  177.970  #d1d0d1  209 4  0.0007
1461  180.340  #d0d1d0  209 5  0.0132
1462  180.100  #d0d1d1  209 6  -0.0013
1463  180.020  #d1d1d0  209 7  -0.0004
1464  179.770  #d1d1d1  210 1  -0.0014
1465  180.060  #d1d1d2  210 2  0.0016
1466  179.980  #d2d1d1  210 3  -0.0004
1467  179.750  #d2d1d2  210 4  -0.0013
1468  180.280  #d1d2d1  210 5  0.0029
1469  180.070  #d1d2d2  210 6  -0.0012
1470  182.250  #d2d2d1  210 7  0.0120
1471  182.010  #d2d2d2  211 1  -0.0013
1472  182.310  #d2d2d3  211 2  0.0016
1473  182.240  #d3d2d2  211 3  -0.0004
1474  181.970  #d3d2d3  211 4  -0.0015
1475  182.510  #d2d3d2  211 5  0.0030
1476  182.300  #d2d3d3  211 6  -0.0012
1477  182.200  #d3d3d2  211 7  -0.0005
1478  184.230  #d3d3d3  212 1  0.0111
1479  184.450  #d3d3d4  212 2  0.0012
1480  184.120  #d4d3d3  212 3  -0.0018
1481  184.200  #d4d3d4  212 4  0.0004
1482  184.340  #d3d4d3  212 5  0.0008
1483  184.420  #d3d4d4  212 6  0.0004
1484  184.120  #d4d4d3  212 7  -0.0016
1485  184.390  #d4d4d4  213 1  0.0015
1486  186.370  #d4d4d5  213 2  0.0107
1487  186.300  #d5d4d4  213 3  -0.0004
1488  186.060  #d5d4d5  213 4  -0.0013
1489  186.550  #d4d5d4  213 5  0.0026
1490  186.330  #d4d5d5  213 6  -0.0012
1491  186.260  #d5d5d4  213 7  -0.0004
1492  186.030  #d5d5d5  214 1  -0.0012
1493  186.270  #d5d5d6  214 2  0.0013
1494  188.540  #d6d5d5  214 3  0.0121
1495  188.260  #d6d5d6  214 4  -0.0015
1496  188.830  #d5d6d5  214 5  0.0030
1497  188.640  #d5d6d6  214 6  -0.0010
1498  188.530  #d6d6d5  214 7  -0.0006
1499  188.270  #d6d6d6  215 1  -0.0014
1500  188.570  #d6d6d7  215 2  0.0016
1501  188.500  #d7d6d6  215 3  -0.0004
1502  188.230  #d7d6d7  215 4  -0.0014
1503  190.660  #d6d7d6  215 5  0.0128
1504  190.700  #d6d7d7  215 6  0.0002
1505  190.420  #d7d7d6  215 7  -0.0015
1506  190.460  #d7d7d7  216 1  0.0002
1507  190.660  #d7d7d8  216 2  0.0010
1508  190.380  #d8d7d7  216 3  -0.0015
1509  190.470  #d8d7d8  216 4  0.0005
1510  192.990  #d7d8d7  216 5  0.0131
1511  192.750  #d7d8d8  216 6  -0.0012
1512  192.650  #d8d8d7  216 7  -0.0005
1513  192.760  #d8d8d8  217 1  0.0006
1514  192.720  #d8d8d9  217 2  -0.0002
1515  192.600  #d9d8d8  217 3  -0.0006
1516  192.380  #d9d8d9  217 4  -0.0011
1517  192.930  #d8d9d8  217 5  0.0029
1518  192.700  #d8d9d9  217 6  -0.0012
1519  194.910  #d9d9d8  217 7  0.0114
1520  194.640  #d9d9d9  218 1  -0.0014
1521  194.960  #d9d9da  218 2  0.0016
1522  194.890  #dad9d9  218 3  -0.0004
1523  194.620  #dad9da  218 4  -0.0014
1524  195.190  #d9dad9  218 5  0.0029
1525  194.960  #d9dada  218 6  -0.0012
1526  194.870  #dadad9  218 7  -0.0005
1527  197.010  #dadada  219 1  0.0109
1528  197.190  #dadadb  219 2  0.0009
1529  196.910  #dbdada  219 3  -0.0014
1530  196.970  #dbdadb  219 4  0.0003
1531  197.090  #dadbda  219 5  0.0006
1532  197.150  #dadbdb  219 6  0.0003
1533  196.890  #dbdbda  219 7  -0.0013
1534  196.920  #dbdbdb  220 1  0.0002
1535  199.140  #dbdbdc  220 2  0.0112
1536  199.000  #dcdbdb  220 3  -0.0007
1537  198.780  #dcdbdc  220 4  -0.0011
1538  199.300  #dbdcdb  220 5  0.0026
1539  199.090  #dbdcdc  220 6  -0.0011
1540  199.020  #dcdcdb  220 7  -0.0004
1541  199.060  #dcdcdc  221 1  0.0002
1542  199.070  #dcdcdd  221 2  0.0001
1543  201.280  #dddcdc  221 3  0.0110
1544  201.050  #dddcdd  221 4  -0.0011
1545  201.590  #dcdddc  221 5  0.0027
1546  201.330  #dcdddd  221 6  -0.0013
1547  201.210  #dddddc  221 7  -0.0006
1548  201.010  #dddddd  222 1  -0.0010
1549  201.360  #ddddde  222 2  0.0017
1550  201.200  #dedddd  222 3  -0.0008
1551  203.300  #deddde  222 4  0.0104
1552  203.360  #dddedd  222 5  0.0003
1553  203.460  #dddede  222 6  0.0005
1554  203.140  #dededd  222 7  -0.0016
1555  203.230  #dedede  223 1  0.0004
1556  203.450  #dededf  223 2  0.0011
1557  203.120  #dfdede  223 3  -0.0016
1558  203.230  #dfdedf  223 4  0.0005
1559  205.590  #dedfde  223 5  0.0115
1560  205.360  #dedfdf  223 6  -0.0011
1561  205.270  #dfdfde  223 7  -0.0004
1562  205.040  #dfdfdf  224 1  -0.0011
1563  205.350  #dfdfe0  224 2  0.0015
1564  205.250  #e0dfdf  224 3  -0.0005
1565  205.030  #e0dfe0  224 4  -0.0011
1566  205.520  #dfe0df  224 5  0.0024
1567  205.340  #dfe0e0  224 6  -0.0009
1568  207.430  #e0e0df  224 7  0.0101
1569  207.230  #e0e0e0  225 1  -0.0010
1570  207.530  #e0e0e1  225 2  0.0014
1571  207.420  #e1e0e0  225 3  -0.0005
1572  207.190  #e1e0e1  225 4  -0.0011
1573  207.750  #e0e1e0  225 5  0.0027
1574  207.480  #e0e1e1  225 6  -0.0013
1575  209.740  #e1e1e0  225 7  0.0108
1576  209.820  #e1e1e1  226 1  0.0004
1577  210.090  #e1e1e2  226 2  0.0013
1578  209.680  #e2e1e1  226 3  -0.0020
1579  209.730  #e2e1e2  226 4  0.0002
1580  209.960  #e1e2e1  226 5  0.0011
1581  210.050  #e1e2e2  226 6  0.0004
1582  209.680  #e2e2e1  226 7  -0.0018
1583  209.770  #e2e2e2  227 1  0.0004
1584  211.690  #e2e2e3  227 2  0.0091
1585  211.870  #e3e2e2  227 3  0.0008
1586  211.650  #e3e2e3  227 4  -0.0010
1587  212.250  #e2e3e2  227 5  0.0028
1588  212.030  #e2e3e3  227 6  -0.0010
1589  211.910  #e3e3e2  227 7  -0.0006
1590  211.610  #e3e3e3  228 1  -0.0014
1591  211.680  #e3e3e4  228 2  0.0003
1592  213.870  #e4e3e3  228 3  0.0103
1593  213.970  #e4e3e4  228 4  0.0005
1594  214.160  #e3e4e3  228 5  0.0009
1595  214.220  #e3e4e4  228 6  0.0003
1596  213.870  #e4e4e3  228 7  -0.0016
1597  213.960  #e4e4e4  229 1  0.0004
1598  214.190  #e4e4e5  229 2  0.0011
1599  213.810  #e5e4e4  229 3  -0.0018
1600  216.230  #e5e4e5  229 4  0.0113
1601  216.420  #e4e5e4  229 5  0.0009
1602  216.530  #e4e5e5  229 6  0.0005
1603  216.150  #e5e5e4  229 7  -0.0018
1604  216.200  #e5e5e5  230 1  0.0002
1605  216.470  #e5e5e6  230 2  0.0012
1606  216.140  #e6e5e5  230 3  -0.0015
1607  216.210  #e6e5e6  230 4  0.0003
1608  218.830  #e5e6e5  230 5  0.0120
1609  218.510  #e5e6e6  230 6  -0.0015
1610  218.410  #e6e6e5  230 7  -0.0005
1611  218.160  #e6e6e6  231 1  -0.0011
1612  218.140  #e6e6e7  231 2  -0.0001
1613  218.120  #e7e6e6  231 3  -0.0001
1614  218.150  #e7e6e7  231 4  0.0001
1615  218.770  #e6e7e6  231 5  0.0028
1616  218.470  #e6e7e7  231 6  -0.0014
1617  220.480  #e7e7e6  231 7  0.0092
1618  220.490  #e7e7e7  232 1  0.0000
1619  220.460  #e7e7e8  232 2  -0.0001
1620  220.430  #e8e7e7  232 3  -0.0001
1621  220.440  #e8e7e8  232 4  0.0000
1622  220.700  #e7e8e7  232 5  0.0012
1623  220.710  #e7e8e8  232 6  0.0000
1624  222.810  #e8e8e7  232 7  0.0095
1625  222.850  #e8e8e8  233 1  0.0002
1626  223.140  #e8e8e9  233 2  0.0013
1627  222.790  #e9e8e8  233 3  -0.0016
1628  222.830  #e9e8e9  233 4  0.0002
1629  223.080  #e8e9e8  233 5  0.0011
1630  223.110  #e8e9e9  233 6  0.0001
1631  222.740  #e9e9e8  233 7  -0.0017
1632  222.780  #e9e9e9  234 1  0.0002
1633  225.120  #e9e9ea  234 2  0.0104
1634  225.020  #eae9e9  234 3  -0.0004
1635  224.780  #eae9ea  234 4  -0.0011
1636  225.380  #e9eae9  234 5  0.0027
1637  225.080  #e9eaea  234 6  -0.0013
1638  225.020  #eaeae9  234 7  -0.0003
1639  224.710  #eaeaea  235 1  -0.0014
1640  224.700  #eaeaeb  235 2  -0.0000
1641  227.060  #ebeaea  235 3  0.0104
1642  227.090  #ebeaeb  235 4  0.0001
1643  227.260  #eaebea  235 5  0.0007
1644  227.350  #eaebeb  235 6  0.0004
1645  227.010  #ebebea  235 7  -0.0015
1646  227.030  #ebebeb  236 1  0.0001
1647  227.020  #ebebec  236 2  -0.0000
1648  226.930  #ecebeb  236 3  -0.0004
1649  229.300  #ecebec  236 4  0.0104
1650  229.500  #ebeceb  236 5  0.0009
1651  229.570  #ebecec  236 6  0.0003
1652  229.240  #ececeb  236 7  -0.0014
1653  229.360  #ececec  237 1  0.0005
1654  229.530  #ececed  237 2  0.0007
1655  229.220  #edecec  237 3  -0.0014
1656  229.290  #edeced  237 4  0.0003
1657  231.760  #ecedec  237 5  0.0107
1658  231.550  #eceded  237 6  -0.0009
1659  231.390  #ededec  237 7  -0.0007
1660  231.150  #ededed  238 1  -0.0010
1661  231.520  #ededee  238 2  0.0016
1662  231.390  #eeeded  238 3  -0.0006
1663  231.120  #eeedee  238 4  -0.0012
1664  231.700  #edeeed  238 5  0.0025
1665  233.680  #edeeee  238 6  0.0085
1666  233.310  #eeeeed  238 7  -0.0016
1667  233.440  #eeeeee  239 1  0.0006
1668  233.400  #eeeeef  239 2  -0.0002
1669  233.370  #efeeee  239 3  -0.0001
1670  233.380  #efeeef  239 4  0.0000
1671  233.500  #eeefee  239 5  0.0005
1672  233.630  #eeefef  239 6  0.0006
1673  235.570  #efefee  239 7  0.0083
1674  235.630  #efefef  240 1  0.0003
1675  235.630  #efeff0  240 2  0.0000
1676  235.540  #f0efef  240 3  -0.0004
1677  235.610  #f0eff0  240 4  0.0003
1678  235.760  #eff0ef  240 5  0.0006
1679  235.890  #eff0f0  240 6  0.0006
1680  235.490  #f0f0ef  240 7  -0.0017
1681  237.440  #f0f0f0  241 1  0.0082
1682  237.840  #f0f0f1  241 2  0.0017
1683  237.660  #f1f0f0  241 3  -0.0008
1684  237.400  #f1f0f1  241 4  -0.0011
1685  238.000  #f0f1f0  241 5  0.0025
1686  237.780  #f0f1f1  241 6  -0.0009
1687  237.630  #f1f1f0  241 7  -0.0006
1688  237.320  #f1f1f1  242 1  -0.0013
1689  237.750  #f1f1f2  242 2  0.0018
1690  239.500  #f2f1f1  242 3  0.0073
1691  239.570  #f2f1f2  242 4  0.0003
1692  239.810  #f1f2f1  242 5  0.0010
1693  239.910  #f1f2f2  242 6  0.0004
1694  239.450  #f2f2f1  242 7  -0.0019
1695  239.560  #f2f2f2  243 1  0.0005
1696  239.530  #f2f2f3  243 2  -0.0001
1697  239.460  #f3f2f2  243 3  -0.0003
1698  241.860  #f3f2f3  243 4  0.0100
1699  242.110  #f2f3f2  243 5  0.0010
1700  242.180  #f2f3f3  243 6  0.0003
1701  241.830  #f3f3f2  243 7  -0.0014
1702  241.830  #f3f3f3  244 1  0.0000
1703  241.810  #f3f3f4  244 2  -0.0001
1704  241.770  #f4f3f3  244 3  -0.0002
1705  241.760  #f4f3f4  244 4  -0.0000
1706  244.460  #f3f4f3  244 5  0.0111
1707  244.200  #f3f4f4  244 6  -0.0011
1708  244.060  #f4f4f3  244 7  -0.0006
1709  243.760  #f4f4f4  245 1  -0.0012
1710  244.190  #f4f4f5  245 2  0.0018
1711  244.040  #f5f4f4  245 3  -0.0006
1712  243.730  #f5f4f5  245 4  -0.0013
1713  244.410  #f4f5f4  245 5  0.0028
1714  246.310  #f4f5f5  245 6  0.0077
1715  245.950  #f5f5f4  245 7  -0.0015
1716  246.000  #f5f5f5  246 1  0.0002
1717  246.310  #f5f5f6  246 2  0.0013
1718  245.960  #f6f5f5  246 3  -0.0014
1719  245.990  #f6f5f6  246 4  0.0001
1720  246.220  #f5f6f5  246 5  0.0009
1721  246.220  #f5f6f6  246 6  0.0000
1722  248.200  #f6f6f5  246 7  0.0080
1723  247.940  #f6f6f6  247 1  -0.0010
1724  247.900  #f6f6f7  247 2  -0.0002
1725  248.180  #f7f6f6  247 3  0.0011
1726  247.880  #f7f6f7  247 4  -0.0012
1727  248.380  #f6f7f6  247 5  0.0020
1728  248.230  #f6f7f7  247 6  -0.0006
1729  248.140  #f7f7f6  247 7  -0.0004
1730  247.860  #f7f7f7  248 1  -0.0011
1731  250.500  #f7f7f8  248 2  0.0106
1732  250.800  #f8f7f7  248 3  0.0012
1733  250.410  #f8f7f8  248 4  -0.0016
1734  250.980  #f7f8f7  248 5  0.0023
1735  250.900  #f7f8f8  248 6  -0.0003
1736  250.750  #f8f8f7  248 7  -0.0006
1737  250.380  #f8f8f8  249 1  -0.0015
1738  250.910  #f8f8f9  249 2  0.0021
1739  252.670  #f9f8f8  249 3  0.0070
1740  252.750  #f9f8f9  249 4  0.0003
1741  252.820  #f8f9f8  249 5  0.0003
1742  252.870  #f8f9f9  249 6  0.0002
1743  252.640  #f9f9f8  249 7  -0.0009
1744  252.650  #f9f9f9  250 1  0.0000
1745  252.840  #f9f9fa  250 2  0.0008
1746  252.630  #faf9f9  250 3  -0.0008
1747  254.570  #faf9fa  250 4  0.0076
1748  255.010  #f9faf9  250 5  0.0017
1749  254.830  #f9fafa  250 6  -0.0007
1750  254.720  #fafaf9  250 7  -0.0004
1751  254.460  #fafafa  251 1  -0.0010
1752  254.490  #fafafb  251 2  0.0001
1753  254.690  #fbfafa  251 3  0.0008
1754  254.430  #fbfafb  251 4  -0.0010
1755  258.270  #fafbfa  251 5  0.0150
1756  257.510  #fafbfb  251 6  -0.0029
1757  257.030  #fbfbfa  251 7  -0.0019
1758  256.370  #fbfbfb  252 1  -0.0026
1759  256.300  #fbfbfc  252 2  -0.0003
1760  256.310  #fcfbfb  252 3  0.0000
1761  256.360  #fcfbfc  252 4  0.0002
1762  258.220  #fbfcfb  252 5  0.0072
1763  261.680  #fbfcfc  252 6  0.0133
1764  260.510  #fcfcfb  252 7  -0.0045
1765  260.060  #fcfcfc  253 1  -0.0017
1766  261.720  #fcfcfd  253 2  0.0064
1767  260.400  #fdfcfc  253 3  -0.0051
1768  260.010  #fdfcfd  253 4  -0.0015
1769  262.180  #fcfdfc  253 5  0.0083
1770  261.590  #fcfdfd  253 6  -0.0023
1771  264.340  #fdfdfc  253 7  0.0105
1772  264.710  #fdfdfd  254 1  0.0014
1773  263.290  #fdfdfe  254 2  -0.0054
1774  264.280  #fefdfd  254 3  0.0038
1775  264.650  #fefdfe  254 4  0.0014
1776  262.930  #fdfefd  254 5  -0.0065
1777  263.270  #fdfefe  254 6  0.0013
1778  264.230  #fefefd  254 7  0.0036
1779  264.580  #fefefe  255 1  0.0013
1780  264.760  #fefeff  255 2  0.0007
1781  264.390  #fffefe  255 3  -0.0014
1782  264.770  #fffeff  255 4  0.0014
1783  264.140  #fefffe  255 5  -0.0024
1784  264.480  #feffff  255 6  0.0013
1785  264.360  #fffffe  255 7  -0.0005
1786  264.720  #ffffff  256 1  0.0014
