#  lumResponse - average luminance response
#  Display ID: GENERIC
#  1 files
#    45.7000 #ff0000
#   170.2000 #00ff00
#    17.7600 #0000ff
   1      0.2090  #000000    1   1 
   2      0.2080  #000001    1   2   -0.00480
   3      0.2090  #010000    1   3    0.00480
   4      0.2060  #010001    1   4   -0.01446
   5      0.2100  #000100    1   5    0.01923
   6      0.2070  #000101    1   6   -0.01439
   7      0.2080  #010100    1   7    0.00482
   8      0.2090  #010101    2   1    0.00480
   9      0.2100  #010102    2   2    0.00477
  10      0.2100  #020101    2   3    0.00000
  11      0.2110  #020102    2   4    0.00475
  12      0.2140  #010201    2   5    0.01412
  13      0.2160  #010202    2   6    0.00930
  14      0.2180  #020201    2   7    0.00922
  15      0.2190  #020202    3   1    0.00458
  16      0.2200  #020203    3   2    0.00456
  17      0.2220  #030202    3   3    0.00905
  18      0.2220  #030203    3   4    0.00000
  19      0.2300  #020302    3   5    0.03540
  20      0.2300  #020303    3   6    0.00000
  21      0.2310  #030302    3   7    0.00434
  22      0.2310  #030303    4   1    0.00000
  23      0.2360  #030304    4   2    0.02141
  24      0.2360  #040303    4   3    0.00000
  25      0.2370  #040304    4   4    0.00423
  26      0.2440  #030403    4   5    0.02911
  27      0.2460  #030404    4   6    0.00816
  28      0.2490  #040403    4   7    0.01212
  29      0.2500  #040404    5   1    0.00401
  30      0.2520  #040405    5   2    0.00797
  31      0.2560  #050404    5   3    0.01575
  32      0.2580  #050405    5   4    0.00778
  33      0.2650  #040504    5   5    0.02677
  34      0.2680  #040505    5   6    0.01126
  35      0.2700  #050504    5   7    0.00743
  36      0.2750  #050505    6   1    0.01835
  37      0.2750  #050506    6   2    0.00000
  38      0.2780  #060505    6   3    0.01085
  39      0.2820  #060506    6   4    0.01429
  40      0.2920  #050605    6   5    0.03484
  41      0.2940  #050606    6   6    0.00683
  42      0.2970  #060605    6   7    0.01015
  43      0.2990  #060606    7   1    0.00671
  44      0.3010  #060607    7   2    0.00667
  45      0.3050  #070606    7   3    0.01320
  46      0.3080  #070607    7   4    0.00979
  47      0.3190  #060706    7   5    0.03509
  48      0.3230  #060707    7   6    0.01246
  49      0.3260  #070706    7   7    0.00924
  50      0.3270  #070707    8   1    0.00306
  51      0.3310  #070708    8   2    0.01216
  52      0.3360  #080707    8   3    0.01499
  53      0.3370  #080708    8   4    0.00297
  54      0.3520  #070807    8   5    0.04354
  55      0.3540  #070808    8   6    0.00567
  56      0.3580  #080807    8   7    0.01124
  57      0.3610  #080808    9   1    0.00834
  58      0.3640  #080809    9   2    0.00828
  59      0.3680  #090808    9   3    0.01093
  60      0.3710  #090809    9   4    0.00812
  61      0.3850  #080908    9   5    0.03704
  62      0.3890  #080909    9   6    0.01034
  63      0.3940  #090908    9   7    0.01277
  64      0.3970  #090909   10   1    0.00759
  65      0.4000  #09090a   10   2    0.00753
  66      0.4050  #0a0909   10   3    0.01242
  67      0.4080  #0a090a   10   4    0.00738
  68      0.4250  #090a09   10   5    0.04082
  69      0.4280  #090a0a   10   6    0.00703
  70      0.4320  #0a0a09   10   7    0.00930
  71      0.4360  #0a0a0a   11   1    0.00922
  72      0.4380  #0a0a0b   11   2    0.00458
  73      0.4460  #0b0a0a   11   3    0.01810
  74      0.4480  #0b0a0b   11   4    0.00447
  75      0.4650  #0a0b0a   11   5    0.03724
  76      0.4670  #0a0b0b   11   6    0.00429
  77      0.4770  #0b0b0a   11   7    0.02119
  78      0.4800  #0b0b0b   12   1    0.00627
  79      0.4840  #0b0b0c   12   2    0.00830
  80      0.4870  #0c0b0b   12   3    0.00618
  81      0.4930  #0c0b0c   12   4    0.01224
  82      0.5120  #0b0c0b   12   5    0.03781
  83      0.5170  #0b0c0c   12   6    0.00972
  84      0.5220  #0c0c0b   12   7    0.00962
  85      0.5260  #0c0c0c   13   1    0.00763
  86      0.5300  #0c0c0d   13   2    0.00758
  87      0.5360  #0d0c0c   13   3    0.01126
  88      0.5400  #0d0c0d   13   4    0.00743
  89      0.5610  #0c0d0c   13   5    0.03815
  90      0.5650  #0c0d0d   13   6    0.00710
  91      0.5700  #0d0d0c   13   7    0.00881
  92      0.5760  #0d0d0d   14   1    0.01047
  93      0.5800  #0d0d0e   14   2    0.00692
  94      0.5860  #0e0d0d   14   3    0.01029
  95      0.5910  #0e0d0e   14   4    0.00850
  96      0.6130  #0d0e0d   14   5    0.03654
  97      0.6180  #0d0e0e   14   6    0.00812
  98      0.6240  #0e0e0d   14   7    0.00966
  99      0.6290  #0e0e0e   15   1    0.00798
 100      0.6350  #0e0e0f   15   2    0.00949
 101      0.6410  #0f0e0e   15   3    0.00940
 102      0.6460  #0f0e0f   15   4    0.00777
 103      0.6700  #0e0f0e   15   5    0.03647
 104      0.6750  #0e0f0f   15   6    0.00743
 105      0.6810  #0f0f0e   15   7    0.00885
 106      0.6860  #0f0f0f   16   1    0.00732
 107      0.6920  #0f0f10   16   2    0.00871
 108      0.6980  #100f0f   16   3    0.00863
 109      0.7040  #100f10   16   4    0.00856
 110      0.7290  #0f100f   16   5    0.03489
 111      0.7340  #0f1010   16   6    0.00684
 112      0.7410  #10100f   16   7    0.00949
 113      0.7470  #101010   17   1    0.00806
 114      0.7520  #101011   17   2    0.00667
 115      0.7630  #111010   17   3    0.01452
 116      0.7690  #111011   17   4    0.00783
 117      0.7920  #101110   17   5    0.02947
 118      0.7980  #101111   17   6    0.00755
 119      0.8090  #111110   17   7    0.01369
 120      0.8150  #111111   18   1    0.00739
 121      0.8190  #111112   18   2    0.00490
 122      0.8290  #121111   18   3    0.01214
 123      0.8340  #121112   18   4    0.00601
 124      0.8650  #111211   18   5    0.03649
 125      0.8690  #111212   18   6    0.00461
 126      0.8790  #121211   18   7    0.01144
 127      0.8840  #121212   19   1    0.00567
 128      0.8910  #121213   19   2    0.00789
 129      0.8990  #131212   19   3    0.00894
 130      0.9060  #131213   19   4    0.00776
 131      0.9380  #121312   19   5    0.03471
 132      0.9440  #121313   19   6    0.00638
 133      0.9530  #131312   19   7    0.00949
 134      0.9600  #131313   20   1    0.00732
 135      0.9670  #131314   20   2    0.00727
 136      0.9760  #141313   20   3    0.00926
 137      0.9830  #141314   20   4    0.00715
 138      1.0170  #131413   20   5    0.03400
 139      1.0240  #131414   20   6    0.00686
 140      1.0330  #141413   20   7    0.00875
 141      1.0410  #141414   21   1    0.00771
 142      1.0490  #141415   21   2    0.00766
 143      1.0570  #151414   21   3    0.00760
 144      1.0650  #151415   21   4    0.00754
 145      1.0990  #141514   21   5    0.03142
 146      1.1070  #141515   21   6    0.00725
 147      1.1160  #151514   21   7    0.00810
 148      1.1240  #151515   22   1    0.00714
 149      1.1310  #151516   22   2    0.00621
 150      1.1410  #161515   22   3    0.00880
 151      1.1490  #161516   22   4    0.00699
 152      1.1840  #151615   22   5    0.03000
 153      1.1920  #151616   22   6    0.00673
 154      1.2010  #161615   22   7    0.00752
 155      1.2090  #161616   23   1    0.00664
 156      1.2180  #161617   23   2    0.00742
 157      1.2280  #171616   23   3    0.00818
 158      1.2370  #171617   23   4    0.00730
 159      1.2740  #161716   23   5    0.02947
 160      1.2830  #161717   23   6    0.00704
 161      1.2930  #171716   23   7    0.00776
 162      1.3020  #171717   24   1    0.00694
 163      1.3080  #171718   24   2    0.00460
 164      1.3280  #181717   24   3    0.01517
 165      1.3350  #181718   24   4    0.00526
 166      1.3740  #171817   24   5    0.02879
 167      1.3810  #171818   24   6    0.00508
 168      1.4010  #181817   24   7    0.01438
 169      1.4070  #181818   25   1    0.00427
 170      1.4170  #181819   25   2    0.00708
 171      1.4320  #191818   25   3    0.01053
 172      1.4410  #191819   25   4    0.00627
 173      1.4850  #181918   25   5    0.03008
 174      1.4950  #181919   25   6    0.00671
 175      1.5090  #191918   25   7    0.00932
 176      1.5190  #191919   26   1    0.00661
 177      1.5290  #19191a   26   2    0.00656
 178      1.5190  #1a1919   26   3   -0.00656
 179      1.5290  #1a191a   26   4    0.00656
 180      1.6060  #191a19   26   5    0.04912
 181      1.6170  #191a1a   26   6    0.00683
 182      1.6060  #1a1a19   26   7   -0.00683
 183      1.6170  #1a1a1a   27   1    0.00683
 184      1.6280  #1a1a1b   27   2    0.00678
 185      1.6420  #1b1a1a   27   3    0.00856
 186      1.6540  #1b1a1b   27   4    0.00728
 187      1.7080  #1a1b1a   27   5    0.03212
 188      1.7200  #1a1b1b   27   6    0.00700
 189      1.7330  #1b1b1a   27   7    0.00753
 190      1.7440  #1b1b1b   28   1    0.00633
 191      1.7570  #1b1b1c   28   2    0.00743
 192      1.7730  #1c1b1b   28   3    0.00907
 193      1.7850  #1c1b1c   28   4    0.00675
 194      1.8400  #1b1c1b   28   5    0.03034
 195      1.8500  #1b1c1c   28   6    0.00542
 196      1.8700  #1c1c1b   28   7    0.01075
 197      1.8800  #1c1c1c   29   1    0.00533
 198      1.8800  #1c1c1d   29   2    0.00000
 199      1.9100  #1d1c1c   29   3    0.01583
 200      1.9100  #1d1c1d   29   4    0.00000
 201      1.9900  #1c1d1c   29   5    0.04103
 202      1.9900  #1c1d1d   29   6    0.00000
 203      2.0200  #1d1d1c   29   7    0.01496
 204      2.0200  #1d1d1d   30   1    0.00000
 205      2.0300  #1d1d1e   30   2    0.00494
 206      2.0500  #1e1d1d   30   3    0.00980
 207      2.0600  #1e1d1e   30   4    0.00487
 208      2.1300  #1d1e1d   30   5    0.03341
 209      2.1500  #1d1e1e   30   6    0.00935
 210      2.1600  #1e1e1d   30   7    0.00464
 211      2.1800  #1e1e1e   31   1    0.00922
 212      2.1900  #1e1e1f   31   2    0.00458
 213      2.2200  #1f1e1e   31   3    0.01361
 214      2.2300  #1f1e1f   31   4    0.00449
 215      2.3100  #1e1f1e   31   5    0.03524
 216      2.3200  #1e1f1f   31   6    0.00432
 217      2.3500  #1f1f1e   31   7    0.01285
 218      2.3600  #1f1f1f   32   1    0.00425
 219      2.3800  #1f1f20   32   2    0.00844
 220      2.4000  #201f1f   32   3    0.00837
 221      2.4100  #201f20   32   4    0.00416
 222      2.5000  #1f201f   32   5    0.03666
 223      2.5200  #1f2020   32   6    0.00797
 224      2.5400  #20201f   32   7    0.00791
 225      2.5500  #202020   33   1    0.00393
 226      2.5700  #202021   33   2    0.00781
 227      2.5900  #212020   33   3    0.00775
 228      2.6000  #212021   33   4    0.00385
 229      2.6700  #202120   33   5    0.02657
 230      2.6900  #202121   33   6    0.00746
 231      2.7100  #212120   33   7    0.00741
 232      2.7200  #212121   34   1    0.00368
 233      2.7400  #212122   34   2    0.00733
 234      2.7600  #222121   34   3    0.00727
 235      2.7700  #222122   34   4    0.00362
 236      2.8400  #212221   34   5    0.02496
 237      2.8600  #212222   34   6    0.00702
 238      2.8800  #222221   34   7    0.00697
 239      2.8900  #222222   35   1    0.00347
 240      2.9100  #222223   35   2    0.00690
 241      2.9300  #232222   35   3    0.00685
 242      2.9500  #232223   35   4    0.00680
 243      3.0200  #222322   35   5    0.02345
 244      3.0400  #222323   35   6    0.00660
 245      3.0600  #232322   35   7    0.00656
 246      3.0800  #232323   36   1    0.00651
 247      3.0900  #232324   36   2    0.00324
 248      3.1100  #242323   36   3    0.00645
 249      3.1300  #242324   36   4    0.00641
 250      3.2100  #232423   36   5    0.02524
 251      3.2300  #232424   36   6    0.00621
 252      3.2500  #242423   36   7    0.00617
 253      3.2600  #242424   37   1    0.00307
 254      3.2800  #242425   37   2    0.00612
 255      3.3000  #252424   37   3    0.00608
 256      3.3200  #252425   37   4    0.00604
 257      3.4100  #242524   37   5    0.02675
 258      3.4200  #242525   37   6    0.00293
 259      3.4500  #252524   37   7    0.00873
 260      3.4600  #252525   38   1    0.00289
 261      3.4800  #252526   38   2    0.00576
 262      3.5200  #262525   38   3    0.01143
 263      3.5300  #262526   38   4    0.00284
 264      3.6200  #252625   38   5    0.02517
 265      3.6300  #252626   38   6    0.00276
 266      3.6700  #262625   38   7    0.01096
 267      3.6800  #262626   39   1    0.00272
 268      3.7000  #262627   39   2    0.00542
 269      3.7200  #272626   39   3    0.00539
 270      3.7400  #272627   39   4    0.00536
 271      3.8300  #262726   39   5    0.02378
 272      3.8500  #262727   39   6    0.00521
 273      3.8800  #272726   39   7    0.00776
 274      3.8900  #272727   40   1    0.00257
 275      3.9100  #272728   40   2    0.00513
 276      3.9400  #282727   40   3    0.00764
 277      3.9600  #282728   40   4    0.00506
 278      4.0500  #272827   40   5    0.02247
 279      4.0700  #272828   40   6    0.00493
 280      4.1000  #282827   40   7    0.00734
 281      4.1200  #282828   41   1    0.00487
 282      4.1400  #282829   41   2    0.00484
 283      4.1600  #292828   41   3    0.00482
 284      4.1800  #292829   41   4    0.00480
 285      4.2800  #282928   41   5    0.02364
 286      4.3000  #282929   41   6    0.00466
 287      4.3300  #292928   41   7    0.00695
 288      4.3500  #292929   42   1    0.00461
 289      4.3700  #29292a   42   2    0.00459
 290      4.4000  #2a2929   42   3    0.00684
 291      4.4200  #2a292a   42   4    0.00454
 292      4.5200  #292a29   42   5    0.02237
 293      4.5400  #292a2a   42   6    0.00442
 294      4.5700  #2a2a29   42   7    0.00659
 295      4.5900  #2a2a2a   43   1    0.00437
 296      4.6100  #2a2a2b   43   2    0.00435
 297      4.6400  #2b2a2a   43   3    0.00649
 298      4.6600  #2b2a2b   43   4    0.00430
 299      4.7700  #2a2b2a   43   5    0.02333
 300      4.7900  #2a2b2b   43   6    0.00418
 301      4.8300  #2b2b2a   43   7    0.00832
 302      4.8500  #2b2b2b   44   1    0.00413
 303      4.8600  #2b2b2c   44   2    0.00206
 304      4.9100  #2c2b2b   44   3    0.01024
 305      4.9300  #2c2b2c   44   4    0.00407
 306      5.0300  #2b2c2b   44   5    0.02008
 307      5.0500  #2b2c2c   44   6    0.00397
 308      5.1000  #2c2c2b   44   7    0.00985
 309      5.1200  #2c2c2c   45   1    0.00391
 310      5.1400  #2c2c2d   45   2    0.00390
 311      5.1700  #2d2c2c   45   3    0.00582
 312      5.2000  #2d2c2d   45   4    0.00579
 313      5.3200  #2c2d2c   45   5    0.02281
 314      5.3400  #2c2d2d   45   6    0.00375
 315      5.3700  #2d2d2c   45   7    0.00560
 316      5.4000  #2d2d2d   46   1    0.00557
 317      5.4200  #2d2d2e   46   2    0.00370
 318      5.4500  #2e2d2d   46   3    0.00552
 319      5.4800  #2e2d2e   46   4    0.00549
 320      5.6000  #2d2e2d   46   5    0.02166
 321      5.6300  #2d2e2e   46   6    0.00534
 322      5.6600  #2e2e2d   46   7    0.00531
 323      5.6900  #2e2e2e   47   1    0.00529
 324      5.7100  #2e2e2f   47   2    0.00351
 325      5.7500  #2f2e2e   47   3    0.00698
 326      5.7700  #2f2e2f   47   4    0.00347
 327      5.9000  #2e2f2e   47   5    0.02228
 328      5.9300  #2e2f2f   47   6    0.00507
 329      5.9600  #2f2f2e   47   7    0.00505
 330      5.9900  #2f2f2f   48   1    0.00502
 331      6.0100  #2f2f30   48   2    0.00333
 332      6.0500  #302f2f   48   3    0.00663
 333      6.0700  #302f30   48   4    0.00330
 334      6.2000  #2f302f   48   5    0.02119
 335      6.2300  #2f3030   48   6    0.00483
 336      6.2600  #30302f   48   7    0.00480
 337      6.2900  #303030   49   1    0.00478
 338      6.3200  #303031   49   2    0.00476
 339      6.3500  #313030   49   3    0.00474
 340      6.3800  #313031   49   4    0.00471
 341      6.5100  #303130   49   5    0.02017
 342      6.5400  #303131   49   6    0.00460
 343      6.5700  #313130   49   7    0.00458
 344      6.6000  #313131   50   1    0.00456
 345      6.6200  #313132   50   2    0.00303
 346      6.6700  #323131   50   3    0.00752
 347      6.7000  #323132   50   4    0.00449
 348      6.8200  #313231   50   5    0.01775
 349      6.8400  #313232   50   6    0.00293
 350      6.9000  #323231   50   7    0.00873
 351      6.9300  #323232   51   1    0.00434
 352      6.9500  #323233   51   2    0.00288
 353      6.9900  #333232   51   3    0.00574
 354      7.0100  #333233   51   4    0.00286
 355      7.1500  #323332   51   5    0.01977
 356      7.1800  #323333   51   6    0.00419
 357      7.2200  #333332   51   7    0.00556
 358      7.2400  #333333   52   1    0.00277
 359      7.2700  #333334   52   2    0.00414
 360      7.2400  #343333   52   3   -0.00414
 361      7.2700  #343334   52   4    0.00414
 362      7.4700  #333433   52   5    0.02714
 363      7.5000  #333434   52   6    0.00401
 364      7.4700  #343433   52   7   -0.00401
 365      7.5000  #343434   53   1    0.00401
 366      7.5300  #343435   53   2    0.00399
 367      7.5700  #353434   53   3    0.00530
 368      7.6000  #353435   53   4    0.00396
 369      7.7400  #343534   53   5    0.01825
 370      7.7700  #343535   53   6    0.00387
 371      7.8100  #353534   53   7    0.00513
 372      7.8400  #353535   54   1    0.00383
 373      7.8700  #353536   54   2    0.00382
 374      7.9100  #363535   54   3    0.00507
 375      7.9400  #363536   54   4    0.00379
 376      8.0900  #353635   54   5    0.01871
 377      8.1200  #353636   54   6    0.00370
 378      8.1600  #363635   54   7    0.00491
 379      8.1900  #363636   55   1    0.00367
 380      8.2200  #363637   55   2    0.00366
 381      8.2600  #373636   55   3    0.00485
 382      8.2900  #373637   55   4    0.00363
 383      8.4400  #363736   55   5    0.01793
 384      8.4800  #363737   55   6    0.00473
 385      8.5100  #373736   55   7    0.00353
 386      8.5400  #373737   56   1    0.00352
 387      8.5700  #373738   56   2    0.00351
 388      8.6200  #383737   56   3    0.00582
 389      8.6500  #383738   56   4    0.00347
 390      8.8100  #373837   56   5    0.01833
 391      8.8400  #373838   56   6    0.00340
 392      8.8800  #383837   56   7    0.00451
 393      8.9100  #383838   57   1    0.00337
 394      8.9100  #383839   57   2    0.00000
 395      8.9900  #393838   57   3    0.00894
 396      8.9900  #393839   57   4    0.00000
 397      9.1800  #383938   57   5    0.02091
 398      9.1800  #383939   57   6    0.00000
 399      9.2600  #393938   57   7    0.00868
 400      9.2600  #393939   58   1    0.00000
 401      9.2800  #39393a   58   2    0.00216
 402      9.3500  #3a3939   58   3    0.00751
 403      9.3800  #3a393a   58   4    0.00320
 404      9.5300  #393a39   58   5    0.01586
 405      9.5500  #393a3a   58   6    0.00210
 406      9.6300  #3a3a39   58   7    0.00834
 407      9.6500  #3a3a3a   59   1    0.00207
 408      9.6800  #3a3a3b   59   2    0.00310
 409      9.7300  #3b3a3a   59   3    0.00515
 410      9.7600  #3b3a3b   59   4    0.00308
 411      9.9300  #3a3b3a   59   5    0.01727
 412      9.9700  #3a3b3b   59   6    0.00402
 413     10.0100  #3b3b3a   59   7    0.00400
 414     10.0500  #3b3b3b   60   1    0.00399
 415     10.0800  #3b3b3c   60   2    0.00298
 416     10.1300  #3c3b3b   60   3    0.00495
 417     10.1600  #3c3b3c   60   4    0.00296
 418     10.3300  #3b3c3b   60   5    0.01659
 419     10.3700  #3b3c3c   60   6    0.00386
 420     10.4200  #3c3c3b   60   7    0.00481
 421     10.4500  #3c3c3c   61   1    0.00287
 422     10.4900  #3c3c3d   61   2    0.00382
 423     10.5400  #3d3c3c   61   3    0.00476
 424     10.5700  #3d3c3d   61   4    0.00284
 425     10.7600  #3c3d3c   61   5    0.01782
 426     10.8000  #3c3d3d   61   6    0.00371
 427     10.8500  #3d3d3c   61   7    0.00462
 428     10.8800  #3d3d3d   62   1    0.00276
 429     10.9200  #3d3d3e   62   2    0.00367
 430     10.9600  #3e3d3d   62   3    0.00366
 431     11.0000  #3e3d3e   62   4    0.00364
 432     11.1800  #3d3e3d   62   5    0.01623
 433     11.2200  #3d3e3e   62   6    0.00357
 434     11.2700  #3e3e3d   62   7    0.00445
 435     11.3000  #3e3e3e   63   1    0.00266
 436     11.3400  #3e3e3f   63   2    0.00353
 437     11.3900  #3f3e3e   63   3    0.00440
 438     11.4300  #3f3e3f   63   4    0.00351
 439     11.6200  #3e3f3e   63   5    0.01649
 440     11.6600  #3e3f3f   63   6    0.00344
 441     11.7100  #3f3f3e   63   7    0.00428
 442     11.7500  #3f3f3f   64   1    0.00341
 443     11.7800  #3f3f40   64   2    0.00255
 444     11.8700  #403f3f   64   3    0.00761
 445     11.9000  #403f40   64   4    0.00252
 446     12.0800  #3f403f   64   5    0.01501
 447     12.1000  #3f4040   64   6    0.00165
 448     12.2000  #40403f   64   7    0.00823
 449     12.2300  #404040   65   1    0.00246
 450     12.2700  #404041   65   2    0.00327
 451     12.3300  #414040   65   3    0.00488
 452     12.3700  #414041   65   4    0.00324
 453     12.6100  #404140   65   5    0.01922
 454     12.6500  #404141   65   6    0.00317
 455     12.7100  #414140   65   7    0.00473
 456     12.7500  #414141   66   1    0.00314
 457     12.7900  #414142   66   2    0.00313
 458     12.8500  #424141   66   3    0.00468
 459     12.8900  #424142   66   4    0.00311
 460     13.0900  #414241   66   5    0.01540
 461     13.1300  #414242   66   6    0.00305
 462     13.1900  #424241   66   7    0.00456
 463     13.2300  #424242   67   1    0.00303
 464     13.2700  #424243   67   2    0.00302
 465     13.3300  #434242   67   3    0.00451
 466     13.3800  #434243   67   4    0.00374
 467     13.5800  #424342   67   5    0.01484
 468     13.6200  #424343   67   6    0.00294
 469     13.6800  #434342   67   7    0.00440
 470     13.7200  #434343   68   1    0.00292
 471     13.7600  #434344   68   2    0.00291
 472     13.8200  #444343   68   3    0.00435
 473     13.8600  #444344   68   4    0.00289
 474     14.0800  #434443   68   5    0.01575
 475     14.1200  #434444   68   6    0.00284
 476     14.1700  #444443   68   7    0.00353
 477     14.2200  #444444   69   1    0.00352
 478     14.2600  #444445   69   2    0.00281
 479     14.3200  #454444   69   3    0.00420
 480     14.3600  #454445   69   4    0.00279
 481     14.5800  #444544   69   5    0.01520
 482     14.6300  #444545   69   6    0.00342
 483     14.6800  #454544   69   7    0.00341
 484     14.7300  #454545   70   1    0.00340
 485     14.7700  #454546   70   2    0.00271
 486     14.8300  #464545   70   3    0.00405
 487     14.8800  #464546   70   4    0.00337
 488     15.0800  #454645   70   5    0.01335
 489     15.1300  #454646   70   6    0.00331
 490     15.1900  #464645   70   7    0.00396
 491     15.2300  #464646   71   1    0.00263
 492     15.2800  #464647   71   2    0.00328
 493     15.3600  #474646   71   3    0.00522
 494     15.4100  #474647   71   4    0.00325
 495     15.6000  #464746   71   5    0.01225
 496     15.6400  #464747   71   6    0.00256
 497     15.7200  #474746   71   7    0.00510
 498     15.7700  #474747   72   1    0.00318
 499     15.8000  #474748   72   2    0.00190
 500     15.8700  #484747   72   3    0.00442
 501     15.9000  #484748   72   4    0.00189
 502     16.1400  #474847   72   5    0.01498
 503     16.1700  #474848   72   6    0.00186
 504     16.2400  #484847   72   7    0.00432
 505     16.2800  #484848   73   1    0.00246
 506     16.3200  #484849   73   2    0.00245
 507     16.3800  #494848   73   3    0.00367
 508     16.4300  #494849   73   4    0.00305
 509     16.6500  #484948   73   5    0.01330
 510     16.7000  #484949   73   6    0.00300
 511     16.7600  #494948   73   7    0.00359
 512     16.8000  #494949   74   1    0.00238
 513     16.8500  #49494a   74   2    0.00297
 514     16.9100  #4a4949   74   3    0.00355
 515     16.9600  #4a494a   74   4    0.00295
 516     17.1800  #494a49   74   5    0.01289
 517     17.2300  #494a4a   74   6    0.00291
 518     17.2900  #4a4a49   74   7    0.00348
 519     17.3400  #4a4a4a   75   1    0.00289
 520     17.3900  #4a4a4b   75   2    0.00288
 521     17.4500  #4b4a4a   75   3    0.00344
 522     17.4900  #4b4a4b   75   4    0.00229
 523     17.7300  #4a4b4a   75   5    0.01363
 524     17.7700  #4a4b4b   75   6    0.00225
 525     17.8400  #4b4b4a   75   7    0.00393
 526     17.8000  #4b4b4b   76   1   -0.00224
 527     17.9000  #4b4b4c   76   2    0.00560
 528     17.9000  #4c4b4b   76   3    0.00000
 529     18.0000  #4c4b4c   76   4    0.00557
 530     18.2000  #4b4c4b   76   5    0.01105
 531     18.3000  #4b4c4c   76   6    0.00548
 532     18.3000  #4c4c4b   76   7    0.00000
 533     18.4000  #4c4c4c   77   1    0.00545
 534     18.4000  #4c4c4d   77   2    0.00000
 535     18.4000  #4d4c4c   77   3    0.00000
 536     18.4000  #4d4c4d   77   4    0.00000
 537     18.8000  #4c4d4c   77   5    0.02151
 538     18.8000  #4c4d4d   77   6    0.00000
 539     18.8000  #4d4d4c   77   7    0.00000
 540     18.8000  #4d4d4d   78   1    0.00000
 541     18.9000  #4d4d4e   78   2    0.00531
 542     18.9000  #4e4d4d   78   3    0.00000
 543     19.0000  #4e4d4e   78   4    0.00528
 544     19.2000  #4d4e4d   78   5    0.01047
 545     19.3000  #4d4e4e   78   6    0.00519
 546     19.3000  #4e4e4d   78   7    0.00000
 547     19.4000  #4e4e4e   79   1    0.00517
 548     19.4000  #4e4e4f   79   2    0.00000
 549     19.5000  #4f4e4e   79   3    0.00514
 550     19.6000  #4f4e4f   79   4    0.00512
 551     19.8000  #4e4f4e   79   5    0.01015
 552     19.8000  #4e4f4f   79   6    0.00000
 553     19.9000  #4f4f4e   79   7    0.00504
 554     20.0000  #4f4f4f   80   1    0.00501
 555     20.0000  #4f4f50   80   2    0.00000
 556     20.1000  #504f4f   80   3    0.00499
 557     20.1000  #504f50   80   4    0.00000
 558     20.4000  #4f504f   80   5    0.01481
 559     20.4000  #4f5050   80   6    0.00000
 560     20.5000  #50504f   80   7    0.00489
 561     20.5000  #505050   81   1    0.00000
 562     20.6000  #505051   81   2    0.00487
 563     20.7000  #515050   81   3    0.00484
 564     20.7000  #515051   81   4    0.00000
 565     21.0000  #505150   81   5    0.01439
 566     21.0000  #505151   81   6    0.00000
 567     21.1000  #515150   81   7    0.00475
 568     21.1000  #515151   82   1    0.00000
 569     21.2000  #515152   82   2    0.00473
 570     21.2000  #525151   82   3    0.00000
 571     21.3000  #525152   82   4    0.00471
 572     21.5000  #515251   82   5    0.00935
 573     21.6000  #515252   82   6    0.00464
 574     21.6000  #525251   82   7    0.00000
 575     21.7000  #525252   83   1    0.00462
 576     21.8000  #525253   83   2    0.00460
 577     21.8000  #535252   83   3    0.00000
 578     21.9000  #535253   83   4    0.00458
 579     22.1000  #525352   83   5    0.00909
 580     22.2000  #525353   83   6    0.00451
 581     22.2000  #535352   83   7    0.00000
 582     22.3000  #535353   84   1    0.00449
 583     22.3000  #535354   84   2    0.00000
 584     22.4000  #545353   84   3    0.00447
 585     22.4000  #545354   84   4    0.00000
 586     22.7000  #535453   84   5    0.01330
 587     22.7000  #535454   84   6    0.00000
 588     22.8000  #545453   84   7    0.00440
 589     22.8000  #545454   85   1    0.00000
 590     22.9000  #545455   85   2    0.00438
 591     23.0000  #555454   85   3    0.00436
 592     23.0000  #555455   85   4    0.00000
 593     23.3000  #545554   85   5    0.01296
 594     23.3000  #545555   85   6    0.00000
 595     23.4000  #555554   85   7    0.00428
 596     23.4000  #555555   86   1    0.00000
 597     23.4000  #555556   86   2    0.00000
 598     23.5000  #565555   86   3    0.00426
 599     23.5000  #565556   86   4    0.00000
 600     23.8000  #555655   86   5    0.01268
 601     23.8000  #555656   86   6    0.00000
 602     24.0000  #565655   86   7    0.00837
 603     24.0000  #565656   87   1    0.00000
 604     24.0000  #565657   87   2    0.00000
 605     24.1000  #575656   87   3    0.00416
 606     24.1000  #575657   87   4    0.00000
 607     24.4000  #565756   87   5    0.01237
 608     24.4000  #565757   87   6    0.00000
 609     24.5000  #575756   87   7    0.00409
 610     24.5000  #575757   88   1    0.00000
 611     24.6000  #575758   88   2    0.00407
 612     24.7000  #585757   88   3    0.00406
 613     24.7000  #585758   88   4    0.00000
 614     25.0000  #575857   88   5    0.01207
 615     25.0000  #575858   88   6    0.00000
 616     25.1000  #585857   88   7    0.00399
 617     25.2000  #585858   89   1    0.00398
 618     25.2000  #585859   89   2    0.00000
 619     25.3000  #595858   89   3    0.00396
 620     25.3000  #595859   89   4    0.00000
 621     25.6000  #585958   89   5    0.01179
 622     25.6000  #585959   89   6    0.00000
 623     25.7000  #595958   89   7    0.00390
 624     25.7000  #595959   90   1    0.00000
 625     25.8000  #59595a   90   2    0.00388
 626     25.9000  #5a5959   90   3    0.00387
 627     25.9000  #5a595a   90   4    0.00000
 628     26.2000  #595a59   90   5    0.01152
 629     26.2000  #595a5a   90   6    0.00000
 630     26.3000  #5a5a59   90   7    0.00381
 631     26.4000  #5a5a5a   91   1    0.00380
 632     26.4000  #5a5a5b   91   2    0.00000
 633     26.5000  #5b5a5a   91   3    0.00378
 634     26.6000  #5b5a5b   91   4    0.00377
 635     26.8000  #5a5b5a   91   5    0.00749
 636     26.9000  #5a5b5b   91   6    0.00372
 637     26.9000  #5b5b5a   91   7    0.00000
 638     27.3000  #5b5b5b   92   1    0.01476
 639     27.4000  #5b5b5c   92   2    0.00366
 640     27.5000  #5c5b5b   92   3    0.00364
 641     27.6000  #5c5b5c   92   4    0.00363
 642     27.9000  #5b5c5b   92   5    0.01081
 643     27.9000  #5b5c5c   92   6    0.00000
 644     28.0000  #5c5c5b   92   7    0.00358
 645     28.1000  #5c5c5c   93   1    0.00357
 646     28.2000  #5c5c5d   93   2    0.00355
 647     28.3000  #5d5c5c   93   3    0.00354
 648     28.3000  #5d5c5d   93   4    0.00000
 649     28.6000  #5c5d5c   93   5    0.01054
 650     28.7000  #5c5d5d   93   6    0.00349
 651     28.8000  #5d5d5c   93   7    0.00348
 652     28.9000  #5d5d5d   94   1    0.00347
 653     28.9000  #5d5d5e   94   2    0.00000
 654     29.1000  #5e5d5d   94   3    0.00690
 655     29.1000  #5e5d5e   94   4    0.00000
 656     29.3000  #5d5e5d   94   5    0.00685
 657     29.5000  #5d5e5e   94   6    0.00680
 658     29.6000  #5e5e5d   94   7    0.00338
 659     29.6000  #5e5e5e   95   1    0.00000
 660     29.7000  #5e5e5f   95   2    0.00337
 661     29.8000  #5f5e5e   95   3    0.00336
 662     29.8000  #5f5e5f   95   4    0.00000
 663     30.2000  #5e5f5e   95   5    0.01333
 664     30.2000  #5e5f5f   95   6    0.00000
 665     30.3000  #5f5f5e   95   7    0.00331
 666     30.4000  #5f5f5f   96   1    0.00329
 667     30.4000  #5f5f60   96   2    0.00000
 668     30.6000  #605f5f   96   3    0.00656
 669     30.6000  #605f60   96   4    0.00000
 670     30.9000  #5f605f   96   5    0.00976
 671     31.0000  #5f6060   96   6    0.00323
 672     31.1000  #60605f   96   7    0.00322
 673     31.2000  #606060   97   1    0.00321
 674     31.2000  #606061   97   2    0.00000
 675     31.3000  #616060   97   3    0.00320
 676     31.4000  #616061   97   4    0.00319
 677     31.7000  #606160   97   5    0.00951
 678     31.7000  #606161   97   6    0.00000
 679     31.9000  #616160   97   7    0.00629
 680     31.9000  #616161   98   1    0.00000
 681     32.0000  #616162   98   2    0.00313
 682     32.1000  #626161   98   3    0.00312
 683     32.1000  #626162   98   4    0.00000
 684     32.4000  #616261   98   5    0.00930
 685     32.5000  #616262   98   6    0.00308
 686     32.6000  #626261   98   7    0.00307
 687     32.7000  #626262   99   1    0.00306
 688     32.8000  #626263   99   2    0.00305
 689     32.8000  #636262   99   3    0.00000
 690     32.9000  #636263   99   4    0.00304
 691     33.2000  #626362   99   5    0.00908
 692     33.3000  #626363   99   6    0.00301
 693     33.4000  #636362   99   7    0.00300
 694     33.4000  #636363  100   1    0.00000
 695     33.5000  #636364  100   2    0.00299
 696     33.6000  #646363  100   3    0.00298
 697     33.7000  #646364  100   4    0.00297
 698     34.0000  #636463  100   5    0.00886
 699     34.1000  #636464  100   6    0.00294
 700     34.2000  #646463  100   7    0.00293
 701     34.2000  #646464  101   1    0.00000
 702     34.3000  #646465  101   2    0.00292
 703     34.4000  #656464  101   3    0.00291
 704     34.5000  #656465  101   4    0.00290
 705     34.8000  #646564  101   5    0.00866
 706     34.9000  #646565  101   6    0.00287
 707     34.9000  #656564  101   7    0.00000
 708     35.0000  #656565  102   1    0.00286
 709     35.1000  #656566  102   2    0.00285
 710     35.2000  #666565  102   3    0.00284
 711     35.2000  #666566  102   4    0.00000
 712     35.6000  #656665  102   5    0.01130
 713     35.6000  #656666  102   6    0.00000
 714     35.7000  #666665  102   7    0.00281
 715     35.8000  #666666  103   1    0.00280
 716     35.8000  #666667  103   2    0.00000
 717     35.8000  #676666  103   3    0.00000
 718     35.9000  #676667  103   4    0.00279
 719     36.4000  #666766  103   5    0.01383
 720     36.4000  #666767  103   6    0.00000
 721     36.4000  #676766  103   7    0.00000
 722     36.4000  #676767  104   1    0.00000
 723     36.5000  #676768  104   2    0.00274
 724     36.6000  #686767  104   3    0.00274
 725     36.7000  #686768  104   4    0.00273
 726     37.0000  #676867  104   5    0.00814
 727     37.1000  #676868  104   6    0.00270
 728     37.2000  #686867  104   7    0.00269
 729     37.2000  #686868  105   1    0.00000
 730     37.3000  #686869  105   2    0.00268
 731     37.4000  #696868  105   3    0.00268
 732     37.5000  #696869  105   4    0.00267
 733     37.8000  #686968  105   5    0.00797
 734     37.9000  #686969  105   6    0.00264
 735     38.0000  #696968  105   7    0.00264
 736     38.1000  #696969  106   1    0.00263
 737     38.1000  #69696a  106   2    0.00000
 738     38.2000  #6a6969  106   3    0.00262
 739     38.3000  #6a696a  106   4    0.00261
 740     38.6000  #696a69  106   5    0.00780
 741     38.7000  #696a6a  106   6    0.00259
 742     38.8000  #6a6a69  106   7    0.00258
 743     38.9000  #6a6a6a  107   1    0.00257
 744     38.9000  #6a6a6b  107   2    0.00000
 745     39.0000  #6b6a6a  107   3    0.00257
 746     39.1000  #6b6a6b  107   4    0.00256
 747     39.4000  #6a6b6a  107   5    0.00764
 748     39.5000  #6a6b6b  107   6    0.00253
 749     39.6000  #6b6b6a  107   7    0.00253
 750     39.7000  #6b6b6b  108   1    0.00252
 751     39.8000  #6b6b6c  108   2    0.00252
 752     39.8000  #6c6b6b  108   3    0.00000
 753     39.9000  #6c6b6c  108   4    0.00251
 754     40.3000  #6b6c6b  108   5    0.00998
 755     40.3000  #6b6c6c  108   6    0.00000
 756     40.5000  #6c6c6b  108   7    0.00495
 757     40.5000  #6c6c6c  109   1    0.00000
 758     40.6000  #6c6c6d  109   2    0.00247
 759     40.7000  #6d6c6c  109   3    0.00246
 760     40.7000  #6d6c6d  109   4    0.00000
 761     41.1000  #6c6d6c  109   5    0.00978
 762     41.1000  #6c6d6d  109   6    0.00000
 763     41.3000  #6d6d6c  109   7    0.00485
 764     41.3000  #6d6d6d  110   1    0.00000
 765     41.4000  #6d6d6e  110   2    0.00242
 766     41.5000  #6e6d6d  110   3    0.00241
 767     41.6000  #6e6d6e  110   4    0.00241
 768     41.9000  #6d6e6d  110   5    0.00719
 769     42.0000  #6d6e6e  110   6    0.00238
 770     42.1000  #6e6e6d  110   7    0.00238
 771     42.2000  #6e6e6e  111   1    0.00237
 772     42.2000  #6e6e6f  111   2    0.00000
 773     42.3000  #6f6e6e  111   3    0.00237
 774     42.4000  #6f6e6f  111   4    0.00236
 775     42.8000  #6e6f6e  111   5    0.00939
 776     42.8000  #6e6f6f  111   6    0.00000
 777     42.9000  #6f6f6e  111   7    0.00233
 778     43.0000  #6f6f6f  112   1    0.00233
 779     43.1000  #6f6f70  112   2    0.00232
 780     43.2000  #706f6f  112   3    0.00232
 781     43.2000  #706f70  112   4    0.00000
 782     43.6000  #6f706f  112   5    0.00922
 783     43.7000  #6f7070  112   6    0.00229
 784     43.7000  #70706f  112   7    0.00000
 785     43.8000  #707070  113   1    0.00229
 786     43.9000  #707071  113   2    0.00228
 787     44.0000  #717070  113   3    0.00228
 788     44.0000  #717071  113   4    0.00000
 789     44.4000  #707170  113   5    0.00905
 790     44.5000  #707171  113   6    0.00225
 791     44.6000  #717170  113   7    0.00224
 792     44.7000  #717171  114   1    0.00224
 793     44.7000  #717172  114   2    0.00000
 794     44.9000  #727171  114   3    0.00446
 795     44.8000  #727172  114   4   -0.00223
 796     45.3000  #717271  114   5    0.01110
 797     45.3000  #717272  114   6    0.00000
 798     45.4000  #727271  114   7    0.00221
 799     45.4000  #727272  115   1    0.00000
 800     45.5000  #727273  115   2    0.00220
 801     45.6000  #737272  115   3    0.00220
 802     45.7000  #737273  115   4    0.00219
 803     46.1000  #727372  115   5    0.00871
 804     46.1000  #727373  115   6    0.00000
 805     46.3000  #737372  115   7    0.00433
 806     46.3000  #737373  116   1    0.00000
 807     46.4000  #737374  116   2    0.00216
 808     46.5000  #747373  116   3    0.00215
 809     46.6000  #747374  116   4    0.00215
 810     47.0000  #737473  116   5    0.00855
 811     47.1000  #737474  116   6    0.00213
 812     47.1000  #747473  116   7    0.00000
 813     47.2000  #747474  117   1    0.00212
 814     47.3000  #747475  117   2    0.00212
 815     47.4000  #757474  117   3    0.00211
 816     47.5000  #757475  117   4    0.00211
 817     47.9000  #747574  117   5    0.00839
 818     48.0000  #747575  117   6    0.00209
 819     48.1000  #757574  117   7    0.00208
 820     48.1000  #757575  118   1    0.00000
 821     48.2000  #757576  118   2    0.00208
 822     48.3000  #767575  118   3    0.00207
 823     48.4000  #767576  118   4    0.00207
 824     48.8000  #757675  118   5    0.00823
 825     48.8000  #757676  118   6    0.00000
 826     49.0000  #767675  118   7    0.00409
 827     49.1000  #767676  119   1    0.00204
 828     49.1000  #767677  119   2    0.00000
 829     49.3000  #777676  119   3    0.00407
 830     49.3000  #777677  119   4    0.00000
 831     49.7000  #767776  119   5    0.00808
 832     49.8000  #767777  119   6    0.00201
 833     49.9000  #777776  119   7    0.00201
 834     49.9000  #777777  120   1    0.00000
 835     50.0000  #777778  120   2    0.00200
 836     50.1000  #787777  120   3    0.00200
 837     50.2000  #787778  120   4    0.00199
 838     50.6000  #777877  120   5    0.00794
 839     50.7000  #777878  120   6    0.00197
 840     50.8000  #787877  120   7    0.00197
 841     50.9000  #787878  121   1    0.00197
 842     51.0000  #787879  121   2    0.00196
 843     51.1000  #797878  121   3    0.00196
 844     51.1000  #797879  121   4    0.00000
 845     51.6000  #787978  121   5    0.00974
 846     51.6000  #787979  121   6    0.00000
 847     51.7000  #797978  121   7    0.00194
 848     51.8000  #797979  122   1    0.00193
 849     51.9000  #79797a  122   2    0.00193
 850     52.0000  #7a7979  122   3    0.00192
 851     52.1000  #7a797a  122   4    0.00192
 852     52.5000  #797a79  122   5    0.00765
 853     52.6000  #797a7a  122   6    0.00190
 854     52.7000  #7a7a79  122   7    0.00190
 855     52.8000  #7a7a7a  123   1    0.00190
 856     52.8000  #7a7a7b  123   2    0.00000
 857     52.9000  #7b7a7a  123   3    0.00189
 858     53.0000  #7b7a7b  123   4    0.00189
 859     53.4000  #7a7b7a  123   5    0.00752
 860     53.5000  #7a7b7b  123   6    0.00187
 861     53.6000  #7b7b7a  123   7    0.00187
 862     53.7000  #7b7b7b  124   1    0.00186
 863     53.8000  #7b7b7c  124   2    0.00186
 864     53.9000  #7c7b7b  124   3    0.00186
 865     54.0000  #7c7b7c  124   4    0.00185
 866     54.4000  #7b7c7b  124   5    0.00738
 867     54.4000  #7b7c7c  124   6    0.00000
 868     54.5000  #7c7c7b  124   7    0.00184
 869     54.6000  #7c7c7c  125   1    0.00183
 870     54.7000  #7c7c7d  125   2    0.00183
 871     54.9000  #7d7c7c  125   3    0.00365
 872     55.0000  #7d7c7d  125   4    0.00182
 873     55.4000  #7c7d7c  125   5    0.00725
 874     55.5000  #7c7d7d  125   6    0.00180
 875     55.6000  #7d7d7c  125   7    0.00180
 876     55.7000  #7d7d7d  126   1    0.00180
 877     55.8000  #7d7d7e  126   2    0.00179
 878     55.9000  #7e7d7d  126   3    0.00179
 879     56.0000  #7e7d7e  126   4    0.00179
 880     56.4000  #7d7e7d  126   5    0.00712
 881     56.5000  #7d7e7e  126   6    0.00177
 882     56.6000  #7e7e7d  126   7    0.00177
 883     56.7000  #7e7e7e  127   1    0.00177
 884     56.8000  #7e7e7f  127   2    0.00176
 885     56.9000  #7f7e7e  127   3    0.00176
 886     57.0000  #7f7e7f  127   4    0.00176
 887     57.4000  #7e7f7e  127   5    0.00699
 888     57.5000  #7e7f7f  127   6    0.00174
 889     57.6000  #7f7f7e  127   7    0.00174
 890     57.7000  #7f7f7f  128   1    0.00173
 891     57.8000  #7f7f80  128   2    0.00173
 892     57.9000  #807f7f  128   3    0.00173
 893     58.0000  #807f80  128   4    0.00173
 894     58.4000  #7f807f  128   5    0.00687
 895     58.5000  #7f8080  128   6    0.00171
 896     58.6000  #80807f  128   7    0.00171
 897     58.7000  #808080  129   1    0.00171
 898     58.7000  #808081  129   2    0.00000
 899     58.7000  #818080  129   3    0.00000
 900     58.7000  #818081  129   4    0.00000
 901     58.8000  #808180  129   5    0.00170
 902     59.1000  #808181  129   6    0.00509
 903     59.0000  #818180  129   7   -0.00169
 904     59.1000  #818181  130   1    0.00169
 905     59.2000  #818182  130   2    0.00169
 906     59.3000  #828181  130   3    0.00169
 907     59.4000  #828182  130   4    0.00168
 908     59.7000  #818281  130   5    0.00504
 909     59.8000  #818282  130   6    0.00167
 910     59.9000  #828281  130   7    0.00167
 911     60.0000  #828282  131   1    0.00167
 912     60.0000  #828283  131   2    0.00000
 913     60.1000  #838282  131   3    0.00167
 914     60.1000  #838283  131   4    0.00000
 915     60.5000  #828382  131   5    0.00663
 916     60.6000  #828383  131   6    0.00165
 917     60.7000  #838382  131   7    0.00165
 918     60.8000  #838383  132   1    0.00165
 919     60.8000  #838384  132   2    0.00000
 920     61.0000  #848383  132   3    0.00328
 921     61.1000  #848384  132   4    0.00164
 922     61.3000  #838483  132   5    0.00327
 923     61.4000  #838484  132   6    0.00163
 924     61.5000  #848483  132   7    0.00163
 925     61.6000  #848484  133   1    0.00162
 926     61.7000  #848485  133   2    0.00162
 927     61.8000  #858484  133   3    0.00162
 928     61.9000  #858485  133   4    0.00162
 929     62.2000  #848584  133   5    0.00483
 930     62.3000  #848585  133   6    0.00161
 931     62.4000  #858584  133   7    0.00160
 932     62.5000  #858585  134   1    0.00160
 933     62.6000  #858586  134   2    0.00160
 934     62.7000  #868585  134   3    0.00160
 935     62.8000  #868586  134   4    0.00159
 936     63.1000  #858685  134   5    0.00477
 937     63.2000  #858686  134   6    0.00158
 938     63.2000  #868685  134   7    0.00000
 939     63.4000  #868686  135   1    0.00316
 940     63.5000  #868687  135   2    0.00158
 941     63.5000  #878686  135   3    0.00000
 942     63.7000  #878687  135   4    0.00314
 943     64.0000  #868786  135   5    0.00470
 944     64.1000  #868787  135   6    0.00156
 945     64.1000  #878786  135   7    0.00000
 946     64.2000  #878787  136   1    0.00156
 947     64.3000  #878788  136   2    0.00156
 948     64.4000  #888787  136   3    0.00155
 949     64.5000  #888788  136   4    0.00155
 950     64.9000  #878887  136   5    0.00618
 951     64.9000  #878888  136   6    0.00000
 952     65.0000  #888887  136   7    0.00154
 953     65.1000  #888888  137   1    0.00154
 954     65.2000  #888889  137   2    0.00153
 955     65.3000  #898888  137   3    0.00153
 956     65.3000  #898889  137   4    0.00000
 957     65.8000  #888988  137   5    0.00763
 958     65.9000  #888989  137   6    0.00152
 959     65.9000  #898988  137   7    0.00000
 960     66.0000  #898989  138   1    0.00152
 961     66.0000  #89898a  138   2    0.00000
 962     66.2000  #8a8989  138   3    0.00303
 963     66.2000  #8a898a  138   4    0.00000
 964     66.6000  #898a89  138   5    0.00602
 965     66.6000  #898a8a  138   6    0.00000
 966     66.8000  #8a8a89  138   7    0.00300
 967     66.8000  #8a8a8a  139   1    0.00000
 968     66.9000  #8a8a8b  139   2    0.00150
 969     67.1000  #8b8a8a  139   3    0.00299
 970     67.1000  #8b8a8b  139   4    0.00000
 971     67.5000  #8a8b8a  139   5    0.00594
 972     67.5000  #8a8b8b  139   6    0.00000
 973     67.7000  #8b8b8a  139   7    0.00296
 974     67.7000  #8b8b8b  140   1    0.00000
 975     67.8000  #8b8b8c  140   2    0.00148
 976     67.9000  #8c8b8b  140   3    0.00147
 977     68.0000  #8c8b8c  140   4    0.00147
 978     68.4000  #8b8c8b  140   5    0.00587
 979     68.4000  #8b8c8c  140   6    0.00000
 980     68.5000  #8c8c8b  140   7    0.00146
 981     68.7000  #8c8c8c  141   1    0.00292
 982     68.7000  #8c8c8d  141   2    0.00000
 983     68.8000  #8d8c8c  141   3    0.00145
 984     68.8000  #8d8c8d  141   4    0.00000
 985     69.3000  #8c8d8c  141   5    0.00724
 986     69.3000  #8c8d8d  141   6    0.00000
 987     69.4000  #8d8d8c  141   7    0.00144
 988     69.5000  #8d8d8d  142   1    0.00144
 989     69.5000  #8d8d8e  142   2    0.00000
 990     69.7000  #8e8d8d  142   3    0.00287
 991     69.8000  #8e8d8e  142   4    0.00143
 992     70.1000  #8d8e8d  142   5    0.00429
 993     70.2000  #8d8e8e  142   6    0.00143
 994     70.3000  #8e8e8d  142   7    0.00142
 995     70.4000  #8e8e8e  143   1    0.00142
 996     70.3000  #8e8e8f  143   2   -0.00142
 997     70.6000  #8f8e8e  143   3    0.00426
 998     70.6000  #8f8e8f  143   4    0.00000
 999     71.0000  #8e8f8e  143   5    0.00565
1000     71.1000  #8e8f8f  143   6    0.00141
1001     71.2000  #8f8f8e  143   7    0.00141
1002     71.1000  #8f8f8f  144   1   -0.00141
1003     71.3000  #8f8f90  144   2    0.00281
1004     71.4000  #908f8f  144   3    0.00140
1005     71.5000  #908f90  144   4    0.00140
1006     71.9000  #8f908f  144   5    0.00558
1007     71.9000  #8f9090  144   6    0.00000
1008     72.0000  #90908f  144   7    0.00139
1009     72.1000  #909090  145   1    0.00139
1010     72.1000  #909091  145   2    0.00000
1011     72.2000  #919090  145   3    0.00139
1012     72.3000  #919091  145   4    0.00138
1013     72.7000  #909190  145   5    0.00552
1014     72.9000  #909191  145   6    0.00275
1015     72.9000  #919190  145   7    0.00000
1016     73.0000  #919191  146   1    0.00137
1017     73.1000  #919192  146   2    0.00137
1018     73.3000  #929191  146   3    0.00273
1019     73.3000  #929192  146   4    0.00000
1020     73.6000  #919291  146   5    0.00408
1021     73.7000  #919292  146   6    0.00136
1022     73.9000  #929291  146   7    0.00271
1023     74.0000  #929292  147   1    0.00135
1024     74.1000  #929293  147   2    0.00135
1025     74.1000  #939292  147   3    0.00000
1026     74.2000  #939293  147   4    0.00135
1027     74.6000  #929392  147   5    0.00538
1028     74.6000  #929393  147   6    0.00000
1029     74.8000  #939392  147   7    0.00268
1030     74.8000  #939393  148   1    0.00000
1031     75.0000  #939394  148   2    0.00267
1032     75.0000  #949393  148   3    0.00000
1033     75.1000  #949394  148   4    0.00133
1034     75.4000  #939493  148   5    0.00399
1035     75.6000  #939494  148   6    0.00265
1036     75.7000  #949493  148   7    0.00132
1037     75.8000  #949494  149   1    0.00132
1038     75.9000  #949495  149   2    0.00132
1039     75.9000  #959494  149   3    0.00000
1040     76.0000  #959495  149   4    0.00132
1041     76.4000  #949594  149   5    0.00525
1042     76.5000  #949595  149   6    0.00131
1043     76.6000  #959594  149   7    0.00131
1044     76.6000  #959595  150   1    0.00000
1045     76.7000  #959596  150   2    0.00130
1046     76.9000  #969595  150   3    0.00260
1047     76.9000  #969596  150   4    0.00000
1048     77.3000  #959695  150   5    0.00519
1049     77.3000  #959696  150   6    0.00000
1050     77.5000  #969695  150   7    0.00258
1051     77.7000  #969696  151   1    0.00258
1052     77.7000  #969697  151   2    0.00000
1053     77.8000  #979696  151   3    0.00129
1054     77.9000  #979697  151   4    0.00128
1055     78.3000  #969796  151   5    0.00512
1056     78.4000  #969797  151   6    0.00128
1057     78.4000  #979796  151   7    0.00000
1058     78.5000  #979797  152   1    0.00127
1059     78.6000  #979798  152   2    0.00127
1060     78.8000  #989797  152   3    0.00254
1061     78.9000  #989798  152   4    0.00127
1062     79.1000  #979897  152   5    0.00253
1063     79.3000  #979898  152   6    0.00253
1064     79.4000  #989897  152   7    0.00126
1065     79.5000  #989898  153   1    0.00126
1066     79.6000  #989899  153   2    0.00126
1067     79.7000  #999898  153   3    0.00126
1068     79.8000  #999899  153   4    0.00125
1069     80.1000  #989998  153   5    0.00375
1070     80.3000  #989999  153   6    0.00249
1071     80.4000  #999998  153   7    0.00124
1072     80.5000  #999999  154   1    0.00124
1073     80.5000  #99999a  154   2    0.00000
1074     80.5000  #9a9999  154   3    0.00000
1075     80.6000  #9a999a  154   4    0.00124
1076     81.0000  #999a99  154   5    0.00495
1077     81.2000  #999a9a  154   6    0.00247
1078     81.1000  #9a9a99  154   7   -0.00123
1079     81.2000  #9a9a9a  155   1    0.00123
1080     81.2000  #9a9a9b  155   2    0.00000
1081     81.5000  #9b9a9a  155   3    0.00369
1082     81.5000  #9b9a9b  155   4    0.00000
1083     81.9000  #9a9b9a  155   5    0.00490
1084     82.0000  #9a9b9b  155   6    0.00122
1085     82.1000  #9b9b9a  155   7    0.00122
1086     82.2000  #9b9b9b  156   1    0.00122
1087     82.3000  #9b9b9c  156   2    0.00122
1088     82.4000  #9c9b9b  156   3    0.00121
1089     82.5000  #9c9b9c  156   4    0.00121
1090     82.9000  #9b9c9b  156   5    0.00484
1091     83.0000  #9b9c9c  156   6    0.00121
1092     83.1000  #9c9c9b  156   7    0.00120
1093     83.2000  #9c9c9c  157   1    0.00120
1094     83.3000  #9c9c9d  157   2    0.00120
1095     83.4000  #9d9c9c  157   3    0.00120
1096     83.5000  #9d9c9d  157   4    0.00120
1097     83.9000  #9c9d9c  157   5    0.00478
1098     84.0000  #9c9d9d  157   6    0.00119
1099     84.1000  #9d9d9c  157   7    0.00119
1100     84.0000  #9d9d9d  158   1   -0.00119
1101     84.3000  #9d9d9e  158   2    0.00357
1102     84.4000  #9e9d9d  158   3    0.00119
1103     84.5000  #9e9d9e  158   4    0.00118
1104     84.9000  #9d9e9d  158   5    0.00472
1105     85.0000  #9d9e9e  158   6    0.00118
1106     85.1000  #9e9e9d  158   7    0.00118
1107     85.2000  #9e9e9e  159   1    0.00117
1108     85.3000  #9e9e9f  159   2    0.00117
1109     85.4000  #9f9e9e  159   3    0.00117
1110     85.4000  #9f9e9f  159   4    0.00000
1111     85.9000  #9e9f9e  159   5    0.00584
1112     86.0000  #9e9f9f  159   6    0.00116
1113     86.1000  #9f9f9e  159   7    0.00116
1114     86.2000  #9f9f9f  160   1    0.00116
1115     86.2000  #9f9fa0  160   2    0.00000
1116     86.4000  #a09f9f  160   3    0.00232
1117     86.4000  #a09fa0  160   4    0.00000
1118     86.9000  #9fa09f  160   5    0.00577
1119     87.0000  #9fa0a0  160   6    0.00115
1120     87.1000  #a0a09f  160   7    0.00115
1121     87.2000  #a0a0a0  161   1    0.00115
1122     87.2000  #a0a0a1  161   2    0.00000
1123     87.4000  #a1a0a0  161   3    0.00229
1124     87.4000  #a1a0a1  161   4    0.00000
1125     87.9000  #a0a1a0  161   5    0.00570
1126     88.0000  #a0a1a1  161   6    0.00114
1127     88.1000  #a1a1a0  161   7    0.00114
1128     88.2000  #a1a1a1  162   1    0.00113
1129     88.3000  #a1a1a2  162   2    0.00113
1130     88.3000  #a2a1a1  162   3    0.00000
1131     88.5000  #a2a1a2  162   4    0.00226
1132     88.9000  #a1a2a1  162   5    0.00451
1133     89.0000  #a1a2a2  162   6    0.00112
1134     89.1000  #a2a2a1  162   7    0.00112
1135     89.2000  #a2a2a2  163   1    0.00112
1136     89.3000  #a2a2a3  163   2    0.00112
1137     89.5000  #a3a2a2  163   3    0.00224
1138     89.6000  #a3a2a3  163   4    0.00112
1139     90.0000  #a2a3a2  163   5    0.00445
1140     90.1000  #a2a3a3  163   6    0.00111
1141     90.2000  #a3a3a2  163   7    0.00111
1142     90.3000  #a3a3a3  164   1    0.00111
1143     90.4000  #a3a3a4  164   2    0.00111
1144     90.5000  #a4a3a3  164   3    0.00111
1145     90.6000  #a4a3a4  164   4    0.00110
1146     91.0000  #a3a4a3  164   5    0.00441
1147     91.1000  #a3a4a4  164   6    0.00110
1148     91.2000  #a4a4a3  164   7    0.00110
1149     91.3000  #a4a4a4  165   1    0.00110
1150     91.4000  #a4a4a5  165   2    0.00109
1151     91.5000  #a5a4a4  165   3    0.00109
1152     91.6000  #a5a4a5  165   4    0.00109
1153     92.1000  #a4a5a4  165   5    0.00544
1154     92.2000  #a4a5a5  165   6    0.00109
1155     92.2000  #a5a5a4  165   7    0.00000
1156     92.2000  #a5a5a5  166   1    0.00000
1157     92.4000  #a5a5a6  166   2    0.00217
1158     92.5000  #a6a5a5  166   3    0.00108
1159     92.6000  #a6a5a6  166   4    0.00108
1160     93.1000  #a5a6a5  166   5    0.00539
1161     93.1000  #a5a6a6  166   6    0.00000
1162     93.3000  #a6a6a5  166   7    0.00215
1163     93.3000  #a6a6a6  167   1    0.00000
1164     93.5000  #a6a6a7  167   2    0.00214
1165     93.6000  #a7a6a6  167   3    0.00107
1166     93.6000  #a7a6a7  167   4    0.00000
1167     94.1000  #a6a7a6  167   5    0.00533
1168     94.2000  #a6a7a7  167   6    0.00106
1169     94.3000  #a7a7a6  167   7    0.00106
1170     94.4000  #a7a7a7  168   1    0.00106
1171     94.5000  #a7a7a8  168   2    0.00106
1172     94.6000  #a8a7a7  168   3    0.00106
1173     94.7000  #a8a7a8  168   4    0.00106
1174     95.2000  #a7a8a7  168   5    0.00527
1175     95.3000  #a7a8a8  168   6    0.00105
1176     95.5000  #a8a8a7  168   7    0.00210
1177     95.6000  #a8a8a8  169   1    0.00105
1178     95.7000  #a8a8a9  169   2    0.00105
1179     95.8000  #a9a8a8  169   3    0.00104
1180     95.9000  #a9a8a9  169   4    0.00104
1181     96.4000  #a8a9a8  169   5    0.00520
1182     96.5000  #a8a9a9  169   6    0.00104
1183     96.6000  #a9a9a8  169   7    0.00104
1184     96.7000  #a9a9a9  170   1    0.00103
1185     96.7000  #a9a9aa  170   2    0.00000
1186     96.9000  #aaa9a9  170   3    0.00207
1187     97.0000  #aaa9aa  170   4    0.00103
1188     97.5000  #a9aaa9  170   5    0.00514
1189     97.6000  #a9aaaa  170   6    0.00103
1190     97.8000  #aaaaa9  170   7    0.00205
1191     97.9000  #aaaaaa  171   1    0.00102
1192     97.9000  #aaaaab  171   2    0.00000
1193     98.1000  #abaaaa  171   3    0.00204
1194     98.1000  #abaaab  171   4    0.00000
1195     98.6000  #aaabaa  171   5    0.00508
1196     98.7000  #aaabab  171   6    0.00101
1197     98.9000  #ababaa  171   7    0.00202
1198     98.8000  #ababab  172   1   -0.00101
1199     99.0000  #ababac  172   2    0.00202
1200     99.1000  #acabab  172   3    0.00101
1201     99.3000  #acabac  172   4    0.00202
1202     99.7000  #abacab  172   5    0.00402
1203     99.9000  #abacac  172   6    0.00200
1204    100.0000  #acacab  172   7    0.00100
1205    100.1000  #acacac  173   1    0.00100
1206    100.2000  #acacad  173   2    0.00100
1207    100.3000  #adacac  173   3    0.00100
1208    100.4000  #adacad  173   4    0.00100
1209    100.9000  #acadac  173   5    0.00497
1210    101.0000  #acadad  173   6    0.00099
1211    101.1000  #adadac  173   7    0.00099
1212    101.2000  #adadad  174   1    0.00099
1213    101.3000  #adadae  174   2    0.00099
1214    101.5000  #aeadad  174   3    0.00197
1215    101.6000  #aeadae  174   4    0.00098
1216    102.1000  #adaead  174   5    0.00491
1217    102.2000  #adaeae  174   6    0.00098
1218    102.3000  #aeaead  174   7    0.00098
1219    102.4000  #aeaeae  175   1    0.00098
1220    102.5000  #aeaeaf  175   2    0.00098
1221    102.7000  #afaeae  175   3    0.00195
1222    102.8000  #afaeaf  175   4    0.00097
1223    103.3000  #aeafae  175   5    0.00485
1224    103.4000  #aeafaf  175   6    0.00097
1225    103.5000  #afafae  175   7    0.00097
1226    103.6000  #afafaf  176   1    0.00097
1227    103.6000  #afafb0  176   2    0.00000
1228    103.8000  #b0afaf  176   3    0.00193
1229    104.0000  #b0afb0  176   4    0.00192
1230    104.4000  #afb0af  176   5    0.00384
1231    104.5000  #afb0b0  176   6    0.00096
1232    104.6000  #b0b0af  176   7    0.00096
1233    104.7000  #b0b0b0  177   1    0.00096
1234    104.8000  #b0b0b1  177   2    0.00095
1235    105.0000  #b1b0b0  177   3    0.00191
1236    105.0000  #b1b0b1  177   4    0.00000
1237    105.6000  #b0b1b0  177   5    0.00570
1238    105.7000  #b0b1b1  177   6    0.00095
1239    105.9000  #b1b1b0  177   7    0.00189
1240    106.0000  #b1b1b1  178   1    0.00094
1241    105.9000  #b1b1b2  178   2   -0.00094
1242    106.2000  #b2b1b1  178   3    0.00283
1243    106.3000  #b2b1b2  178   4    0.00094
1244    106.8000  #b1b2b1  178   5    0.00469
1245    106.9000  #b1b2b2  178   6    0.00094
1246    107.0000  #b2b2b1  178   7    0.00094
1247    107.1000  #b2b2b2  179   1    0.00093
1248    107.2000  #b2b2b3  179   2    0.00093
1249    107.3000  #b3b2b2  179   3    0.00093
1250    107.4000  #b3b2b3  179   4    0.00093
1251    108.0000  #b2b3b2  179   5    0.00557
1252    108.1000  #b2b3b3  179   6    0.00093
1253    108.3000  #b3b3b2  179   7    0.00185
1254    108.4000  #b3b3b3  180   1    0.00092
1255    108.4000  #b3b3b4  180   2    0.00000
1256    108.3000  #b4b3b3  180   3   -0.00092
1257    108.4000  #b4b3b4  180   4    0.00092
1258    109.3000  #b3b4b3  180   5    0.00827
1259    109.4000  #b3b4b4  180   6    0.00091
1260    109.2000  #b4b4b3  180   7   -0.00183
1261    109.4000  #b4b4b4  181   1    0.00183
1262    109.4000  #b4b4b5  181   2    0.00000
1263    109.6000  #b5b4b4  181   3    0.00183
1264    109.7000  #b5b4b5  181   4    0.00091
1265    110.2000  #b4b5b4  181   5    0.00455
1266    110.3000  #b4b5b5  181   6    0.00091
1267    110.4000  #b5b5b4  181   7    0.00091
1268    110.6000  #b5b5b5  182   1    0.00181
1269    110.6000  #b5b5b6  182   2    0.00000
1270    110.9000  #b6b5b5  182   3    0.00271
1271    110.9000  #b6b5b6  182   4    0.00000
1272    111.5000  #b5b6b5  182   5    0.00540
1273    111.5000  #b5b6b6  182   6    0.00000
1274    111.7000  #b6b6b5  182   7    0.00179
1275    111.8000  #b6b6b6  183   1    0.00089
1276    111.9000  #b6b6b7  183   2    0.00089
1277    112.0000  #b7b6b6  183   3    0.00089
1278    112.2000  #b7b6b7  183   4    0.00178
1279    112.7000  #b6b7b6  183   5    0.00445
1280    112.7000  #b6b7b7  183   6    0.00000
1281    112.9000  #b7b7b6  183   7    0.00177
1282    113.1000  #b7b7b7  184   1    0.00177
1283    113.2000  #b7b7b8  184   2    0.00088
1284    113.3000  #b8b7b7  184   3    0.00088
1285    113.4000  #b8b7b8  184   4    0.00088
1286    114.0000  #b7b8b7  184   5    0.00528
1287    114.1000  #b7b8b8  184   6    0.00088
1288    114.2000  #b8b8b7  184   7    0.00088
1289    114.4000  #b8b8b8  185   1    0.00175
1290    114.5000  #b8b8b9  185   2    0.00087
1291    114.6000  #b9b8b8  185   3    0.00087
1292    114.7000  #b9b8b9  185   4    0.00087
1293    115.2000  #b8b9b8  185   5    0.00435
1294    115.3000  #b8b9b9  185   6    0.00087
1295    115.5000  #b9b9b8  185   7    0.00173
1296    115.6000  #b9b9b9  186   1    0.00087
1297    115.7000  #b9b9ba  186   2    0.00086
1298    115.8000  #bab9b9  186   3    0.00086
1299    116.0000  #bab9ba  186   4    0.00173
1300    116.5000  #b9bab9  186   5    0.00430
1301    116.6000  #b9baba  186   6    0.00086
1302    116.8000  #babab9  186   7    0.00171
1303    116.9000  #bababa  187   1    0.00086
1304    117.0000  #bababb  187   2    0.00086
1305    117.2000  #bbbaba  187   3    0.00171
1306    117.2000  #bbbabb  187   4    0.00000
1307    117.8000  #babbba  187   5    0.00511
1308    118.0000  #babbbb  187   6    0.00170
1309    118.1000  #bbbbba  187   7    0.00085
1310    118.2000  #bbbbbb  188   1    0.00085
1311    118.3000  #bbbbbc  188   2    0.00085
1312    118.5000  #bcbbbb  188   3    0.00169
1313    118.6000  #bcbbbc  188   4    0.00084
1314    119.2000  #bbbcbb  188   5    0.00505
1315    119.2000  #bbbcbc  188   6    0.00000
1316    119.4000  #bcbcbb  188   7    0.00168
1317    119.5000  #bcbcbc  189   1    0.00084
1318    119.6000  #bcbcbd  189   2    0.00084
1319    119.8000  #bdbcbc  189   3    0.00167
1320    119.9000  #bdbcbd  189   4    0.00083
1321    120.5000  #bcbdbc  189   5    0.00499
1322    120.6000  #bcbdbd  189   6    0.00083
1323    120.8000  #bdbdbc  189   7    0.00166
1324    121.0000  #bdbdbd  190   1    0.00165
1325    121.0000  #bdbdbe  190   2    0.00000
1326    121.2000  #bebdbd  190   3    0.00165
1327    121.3000  #bebdbe  190   4    0.00082
1328    121.9000  #bdbebd  190   5    0.00493
1329    122.0000  #bdbebe  190   6    0.00082
1330    122.2000  #bebebd  190   7    0.00164
1331    122.3000  #bebebe  191   1    0.00082
1332    122.4000  #bebebf  191   2    0.00082
1333    122.5000  #bfbebe  191   3    0.00082
1334    122.6000  #bfbebf  191   4    0.00082
1335    123.3000  #bebfbe  191   5    0.00569
1336    123.4000  #bebfbf  191   6    0.00081
1337    123.5000  #bfbfbe  191   7    0.00081
1338    123.7000  #bfbfbf  192   1    0.00162
1339    123.8000  #bfbfc0  192   2    0.00081
1340    124.0000  #c0bfbf  192   3    0.00161
1341    124.1000  #c0bfc0  192   4    0.00081
1342    124.7000  #bfc0bf  192   5    0.00482
1343    124.8000  #bfc0c0  192   6    0.00080
1344    125.1000  #c0c0bf  192   7    0.00240
1345    125.2000  #c0c0c0  193   1    0.00080
1346    125.2000  #c0c0c1  193   2    0.00000
1347    125.5000  #c1c0c0  193   3    0.00239
1348    125.5000  #c1c0c1  193   4    0.00000
1349    126.1000  #c0c1c0  193   5    0.00477
1350    126.1000  #c0c1c1  193   6    0.00000
1351    126.2000  #c1c1c0  193   7    0.00079
1352    126.3000  #c1c1c1  194   1    0.00079
1353    126.4000  #c1c1c2  194   2    0.00079
1354    126.6000  #c2c1c1  194   3    0.00158
1355    126.7000  #c2c1c2  194   4    0.00079
1356    127.3000  #c1c2c1  194   5    0.00472
1357    127.4000  #c1c2c2  194   6    0.00079
1358    127.7000  #c2c2c1  194   7    0.00235
1359    127.7000  #c2c2c2  195   1    0.00000
1360    127.9000  #c2c2c3  195   2    0.00156
1361    128.0000  #c3c2c2  195   3    0.00078
1362    128.2000  #c3c2c3  195   4    0.00156
1363    128.9000  #c2c3c2  195   5    0.00545
1364    129.0000  #c2c3c3  195   6    0.00078
1365    129.1000  #c3c3c2  195   7    0.00077
1366    129.3000  #c3c3c3  196   1    0.00155
1367    129.3000  #c3c3c4  196   2    0.00000
1368    129.6000  #c4c3c3  196   3    0.00232
1369    129.7000  #c4c3c4  196   4    0.00077
1370    130.4000  #c3c4c3  196   5    0.00538
1371    130.4000  #c3c4c4  196   6    0.00000
1372    130.7000  #c4c4c3  196   7    0.00230
1373    130.7000  #c4c4c4  197   1    0.00000
1374    130.9000  #c4c4c5  197   2    0.00153
1375    131.1000  #c5c4c4  197   3    0.00153
1376    131.2000  #c5c4c5  197   4    0.00076
1377    131.8000  #c4c5c4  197   5    0.00456
1378    131.9000  #c4c5c5  197   6    0.00076
1379    132.1000  #c5c5c4  197   7    0.00152
1380    132.3000  #c5c5c5  198   1    0.00151
1381    132.3000  #c5c5c6  198   2    0.00000
1382    132.6000  #c6c5c5  198   3    0.00227
1383    132.7000  #c6c5c6  198   4    0.00075
1384    133.3000  #c5c6c5  198   5    0.00451
1385    133.4000  #c5c6c6  198   6    0.00075
1386    133.6000  #c6c6c5  198   7    0.00150
1387    133.8000  #c6c6c6  199   1    0.00150
1388    133.9000  #c6c6c7  199   2    0.00075
1389    134.1000  #c7c6c6  199   3    0.00149
1390    134.2000  #c7c6c7  199   4    0.00075
1391    134.8000  #c6c7c6  199   5    0.00446
1392    135.0000  #c6c7c7  199   6    0.00148
1393    135.2000  #c7c7c6  199   7    0.00148
1394    135.2000  #c7c7c7  200   1    0.00000
1395    135.2000  #c7c7c8  200   2    0.00000
1396    135.5000  #c8c7c7  200   3    0.00222
1397    135.6000  #c8c7c8  200   4    0.00074
1398    136.4000  #c7c8c7  200   5    0.00588
1399    136.4000  #c7c8c8  200   6    0.00000
1400    136.6000  #c8c8c7  200   7    0.00147
1401    136.6000  #c8c8c8  201   1    0.00000
1402    136.8000  #c8c8c9  201   2    0.00146
1403    137.0000  #c9c8c8  201   3    0.00146
1404    137.0000  #c9c8c9  201   4    0.00000
1405    137.7000  #c8c9c8  201   5    0.00510
1406    137.8000  #c8c9c9  201   6    0.00073
1407    138.0000  #c9c9c8  201   7    0.00145
1408    138.2000  #c9c9c9  202   1    0.00145
1409    138.3000  #c9c9ca  202   2    0.00072
1410    138.6000  #cac9c9  202   3    0.00217
1411    138.5000  #cac9ca  202   4   -0.00072
1412    139.2000  #c9cac9  202   5    0.00504
1413    139.4000  #c9caca  202   6    0.00144
1414    139.6000  #cacac9  202   7    0.00143
1415    139.8000  #cacaca  203   1    0.00143
1416    139.8000  #cacacb  203   2    0.00000
1417    140.0000  #cbcaca  203   3    0.00143
1418    140.2000  #cbcacb  203   4    0.00143
1419    140.8000  #cacbca  203   5    0.00427
1420    140.8000  #cacbcb  203   6    0.00000
1421    141.1000  #cbcbca  203   7    0.00213
1422    141.3000  #cbcbcb  204   1    0.00142
1423    141.5000  #cbcbcc  204   2    0.00141
1424    141.7000  #cccbcb  204   3    0.00141
1425    141.7000  #cccbcc  204   4    0.00000
1426    142.3000  #cbcccb  204   5    0.00423
1427    142.6000  #cbcccc  204   6    0.00211
1428    142.8000  #cccccb  204   7    0.00140
1429    142.9000  #cccccc  205   1    0.00070
1430    143.0000  #cccccd  205   2    0.00070
1431    143.0000  #cdcccc  205   3    0.00000
1432    143.1000  #cdcccd  205   4    0.00070
1433    144.0000  #cccdcc  205   5    0.00627
1434    144.1000  #cccdcd  205   6    0.00069
1435    144.1000  #cdcdcc  205   7    0.00000
1436    144.1000  #cdcdcd  206   1    0.00000
1437    144.4000  #cdcdce  206   2    0.00208
1438    144.4000  #cecdcd  206   3    0.00000
1439    144.6000  #cecdce  206   4    0.00138
1440    145.3000  #cdcecd  206   5    0.00483
1441    145.5000  #cdcece  206   6    0.00138
1442    145.6000  #cececd  206   7    0.00069
1443    145.6000  #cecece  207   1    0.00000
1444    145.9000  #cececf  207   2    0.00206
1445    145.9000  #cfcece  207   3    0.00000
1446    146.2000  #cfcecf  207   4    0.00205
1447    146.9000  #cecfce  207   5    0.00478
1448    147.0000  #cecfcf  207   6    0.00068
1449    147.4000  #cfcfce  207   7    0.00272
1450    147.5000  #cfcfcf  208   1    0.00068
1451    147.4000  #cfcfd0  208   2   -0.00068
1452    147.7000  #d0cfcf  208   3    0.00203
1453    147.8000  #d0cfd0  208   4    0.00068
1454    148.4000  #cfd0cf  208   5    0.00405
1455    148.7000  #cfd0d0  208   6    0.00202
1456    148.8000  #d0d0cf  208   7    0.00067
1457    149.0000  #d0d0d0  209   1    0.00134
1458    149.0000  #d0d0d1  209   2    0.00000
1459    149.3000  #d1d0d0  209   3    0.00201
1460    149.3000  #d1d0d1  209   4    0.00000
1461    150.1000  #d0d1d0  209   5    0.00534
1462    150.4000  #d0d1d1  209   6    0.00200
1463    150.4000  #d1d1d0  209   7    0.00000
1464    150.4000  #d1d1d1  210   1    0.00000
1465    150.6000  #d1d1d2  210   2    0.00133
1466    150.9000  #d2d1d1  210   3    0.00199
1467    151.1000  #d2d1d2  210   4    0.00132
1468    151.7000  #d1d2d1  210   5    0.00396
1469    152.0000  #d1d2d2  210   6    0.00198
1470    152.2000  #d2d2d1  210   7    0.00131
1471    152.3000  #d2d2d2  211   1    0.00066
1472    152.3000  #d2d2d3  211   2    0.00000
1473    152.7000  #d3d2d2  211   3    0.00262
1474    152.8000  #d3d2d3  211   4    0.00065
1475    153.5000  #d2d3d2  211   5    0.00457
1476    153.6000  #d2d3d3  211   6    0.00065
1477    153.9000  #d3d3d2  211   7    0.00195
1478    154.0000  #d3d3d3  212   1    0.00065
1479    154.0000  #d3d3d4  212   2    0.00000
1480    154.2000  #d4d3d3  212   3    0.00130
1481    154.4000  #d4d3d4  212   4    0.00130
1482    155.1000  #d3d4d3  212   5    0.00452
1483    155.4000  #d3d4d4  212   6    0.00193
1484    155.4000  #d4d4d3  212   7    0.00000
1485    155.7000  #d4d4d4  213   1    0.00193
1486    155.8000  #d4d4d5  213   2    0.00064
1487    156.1000  #d5d4d4  213   3    0.00192
1488    156.2000  #d5d4d5  213   4    0.00064
1489    157.0000  #d4d5d4  213   5    0.00511
1490    157.1000  #d4d5d5  213   6    0.00064
1491    157.2000  #d5d5d4  213   7    0.00064
1492    157.4000  #d5d5d5  214   1    0.00127
1493    157.5000  #d5d5d6  214   2    0.00064
1494    157.5000  #d6d5d5  214   3    0.00000
1495    157.8000  #d6d5d6  214   4    0.00190
1496    158.6000  #d5d6d5  214   5    0.00506
1497    158.8000  #d5d6d6  214   6    0.00126
1498    158.8000  #d6d6d5  214   7    0.00000
1499    159.0000  #d6d6d6  215   1    0.00126
1500    159.1000  #d6d6d7  215   2    0.00063
1501    159.3000  #d7d6d6  215   3    0.00126
1502    159.5000  #d7d6d7  215   4    0.00125
1503    160.1000  #d6d7d6  215   5    0.00375
1504    160.3000  #d6d7d7  215   6    0.00125
1505    160.6000  #d7d7d6  215   7    0.00187
1506    160.6000  #d7d7d7  216   1    0.00000
1507    160.9000  #d7d7d8  216   2    0.00187
1508    160.9000  #d8d7d7  216   3    0.00000
1509    161.2000  #d8d7d8  216   4    0.00186
1510    161.8000  #d7d8d7  216   5    0.00372
1511    162.0000  #d7d8d8  216   6    0.00124
1512    162.3000  #d8d8d7  216   7    0.00185
1513    162.4000  #d8d8d8  217   1    0.00062
1514    162.5000  #d8d8d9  217   2    0.00062
1515    162.8000  #d9d8d8  217   3    0.00184
1516    162.8000  #d9d8d9  217   4    0.00000
1517    163.4000  #d8d9d8  217   5    0.00368
1518    163.5000  #d8d9d9  217   6    0.00061
1519    163.7000  #d9d9d8  217   7    0.00122
1520    163.8000  #d9d9d9  218   1    0.00061
1521    163.9000  #d9d9da  218   2    0.00061
1522    164.2000  #dad9d9  218   3    0.00183
1523    164.3000  #dad9da  218   4    0.00061
1524    164.7000  #d9dad9  218   5    0.00243
1525    165.1000  #d9dada  218   6    0.00243
1526    165.1000  #dadad9  218   7    0.00000
1527    165.4000  #dadada  219   1    0.00182
1528    165.6000  #dadadb  219   2    0.00121
1529    165.9000  #dbdada  219   3    0.00181
1530    165.9000  #dbdadb  219   4    0.00000
1531    166.6000  #dadbda  219   5    0.00421
1532    166.6000  #dadbdb  219   6    0.00000
1533    166.8000  #dbdbda  219   7    0.00120
1534    166.9000  #dbdbdb  220   1    0.00060
1535    167.1000  #dbdbdc  220   2    0.00120
1536    167.3000  #dcdbdb  220   3    0.00120
1537    167.5000  #dcdbdc  220   4    0.00119
1538    168.0000  #dbdcdb  220   5    0.00298
1539    168.2000  #dbdcdc  220   6    0.00119
1540    168.3000  #dcdcdb  220   7    0.00059
1541    168.5000  #dcdcdc  221   1    0.00119
1542    168.4000  #dcdcdd  221   2   -0.00059
1543    168.8000  #dddcdc  221   3    0.00237
1544    168.9000  #dddcdd  221   4    0.00059
1545    169.5000  #dcdddc  221   5    0.00355
1546    169.6000  #dcdddd  221   6    0.00059
1547    169.8000  #dddddc  221   7    0.00118
1548    169.9000  #dddddd  222   1    0.00059
1549    170.0000  #ddddde  222   2    0.00059
1550    170.2000  #dedddd  222   3    0.00118
1551    170.2000  #deddde  222   4    0.00000
1552    170.9000  #dddedd  222   5    0.00410
1553    171.1000  #dddede  222   6    0.00117
1554    171.2000  #dededd  222   7    0.00058
1555    171.4000  #dedede  223   1    0.00117
1556    171.5000  #dededf  223   2    0.00058
1557    171.7000  #dfdede  223   3    0.00117
1558    171.8000  #dfdedf  223   4    0.00058
1559    172.4000  #dedfde  223   5    0.00349
1560    172.4000  #dedfdf  223   6    0.00000
1561    172.6000  #dfdfde  223   7    0.00116
1562    172.8000  #dfdfdf  224   1    0.00116
1563    173.0000  #dfdfe0  224   2    0.00116
1564    173.1000  #e0dfdf  224   3    0.00058
1565    173.3000  #e0dfe0  224   4    0.00115
1566    174.0000  #dfe0df  224   5    0.00403
1567    174.1000  #dfe0e0  224   6    0.00057
1568    174.3000  #e0e0df  224   7    0.00115
1569    174.4000  #e0e0e0  225   1    0.00057
1570    174.5000  #e0e0e1  225   2    0.00057
1571    174.6000  #e1e0e0  225   3    0.00057
1572    174.9000  #e1e0e1  225   4    0.00172
1573    175.5000  #e0e1e0  225   5    0.00342
1574    175.6000  #e0e1e1  225   6    0.00057
1575    175.8000  #e1e1e0  225   7    0.00114
1576    176.0000  #e1e1e1  226   1    0.00114
1577    176.1000  #e1e1e2  226   2    0.00057
1578    176.2000  #e2e1e1  226   3    0.00057
1579    176.4000  #e2e1e2  226   4    0.00113
1580    177.1000  #e1e2e1  226   5    0.00396
1581    177.2000  #e1e2e2  226   6    0.00056
1582    177.4000  #e2e2e1  226   7    0.00113
1583    177.5000  #e2e2e2  227   1    0.00056
1584    177.7000  #e2e2e3  227   2    0.00113
1585    177.9000  #e3e2e2  227   3    0.00112
1586    178.0000  #e3e2e3  227   4    0.00056
1587    178.6000  #e2e3e2  227   5    0.00337
1588    178.8000  #e2e3e3  227   6    0.00112
1589    178.0000  #e3e3e2  227   7   -0.00448
1590    179.0000  #e3e3e3  228   1    0.00560
1591    179.0000  #e3e3e4  228   2    0.00000
1592    179.0000  #e4e3e3  228   3    0.00000
1593    179.0000  #e4e3e4  228   4    0.00000
1594    180.0000  #e3e4e3  228   5    0.00557
1595    180.0000  #e3e4e4  228   6    0.00000
1596    180.0000  #e4e4e3  228   7    0.00000
1597    180.0000  #e4e4e4  229   1    0.00000
1598    180.0000  #e4e4e5  229   2    0.00000
1599    180.0000  #e5e4e4  229   3    0.00000
1600    181.0000  #e5e4e5  229   4    0.00554
1601    181.0000  #e4e5e4  229   5    0.00000
1602    181.0000  #e4e5e5  229   6    0.00000
1603    182.0000  #e5e5e4  229   7    0.00551
1604    182.0000  #e5e5e5  230   1    0.00000
1605    182.0000  #e5e5e6  230   2    0.00000
1606    182.0000  #e6e5e5  230   3    0.00000
1607    182.0000  #e6e5e6  230   4    0.00000
1608    183.0000  #e5e6e5  230   5    0.00548
1609    183.0000  #e5e6e6  230   6    0.00000
1610    183.0000  #e6e6e5  230   7    0.00000
1611    183.0000  #e6e6e6  231   1    0.00000
1612    183.0000  #e6e6e7  231   2    0.00000
1613    183.0000  #e7e6e6  231   3    0.00000
1614    183.0000  #e7e6e7  231   4    0.00000
1615    184.0000  #e6e7e6  231   5    0.00545
1616    185.0000  #e6e7e7  231   6    0.00542
1617    184.0000  #e7e7e6  231   7   -0.00542
1618    184.0000  #e7e7e7  232   1    0.00000
1619    185.0000  #e7e7e8  232   2    0.00542
1620    185.0000  #e8e7e7  232   3    0.00000
1621    185.0000  #e8e7e8  232   4    0.00000
1622    186.0000  #e7e8e7  232   5    0.00539
1623    186.0000  #e7e8e8  232   6    0.00000
1624    186.0000  #e8e8e7  232   7    0.00000
1625    186.0000  #e8e8e8  233   1    0.00000
1626    186.0000  #e8e8e9  233   2    0.00000
1627    187.0000  #e9e8e8  233   3    0.00536
1628    187.0000  #e9e8e9  233   4    0.00000
1629    188.0000  #e8e9e8  233   5    0.00533
1630    188.0000  #e8e9e9  233   6    0.00000
1631    188.0000  #e9e9e8  233   7    0.00000
1632    188.0000  #e9e9e9  234   1    0.00000
1633    188.0000  #e9e9ea  234   2    0.00000
1634    188.0000  #eae9e9  234   3    0.00000
1635    189.0000  #eae9ea  234   4    0.00531
1636    189.0000  #e9eae9  234   5    0.00000
1637    189.0000  #e9eaea  234   6    0.00000
1638    190.0000  #eaeae9  234   7    0.00528
1639    190.0000  #eaeaea  235   1    0.00000
1640    190.0000  #eaeaeb  235   2    0.00000
1641    190.0000  #ebeaea  235   3    0.00000
1642    190.0000  #ebeaeb  235   4    0.00000
1643    191.0000  #eaebea  235   5    0.00525
1644    191.0000  #eaebeb  235   6    0.00000
1645    191.0000  #ebebea  235   7    0.00000
1646    192.0000  #ebebeb  236   1    0.00522
1647    192.0000  #ebebec  236   2    0.00000
1648    192.0000  #ecebeb  236   3    0.00000
1649    192.0000  #ecebec  236   4    0.00000
1650    193.0000  #ebeceb  236   5    0.00519
1651    193.0000  #ebecec  236   6    0.00000
1652    193.0000  #ececeb  236   7    0.00000
1653    193.0000  #ececec  237   1    0.00000
1654    193.0000  #ececed  237   2    0.00000
1655    194.0000  #edecec  237   3    0.00517
1656    194.0000  #edeced  237   4    0.00000
1657    195.0000  #ecedec  237   5    0.00514
1658    195.0000  #eceded  237   6    0.00000
1659    195.0000  #ededec  237   7    0.00000
1660    195.0000  #ededed  238   1    0.00000
1661    195.0000  #ededee  238   2    0.00000
1662    196.0000  #eeeded  238   3    0.00512
1663    196.0000  #eeedee  238   4    0.00000
1664    196.0000  #edeeed  238   5    0.00000
1665    196.0000  #edeeee  238   6    0.00000
1666    196.0000  #eeeeed  238   7    0.00000
1667    197.0000  #eeeeee  239   1    0.00509
1668    197.0000  #eeeeef  239   2    0.00000
1669    197.0000  #efeeee  239   3    0.00000
1670    197.0000  #efeeef  239   4    0.00000
1671    198.0000  #eeefee  239   5    0.00506
1672    198.0000  #eeefef  239   6    0.00000
1673    198.0000  #efefee  239   7    0.00000
1674    198.0000  #efefef  240   1    0.00000
1675    199.0000  #efeff0  240   2    0.00504
1676    199.0000  #f0efef  240   3    0.00000
1677    199.0000  #f0eff0  240   4    0.00000
1678    200.0000  #eff0ef  240   5    0.00501
1679    200.0000  #eff0f0  240   6    0.00000
1680    200.0000  #f0f0ef  240   7    0.00000
1681    200.0000  #f0f0f0  241   1    0.00000
1682    201.0000  #f0f0f1  241   2    0.00499
1683    201.0000  #f1f0f0  241   3    0.00000
1684    201.0000  #f1f0f1  241   4    0.00000
1685    202.0000  #f0f1f0  241   5    0.00496
1686    202.0000  #f0f1f1  241   6    0.00000
1687    202.0000  #f1f1f0  241   7    0.00000
1688    202.0000  #f1f1f1  242   1    0.00000
1689    202.0000  #f1f1f2  242   2    0.00000
1690    203.0000  #f2f1f1  242   3    0.00494
1691    203.0000  #f2f1f2  242   4    0.00000
1692    204.0000  #f1f2f1  242   5    0.00491
1693    204.0000  #f1f2f2  242   6    0.00000
1694    204.0000  #f2f2f1  242   7    0.00000
1695    204.0000  #f2f2f2  243   1    0.00000
1696    205.0000  #f2f2f3  243   2    0.00489
1697    205.0000  #f3f2f2  243   3    0.00000
1698    205.0000  #f3f2f3  243   4    0.00000
1699    206.0000  #f2f3f2  243   5    0.00487
1700    206.0000  #f2f3f3  243   6    0.00000
1701    206.0000  #f3f3f2  243   7    0.00000
1702    206.0000  #f3f3f3  244   1    0.00000
1703    206.0000  #f3f3f4  244   2    0.00000
1704    207.0000  #f4f3f3  244   3    0.00484
1705    207.0000  #f4f3f4  244   4    0.00000
1706    208.0000  #f3f4f3  244   5    0.00482
1707    208.0000  #f3f4f4  244   6    0.00000
1708    208.0000  #f4f4f3  244   7    0.00000
1709    209.0000  #f4f4f4  245   1    0.00480
1710    209.0000  #f4f4f5  245   2    0.00000
1711    209.0000  #f5f4f4  245   3    0.00000
1712    209.0000  #f5f4f5  245   4    0.00000
1713    210.0000  #f4f5f4  245   5    0.00477
1714    210.0000  #f4f5f5  245   6    0.00000
1715    211.0000  #f5f5f4  245   7    0.00475
1716    211.0000  #f5f5f5  246   1    0.00000
1717    211.0000  #f5f5f6  246   2    0.00000
1718    211.0000  #f6f5f5  246   3    0.00000
1719    211.0000  #f6f5f6  246   4    0.00000
1720    212.0000  #f5f6f5  246   5    0.00473
1721    212.0000  #f5f6f6  246   6    0.00000
1722    213.0000  #f6f6f5  246   7    0.00471
1723    213.0000  #f6f6f6  247   1    0.00000
1724    213.0000  #f6f6f7  247   2    0.00000
1725    213.0000  #f7f6f6  247   3    0.00000
1726    213.0000  #f7f6f7  247   4    0.00000
1727    215.0000  #f6f7f6  247   5    0.00935
1728    215.0000  #f6f7f7  247   6    0.00000
1729    215.0000  #f7f7f6  247   7    0.00000
1730    215.0000  #f7f7f7  248   1    0.00000
1731    215.0000  #f7f7f8  248   2    0.00000
1732    215.0000  #f8f7f7  248   3    0.00000
1733    216.0000  #f8f7f8  248   4    0.00464
1734    217.0000  #f7f8f7  248   5    0.00462
1735    217.0000  #f7f8f8  248   6    0.00000
1736    217.0000  #f8f8f7  248   7    0.00000
1737    218.0000  #f8f8f8  249   1    0.00460
1738    218.0000  #f8f8f9  249   2    0.00000
1739    218.0000  #f9f8f8  249   3    0.00000
1740    218.0000  #f9f8f9  249   4    0.00000
1741    219.0000  #f8f9f8  249   5    0.00458
1742    220.0000  #f8f9f9  249   6    0.00456
1743    220.0000  #f9f9f8  249   7    0.00000
1744    220.0000  #f9f9f9  250   1    0.00000
1745    220.0000  #f9f9fa  250   2    0.00000
1746    220.0000  #faf9f9  250   3    0.00000
1747    221.0000  #faf9fa  250   4    0.00454
1748    222.0000  #f9faf9  250   5    0.00451
1749    222.0000  #f9fafa  250   6    0.00000
1750    222.0000  #fafaf9  250   7    0.00000
1751    222.0000  #fafafa  251   1    0.00000
1752    222.0000  #fafafb  251   2    0.00000
1753    223.0000  #fbfafa  251   3    0.00449
1754    223.0000  #fbfafb  251   4    0.00000
1755    224.0000  #fafbfa  251   5    0.00447
1756    225.0000  #fafbfb  251   6    0.00445
1757    225.0000  #fbfbfa  251   7    0.00000
1758    225.0000  #fbfbfb  252   1    0.00000
1759    225.0000  #fbfbfc  252   2    0.00000
1760    225.0000  #fcfbfb  252   3    0.00000
1761    225.0000  #fcfbfc  252   4    0.00000
1762    227.0000  #fbfcfb  252   5    0.00885
1763    227.0000  #fbfcfc  252   6    0.00000
1764    227.0000  #fcfcfb  252   7    0.00000
1765    227.0000  #fcfcfc  253   1    0.00000
1766    228.0000  #fcfcfd  253   2    0.00440
1767    228.0000  #fdfcfc  253   3    0.00000
1768    227.0000  #fdfcfd  253   4   -0.00440
1769    229.0000  #fcfdfc  253   5    0.00877
1770    229.0000  #fcfdfd  253   6    0.00000
1771    230.0000  #fdfdfc  253   7    0.00436
1772    230.0000  #fdfdfd  254   1    0.00000
1773    230.0000  #fdfdfe  254   2    0.00000
1774    230.0000  #fefdfd  254   3    0.00000
1775    230.0000  #fefdfe  254   4    0.00000
1776    232.0000  #fdfefd  254   5    0.00866
1777    232.0000  #fdfefe  254   6    0.00000
1778    232.0000  #fefefd  254   7    0.00000
1779    232.0000  #fefefe  255   1    0.00000
1780    233.0000  #fefeff  255   2    0.00430
1781    233.0000  #fffefe  255   3    0.00000
1782    233.0000  #fffeff  255   4    0.00000
1783    234.0000  #fefffe  255   5    0.00428
1784    234.0000  #feffff  255   6    0.00000
1785    235.0000  #fffffe  255   7    0.00426
1786    235.0000  #ffffff  256   1    0.00000
