#  lumResponse vers. 1.6 - 07/03/08 15:31:18
#  Display ID: DELL_2408WFP_JU43683617VS
#  iLdelay=1  avgN=1  ILlimit_plus=0.20 ILlimit_minus=-0.05  R=24.4% G=67.1% B=8.6%
#  91.2  #ff0000
#  251.0  #00ff00
#  32.1  #0000ff
   1    0.262  #000000    1 1  0.0000
   2    0.262  #000001    1 2  0.0000
   3    0.262  #010000    1 3  0.0000
   4    0.262  #010001    1 4  0.0000
   5    0.261  #000100    1 5  -0.0038
   6    0.262  #000101    1 6  0.0038
   7    0.262  #010100    1 7  0.0000
   8    0.262  #010101    2 1  0.0000
   9    0.262  #010102    2 2  0.0000
  10    0.262  #020101    2 3  0.0000
  11    0.262  #020102    2 4  0.0000
  12    0.262  #010201    2 5  0.0000
  13    0.262  #010202    2 6  0.0000
  14    0.263  #020201    2 7  0.0038
  15    0.263  #020202    3 1  0.0000
  16    0.263  #020203    3 2  0.0000
  17    0.264  #030202    3 3  0.0038
  18    0.264  #030203    3 4  0.0000
  19    0.265  #020302    3 5  0.0038
  20    0.265  #020303    3 6  0.0000
  21    0.266  #030302    3 7  0.0038
  22    0.266  #030303    4 1  0.0000
  23    0.267  #030304    4 2  0.0038
  24    0.268  #040303    4 3  0.0037
  25    0.268  #040304    4 4  0.0000
  26    0.271  #030403    4 5  0.0111
  27    0.271  #030404    4 6  0.0000
  28    0.272  #040403    4 7  0.0037
  29    0.273  #040404    5 1  0.0037
  30    0.274  #040405    5 2  0.0037
  31    0.275  #050404    5 3  0.0036
  32    0.275  #050405    5 4  0.0000
  33    0.278  #040504    5 5  0.0108
  34    0.279  #040505    5 6  0.0036
  35    0.280  #050504    5 7  0.0036
  36    0.281  #050505    6 1  0.0036
  37    0.282  #050506    6 2  0.0036
  38    0.285  #060505    6 3  0.0106
  39    0.286  #060506    6 4  0.0035
  40    0.289  #050605    6 5  0.0104
  41    0.290  #050606    6 6  0.0035
  42    0.292  #060605    6 7  0.0069
  43    0.293  #060606    7 1  0.0034
  44    0.294  #060607    7 2  0.0034
  45    0.297  #070606    7 3  0.0102
  46    0.298  #070607    7 4  0.0034
  47    0.303  #060706    7 5  0.0166
  48    0.304  #060707    7 6  0.0033
  49    0.306  #070706    7 7  0.0066
  50    0.307  #070707    8 1  0.0033
  51    0.309  #070708    8 2  0.0065
  52    0.311  #080707    8 3  0.0065
  53    0.313  #080708    8 4  0.0064
  54    0.319  #070807    8 5  0.0190
  55    0.320  #070808    8 6  0.0031
  56    0.323  #080807    8 7  0.0093
  57    0.324  #080808    9 1  0.0031
  58    0.325  #080809    9 2  0.0031
  59    0.329  #090808    9 3  0.0122
  60    0.330  #090809    9 4  0.0030
  61    0.338  #080908    9 5  0.0240
  62    0.338  #080909    9 6  0.0000
  63    0.342  #090908    9 7  0.0118
  64    0.343  #090909   10 1  0.0029
  65    0.345  #09090a   10 2  0.0058
  66    0.347  #0a0909   10 3  0.0058
  67    0.349  #0a090a   10 4  0.0057
  68    0.360  #090a09   10 5  0.0310
  69    0.361  #090a0a   10 6  0.0028
  70    0.364  #0a0a09   10 7  0.0083
  71    0.366  #0a0a0a   11 1  0.0055
  72    0.368  #0a0a0b   11 2  0.0054
  73    0.372  #0b0a0a   11 3  0.0108
  74    0.375  #0b0a0b   11 4  0.0080
  75    0.385  #0a0b0a   11 5  0.0263
  76    0.388  #0a0b0b   11 6  0.0078
  77    0.392  #0b0b0a   11 7  0.0103
  78    0.394  #0b0b0b   12 1  0.0051
  79    0.397  #0b0b0c   12 2  0.0076
  80    0.402  #0c0b0b   12 3  0.0125
  81    0.404  #0c0b0c   12 4  0.0050
  82    0.417  #0b0c0b   12 5  0.0317
  83    0.420  #0b0c0c   12 6  0.0072
  84    0.425  #0c0c0b   12 7  0.0118
  85    0.427  #0c0c0c   13 1  0.0047
  86    0.430  #0c0c0d   13 2  0.0070
  87    0.436  #0d0c0c   13 3  0.0139
  88    0.439  #0d0c0d   13 4  0.0069
  89    0.447  #0c0d0c   13 5  0.0181
  90    0.449  #0c0d0d   13 6  0.0045
  91    0.456  #0d0d0c   13 7  0.0155
  92    0.458  #0d0d0d   14 1  0.0044
  93    0.462  #0d0d0e   14 2  0.0087
  94    0.469  #0e0d0d   14 3  0.0150
  95    0.473  #0e0d0e   14 4  0.0085
  96    0.488  #0d0e0d   14 5  0.0312
  97    0.492  #0d0e0e   14 6  0.0082
  98    0.500  #0e0e0d   14 7  0.0161
  99    0.503  #0e0e0e   15 1  0.0060
 100    0.507  #0e0e0f   15 2  0.0079
 101    0.515  #0f0e0e   15 3  0.0157
 102    0.520  #0f0e0f   15 4  0.0097
 103    0.538  #0e0f0e   15 5  0.0340
 104    0.542  #0e0f0f   15 6  0.0074
 105    0.551  #0f0f0e   15 7  0.0165
 106    0.554  #0f0f0f   16 1  0.0054
 107    0.559  #0f0f10   16 2  0.0090
 108    0.569  #100f0f   16 3  0.0177
 109    0.574  #100f10   16 4  0.0087
 110    0.595  #0f100f   16 5  0.0359
 111    0.600  #0f1010   16 6  0.0084
 112    0.610  #10100f   16 7  0.0165
 113    0.615  #101010   17 1  0.0082
 114    0.620  #101011   17 2  0.0081
 115    0.632  #111010   17 3  0.0192
 116    0.637  #111011   17 4  0.0079
 117    0.663  #101110   17 5  0.0400
 118    0.668  #101111   17 6  0.0075
 119    0.680  #111110   17 7  0.0178
 120    0.685  #111111   18 1  0.0073
 121    0.691  #111112   18 2  0.0087
 122    0.708  #121111   18 3  0.0243
 123    0.714  #121112   18 4  0.0084
 124    0.740  #111211   18 5  0.0358
 125    0.747  #111212   18 6  0.0094
 126    0.763  #121211   18 7  0.0212
 127    0.770  #121212   19 1  0.0091
 128    0.777  #121213   19 2  0.0090
 129    0.790  #131212   19 3  0.0166
 130    0.798  #131213   19 4  0.0101
 131    0.834  #121312   19 5  0.0441
 132    0.841  #121313   19 6  0.0084
 133    0.855  #131312   19 7  0.0165
 134    0.862  #131313   20 1  0.0082
 135    0.868  #131314   20 2  0.0069
 136    0.889  #141313   20 3  0.0239
 137    0.894  #141314   20 4  0.0056
 138    0.936  #131413   20 5  0.0459
 139    0.942  #131414   20 6  0.0064
 140    0.962  #141413   20 7  0.0210
 141    0.967  #141414   21 1  0.0052
 142    0.978  #141415   21 2  0.0113
 143    0.997  #151414   21 3  0.0192
 144    1.008  #151415   21 4  0.0110
 145    1.052  #141514   21 5  0.0427
 146    1.062  #141515   21 6  0.0095
 147    1.082  #151514   21 7  0.0187
 148    1.092  #151515   22 1  0.0092
 149    1.098  #151516   22 2  0.0055
 150    1.126  #161515   22 3  0.0252
 151    1.132  #161516   22 4  0.0053
 152    1.188  #151615   22 5  0.0483
 153    1.195  #151616   22 6  0.0059
 154    1.222  #161615   22 7  0.0223
 155    1.229  #161616   23 1  0.0057
 156    1.241  #161617   23 2  0.0097
 157    1.270  #171616   23 3  0.0231
 158    1.282  #171617   23 4  0.0094
 159    1.338  #161716   23 5  0.0427
 160    1.351  #161717   23 6  0.0097
 161    1.379  #171716   23 7  0.0205
 162    1.392  #171717   24 1  0.0094
 163    1.403  #171718   24 2  0.0079
 164    1.442  #181717   24 3  0.0274
 165    1.454  #181718   24 4  0.0083
 166    1.517  #171817   24 5  0.0424
 167    1.529  #171818   24 6  0.0079
 168    1.567  #181817   24 7  0.0245
 169    1.580  #181818   25 1  0.0083
 170    1.592  #181819   25 2  0.0076
 171    1.629  #191818   25 3  0.0230
 172    1.641  #191819   25 4  0.0073
 173    1.718  #181918   25 5  0.0458
 174    1.730  #181919   25 6  0.0070
 175    1.760  #191918   25 7  0.0172
 176    1.770  #191919   26 1  0.0057
 177    1.790  #19191a   26 2  0.0112
 178    1.830  #1a1919   26 3  0.0221
 179    1.850  #1a191a   26 4  0.0109
 180    1.880  #191a19   26 5  0.0161
 181    1.900  #191a1a   26 6  0.0106
 182    1.940  #1a1a19   26 7  0.0208
 183    1.960  #1a1a1a   27 1  0.0103
 184    1.970  #1a1a1b   27 2  0.0051
 185    2.020  #1b1a1a   27 3  0.0251
 186    2.040  #1b1a1b   27 4  0.0099
 187    2.120  #1a1b1a   27 5  0.0385
 188    2.130  #1a1b1b   27 6  0.0047
 189    2.180  #1b1b1a   27 7  0.0232
 190    2.200  #1b1b1b   28 1  0.0091
 191    2.210  #1b1b1c   28 2  0.0045
 192    2.260  #1c1b1b   28 3  0.0224
 193    2.280  #1c1b1c   28 4  0.0088
 194    2.370  #1b1c1b   28 5  0.0387
 195    2.380  #1b1c1c   28 6  0.0042
 196    2.440  #1c1c1b   28 7  0.0249
 197    2.450  #1c1c1c   29 1  0.0041
 198    2.470  #1c1c1d   29 2  0.0081
 199    2.520  #1d1c1c   29 3  0.0200
 200    2.540  #1d1c1d   29 4  0.0079
 201    2.640  #1c1d1c   29 5  0.0386
 202    2.660  #1c1d1d   29 6  0.0075
 203    2.710  #1d1d1c   29 7  0.0186
 204    2.730  #1d1d1d   30 1  0.0074
 205    2.750  #1d1d1e   30 2  0.0073
 206    2.800  #1e1d1d   30 3  0.0180
 207    2.820  #1e1d1e   30 4  0.0071
 208    2.940  #1d1e1d   30 5  0.0417
 209    2.960  #1d1e1e   30 6  0.0068
 210    3.010  #1e1e1d   30 7  0.0168
 211    3.030  #1e1e1e   31 1  0.0066
 212    3.050  #1e1e1f   31 2  0.0066
 213    3.130  #1f1e1e   31 3  0.0259
 214    3.150  #1f1e1f   31 4  0.0064
 215    3.250  #1e1f1e   31 5  0.0313
 216    3.270  #1e1f1f   31 6  0.0061
 217    3.350  #1f1f1e   31 7  0.0242
 218    3.370  #1f1f1f   32 1  0.0060
 219    3.380  #1f1f20   32 2  0.0030
 220    3.440  #201f1f   32 3  0.0176
 221    3.450  #201f20   32 4  0.0029
 222    3.580  #1f201f   32 5  0.0370
 223    3.590  #1f2020   32 6  0.0028
 224    3.660  #20201f   32 7  0.0193
 225    3.670  #202020   33 1  0.0027
 226    3.690  #202021   33 2  0.0054
 227    3.750  #212020   33 3  0.0161
 228    3.770  #212021   33 4  0.0053
 229    3.820  #202120   33 5  0.0132
 230    3.850  #202121   33 6  0.0078
 231    3.910  #212120   33 7  0.0155
 232    3.930  #212121   34 1  0.0051
 233    3.930  #212122   34 2  0.0000
 234    3.990  #222121   34 3  0.0152
 235    4.000  #222122   34 4  0.0025
 236    4.090  #212221   34 5  0.0222
 237    4.100  #212222   34 6  0.0024
 238    4.150  #222221   34 7  0.0121
 239    4.160  #222222   35 1  0.0024
 240    4.180  #222223   35 2  0.0048
 241    4.230  #232222   35 3  0.0119
 242    4.240  #232223   35 4  0.0024
 243    4.330  #222322   35 5  0.0210
 244    4.350  #222323   35 6  0.0046
 245    4.390  #232322   35 7  0.0092
 246    4.410  #232323   36 1  0.0045
 247    4.420  #232324   36 2  0.0023
 248    4.480  #242323   36 3  0.0135
 249    4.480  #242324   36 4  0.0000
 250    4.590  #232423   36 5  0.0243
 251    4.590  #232424   36 6  0.0000
 252    4.660  #242423   36 7  0.0151
 253    4.660  #242424   37 1  0.0000
 254    4.690  #242425   37 2  0.0064
 255    4.710  #252424   37 3  0.0043
 256    4.740  #252425   37 4  0.0063
 257    4.850  #242524   37 5  0.0229
 258    4.870  #242525   37 6  0.0041
 259    4.900  #252524   37 7  0.0061
 260    4.920  #252525   38 1  0.0041
 261    4.930  #252526   38 2  0.0020
 262    4.990  #262525   38 3  0.0121
 263    5.000  #262526   38 4  0.0020
 264    5.110  #252625   38 5  0.0218
 265    5.120  #252626   38 6  0.0020
 266    5.180  #262625   38 7  0.0117
 267    5.200  #262626   39 1  0.0039
 268    5.210  #262627   39 2  0.0019
 269    5.270  #272626   39 3  0.0115
 270    5.290  #272627   39 4  0.0038
 271    5.340  #262726   39 5  0.0094
 272    5.370  #262727   39 6  0.0056
 273    5.410  #272726   39 7  0.0074
 274    5.440  #272727   40 1  0.0055
 275    5.460  #272728   40 2  0.0037
 276    5.540  #282727   40 3  0.0145
 277    5.560  #282728   40 4  0.0036
 278    5.650  #272827   40 5  0.0161
 279    5.660  #272828   40 6  0.0018
 280    5.750  #282827   40 7  0.0158
 281    5.770  #282828   41 1  0.0035
 282    5.790  #282829   41 2  0.0035
 283    5.860  #292828   41 3  0.0120
 284    5.880  #292829   41 4  0.0034
 285    5.990  #282928   41 5  0.0185
 286    6.000  #282929   41 6  0.0017
 287    6.080  #292928   41 7  0.0132
 288    6.090  #292929   42 1  0.0016
 289    6.130  #29292a   42 2  0.0065
 290    6.180  #2a2929   42 3  0.0081
 291    6.210  #2a292a   42 4  0.0048
 292    6.320  #292a29   42 5  0.0176
 293    6.350  #292a2a   42 6  0.0047
 294    6.400  #2a2a29   42 7  0.0078
 295    6.430  #2a2a2a   43 1  0.0047
 296    6.450  #2a2a2b   43 2  0.0031
 297    6.510  #2b2a2a   43 3  0.0093
 298    6.540  #2b2a2b   43 4  0.0046
 299    6.660  #2a2b2a   43 5  0.0182
 300    6.690  #2a2b2b   43 6  0.0045
 301    6.740  #2b2b2a   43 7  0.0074
 302    6.770  #2b2b2b   44 1  0.0044
 303    6.780  #2b2b2c   44 2  0.0015
 304    6.880  #2c2b2b   44 3  0.0146
 305    6.900  #2c2b2c   44 4  0.0029
 306    7.010  #2b2c2b   44 5  0.0158
 307    7.030  #2b2c2c   44 6  0.0028
 308    7.120  #2c2c2b   44 7  0.0127
 309    7.140  #2c2c2c   45 1  0.0028
 310    7.170  #2c2c2d   45 2  0.0042
 311    7.250  #2d2c2c   45 3  0.0111
 312    7.270  #2d2c2d   45 4  0.0028
 313    7.400  #2c2d2c   45 5  0.0177
 314    7.420  #2c2d2d   45 6  0.0027
 315    7.500  #2d2d2c   45 7  0.0107
 316    7.510  #2d2d2d   46 1  0.0013
 317    7.550  #2d2d2e   46 2  0.0053
 318    7.590  #2e2d2d   46 3  0.0053
 319    7.620  #2e2d2e   46 4  0.0039
 320    7.770  #2d2e2d   46 5  0.0195
 321    7.800  #2d2e2e   46 6  0.0039
 322    7.850  #2e2e2d   46 7  0.0064
 323    7.870  #2e2e2e   47 1  0.0025
 324    7.900  #2e2e2f   47 2  0.0038
 325    7.970  #2f2e2e   47 3  0.0088
 326    8.000  #2f2e2f   47 4  0.0038
 327    8.140  #2e2f2e   47 5  0.0173
 328    8.170  #2e2f2f   47 6  0.0037
 329    8.240  #2f2f2e   47 7  0.0085
 330    8.260  #2f2f2f   48 1  0.0024
 331    8.280  #2f2f30   48 2  0.0024
 332    8.360  #302f2f   48 3  0.0096
 333    8.390  #302f30   48 4  0.0036
 334    8.530  #2f302f   48 5  0.0165
 335    8.560  #2f3030   48 6  0.0035
 336    8.620  #30302f   48 7  0.0070
 337    8.660  #303030   49 1  0.0046
 338    8.680  #303031   49 2  0.0023
 339    8.780  #313030   49 3  0.0115
 340    8.790  #313031   49 4  0.0011
 341    8.950  #303130   49 5  0.0180
 342    8.970  #303131   49 6  0.0022
 343    9.060  #313130   49 7  0.0100
 344    9.080  #313131   50 1  0.0022
 345    9.100  #313132   50 2  0.0022
 346    9.210  #323131   50 3  0.0120
 347    9.220  #323132   50 4  0.0011
 348    9.380  #313231   50 5  0.0172
 349    9.390  #313232   50 6  0.0011
 350    9.500  #323231   50 7  0.0116
 351    9.500  #323232   51 1  0.0000
 352    9.550  #323233   51 2  0.0052
 353    9.610  #333232   51 3  0.0063
 354    9.650  #333233   51 4  0.0042
 355    9.800  #323332   51 5  0.0154
 356    9.840  #323333   51 6  0.0041
 357    9.910  #333332   51 7  0.0071
 358    9.950  #333333   52 1  0.0040
 359    9.980  #333334   52 2  0.0030
 360   10.050  #343333   52 3  0.0070
 361   10.100  #343334   52 4  0.0050
 362   10.170  #333433   52 5  0.0069
 363   10.220  #333434   52 6  0.0049
 364   10.280  #343433   52 7  0.0059
 365   10.330  #343434   53 1  0.0049
 366   10.340  #343435   53 2  0.0010
 367   10.440  #353434   53 3  0.0096
 368   10.460  #353435   53 4  0.0019
 369   10.640  #343534   53 5  0.0171
 370   10.670  #343535   53 6  0.0028
 371   10.750  #353534   53 7  0.0075
 372   10.790  #353535   54 1  0.0037
 373   10.810  #353536   54 2  0.0019
 374   10.910  #363535   54 3  0.0092
 375   10.930  #363536   54 4  0.0018
 376   11.120  #353635   54 5  0.0172
 377   11.130  #353636   54 6  0.0009
 378   11.240  #363635   54 7  0.0098
 379   11.250  #363636   55 1  0.0009
 380   11.290  #363637   55 2  0.0035
 381   11.340  #373636   55 3  0.0044
 382   11.380  #373637   55 4  0.0035
 383   11.580  #363736   55 5  0.0174
 384   11.610  #363737   55 6  0.0026
 385   11.680  #373736   55 7  0.0060
 386   11.700  #373737   56 1  0.0017
 387   11.750  #373738   56 2  0.0043
 388   11.830  #383737   56 3  0.0068
 389   11.890  #383738   56 4  0.0051
 390   12.040  #373837   56 5  0.0125
 391   12.100  #373838   56 6  0.0050
 392   12.170  #383837   56 7  0.0058
 393   12.230  #383838   57 1  0.0049
 394   12.260  #383839   57 2  0.0024
 395   12.390  #393838   57 3  0.0105
 396   12.430  #393839   57 4  0.0032
 397   12.570  #383938   57 5  0.0112
 398   12.610  #383939   57 6  0.0032
 399   12.730  #393938   57 7  0.0095
 400   12.780  #393939   58 1  0.0039
 401   12.790  #39393a   58 2  0.0008
 402   12.920  #3a3939   58 3  0.0101
 403   12.920  #3a393a   58 4  0.0000
 404   13.140  #393a39   58 5  0.0169
 405   13.140  #393a3a   58 6  0.0000
 406   13.250  #3a3a39   58 7  0.0083
 407   13.270  #3a3a3a   59 1  0.0015
 408   13.290  #3a3a3b   59 2  0.0015
 409   13.410  #3b3a3a   59 3  0.0090
 410   13.420  #3b3a3b   59 4  0.0007
 411   13.640  #3a3b3a   59 5  0.0163
 412   13.640  #3a3b3b   59 6  0.0000
 413   13.780  #3b3b3a   59 7  0.0102
 414   13.780  #3b3b3b   60 1  0.0000
 415   13.850  #3b3b3c   60 2  0.0051
 416   13.910  #3c3b3b   60 3  0.0043
 417   13.970  #3c3b3c   60 4  0.0043
 418   14.150  #3b3c3b   60 5  0.0128
 419   14.200  #3b3c3c   60 6  0.0035
 420   14.280  #3c3c3b   60 7  0.0056
 421   14.320  #3c3c3c   61 1  0.0028
 422   14.370  #3c3c3d   61 2  0.0035
 423   14.480  #3d3c3c   61 3  0.0076
 424   14.530  #3d3c3d   61 4  0.0034
 425   14.690  #3c3d3c   61 5  0.0110
 426   14.740  #3c3d3d   61 6  0.0034
 427   14.840  #3d3d3c   61 7  0.0068
 428   14.920  #3d3d3d   62 1  0.0054
 429   14.930  #3d3d3e   62 2  0.0007
 430   15.070  #3e3d3d   62 3  0.0093
 431   15.090  #3e3d3e   62 4  0.0013
 432   15.300  #3d3e3d   62 5  0.0138
 433   15.330  #3d3e3e   62 6  0.0020
 434   15.450  #3e3e3d   62 7  0.0078
 435   15.490  #3e3e3e   63 1  0.0026
 436   15.520  #3e3e3f   63 2  0.0019
 437   15.640  #3f3e3e   63 3  0.0077
 438   15.670  #3f3e3f   63 4  0.0019
 439   15.900  #3e3f3e   63 5  0.0146
 440   15.920  #3e3f3f   63 6  0.0013
 441   16.050  #3f3f3e   63 7  0.0081
 442   16.070  #3f3f3f   64 1  0.0012
 443   16.130  #3f3f40   64 2  0.0037
 444   16.230  #403f3f   64 3  0.0062
 445   16.300  #403f40   64 4  0.0043
 446   16.480  #3f403f   64 5  0.0110
 447   16.550  #3f4040   64 6  0.0042
 448   16.660  #40403f   64 7  0.0066
 449   16.710  #404040   65 1  0.0030
 450   16.750  #404041   65 2  0.0024
 451   16.810  #414040   65 3  0.0036
 452   16.870  #414041   65 4  0.0036
 453   17.000  #404140   65 5  0.0077
 454   17.070  #404141   65 6  0.0041
 455   17.110  #414140   65 7  0.0023
 456   17.180  #414141   66 1  0.0041
 457   17.200  #414142   66 2  0.0012
 458   17.330  #424141   66 3  0.0075
 459   17.340  #424142   66 4  0.0006
 460   17.500  #414241   66 5  0.0092
 461   17.600  #414242   66 6  0.0057
 462   17.700  #424241   66 7  0.0057
 463   17.700  #424242   67 1  0.0000
 464   17.800  #424243   67 2  0.0056
 465   17.900  #434242   67 3  0.0056
 466   18.000  #434243   67 4  0.0056
 467   18.200  #424342   67 5  0.0110
 468   18.200  #424343   67 6  0.0000
 469   18.400  #434342   67 7  0.0109
 470   18.400  #434343   68 1  0.0000
 471   18.400  #434344   68 2  0.0000
 472   18.500  #444343   68 3  0.0054
 473   18.600  #444344   68 4  0.0054
 474   18.800  #434443   68 5  0.0107
 475   18.900  #434444   68 6  0.0053
 476   19.000  #444443   68 7  0.0053
 477   19.000  #444444   69 1  0.0000
 478   19.100  #444445   69 2  0.0052
 479   19.200  #454444   69 3  0.0052
 480   19.200  #454445   69 4  0.0000
 481   19.500  #444544   69 5  0.0155
 482   19.500  #444545   69 6  0.0000
 483   19.600  #454544   69 7  0.0051
 484   19.700  #454545   70 1  0.0051
 485   19.700  #454546   70 2  0.0000
 486   19.800  #464545   70 3  0.0051
 487   19.900  #464546   70 4  0.0050
 488   20.100  #454645   70 5  0.0100
 489   20.200  #454646   70 6  0.0050
 490   20.300  #464645   70 7  0.0049
 491   20.300  #464646   71 1  0.0000
 492   20.400  #464647   71 2  0.0049
 493   20.500  #474646   71 3  0.0049
 494   20.500  #474647   71 4  0.0000
 495   20.800  #464746   71 5  0.0145
 496   20.800  #464747   71 6  0.0000
 497   21.000  #474746   71 7  0.0096
 498   21.000  #474747   72 1  0.0000
 499   21.100  #474748   72 2  0.0048
 500   21.100  #484747   72 3  0.0000
 501   21.200  #484748   72 4  0.0047
 502   21.400  #474847   72 5  0.0094
 503   21.500  #474848   72 6  0.0047
 504   21.600  #484847   72 7  0.0046
 505   21.700  #484848   73 1  0.0046
 506   21.700  #484849   73 2  0.0000
 507   21.800  #494848   73 3  0.0046
 508   21.900  #494849   73 4  0.0046
 509   22.100  #484948   73 5  0.0091
 510   22.200  #484949   73 6  0.0045
 511   22.300  #494948   73 7  0.0045
 512   22.400  #494949   74 1  0.0045
 513   22.400  #49494a   74 2  0.0000
 514   22.500  #4a4949   74 3  0.0045
 515   22.500  #4a494a   74 4  0.0000
 516   22.800  #494a49   74 5  0.0132
 517   22.900  #494a4a   74 6  0.0044
 518   23.000  #4a4a49   74 7  0.0044
 519   23.000  #4a4a4a   75 1  0.0000
 520   23.100  #4a4a4b   75 2  0.0043
 521   23.200  #4b4a4a   75 3  0.0043
 522   23.200  #4b4a4b   75 4  0.0000
 523   23.500  #4a4b4a   75 5  0.0128
 524   23.500  #4a4b4b   75 6  0.0000
 525   23.700  #4b4b4a   75 7  0.0085
 526   23.700  #4b4b4b   76 1  0.0000
 527   23.800  #4b4b4c   76 2  0.0042
 528   23.900  #4c4b4b   76 3  0.0042
 529   24.000  #4c4b4c   76 4  0.0042
 530   24.200  #4b4c4b   76 5  0.0083
 531   24.300  #4b4c4c   76 6  0.0041
 532   24.400  #4c4c4b   76 7  0.0041
 533   24.400  #4c4c4c   77 1  0.0000
 534   24.500  #4c4c4d   77 2  0.0041
 535   24.600  #4d4c4c   77 3  0.0041
 536   24.700  #4d4c4d   77 4  0.0041
 537   24.800  #4c4d4c   77 5  0.0040
 538   24.900  #4c4d4d   77 6  0.0040
 539   25.000  #4d4d4c   77 7  0.0040
 540   25.100  #4d4d4d   78 1  0.0040
 541   25.100  #4d4d4e   78 2  0.0000
 542   25.300  #4e4d4d   78 3  0.0079
 543   25.300  #4e4d4e   78 4  0.0000
 544   25.600  #4d4e4d   78 5  0.0118
 545   25.600  #4d4e4e   78 6  0.0000
 546   25.800  #4e4e4d   78 7  0.0078
 547   25.800  #4e4e4e   79 1  0.0000
 548   25.900  #4e4e4f   79 2  0.0039
 549   26.100  #4f4e4e   79 3  0.0077
 550   26.100  #4f4e4f   79 4  0.0000
 551   26.400  #4e4f4e   79 5  0.0114
 552   26.400  #4e4f4f   79 6  0.0000
 553   26.100  #4f4f4e   79 7  -0.0114
 554   26.100  #4f4f4f   80 1  0.0000
 555   26.100  #4f4f50   80 2  0.0000
 556   26.300  #504f4f   80 3  0.0076
 557   26.300  #504f50   80 4  0.0000
 558   26.600  #4f504f   80 5  0.0113
 559   26.600  #4f5050   80 6  0.0000
 560   26.800  #50504f   80 7  0.0075
 561   26.800  #505050   81 1  0.0000
 562   26.900  #505051   81 2  0.0037
 563   27.000  #515050   81 3  0.0037
 564   27.100  #515051   81 4  0.0037
 565   27.300  #505150   81 5  0.0074
 566   27.400  #505151   81 6  0.0037
 567   27.400  #515150   81 7  0.0000
 568   27.600  #515151   82 1  0.0073
 569   27.500  #515152   82 2  -0.0036
 570   27.700  #525151   82 3  0.0072
 571   27.800  #525152   82 4  0.0036
 572   28.000  #515251   82 5  0.0072
 573   28.100  #515252   82 6  0.0036
 574   28.200  #525251   82 7  0.0036
 575   28.300  #525252   83 1  0.0035
 576   28.300  #525253   83 2  0.0000
 577   28.500  #535252   83 3  0.0070
 578   28.400  #535253   83 4  -0.0035
 579   28.800  #525352   83 5  0.0140
 580   28.800  #525353   83 6  0.0000
 581   29.000  #535352   83 7  0.0069
 582   28.900  #535353   84 1  -0.0035
 583   29.100  #535354   84 2  0.0069
 584   29.100  #545353   84 3  0.0000
 585   29.200  #545354   84 4  0.0034
 586   29.400  #535453   84 5  0.0068
 587   29.500  #535454   84 6  0.0034
 588   29.700  #545453   84 7  0.0068
 589   29.700  #545454   85 1  0.0000
 590   29.800  #545455   85 2  0.0034
 591   29.900  #555454   85 3  0.0034
 592   30.000  #555455   85 4  0.0033
 593   30.200  #545554   85 5  0.0066
 594   30.300  #545555   85 6  0.0033
 595   30.400  #555554   85 7  0.0033
 596   30.500  #555555   86 1  0.0033
 597   30.500  #555556   86 2  0.0000
 598   30.700  #565555   86 3  0.0065
 599   30.800  #565556   86 4  0.0033
 600   31.000  #555655   86 5  0.0065
 601   31.000  #555656   86 6  0.0000
 602   31.200  #565655   86 7  0.0064
 603   31.300  #565656   87 1  0.0032
 604   31.300  #565657   87 2  0.0000
 605   31.500  #575656   87 3  0.0064
 606   31.500  #575657   87 4  0.0000
 607   31.800  #565756   87 5  0.0095
 608   31.800  #565757   87 6  0.0000
 609   32.100  #575756   87 7  0.0094
 610   32.000  #575757   88 1  -0.0031
 611   32.200  #575758   88 2  0.0062
 612   32.200  #585757   88 3  0.0000
 613   32.300  #585758   88 4  0.0031
 614   32.500  #575857   88 5  0.0062
 615   32.700  #575858   88 6  0.0061
 616   32.800  #585857   88 7  0.0031
 617   32.800  #585858   89 1  0.0000
 618   32.900  #585859   89 2  0.0030
 619   33.000  #595858   89 3  0.0030
 620   33.100  #595859   89 4  0.0030
 621   33.400  #585958   89 5  0.0090
 622   33.500  #585959   89 6  0.0030
 623   33.500  #595958   89 7  0.0000
 624   33.700  #595959   90 1  0.0060
 625   33.600  #59595a   90 2  -0.0030
 626   33.900  #5a5959   90 3  0.0089
 627   33.800  #5a595a   90 4  -0.0030
 628   34.100  #595a59   90 5  0.0088
 629   34.100  #595a5a   90 6  0.0000
 630   34.200  #5a5a59   90 7  0.0029
 631   34.300  #5a5a5a   91 1  0.0029
 632   34.300  #5a5a5b   91 2  0.0000
 633   34.500  #5b5a5a   91 3  0.0058
 634   34.500  #5b5a5b   91 4  0.0000
 635   34.900  #5a5b5a   91 5  0.0115
 636   34.900  #5a5b5b   91 6  0.0000
 637   35.100  #5b5b5a   91 7  0.0057
 638   35.100  #5b5b5b   92 1  0.0000
 639   35.200  #5b5b5c   92 2  0.0028
 640   35.200  #5c5b5b   92 3  0.0000
 641   35.400  #5c5b5c   92 4  0.0057
 642   35.600  #5b5c5b   92 5  0.0056
 643   35.800  #5b5c5c   92 6  0.0056
 644   35.800  #5c5c5b   92 7  0.0000
 645   35.900  #5c5c5c   93 1  0.0028
 646   35.900  #5c5c5d   93 2  0.0000
 647   36.100  #5d5c5c   93 3  0.0056
 648   36.200  #5d5c5d   93 4  0.0028
 649   36.500  #5c5d5c   93 5  0.0083
 650   36.600  #5c5d5d   93 6  0.0027
 651   36.700  #5d5d5c   93 7  0.0027
 652   36.800  #5d5d5d   94 1  0.0027
 653   36.800  #5d5d5e   94 2  0.0000
 654   37.000  #5e5d5d   94 3  0.0054
 655   37.000  #5e5d5e   94 4  0.0000
 656   37.400  #5d5e5d   94 5  0.0108
 657   37.400  #5d5e5e   94 6  0.0000
 658   37.600  #5e5e5d   94 7  0.0053
 659   37.500  #5e5e5e   95 1  -0.0027
 660   37.700  #5e5e5f   95 2  0.0053
 661   37.800  #5f5e5e   95 3  0.0026
 662   37.900  #5f5e5f   95 4  0.0026
 663   38.100  #5e5f5e   95 5  0.0053
 664   38.200  #5e5f5f   95 6  0.0026
 665   38.400  #5f5f5e   95 7  0.0052
 666   38.400  #5f5f5f   96 1  0.0000
 667   38.600  #5f5f60   96 2  0.0052
 668   38.600  #605f5f   96 3  0.0000
 669   38.800  #605f60   96 4  0.0052
 670   39.000  #5f605f   96 5  0.0051
 671   39.200  #5f6060   96 6  0.0051
 672   39.200  #60605f   96 7  0.0000
 673   39.300  #606060   97 1  0.0025
 674   39.300  #606061   97 2  0.0000
 675   39.500  #616060   97 3  0.0051
 676   39.500  #616061   97 4  0.0000
 677   39.900  #606160   97 5  0.0101
 678   39.900  #606161   97 6  0.0000
 679   40.100  #616160   97 7  0.0050
 680   40.100  #616161   98 1  0.0000
 681   40.200  #616162   98 2  0.0025
 682   40.400  #626161   98 3  0.0050
 683   40.400  #626162   98 4  0.0000
 684   40.800  #616261   98 5  0.0099
 685   40.700  #616262   98 6  -0.0025
 686   41.000  #626261   98 7  0.0073
 687   41.000  #626262   99 1  0.0000
 688   41.200  #626263   99 2  0.0049
 689   41.200  #636262   99 3  0.0000
 690   41.400  #636263   99 4  0.0048
 691   41.500  #626362   99 5  0.0024
 692   41.700  #626363   99 6  0.0048
 693   41.800  #636362   99 7  0.0024
 694   41.900  #636363  100 1  0.0024
 695   42.000  #636364  100 2  0.0024
 696   42.100  #646363  100 3  0.0024
 697   42.200  #646364  100 4  0.0024
 698   42.500  #636463  100 5  0.0071
 699   42.600  #636464  100 6  0.0024
 700   42.700  #646463  100 7  0.0023
 701   42.800  #646464  101 1  0.0023
 702   42.800  #646465  101 2  0.0000
 703   43.000  #656464  101 3  0.0047
 704   43.000  #656465  101 4  0.0000
 705   43.400  #646564  101 5  0.0093
 706   43.400  #646565  101 6  0.0000
 707   43.600  #656564  101 7  0.0046
 708   43.600  #656565  102 1  0.0000
 709   43.700  #656566  102 2  0.0023
 710   43.800  #666565  102 3  0.0023
 711   43.900  #666566  102 4  0.0023
 712   44.200  #656665  102 5  0.0068
 713   44.300  #656666  102 6  0.0023
 714   44.500  #666665  102 7  0.0045
 715   44.500  #666666  103 1  0.0000
 716   44.700  #666667  103 2  0.0045
 717   44.700  #676666  103 3  0.0000
 718   44.900  #676667  103 4  0.0045
 719   44.900  #666766  103 5  0.0000
 720   45.100  #666767  103 6  0.0044
 721   45.200  #676766  103 7  0.0022
 722   45.300  #676767  104 1  0.0022
 723   45.300  #676768  104 2  0.0000
 724   45.500  #686767  104 3  0.0044
 725   45.500  #686768  104 4  0.0000
 726   45.900  #676867  104 5  0.0088
 727   46.000  #676868  104 6  0.0022
 728   46.100  #686867  104 7  0.0022
 729   46.200  #686868  105 1  0.0022
 730   46.300  #686869  105 2  0.0022
 731   46.500  #696868  105 3  0.0043
 732   46.500  #696869  105 4  0.0000
 733   46.900  #686968  105 5  0.0086
 734   46.900  #686969  105 6  0.0000
 735   47.200  #696968  105 7  0.0064
 736   47.200  #696969  106 1  0.0000
 737   47.300  #69696a  106 2  0.0021
 738   47.400  #6a6969  106 3  0.0021
 739   47.500  #6a696a  106 4  0.0021
 740   47.800  #696a69  106 5  0.0063
 741   47.900  #696a6a  106 6  0.0021
 742   48.100  #6a6a69  106 7  0.0042
 743   48.200  #6a6a6a  107 1  0.0021
 744   48.200  #6a6a6b  107 2  0.0000
 745   48.400  #6b6a6a  107 3  0.0041
 746   48.500  #6b6a6b  107 4  0.0021
 747   48.800  #6a6b6a  107 5  0.0062
 748   48.900  #6a6b6b  107 6  0.0020
 749   49.100  #6b6b6a  107 7  0.0041
 750   49.200  #6b6b6b  108 1  0.0020
 751   49.200  #6b6b6c  108 2  0.0000
 752   49.500  #6c6b6b  108 3  0.0061
 753   49.400  #6c6b6c  108 4  -0.0020
 754   49.900  #6b6c6b  108 5  0.0101
 755   49.900  #6b6c6c  108 6  0.0000
 756   50.100  #6c6c6b  108 7  0.0040
 757   50.100  #6c6c6c  109 1  0.0000
 758   50.200  #6c6c6d  109 2  0.0020
 759   50.400  #6d6c6c  109 3  0.0040
 760   50.400  #6d6c6d  109 4  0.0000
 761   50.800  #6c6d6c  109 5  0.0079
 762   50.800  #6c6d6d  109 6  0.0000
 763   51.100  #6d6d6c  109 7  0.0059
 764   51.100  #6d6d6d  110 1  0.0000
 765   51.200  #6d6d6e  110 2  0.0020
 766   51.300  #6e6d6d  110 3  0.0020
 767   51.500  #6e6d6e  110 4  0.0039
 768   51.800  #6d6e6d  110 5  0.0058
 769   52.000  #6d6e6e  110 6  0.0039
 770   52.000  #6e6e6d  110 7  0.0000
 771   52.200  #6e6e6e  111 1  0.0038
 772   52.200  #6e6e6f  111 2  0.0000
 773   52.400  #6f6e6e  111 3  0.0038
 774   52.500  #6f6e6f  111 4  0.0019
 775   52.800  #6e6f6e  111 5  0.0057
 776   52.900  #6e6f6f  111 6  0.0019
 777   53.100  #6f6f6e  111 7  0.0038
 778   53.200  #6f6f6f  112 1  0.0019
 779   53.200  #6f6f70  112 2  0.0000
 780   53.500  #706f6f  112 3  0.0056
 781   53.500  #706f70  112 4  0.0000
 782   53.900  #6f706f  112 5  0.0074
 783   54.000  #6f7070  112 6  0.0019
 784   54.200  #70706f  112 7  0.0037
 785   54.200  #707070  113 1  0.0000
 786   54.400  #707071  113 2  0.0037
 787   54.500  #717070  113 3  0.0018
 788   54.600  #717071  113 4  0.0018
 789   55.000  #707170  113 5  0.0073
 790   55.000  #707171  113 6  0.0000
 791   55.200  #717170  113 7  0.0036
 792   55.300  #717171  114 1  0.0018
 793   55.400  #717172  114 2  0.0018
 794   55.600  #727171  114 3  0.0036
 795   55.700  #727172  114 4  0.0018
 796   56.100  #717271  114 5  0.0072
 797   56.100  #717272  114 6  0.0000
 798   56.300  #727271  114 7  0.0036
 799   56.400  #727272  115 1  0.0018
 800   56.500  #727273  115 2  0.0018
 801   56.800  #737272  115 3  0.0053
 802   56.700  #737273  115 4  -0.0018
 803   57.200  #727372  115 5  0.0088
 804   57.300  #727373  115 6  0.0017
 805   57.500  #737372  115 7  0.0035
 806   57.500  #737373  116 1  0.0000
 807   57.600  #737374  116 2  0.0017
 808   57.800  #747373  116 3  0.0035
 809   57.900  #747374  116 4  0.0017
 810   58.100  #737473  116 5  0.0034
 811   58.200  #737474  116 6  0.0017
 812   58.400  #747473  116 7  0.0034
 813   58.500  #747474  117 1  0.0017
 814   58.600  #747475  117 2  0.0017
 815   58.800  #757474  117 3  0.0034
 816   58.900  #757475  117 4  0.0017
 817   59.300  #747574  117 5  0.0068
 818   59.400  #747575  117 6  0.0017
 819   59.500  #757574  117 7  0.0017
 820   59.700  #757575  118 1  0.0034
 821   59.700  #757576  118 2  0.0000
 822   60.000  #767575  118 3  0.0050
 823   60.000  #767576  118 4  0.0000
 824   60.400  #757675  118 5  0.0066
 825   60.500  #757676  118 6  0.0017
 826   60.700  #767675  118 7  0.0033
 827   60.800  #767676  119 1  0.0016
 828   60.900  #767677  119 2  0.0016
 829   61.000  #777676  119 3  0.0016
 830   61.100  #777677  119 4  0.0016
 831   61.600  #767776  119 5  0.0081
 832   61.600  #767777  119 6  0.0000
 833   61.800  #777776  119 7  0.0032
 834   61.800  #777777  120 1  0.0000
 835   62.000  #777778  120 2  0.0032
 836   62.100  #787777  120 3  0.0016
 837   62.300  #787778  120 4  0.0032
 838   62.700  #777877  120 5  0.0064
 839   62.800  #777878  120 6  0.0016
 840   63.000  #787877  120 7  0.0032
 841   63.100  #787878  121 1  0.0016
 842   63.100  #787879  121 2  0.0000
 843   63.400  #797878  121 3  0.0047
 844   63.500  #797879  121 4  0.0016
 845   63.800  #787978  121 5  0.0047
 846   64.000  #787979  121 6  0.0031
 847   64.200  #797978  121 7  0.0031
 848   64.400  #797979  122 1  0.0031
 849   64.400  #79797a  122 2  0.0000
 850   64.700  #7a7979  122 3  0.0046
 851   64.700  #7a797a  122 4  0.0000
 852   65.200  #797a79  122 5  0.0077
 853   65.200  #797a7a  122 6  0.0000
 854   65.500  #7a7a79  122 7  0.0046
 855   65.500  #7a7a7a  123 1  0.0000
 856   65.600  #7a7a7b  123 2  0.0015
 857   65.800  #7b7a7a  123 3  0.0030
 858   66.000  #7b7a7b  123 4  0.0030
 859   66.400  #7a7b7a  123 5  0.0060
 860   66.500  #7a7b7b  123 6  0.0015
 861   66.700  #7b7b7a  123 7  0.0030
 862   66.800  #7b7b7b  124 1  0.0015
 863   67.000  #7b7b7c  124 2  0.0030
 864   67.100  #7c7b7b  124 3  0.0015
 865   67.300  #7c7b7c  124 4  0.0030
 866   67.600  #7b7c7b  124 5  0.0044
 867   67.800  #7b7c7c  124 6  0.0030
 868   68.000  #7c7c7b  124 7  0.0029
 869   68.200  #7c7c7c  125 1  0.0029
 870   68.200  #7c7c7d  125 2  0.0000
 871   68.400  #7d7c7c  125 3  0.0029
 872   68.500  #7d7c7d  125 4  0.0015
 873   69.000  #7c7d7c  125 5  0.0073
 874   69.100  #7c7d7d  125 6  0.0014
 875   69.300  #7d7d7c  125 7  0.0029
 876   69.400  #7d7d7d  126 1  0.0014
 877   69.400  #7d7d7e  126 2  0.0000
 878   69.700  #7e7d7d  126 3  0.0043
 879   69.700  #7e7d7e  126 4  0.0000
 880   70.300  #7d7e7d  126 5  0.0086
 881   70.300  #7d7e7e  126 6  0.0000
 882   70.500  #7e7e7d  126 7  0.0028
 883   70.500  #7e7e7e  127 1  0.0000
 884   70.700  #7e7e7f  127 2  0.0028
 885   70.800  #7f7e7e  127 3  0.0014
 886   71.000  #7f7e7f  127 4  0.0028
 887   71.400  #7e7f7e  127 5  0.0056
 888   71.600  #7e7f7f  127 6  0.0028
 889   71.800  #7f7f7e  127 7  0.0028
 890   71.900  #7f7f7f  128 1  0.0014
 891   72.000  #7f7f80  128 2  0.0014
 892   72.200  #807f7f  128 3  0.0028
 893   72.400  #807f80  128 4  0.0028
 894   72.800  #7f807f  128 5  0.0055
 895   73.000  #7f8080  128 6  0.0027
 896   73.100  #80807f  128 7  0.0014
 897   73.300  #808080  129 1  0.0027
 898   73.300  #808081  129 2  0.0000
 899   73.600  #818080  129 3  0.0041
 900   73.600  #818081  129 4  0.0000
 901   74.000  #808180  129 5  0.0054
 902   74.000  #808181  129 6  0.0000
 903   74.300  #818180  129 7  0.0040
 904   74.300  #818181  130 1  0.0000
 905   74.400  #818182  130 2  0.0013
 906   74.600  #828181  130 3  0.0027
 907   74.700  #828182  130 4  0.0013
 908   75.300  #818281  130 5  0.0080
 909   75.300  #818282  130 6  0.0000
 910   75.600  #828281  130 7  0.0040
 911   75.600  #828282  131 1  0.0000
 912   75.800  #828283  131 2  0.0026
 913   75.900  #838282  131 3  0.0013
 914   76.100  #838283  131 4  0.0026
 915   76.400  #828382  131 5  0.0039
 916   76.600  #828383  131 6  0.0026
 917   76.800  #838382  131 7  0.0026
 918   76.900  #838383  132 1  0.0013
 919   76.900  #838384  132 2  0.0000
 920   77.300  #848383  132 3  0.0052
 921   77.300  #848384  132 4  0.0000
 922   77.700  #838483  132 5  0.0052
 923   77.800  #838484  132 6  0.0013
 924   78.000  #848483  132 7  0.0026
 925   78.100  #848484  133 1  0.0013
 926   78.200  #848485  133 2  0.0013
 927   78.500  #858484  133 3  0.0038
 928   78.400  #858485  133 4  -0.0013
 929   79.000  #848584  133 5  0.0076
 930   79.000  #848585  133 6  0.0000
 931   79.300  #858584  133 7  0.0038
 932   79.300  #858585  134 1  0.0000
 933   79.500  #858586  134 2  0.0025
 934   79.600  #868585  134 3  0.0013
 935   79.800  #868586  134 4  0.0025
 936   80.200  #858685  134 5  0.0050
 937   80.300  #858686  134 6  0.0012
 938   80.500  #868685  134 7  0.0025
 939   80.600  #868686  135 1  0.0012
 940   80.800  #868687  135 2  0.0025
 941   80.900  #878686  135 3  0.0012
 942   81.100  #878687  135 4  0.0025
 943   81.400  #868786  135 5  0.0037
 944   81.600  #868787  135 6  0.0025
 945   81.700  #878786  135 7  0.0012
 946   81.900  #878787  136 1  0.0024
 947   81.900  #878788  136 2  0.0000
 948   82.200  #888787  136 3  0.0037
 949   82.200  #888788  136 4  0.0000
 950   82.800  #878887  136 5  0.0073
 951   82.800  #878888  136 6  0.0000
 952   83.100  #888887  136 7  0.0036
 953   83.200  #888888  137 1  0.0012
 954   83.200  #888889  137 2  0.0000
 955   83.600  #898888  137 3  0.0048
 956   83.600  #898889  137 4  0.0000
 957   84.200  #888988  137 5  0.0072
 958   84.100  #888989  137 6  -0.0012
 959   84.500  #898988  137 7  0.0047
 960   84.500  #898989  138 1  0.0000
 961   84.700  #89898a  138 2  0.0024
 962   84.700  #8a8989  138 3  0.0000
 963   84.900  #8a898a  138 4  0.0024
 964   85.400  #898a89  138 5  0.0059
 965   85.600  #898a8a  138 6  0.0023
 966   85.600  #8a8a89  138 7  0.0000
 967   85.800  #8a8a8a  139 1  0.0023
 968   85.900  #8a8a8b  139 2  0.0012
 969   86.100  #8b8a8a  139 3  0.0023
 970   86.300  #8b8a8b  139 4  0.0023
 971   86.600  #8a8b8a  139 5  0.0035
 972   86.900  #8a8b8b  139 6  0.0035
 973   86.900  #8b8b8a  139 7  0.0000
 974   87.200  #8b8b8b  140 1  0.0034
 975   87.200  #8b8b8c  140 2  0.0000
 976   87.600  #8c8b8b  140 3  0.0046
 977   87.500  #8c8b8c  140 4  -0.0011
 978   88.100  #8b8c8b  140 5  0.0068
 979   88.000  #8b8c8c  140 6  -0.0011
 980   88.500  #8c8c8b  140 7  0.0057
 981   88.400  #8c8c8c  141 1  -0.0011
 982   88.600  #8c8c8d  141 2  0.0023
 983   88.800  #8d8c8c  141 3  0.0023
 984   89.000  #8d8c8d  141 4  0.0022
 985   89.100  #8c8d8c  141 5  0.0011
 986   89.300  #8c8d8d  141 6  0.0022
 987   89.500  #8d8d8c  141 7  0.0022
 988   89.600  #8d8d8d  142 1  0.0011
 989   89.800  #8d8d8e  142 2  0.0022
 990   90.000  #8e8d8d  142 3  0.0022
 991   90.200  #8e8d8e  142 4  0.0022
 992   90.500  #8d8e8d  142 5  0.0033
 993   90.800  #8d8e8e  142 6  0.0033
 994   90.900  #8e8e8d  142 7  0.0011
 995   91.200  #8e8e8e  143 1  0.0033
 996   91.100  #8e8e8f  143 2  -0.0011
 997   91.500  #8f8e8e  143 3  0.0044
 998   91.400  #8f8e8f  143 4  -0.0011
 999   92.100  #8e8f8e  143 5  0.0076
1000   92.100  #8e8f8f  143 6  0.0000
1001   92.400  #8f8f8e  143 7  0.0033
1002   92.500  #8f8f8f  144 1  0.0011
1003   92.600  #8f8f90  144 2  0.0011
1004   92.900  #908f8f  144 3  0.0032
1005   92.900  #908f90  144 4  0.0000
1006   93.600  #8f908f  144 5  0.0075
1007   93.500  #8f9090  144 6  -0.0011
1008   93.900  #90908f  144 7  0.0043
1009   93.900  #909090  145 1  0.0000
1010   94.100  #909091  145 2  0.0021
1011   94.200  #919090  145 3  0.0011
1012   94.500  #919091  145 4  0.0032
1013   94.900  #909190  145 5  0.0042
1014   95.100  #909191  145 6  0.0021
1015   95.200  #919190  145 7  0.0011
1016   95.400  #919191  146 1  0.0021
1017   95.500  #919192  146 2  0.0010
1018   95.700  #929191  146 3  0.0021
1019   95.900  #929192  146 4  0.0021
1020   96.300  #919291  146 5  0.0042
1021   96.600  #919292  146 6  0.0031
1022   96.700  #929291  146 7  0.0010
1023   97.000  #929292  147 1  0.0031
1024   96.900  #929293  147 2  -0.0010
1025   97.200  #939292  147 3  0.0031
1026   97.200  #939293  147 4  0.0000
1027   98.000  #929392  147 5  0.0082
1028   97.900  #929393  147 6  -0.0010
1029   98.300  #939392  147 7  0.0041
1030   98.200  #939393  148 1  -0.0010
1031   98.500  #939394  148 2  0.0031
1032   98.600  #949393  148 3  0.0010
1033   98.800  #949394  148 4  0.0020
1034   99.300  #939493  148 5  0.0050
1035   99.400  #939494  148 6  0.0010
1036   99.800  #949493  148 7  0.0040
1037   99.800  #949494  149 1  0.0000
1038  100.000  #949495  149 2  0.0020
1039  100.200  #959494  149 3  0.0020
1040  100.500  #959495  149 4  0.0030
1041  100.800  #949594  149 5  0.0030
1042  101.200  #949595  149 6  0.0040
1043  101.200  #959594  149 7  0.0000
1044  101.600  #959595  150 1  0.0039
1045  101.500  #959596  150 2  -0.0010
1046  102.000  #969595  150 3  0.0049
1047  101.900  #969596  150 4  -0.0010
1048  102.500  #959695  150 5  0.0059
1049  102.500  #959696  150 6  0.0000
1050  102.900  #969695  150 7  0.0039
1051  102.900  #969696  151 1  0.0000
1052  103.100  #969697  151 2  0.0019
1053  103.400  #979696  151 3  0.0029
1054  103.500  #979697  151 4  0.0010
1055  104.100  #969796  151 5  0.0058
1056  104.200  #969797  151 6  0.0010
1057  104.600  #979796  151 7  0.0038
1058  104.600  #979797  152 1  0.0000
1059  104.900  #979798  152 2  0.0029
1060  105.000  #989797  152 3  0.0010
1061  105.300  #989798  152 4  0.0029
1062  105.700  #979897  152 5  0.0038
1063  106.000  #979898  152 6  0.0028
1064  106.100  #989897  152 7  0.0009
1065  106.400  #989898  153 1  0.0028
1066  106.300  #989899  153 2  -0.0009
1067  106.700  #999898  153 3  0.0038
1068  106.700  #999899  153 4  0.0000
1069  107.400  #989998  153 5  0.0065
1070  107.400  #989999  153 6  0.0000
1071  107.700  #999998  153 7  0.0028
1072  107.900  #999999  154 1  0.0019
1073  108.000  #99999a  154 2  0.0009
1074  108.400  #9a9999  154 3  0.0037
1075  108.400  #9a999a  154 4  0.0000
1076  108.800  #999a99  154 5  0.0037
1077  108.800  #999a9a  154 6  0.0000
1078  109.300  #9a9a99  154 7  0.0046
1079  109.200  #9a9a9a  155 1  -0.0009
1080  109.500  #9a9a9b  155 2  0.0027
1081  109.600  #9b9a9a  155 3  0.0009
1082  109.900  #9b9a9b  155 4  0.0027
1083  110.300  #9a9b9a  155 5  0.0036
1084  110.600  #9a9b9b  155 6  0.0027
1085  110.700  #9b9b9a  155 7  0.0009
1086  111.000  #9b9b9b  156 1  0.0027
1087  111.000  #9b9b9c  156 2  0.0000
1088  111.200  #9c9b9b  156 3  0.0018
1089  111.300  #9c9b9c  156 4  0.0009
1090  112.100  #9b9c9b  156 5  0.0072
1091  112.200  #9b9c9c  156 6  0.0009
1092  112.400  #9c9c9b  156 7  0.0018
1093  112.600  #9c9c9c  157 1  0.0018
1094  112.600  #9c9c9d  157 2  0.0000
1095  113.100  #9d9c9c  157 3  0.0044
1096  113.100  #9d9c9d  157 4  0.0000
1097  113.900  #9c9d9c  157 5  0.0070
1098  113.700  #9c9d9d  157 6  -0.0018
1099  114.300  #9d9d9c  157 7  0.0053
1100  114.200  #9d9d9d  158 1  -0.0009
1101  114.500  #9d9d9e  158 2  0.0026
1102  114.600  #9e9d9d  158 3  0.0009
1103  114.900  #9e9d9e  158 4  0.0026
1104  115.300  #9d9e9d  158 5  0.0035
1105  115.600  #9d9e9e  158 6  0.0026
1106  115.800  #9e9e9d  158 7  0.0017
1107  116.000  #9e9e9e  159 1  0.0017
1108  116.100  #9e9e9f  159 2  0.0009
1109  116.500  #9f9e9e  159 3  0.0034
1110  116.700  #9f9e9f  159 4  0.0017
1111  117.100  #9e9f9e  159 5  0.0034
1112  117.400  #9e9f9f  159 6  0.0026
1113  117.600  #9f9f9e  159 7  0.0017
1114  118.000  #9f9f9f  160 1  0.0034
1115  117.900  #9f9fa0  160 2  -0.0008
1116  118.400  #a09f9f  160 3  0.0042
1117  118.300  #a09fa0  160 4  -0.0008
1118  119.200  #9fa09f  160 5  0.0076
1119  119.000  #9fa0a0  160 6  -0.0017
1120  119.600  #a0a09f  160 7  0.0050
1121  119.400  #a0a0a0  161 1  -0.0017
1122  119.800  #a0a0a1  161 2  0.0033
1123  119.900  #a1a0a0  161 3  0.0008
1124  120.100  #a1a0a1  161 4  0.0017
1125  120.800  #a0a1a0  161 5  0.0058
1126  121.000  #a0a1a1  161 6  0.0017
1127  121.300  #a1a1a0  161 7  0.0025
1128  121.400  #a1a1a1  162 1  0.0008
1129  121.600  #a1a1a2  162 2  0.0016
1130  121.800  #a2a1a1  162 3  0.0016
1131  122.100  #a2a1a2  162 4  0.0025
1132  122.500  #a1a2a1  162 5  0.0033
1133  122.900  #a1a2a2  162 6  0.0033
1134  123.000  #a2a2a1  162 7  0.0008
1135  123.400  #a2a2a2  163 1  0.0032
1136  123.200  #a2a2a3  163 2  -0.0016
1137  123.800  #a3a2a2  163 3  0.0049
1138  123.700  #a3a2a3  163 4  -0.0008
1139  124.500  #a2a3a2  163 5  0.0064
1140  124.500  #a2a3a3  163 6  0.0000
1141  125.000  #a3a3a2  163 7  0.0040
1142  125.000  #a3a3a3  164 1  0.0000
1143  125.200  #a3a3a4  164 2  0.0016
1144  125.500  #a4a3a3  164 3  0.0024
1145  125.600  #a4a3a4  164 4  0.0008
1146  126.400  #a3a4a3  164 5  0.0063
1147  126.400  #a3a4a4  164 6  0.0000
1148  126.900  #a4a4a3  164 7  0.0039
1149  126.900  #a4a4a4  165 1  0.0000
1150  127.200  #a4a4a5  165 2  0.0024
1151  127.200  #a5a4a4  165 3  0.0000
1152  127.600  #a5a4a5  165 4  0.0031
1153  128.100  #a4a5a4  165 5  0.0039
1154  128.500  #a4a5a5  165 6  0.0031
1155  128.400  #a5a5a4  165 7  -0.0008
1156  128.900  #a5a5a5  166 1  0.0039
1157  128.800  #a5a5a6  166 2  -0.0008
1158  129.200  #a6a5a5  166 3  0.0031
1159  129.300  #a6a5a6  166 4  0.0008
1160  130.000  #a5a6a5  166 5  0.0054
1161  130.100  #a5a6a6  166 6  0.0008
1162  130.500  #a6a6a5  166 7  0.0031
1163  130.700  #a6a6a6  167 1  0.0015
1164  130.700  #a6a6a7  167 2  0.0000
1165  131.300  #a7a6a6  167 3  0.0046
1166  131.200  #a7a6a7  167 4  -0.0008
1167  131.800  #a6a7a6  167 5  0.0046
1168  131.700  #a6a7a7  167 6  -0.0008
1169  132.300  #a7a7a6  167 7  0.0045
1170  132.200  #a7a7a7  168 1  -0.0008
1171  132.600  #a7a7a8  168 2  0.0030
1172  132.600  #a8a7a7  168 3  0.0000
1173  133.000  #a8a7a8  168 4  0.0030
1174  133.500  #a7a8a7  168 5  0.0038
1175  133.900  #a7a8a8  168 6  0.0030
1176  134.000  #a8a8a7  168 7  0.0007
1177  134.300  #a8a8a8  169 1  0.0022
1178  134.400  #a8a8a9  169 2  0.0007
1179  134.700  #a9a8a8  169 3  0.0022
1180  134.900  #a9a8a9  169 4  0.0015
1181  135.500  #a8a9a8  169 5  0.0044
1182  135.800  #a8a9a9  169 6  0.0022
1183  136.000  #a9a9a8  169 7  0.0015
1184  136.400  #a9a9a9  170 1  0.0029
1185  136.300  #a9a9aa  170 2  -0.0007
1186  137.000  #aaa9a9  170 3  0.0051
1187  136.800  #aaa9aa  170 4  -0.0015
1188  137.800  #a9aaa9  170 5  0.0073
1189  137.500  #a9aaaa  170 6  -0.0022
1190  138.200  #aaaaa9  170 7  0.0051
1191  138.100  #aaaaaa  171 1  -0.0007
1192  138.500  #aaaaab  171 2  0.0029
1193  138.600  #abaaaa  171 3  0.0007
1194  139.000  #abaaab  171 4  0.0029
1195  139.500  #aaabaa  171 5  0.0036
1196  139.800  #aaabab  171 6  0.0021
1197  140.000  #ababaa  171 7  0.0014
1198  140.200  #ababab  172 1  0.0014
1199  140.400  #ababac  172 2  0.0014
1200  140.700  #acabab  172 3  0.0021
1201  141.000  #acabac  172 4  0.0021
1202  141.500  #abacab  172 5  0.0035
1203  142.000  #abacac  172 6  0.0035
1204  142.000  #acacab  172 7  0.0000
1205  142.500  #acacac  173 1  0.0035
1206  142.300  #acacad  173 2  -0.0014
1207  143.100  #adacac  173 3  0.0056
1208  142.800  #adacad  173 4  -0.0021
1209  143.900  #acadac  173 5  0.0077
1210  143.700  #acadad  173 6  -0.0014
1211  144.400  #adadac  173 7  0.0049
1212  144.200  #adadad  174 1  -0.0014
1213  144.500  #adadae  174 2  0.0021
1214  144.700  #aeadad  174 3  0.0014
1215  144.900  #aeadae  174 4  0.0014
1216  145.700  #adaead  174 5  0.0055
1217  145.800  #adaeae  174 6  0.0007
1218  146.200  #aeaead  174 7  0.0027
1219  146.200  #aeaeae  175 1  0.0000
1220  146.600  #aeaeaf  175 2  0.0027
1221  146.700  #afaeae  175 3  0.0007
1222  147.100  #afaeaf  175 4  0.0027
1223  147.600  #aeafae  175 5  0.0034
1224  148.100  #aeafaf  175 6  0.0034
1225  148.100  #afafae  175 7  0.0000
1226  148.600  #afafaf  176 1  0.0034
1227  148.500  #afafb0  176 2  -0.0007
1228  149.200  #b0afaf  176 3  0.0047
1229  149.000  #b0afb0  176 4  -0.0013
1230  150.000  #afb0af  176 5  0.0067
1231  149.900  #afb0b0  176 6  -0.0007
1232  150.400  #b0b0af  176 7  0.0033
1233  150.500  #b0b0b0  177 1  0.0007
1234  150.700  #b0b0b1  177 2  0.0013
1235  151.100  #b1b0b0  177 3  0.0027
1236  151.300  #b1b0b1  177 4  0.0013
1237  152.100  #b0b1b0  177 5  0.0053
1238  152.100  #b0b1b1  177 6  0.0000
1239  152.700  #b1b1b0  177 7  0.0039
1240  152.600  #b1b1b1  178 1  -0.0007
1241  153.100  #b1b1b2  178 2  0.0033
1242  153.200  #b2b1b1  178 3  0.0007
1243  153.700  #b2b1b2  178 4  0.0033
1244  154.100  #b1b2b1  178 5  0.0026
1245  154.600  #b1b2b2  178 6  0.0032
1246  154.600  #b2b2b1  178 7  0.0000
1247  155.100  #b2b2b2  179 1  0.0032
1248  155.000  #b2b2b3  179 2  -0.0006
1249  155.600  #b3b2b2  179 3  0.0039
1250  155.600  #b3b2b3  179 4  0.0000
1251  156.400  #b2b3b2  179 5  0.0051
1252  156.600  #b2b3b3  179 6  0.0013
1253  157.000  #b3b3b2  179 7  0.0026
1254  157.200  #b3b3b3  180 1  0.0013
1255  157.300  #b3b3b4  180 2  0.0006
1256  157.800  #b4b3b3  180 3  0.0032
1257  157.800  #b4b3b4  180 4  0.0000
1258  158.400  #b3b4b3  180 5  0.0038
1259  158.400  #b3b4b4  180 6  0.0000
1260  159.000  #b4b4b3  180 7  0.0038
1261  158.900  #b4b4b4  181 1  -0.0006
1262  159.400  #b4b4b5  181 2  0.0031
1263  159.400  #b5b4b4  181 3  0.0000
1264  159.900  #b5b4b5  181 4  0.0031
1265  160.400  #b4b5b4  181 5  0.0031
1266  160.900  #b4b5b5  181 6  0.0031
1267  161.000  #b5b5b4  181 7  0.0006
1268  161.400  #b5b5b5  182 1  0.0025
1269  161.300  #b5b5b6  182 2  -0.0006
1270  161.900  #b6b5b5  182 3  0.0037
1271  162.000  #b6b5b6  182 4  0.0006
1272  162.700  #b5b6b5  182 5  0.0043
1273  163.000  #b5b6b6  182 6  0.0018
1274  163.300  #b6b6b5  182 7  0.0018
1275  163.600  #b6b6b6  183 1  0.0018
1276  163.600  #b6b6b7  183 2  0.0000
1277  164.100  #b7b6b6  183 3  0.0031
1278  164.000  #b7b6b7  183 4  -0.0006
1279  165.200  #b6b7b6  183 5  0.0073
1280  165.100  #b6b7b7  183 6  -0.0006
1281  165.700  #b7b7b6  183 7  0.0036
1282  165.500  #b7b7b7  184 1  -0.0012
1283  166.000  #b7b7b8  184 2  0.0030
1284  166.100  #b8b7b7  184 3  0.0006
1285  166.500  #b8b7b8  184 4  0.0024
1286  167.100  #b7b8b7  184 5  0.0036
1287  167.400  #b7b8b8  184 6  0.0018
1288  167.600  #b8b8b7  184 7  0.0012
1289  167.900  #b8b8b8  185 1  0.0018
1290  168.000  #b8b8b9  185 2  0.0006
1291  168.400  #b9b8b8  185 3  0.0024
1292  168.700  #b9b8b9  185 4  0.0018
1293  169.400  #b8b9b8  185 5  0.0041
1294  169.700  #b8b9b9  185 6  0.0018
1295  169.900  #b9b9b8  185 7  0.0012
1296  170.400  #b9b9b9  186 1  0.0029
1297  170.300  #b9b9ba  186 2  -0.0006
1298  171.000  #bab9b9  186 3  0.0041
1299  170.800  #bab9ba  186 4  -0.0012
1300  171.900  #b9bab9  186 5  0.0064
1301  171.800  #b9baba  186 6  -0.0006
1302  172.500  #babab9  186 7  0.0041
1303  172.400  #bababa  187 1  -0.0006
1304  172.800  #bababb  187 2  0.0023
1305  172.900  #bbbaba  187 3  0.0006
1306  173.400  #bbbabb  187 4  0.0029
1307  174.000  #babbba  187 5  0.0035
1308  174.300  #babbbb  187 6  0.0017
1309  174.500  #bbbbba  187 7  0.0011
1310  174.800  #bbbbbb  188 1  0.0017
1311  175.000  #bbbbbc  188 2  0.0011
1312  175.400  #bcbbbb  188 3  0.0023
1313  175.000  #bcbbbc  188 4  -0.0023
1314  176.000  #bbbcbb  188 5  0.0057
1315  176.000  #bbbcbc  188 6  0.0000
1316  176.000  #bcbcbb  188 7  0.0000
1317  177.000  #bcbcbc  189 1  0.0057
1318  177.000  #bcbcbd  189 2  0.0000
1319  177.000  #bdbcbc  189 3  0.0000
1320  177.000  #bdbcbd  189 4  0.0000
1321  178.000  #bcbdbc  189 5  0.0056
1322  178.000  #bcbdbd  189 6  0.0000
1323  179.000  #bdbdbc  189 7  0.0056
1324  179.000  #bdbdbd  190 1  0.0000
1325  179.000  #bdbdbe  190 2  0.0000
1326  179.000  #bebdbd  190 3  0.0000
1327  180.000  #bebdbe  190 4  0.0056
1328  181.000  #bdbebd  190 5  0.0055
1329  181.000  #bdbebe  190 6  0.0000
1330  181.000  #bebebd  190 7  0.0000
1331  181.000  #bebebe  191 1  0.0000
1332  181.000  #bebebf  191 2  0.0000
1333  182.000  #bfbebe  191 3  0.0055
1334  182.000  #bfbebf  191 4  0.0000
1335  183.000  #bebfbe  191 5  0.0055
1336  183.000  #bebfbf  191 6  0.0000
1337  183.000  #bfbfbe  191 7  0.0000
1338  184.000  #bfbfbf  192 1  0.0054
1339  184.000  #bfbfc0  192 2  0.0000
1340  184.000  #c0bfbf  192 3  0.0000
1341  184.000  #c0bfc0  192 4  0.0000
1342  185.000  #bfc0bf  192 5  0.0054
1343  185.000  #bfc0c0  192 6  0.0000
1344  186.000  #c0c0bf  192 7  0.0054
1345  186.000  #c0c0c0  193 1  0.0000
1346  186.000  #c0c0c1  193 2  0.0000
1347  186.000  #c1c0c0  193 3  0.0000
1348  187.000  #c1c0c1  193 4  0.0054
1349  187.000  #c0c1c0  193 5  0.0000
1350  187.000  #c0c1c1  193 6  0.0000
1351  188.000  #c1c1c0  193 7  0.0053
1352  188.000  #c1c1c1  194 1  0.0000
1353  188.000  #c1c1c2  194 2  0.0000
1354  188.000  #c2c1c1  194 3  0.0000
1355  189.000  #c2c1c2  194 4  0.0053
1356  189.000  #c1c2c1  194 5  0.0000
1357  190.000  #c1c2c2  194 6  0.0053
1358  190.000  #c2c2c1  194 7  0.0000
1359  191.000  #c2c2c2  195 1  0.0052
1360  190.000  #c2c2c3  195 2  -0.0052
1361  191.000  #c3c2c2  195 3  0.0052
1362  191.000  #c3c2c3  195 4  0.0000
1363  192.000  #c2c3c2  195 5  0.0052
1364  192.000  #c2c3c3  195 6  0.0000
1365  193.000  #c3c3c2  195 7  0.0052
1366  193.000  #c3c3c3  196 1  0.0000
1367  193.000  #c3c3c4  196 2  0.0000
1368  193.000  #c4c3c3  196 3  0.0000
1369  194.000  #c4c3c4  196 4  0.0052
1370  194.000  #c3c4c3  196 5  0.0000
1371  195.000  #c3c4c4  196 6  0.0051
1372  195.000  #c4c4c3  196 7  0.0000
1373  195.000  #c4c4c4  197 1  0.0000
1374  196.000  #c4c4c5  197 2  0.0051
1375  196.000  #c5c4c4  197 3  0.0000
1376  196.000  #c5c4c5  197 4  0.0000
1377  197.000  #c4c5c4  197 5  0.0051
1378  197.000  #c4c5c5  197 6  0.0000
1379  197.000  #c5c5c4  197 7  0.0000
1380  198.000  #c5c5c5  198 1  0.0051
1381  198.000  #c5c5c6  198 2  0.0000
1382  198.000  #c6c5c5  198 3  0.0000
1383  198.000  #c6c5c6  198 4  0.0000
1384  200.000  #c5c6c5  198 5  0.0101
1385  199.000  #c5c6c6  198 6  -0.0050
1386  200.000  #c6c6c5  198 7  0.0050
1387  200.000  #c6c6c6  199 1  0.0000
1388  200.000  #c6c6c7  199 2  0.0000
1389  201.000  #c7c6c6  199 3  0.0050
1390  201.000  #c7c6c7  199 4  0.0000
1391  202.000  #c6c7c6  199 5  0.0050
1392  202.000  #c6c7c7  199 6  0.0000
1393  202.000  #c7c7c6  199 7  0.0000
1394  202.000  #c7c7c7  200 1  0.0000
1395  203.000  #c7c7c8  200 2  0.0049
1396  203.000  #c8c7c7  200 3  0.0000
1397  204.000  #c8c7c8  200 4  0.0049
1398  204.000  #c7c8c7  200 5  0.0000
1399  205.000  #c7c8c8  200 6  0.0049
1400  205.000  #c8c8c7  200 7  0.0000
1401  205.000  #c8c8c8  201 1  0.0000
1402  205.000  #c8c8c9  201 2  0.0000
1403  206.000  #c9c8c8  201 3  0.0049
1404  206.000  #c9c8c9  201 4  0.0000
1405  207.000  #c8c9c8  201 5  0.0048
1406  207.000  #c8c9c9  201 6  0.0000
1407  207.000  #c9c9c8  201 7  0.0000
1408  208.000  #c9c9c9  202 1  0.0048
1409  208.000  #c9c9ca  202 2  0.0000
1410  208.000  #cac9c9  202 3  0.0000
1411  208.000  #cac9ca  202 4  0.0000
1412  210.000  #c9cac9  202 5  0.0096
1413  209.000  #c9caca  202 6  -0.0048
1414  210.000  #cacac9  202 7  0.0048
1415  210.000  #cacaca  203 1  0.0000
1416  210.000  #cacacb  203 2  0.0000
1417  210.000  #cbcaca  203 3  0.0000
1418  211.000  #cbcacb  203 4  0.0048
1419  212.000  #cacbca  203 5  0.0047
1420  212.000  #cacbcb  203 6  0.0000
1421  212.000  #cbcbca  203 7  0.0000
1422  213.000  #cbcbcb  204 1  0.0047
1423  212.000  #cbcbcc  204 2  -0.0047
1424  213.000  #cccbcb  204 3  0.0047
1425  213.000  #cccbcc  204 4  0.0000
1426  214.000  #cbcccb  204 5  0.0047
1427  214.000  #cbcccc  204 6  0.0000
1428  215.000  #cccccb  204 7  0.0047
1429  215.000  #cccccc  205 1  0.0000
1430  215.000  #cccccd  205 2  0.0000
1431  216.000  #cdcccc  205 3  0.0046
1432  216.000  #cdcccd  205 4  0.0000
1433  217.000  #cccdcc  205 5  0.0046
1434  217.000  #cccdcd  205 6  0.0000
1435  217.000  #cdcdcc  205 7  0.0000
1436  217.000  #cdcdcd  206 1  0.0000
1437  218.000  #cdcdce  206 2  0.0046
1438  218.000  #cecdcd  206 3  0.0000
1439  218.000  #cecdce  206 4  0.0000
1440  219.000  #cdcecd  206 5  0.0046
1441  219.000  #cdcece  206 6  0.0000
1442  219.000  #cececd  206 7  0.0000
1443  220.000  #cecece  207 1  0.0046
1444  220.000  #cececf  207 2  0.0000
1445  220.000  #cfcece  207 3  0.0000
1446  221.000  #cfcecf  207 4  0.0045
1447  221.000  #cecfce  207 5  0.0000
1448  222.000  #cecfcf  207 6  0.0045
1449  222.000  #cfcfce  207 7  0.0000
1450  222.000  #cfcfcf  208 1  0.0000
1451  222.000  #cfcfd0  208 2  0.0000
1452  223.000  #d0cfcf  208 3  0.0045
1453  223.000  #d0cfd0  208 4  0.0000
1454  224.000  #cfd0cf  208 5  0.0045
1455  224.000  #cfd0d0  208 6  0.0000
1456  225.000  #d0d0cf  208 7  0.0045
1457  225.000  #d0d0d0  209 1  0.0000
1458  225.000  #d0d0d1  209 2  0.0000
1459  225.000  #d1d0d0  209 3  0.0000
1460  226.000  #d1d0d1  209 4  0.0044
1461  226.000  #d0d1d0  209 5  0.0000
1462  227.000  #d0d1d1  209 6  0.0044
1463  227.000  #d1d1d0  209 7  0.0000
1464  227.000  #d1d1d1  210 1  0.0000
1465  227.000  #d1d1d2  210 2  0.0000
1466  228.000  #d2d1d1  210 3  0.0044
1467  228.000  #d2d1d2  210 4  0.0000
1468  229.000  #d1d2d1  210 5  0.0044
1469  229.000  #d1d2d2  210 6  0.0000
1470  230.000  #d2d2d1  210 7  0.0044
1471  230.000  #d2d2d2  211 1  0.0000
1472  230.000  #d2d2d3  211 2  0.0000
1473  231.000  #d3d2d2  211 3  0.0043
1474  230.000  #d3d2d3  211 4  -0.0043
1475  232.000  #d2d3d2  211 5  0.0087
1476  232.000  #d2d3d3  211 6  0.0000
1477  232.000  #d3d3d2  211 7  0.0000
1478  232.000  #d3d3d3  212 1  0.0000
1479  233.000  #d3d3d4  212 2  0.0043
1480  233.000  #d4d3d3  212 3  0.0000
1481  233.000  #d4d3d4  212 4  0.0000
1482  234.000  #d3d4d3  212 5  0.0043
1483  234.000  #d3d4d4  212 6  0.0000
1484  234.000  #d4d4d3  212 7  0.0000
1485  235.000  #d4d4d4  213 1  0.0043
1486  235.000  #d4d4d5  213 2  0.0000
1487  235.000  #d5d4d4  213 3  0.0000
1488  236.000  #d5d4d5  213 4  0.0042
1489  236.000  #d4d5d4  213 5  0.0000
1490  237.000  #d4d5d5  213 6  0.0042
1491  237.000  #d5d5d4  213 7  0.0000
1492  238.000  #d5d5d5  214 1  0.0042
1493  237.000  #d5d5d6  214 2  -0.0042
1494  238.000  #d6d5d5  214 3  0.0042
1495  238.000  #d6d5d6  214 4  0.0000
1496  239.000  #d5d6d5  214 5  0.0042
1497  239.000  #d5d6d6  214 6  0.0000
1498  240.000  #d6d6d5  214 7  0.0042
1499  240.000  #d6d6d6  215 1  0.0000
1500  240.000  #d6d6d7  215 2  0.0000
1501  240.000  #d7d6d6  215 3  0.0000
1502  241.000  #d7d6d7  215 4  0.0042
1503  241.000  #d6d7d6  215 5  0.0000
1504  242.000  #d6d7d7  215 6  0.0041
1505  242.000  #d7d7d6  215 7  0.0000
1506  242.000  #d7d7d7  216 1  0.0000
1507  242.000  #d7d7d8  216 2  0.0000
1508  243.000  #d8d7d7  216 3  0.0041
1509  243.000  #d8d7d8  216 4  0.0000
1510  244.000  #d7d8d7  216 5  0.0041
1511  244.000  #d7d8d8  216 6  0.0000
1512  245.000  #d8d8d7  216 7  0.0041
1513  245.000  #d8d8d8  217 1  0.0000
1514  245.000  #d8d8d9  217 2  0.0000
1515  246.000  #d9d8d8  217 3  0.0041
1516  245.000  #d9d8d9  217 4  -0.0041
1517  247.000  #d8d9d8  217 5  0.0081
1518  247.000  #d8d9d9  217 6  0.0000
1519  247.000  #d9d9d8  217 7  0.0000
1520  247.000  #d9d9d9  218 1  0.0000
1521  248.000  #d9d9da  218 2  0.0040
1522  248.000  #dad9d9  218 3  0.0000
1523  248.000  #dad9da  218 4  0.0000
1524  248.000  #d9dad9  218 5  0.0000
1525  249.000  #d9dada  218 6  0.0040
1526  249.000  #dadad9  218 7  0.0000
1527  249.000  #dadada  219 1  0.0000
1528  250.000  #dadadb  219 2  0.0040
1529  250.000  #dbdada  219 3  0.0000
1530  251.000  #dbdadb  219 4  0.0040
1531  251.000  #dadbda  219 5  0.0000
1532  252.000  #dadbdb  219 6  0.0040
1533  252.000  #dbdbda  219 7  0.0000
1534  252.000  #dbdbdb  220 1  0.0000
1535  252.000  #dbdbdc  220 2  0.0000
1536  253.000  #dcdbdb  220 3  0.0040
1537  252.000  #dcdbdc  220 4  -0.0040
1538  254.000  #dbdcdb  220 5  0.0079
1539  254.000  #dbdcdc  220 6  0.0000
1540  255.000  #dcdcdb  220 7  0.0039
1541  254.000  #dcdcdc  221 1  -0.0039
1542  255.000  #dcdcdd  221 2  0.0039
1543  255.000  #dddcdc  221 3  0.0000
1544  255.000  #dddcdd  221 4  0.0000
1545  257.000  #dcdddc  221 5  0.0078
1546  257.000  #dcdddd  221 6  0.0000
1547  257.000  #dddddc  221 7  0.0000
1548  257.000  #dddddd  222 1  0.0000
1549  258.000  #ddddde  222 2  0.0039
1550  258.000  #dedddd  222 3  0.0000
1551  259.000  #deddde  222 4  0.0039
1552  259.000  #dddedd  222 5  0.0000
1553  260.000  #dddede  222 6  0.0039
1554  260.000  #dededd  222 7  0.0000
1555  261.000  #dedede  223 1  0.0038
1556  261.000  #dededf  223 2  0.0000
1557  262.000  #dfdede  223 3  0.0038
1558  261.000  #dfdedf  223 4  -0.0038
1559  263.000  #dedfde  223 5  0.0076
1560  263.000  #dedfdf  223 6  0.0000
1561  264.000  #dfdfde  223 7  0.0038
1562  264.000  #dfdfdf  224 1  0.0000
1563  264.000  #dfdfe0  224 2  0.0000
1564  264.000  #e0dfdf  224 3  0.0000
1565  264.000  #e0dfe0  224 4  0.0000
1566  266.000  #dfe0df  224 5  0.0075
1567  266.000  #dfe0e0  224 6  0.0000
1568  266.000  #e0e0df  224 7  0.0000
1569  266.000  #e0e0e0  225 1  0.0000
1570  267.000  #e0e0e1  225 2  0.0038
1571  267.000  #e1e0e0  225 3  0.0000
1572  267.000  #e1e0e1  225 4  0.0000
1573  268.000  #e0e1e0  225 5  0.0037
1574  269.000  #e0e1e1  225 6  0.0037
1575  269.000  #e1e1e0  225 7  0.0000
1576  270.000  #e1e1e1  226 1  0.0037
1577  270.000  #e1e1e2  226 2  0.0000
1578  271.000  #e2e1e1  226 3  0.0037
1579  270.000  #e2e1e2  226 4  -0.0037
1580  272.000  #e1e2e1  226 5  0.0074
1581  272.000  #e1e2e2  226 6  0.0000
1582  273.000  #e2e2e1  226 7  0.0037
1583  272.000  #e2e2e2  227 1  -0.0037
1584  273.000  #e2e2e3  227 2  0.0037
1585  273.000  #e3e2e2  227 3  0.0000
1586  274.000  #e3e2e3  227 4  0.0037
1587  275.000  #e2e3e2  227 5  0.0036
1588  275.000  #e2e3e3  227 6  0.0000
1589  275.000  #e3e3e2  227 7  0.0000
1590  276.000  #e3e3e3  228 1  0.0036
1591  276.000  #e3e3e4  228 2  0.0000
1592  277.000  #e4e3e3  228 3  0.0036
1593  277.000  #e4e3e4  228 4  0.0000
1594  278.000  #e3e4e3  228 5  0.0036
1595  279.000  #e3e4e4  228 6  0.0036
1596  279.000  #e4e4e3  228 7  0.0000
1597  280.000  #e4e4e4  229 1  0.0036
1598  279.000  #e4e4e5  229 2  -0.0036
1599  280.000  #e5e4e4  229 3  0.0036
1600  280.000  #e5e4e5  229 4  0.0000
1601  282.000  #e4e5e4  229 5  0.0071
1602  282.000  #e4e5e5  229 6  0.0000
1603  282.000  #e5e5e4  229 7  0.0000
1604  282.000  #e5e5e5  230 1  0.0000
1605  283.000  #e5e5e6  230 2  0.0035
1606  283.000  #e6e5e5  230 3  0.0000
1607  283.000  #e6e5e6  230 4  0.0000
1608  284.000  #e5e6e5  230 5  0.0035
1609  285.000  #e5e6e6  230 6  0.0035
1610  285.000  #e6e6e5  230 7  0.0000
1611  285.000  #e6e6e6  231 1  0.0000
1612  285.000  #e6e6e7  231 2  0.0000
1613  286.000  #e7e6e6  231 3  0.0035
1614  286.000  #e7e6e7  231 4  0.0000
1615  287.000  #e6e7e6  231 5  0.0035
1616  287.000  #e6e7e7  231 6  0.0000
1617  288.000  #e7e7e6  231 7  0.0035
1618  288.000  #e7e7e7  232 1  0.0000
1619  288.000  #e7e7e8  232 2  0.0000
1620  289.000  #e8e7e7  232 3  0.0035
1621  289.000  #e8e7e8  232 4  0.0000
1622  291.000  #e7e8e7  232 5  0.0069
1623  291.000  #e7e8e8  232 6  0.0000
1624  292.000  #e8e8e7  232 7  0.0034
1625  291.000  #e8e8e8  233 1  -0.0034
1626  292.000  #e8e8e9  233 2  0.0034
1627  292.000  #e9e8e8  233 3  0.0000
1628  293.000  #e9e8e9  233 4  0.0034
1629  294.000  #e8e9e8  233 5  0.0034
1630  294.000  #e8e9e9  233 6  0.0000
1631  294.000  #e9e9e8  233 7  0.0000
1632  295.000  #e9e9e9  234 1  0.0034
1633  295.000  #e9e9ea  234 2  0.0000
1634  296.000  #eae9e9  234 3  0.0034
1635  296.000  #eae9ea  234 4  0.0000
1636  297.000  #e9eae9  234 5  0.0034
1637  297.000  #e9eaea  234 6  0.0000
1638  298.000  #eaeae9  234 7  0.0034
1639  298.000  #eaeaea  235 1  0.0000
1640  298.000  #eaeaeb  235 2  0.0000
1641  299.000  #ebeaea  235 3  0.0034
1642  299.000  #ebeaeb  235 4  0.0000
1643  301.000  #eaebea  235 5  0.0067
1644  301.000  #eaebeb  235 6  0.0000
1645  302.000  #ebebea  235 7  0.0033
1646  301.000  #ebebeb  236 1  -0.0033
1647  302.000  #ebebec  236 2  0.0033
1648  302.000  #ecebeb  236 3  0.0000
1649  303.000  #ecebec  236 4  0.0033
1650  304.000  #ebeceb  236 5  0.0033
1651  305.000  #ebecec  236 6  0.0033
1652  305.000  #ececeb  236 7  0.0000
1653  305.000  #ececec  237 1  0.0000
1654  305.000  #ececed  237 2  0.0000
1655  306.000  #edecec  237 3  0.0033
1656  306.000  #edeced  237 4  0.0000
1657  307.000  #ecedec  237 5  0.0033
1658  307.000  #eceded  237 6  0.0000
1659  308.000  #ededec  237 7  0.0033
1660  308.000  #ededed  238 1  0.0000
1661  309.000  #ededee  238 2  0.0032
1662  309.000  #eeeded  238 3  0.0000
1663  310.000  #eeedee  238 4  0.0032
1664  311.000  #edeeed  238 5  0.0032
1665  311.000  #edeeee  238 6  0.0000
1666  312.000  #eeeeed  238 7  0.0032
1667  312.000  #eeeeee  239 1  0.0000
1668  313.000  #eeeeef  239 2  0.0032
1669  313.000  #efeeee  239 3  0.0000
1670  314.000  #efeeef  239 4  0.0032
1671  314.000  #eeefee  239 5  0.0000
1672  315.000  #eeefef  239 6  0.0032
1673  315.000  #efefee  239 7  0.0000
1674  315.000  #efefef  240 1  0.0000
1675  315.000  #efeff0  240 2  0.0000
1676  316.000  #f0efef  240 3  0.0032
1677  316.000  #f0eff0  240 4  0.0000
1678  318.000  #eff0ef  240 5  0.0063
1679  318.000  #eff0f0  240 6  0.0000
1680  318.000  #f0f0ef  240 7  0.0000
1681  318.000  #f0f0f0  241 1  0.0000
1682  319.000  #f0f0f1  241 2  0.0031
1683  319.000  #f1f0f0  241 3  0.0000
1684  320.000  #f1f0f1  241 4  0.0031
1685  321.000  #f0f1f0  241 5  0.0031
1686  321.000  #f0f1f1  241 6  0.0000
1687  322.000  #f1f1f0  241 7  0.0031
1688  322.000  #f1f1f1  242 1  0.0000
1689  323.000  #f1f1f2  242 2  0.0031
1690  322.000  #f2f1f1  242 3  -0.0031
1691  324.000  #f2f1f2  242 4  0.0062
1692  324.000  #f1f2f1  242 5  0.0000
1693  325.000  #f1f2f2  242 6  0.0031
1694  325.000  #f2f2f1  242 7  0.0000
1695  326.000  #f2f2f2  243 1  0.0031
1696  325.000  #f2f2f3  243 2  -0.0031
1697  327.000  #f3f2f2  243 3  0.0061
1698  326.000  #f3f2f3  243 4  -0.0031
1699  328.000  #f2f3f2  243 5  0.0061
1700  328.000  #f2f3f3  243 6  0.0000
1701  329.000  #f3f3f2  243 7  0.0030
1702  329.000  #f3f3f3  244 1  0.0000
1703  329.000  #f3f3f4  244 2  0.0000
1704  330.000  #f4f3f3  244 3  0.0030
1705  330.000  #f4f3f4  244 4  0.0000
1706  331.000  #f3f4f3  244 5  0.0030
1707  331.000  #f3f4f4  244 6  0.0000
1708  331.000  #f4f4f3  244 7  0.0000
1709  332.000  #f4f4f4  245 1  0.0030
1710  332.000  #f4f4f5  245 2  0.0000
1711  332.000  #f5f4f4  245 3  0.0000
1712  333.000  #f5f4f5  245 4  0.0030
1713  334.000  #f4f5f4  245 5  0.0030
1714  335.000  #f4f5f5  245 6  0.0030
1715  334.000  #f5f5f4  245 7  -0.0030
1716  335.000  #f5f5f5  246 1  0.0030
1717  335.000  #f5f5f6  246 2  0.0000
1718  336.000  #f6f5f5  246 3  0.0030
1719  336.000  #f6f5f6  246 4  0.0000
1720  337.000  #f5f6f5  246 5  0.0030
1721  337.000  #f5f6f6  246 6  0.0000
1722  338.000  #f6f6f5  246 7  0.0030
1723  338.000  #f6f6f6  247 1  0.0000
1724  339.000  #f6f6f7  247 2  0.0030
1725  339.000  #f7f6f6  247 3  0.0000
1726  339.000  #f7f6f7  247 4  0.0000
1727  340.000  #f6f7f6  247 5  0.0029
1728  341.000  #f6f7f7  247 6  0.0029
1729  341.000  #f7f7f6  247 7  0.0000
1730  341.000  #f7f7f7  248 1  0.0000
1731  342.000  #f7f7f8  248 2  0.0029
1732  342.000  #f8f7f7  248 3  0.0000
1733  343.000  #f8f7f8  248 4  0.0029
1734  343.000  #f7f8f7  248 5  0.0000
1735  344.000  #f7f8f8  248 6  0.0029
1736  344.000  #f8f8f7  248 7  0.0000
1737  345.000  #f8f8f8  249 1  0.0029
1738  344.000  #f8f8f9  249 2  -0.0029
1739  346.000  #f9f8f8  249 3  0.0058
1740  345.000  #f9f8f9  249 4  -0.0029
1741  347.000  #f8f9f8  249 5  0.0058
1742  347.000  #f8f9f9  249 6  0.0000
1743  348.000  #f9f9f8  249 7  0.0029
1744  348.000  #f9f9f9  250 1  0.0000
1745  348.000  #f9f9fa  250 2  0.0000
1746  349.000  #faf9f9  250 3  0.0029
1747  349.000  #faf9fa  250 4  0.0000
1748  350.000  #f9faf9  250 5  0.0029
1749  350.000  #f9fafa  250 6  0.0000
1750  351.000  #fafaf9  250 7  0.0029
1751  351.000  #fafafa  251 1  0.0000
1752  352.000  #fafafb  251 2  0.0028
1753  352.000  #fbfafa  251 3  0.0000
1754  353.000  #fbfafb  251 4  0.0028
1755  353.000  #fafbfa  251 5  0.0000
1756  354.000  #fafbfb  251 6  0.0028
1757  354.000  #fbfbfa  251 7  0.0000
1758  355.000  #fbfbfb  252 1  0.0028
1759  355.000  #fbfbfc  252 2  0.0000
1760  356.000  #fcfbfb  252 3  0.0028
1761  356.000  #fcfbfc  252 4  0.0000
1762  357.000  #fbfcfb  252 5  0.0028
1763  357.000  #fbfcfc  252 6  0.0000
1764  358.000  #fcfcfb  252 7  0.0028
1765  358.000  #fcfcfc  253 1  0.0000
1766  359.000  #fcfcfd  253 2  0.0028
1767  359.000  #fdfcfc  253 3  0.0000
1768  360.000  #fdfcfd  253 4  0.0028
1769  360.000  #fcfdfc  253 5  0.0000
1770  361.000  #fcfdfd  253 6  0.0028
1771  361.000  #fdfdfc  253 7  0.0000
1772  362.000  #fdfdfd  254 1  0.0028
1773  362.000  #fdfdfe  254 2  0.0000
1774  362.000  #fefdfd  254 3  0.0000
1775  363.000  #fefdfe  254 4  0.0028
1776  364.000  #fdfefd  254 5  0.0028
1777  365.000  #fdfefe  254 6  0.0027
1778  364.000  #fefefd  254 7  -0.0027
1779  365.000  #fefefe  255 1  0.0027
1780  365.000  #fefeff  255 2  0.0000
1781  366.000  #fffefe  255 3  0.0027
1782  366.000  #fffeff  255 4  0.0000
1783  367.000  #fefffe  255 5  0.0027
1784  367.000  #feffff  255 6  0.0000
1785  368.000  #fffffe  255 7  0.0027
1786  368.000  #ffffff  256 1  0.0000
