# LutGenerate 2.4 - 08/11/11 11:27:02 - #  Display ID: EA231WMi_9Z103070NA
# Ambient = 0.10   Max. Luminance = 220.250   Luminance Ratio = 350.00
#  lumResponse vers. 1.8 - 08/10/11 15:49:27
#  iLdelay=1  avgN=1  ILlimit_plus=0.20 ILlimit_minus=-0.05  R=21.7% G=69.7% B=8.6%
 DV    R    G    B     target Lum+Lamb   uLR Lum+Lamb
  1:  007  008  007           0.629      0.635
  2:  009  008  009           0.669      0.673
  3:  009  009  010           0.709      0.709
  4:  009  010  009           0.751      0.749
  5:  011  010  011           0.794      0.795
  6:  011  011  011           0.839      0.841
  7:  011  012  011           0.885      0.886
  8:  013  012  013           0.933      0.929
  9:  013  013  013           0.982      0.978
 10:  013  014  013           1.033      1.048
 11:  015  014  014           1.086      1.081
 12:  014  015  015           1.140      1.142
 13:  016  015  015           1.196      1.183
 14:  016  016  017           1.253      1.252
 15:  016  017  016           1.313      1.313
 16:  018  017  018           1.373      1.370
 17:  018  018  017           1.436      1.441
 18:  019  018  019           1.500      1.481
 19:  019  019  020           1.567      1.571
 20:  019  020  019           1.635      1.637
 21:  021  020  020           1.704      1.697
 22:  020  021  021           1.776      1.766
 23:  022  021  022           1.850      1.852
 24:  021  022  022           1.925      1.913
 25:  023  022  023           2.003      1.993
 26:  023  023  022           2.082      2.075
 27:  023  024  023           2.164      2.189
 28:  024  024  025           2.247      2.247
 29:  024  025  025           2.333      2.326
 30:  026  025  026           2.420      2.410
 31:  026  026  025           2.510      2.511
 32:  027  026  027           2.602      2.591
 33:  027  027  027           2.696      2.696
 34:  027  028  027           2.792      2.812
 35:  029  028  028           2.891      2.897
 36:  028  029  029           2.992      2.989
 37:  030  029  030           3.095      3.084
 38:  030  030  029           3.200      3.207
 39:  031  030  031           3.308      3.280
 40:  031  031  031           3.418      3.416
 41:  031  032  031           3.531      3.564
 42:  032  032  033           3.646      3.642
 43:  032  033  033           3.764      3.767
 44:  034  033  034           3.884      3.882
 45:  034  034  033           4.007      4.027
 46:  035  034  035           4.132      4.113
 47:  035  035  035           4.260      4.272
 48:  035  036  035           4.391      4.427
 49:  037  036  036           4.524      4.536
 50:  036  037  037           4.660      4.668
 51:  038  037  038           4.799      4.794
 52:  038  038  037           4.941      4.939
 53:  039  038  039           5.085      5.044
 54:  039  039  040           5.233      5.237
 55:  039  040  039           5.383      5.395
 56:  041  040  041           5.537      5.533
 57:  041  041  041           5.693      5.696
 58:  041  042  041           5.853      5.889
 59:  042  042  043           6.015      5.998
 60:  042  043  042           6.181      6.182
 61:  044  043  044           6.350      6.347
 62:  044  044  043           6.522      6.518
 63:  044  045  044           6.698      6.728
 64:  046  045  045           6.877      6.877
 65:  046  046  045           7.059      7.078
 66:  047  046  047           7.244      7.206
 67:  047  047  047           7.434      7.425
 68:  047  048  047           7.626      7.652
 69:  049  048  049           7.822      7.829
 70:  049  049  050           8.022      8.028
 71:  049  050  049           8.225      8.247
 72:  051  050  051           8.433      8.434
 73:  051  051  050           8.643      8.649
 74:  051  052  051           8.858      8.907
 75:  053  052  052           9.077      9.070
 76:  053  053  052           9.299      9.298
 77:  053  054  053           9.526      9.574
 78:  055  054  054           9.756      9.774
 79:  054  055  055           9.991      9.987
 80:  056  055  056          10.229     10.171
 81:  057  056  056          10.472     10.482
 82:  057  057  057          10.719     10.711
 83:  057  058  057          10.971     10.970
 84:  059  058  059          11.226     11.210
 85:  059  059  059          11.486     11.488
 86:  059  060  059          11.751     11.776
 87:  061  060  061          12.020     11.997
 88:  061  061  062          12.294     12.283
 89:  061  062  062          12.572     12.548
 90:  063  062  063          12.856     12.772
 91:  063  063  064          13.144     13.129
 92:  064  064  063          13.436     13.455
 93:  064  065  064          13.734     13.765
 94:  066  065  066          14.037     13.990
 95:  066  066  067          14.345     14.325
 96:  067  067  066          14.657     14.680
 97:  067  068  067          14.975     15.009
 98:  069  068  069          15.299     15.254
 99:  070  069  069          15.628     15.639
100:  070  070  070          15.962     15.959
101:  070  071  070          16.301     16.298
102:  071  072  071          16.646     16.727
103:  073  072  073          16.997     16.999
104:  073  073  074          17.353     17.343
105:  074  074  073          17.716     17.710
106:  074  075  074          18.084     18.102
107:  076  075  076          18.458     18.389
108:  077  076  077          18.838     18.857
109:  077  077  078          19.224     19.214
110:  078  078  077          19.616     19.621
111:  078  079  078          20.015     20.025
112:  079  080  079          20.420     20.510
113:  081  080  081          20.831     20.800
114:  082  081  081          21.249     21.248
115:  082  082  083          21.673     21.675
116:  083  083  082          22.105     22.122
117:  083  084  083          22.543     22.522
118:  084  085  084          22.987     23.006
119:  085  086  085          23.439     23.537
120:  087  086  087          23.898     23.853
121:  088  087  087          24.364     24.366
122:  088  088  089          24.838     24.807
123:  089  089  090          25.318     25.340
124:  090  090  090          25.806     25.824
125:  090  091  091          26.302     26.272
126:  091  092  092          26.805     26.817
127:  092  093  092          27.316     27.317
128:  093  094  093          27.835     27.854
129:  094  095  094          28.362     28.438
130:  096  095  096          28.897     28.803
131:  097  096  097          29.440     29.386
132:  098  097  098          29.992     29.915
133:  099  098  099          30.552     30.498
134:  100  099  100          31.120     31.102
135:  101  100  101          31.697     31.662
136:  102  101  102          32.283     32.223
137:  103  102  103          32.878     32.823
138:  104  103  104          33.481     33.442
139:  105  104  105          34.094     34.024
140:  105  106  105          34.716     34.824
141:  107  106  107          35.348     35.233
142:  108  107  108          35.988     35.965
143:  109  108  109          36.639     36.581
144:  109  110  109          37.299     37.410
145:  110  111  110          37.969     38.062
146:  111  112  111          38.649     38.689
147:  112  113  113          39.339     39.342
148:  114  114  113          40.040     40.036
149:  115  115  115          40.751     40.759
150:  116  116  117          41.472     41.444
151:  118  117  118          42.204     42.203
152:  119  118  119          42.947     42.844
153:  119  120  119          43.701     43.759
154:  120  121  121          44.466     44.467
155:  122  122  121          45.242     45.262
156:  123  123  123          46.030     46.009
157:  125  124  125          46.829     46.856
158:  125  126  125          47.640     47.746
159:  126  127  127          48.463     48.486
160:  128  128  128          49.298     49.300
161:  129  129  130          50.145     50.096
162:  130  130  131          51.005     50.960
163:  131  131  132          51.877     51.857
164:  132  132  133          52.762     52.725
165:  133  133  134          53.660     53.628
166:  134  134  135          54.570     54.567
167:  135  135  136          55.494     55.490
168:  137  136  136          56.432     56.472
169:  138  137  138          57.383     57.320
170:  139  138  139          58.347     58.222
171:  140  139  140          59.326     59.172
172:  140  141  140          60.319     60.394
173:  141  142  142          61.326     61.356
174:  142  143  143          62.347     62.332
175:  143  144  144          63.384     63.362
176:  145  145  146          64.435     64.415
177:  147  146  147          65.501     65.537
178:  148  147  148          66.583     66.506
179:  148  149  148          67.680     67.811
180:  149  150  150          68.793     68.802
181:  151  151  150          69.922     69.891
182:  153  152  152          71.067     71.124
183:  154  153  154          72.228     72.059
184:  154  155  154          73.406     73.392
185:  156  156  155          74.601     74.619
186:  158  157  157          75.812     75.828
187:  159  158  159          77.041     76.907
188:  159  160  159          78.288     78.282
189:  161  161  162          79.552     79.521
190:  163  162  163          80.834     80.799
191:  163  164  163          82.134     82.285
192:  165  165  164          83.453     83.506
193:  167  166  166          84.791     84.825
194:  168  167  168          86.147     85.940
195:  169  169  168          87.522     87.492
196:  171  170  171          88.917     88.923
197:  172  171  172          90.332     90.216
198:  172  173  173          91.767     91.802
199:  174  174  175          93.222     93.165
200:  176  175  176          94.697     94.546
201:  177  177  176          96.193     96.199
202:  179  178  179          97.710     97.724
203:  179  180  179          99.249     99.458
204:  181  181  180         100.809    100.860
205:  183  182  182         102.391    102.350
206:  183  184  183         103.995    104.140
207:  185  185  186         105.622    105.610
208:  187  186  187         107.271    107.110
209:  187  188  187         108.944    109.010
210:  189  189  189         110.640    110.610
211:  191  190  191         112.360    112.270
212:  191  192  191         114.103    114.110
213:  193  193  194         115.872    115.920
214:  195  194  195         117.664    117.580
215:  195  196  195         119.482    119.550
216:  197  197  197         121.325    121.300
217:  199  198  199         123.194    123.090
218:  199  200  199         125.089    125.170
219:  201  201  200         127.010    127.020
220:  203  202  202         128.958    128.890
221:  203  204  203         130.934    131.200
222:  205  205  204         132.936    133.000
223:  207  206  206         134.966    135.080
224:  208  207  208         137.025    136.810
225:  208  209  209         139.112    139.160
226:  210  210  211         141.228    141.230
227:  212  211  212         143.373    143.110
228:  212  213  213         145.548    145.550
229:  214  214  215         147.754    147.700
230:  216  215  216         149.989    149.850
231:  216  217  216         152.256    152.290
232:  218  218  218         154.554    154.480
233:  220  219  220         156.884    156.770
234:  220  221  220         159.246    159.320
235:  222  222  222         161.640    161.660
236:  224  223  224         164.068    164.000
237:  225  224  225         166.529    166.440
238:  225  226  226         169.024    168.970
239:  228  227  228         171.553    171.570
240:  228  229  229         174.117    174.140
241:  231  230  231         176.717    176.620
242:  231  232  232         179.352    179.300
243:  234  233  234         182.024    181.770
244:  235  235  236         184.732    184.820
245:  236  237  236         187.478    187.570
246:  239  238  239         190.261    190.160
247:  240  240  240         193.083    193.090
248:  242  242  241         195.943    196.010
249:  243  244  243         198.843    199.010
250:  245  246  245         201.782    202.100
251:  248  247  247         204.762    204.700
252:  249  249  249         207.782    207.860
253:  250  251  250         210.844    211.240
254:  252  252  253         213.948    213.890
255:  253  254  253         217.095    217.370
256:  255  255  254         220.250    220.170
