# LutGenerate 2.4 - 08/09/11 15:39:34 - #  Display ID: EA231WMi_9Y100974NA
# Ambient = .1   Max. Luminance = 207.610   Luminance Ratio = 350.00
#  lumResponse vers. 1.9 - 08/09/11 12:21:47
#  iLdelay=0  avgN=1  ILlimit_plus=0.20 ILlimit_minus=-0.05  Meter=LXcan
 DV    R    G    B     target Lum+Lamb   uLR Lum+Lamb
  1:  007  007  007           0.593      0.590
  2:  008  008  008           0.631      0.633
  3:  009  009  008           0.669      0.670
  4:  009  010  009           0.709      0.713
  5:  010  010  010           0.751      0.750
  6:  010  011  011           0.793      0.793
  7:  012  011  011           0.838      0.830
  8:  012  012  012           0.883      0.884
  9:  012  013  012           0.930      0.931
 10:  014  013  013           0.979      0.977
 11:  014  014  014           1.029      1.036
 12:  015  014  015           1.081      1.071
 13:  015  015  015           1.134      1.136
 14:  015  016  015           1.189      1.206
 15:  017  016  016           1.246      1.246
 16:  016  017  017           1.304      1.305
 17:  018  017  018           1.364      1.349
 18:  018  018  018           1.426      1.429
 19:  018  019  018           1.489      1.493
 20:  020  019  019           1.554      1.558
 21:  019  020  020           1.621      1.619
 22:  021  020  021           1.689      1.687
 23:  021  021  021           1.760      1.758
 24:  021  022  021           1.832      1.842
 25:  022  022  023           1.906      1.897
 26:  022  023  023           1.982      1.991
 27:  024  023  024           2.060      2.057
 28:  023  024  024           2.140      2.144
 29:  025  024  025           2.222      2.204
 30:  025  025  025           2.306      2.304
 31:  025  026  025           2.392      2.390
 32:  027  026  026           2.480      2.471
 33:  027  027  027           2.570      2.582
 34:  028  027  028           2.662      2.632
 35:  028  028  028           2.756      2.760
 36:  028  029  028           2.853      2.883
 37:  029  029  030           2.952      2.951
 38:  029  030  029           3.053      3.055
 39:  031  030  030           3.156      3.163
 40:  030  031  031           3.261      3.262
 41:  032  031  032           3.369      3.373
 42:  031  032  032           3.479      3.477
 43:  033  032  033           3.592      3.570
 44:  033  033  032           3.707      3.705
 45:  034  033  034           3.825      3.795
 46:  034  034  034           3.944      3.940
 47:  034  035  034           4.067      4.100
 48:  035  035  036           4.192      4.188
 49:  035  036  035           4.320      4.340
 50:  037  036  036           4.450      4.454
 51:  036  037  037           4.583      4.569
 52:  038  037  038           4.719      4.697
 53:  038  038  039           4.857      4.859
 54:  038  039  039           4.998      4.996
 55:  040  039  040           5.142      5.126
 56:  040  040  039           5.289      5.294
 57:  040  041  040           5.439      5.480
 58:  041  041  042           5.591      5.572
 59:  041  042  042           5.747      5.739
 60:  043  042  043           5.905      5.880
 61:  043  043  044           6.067      6.070
 62:  043  044  044           6.232      6.241
 63:  045  044  045           6.400      6.381
 64:  045  045  045           6.571      6.562
 65:  045  046  045           6.745      6.768
 66:  047  046  046           6.922      6.925
 67:  047  047  046           7.103      7.121
 68:  048  047  048           7.287      7.244
 69:  048  048  049           7.475      7.475
 70:  048  049  048           7.666      7.693
 71:  050  049  050           7.861      7.867
 72:  050  050  049           8.059      8.068
 73:  050  051  050           8.260      8.309
 74:  052  051  051           8.465      8.480
 75:  051  052  052           8.674      8.663
 76:  053  052  053           8.887      8.829
 77:  053  053  054           9.103      9.111
 78:  053  054  053           9.323      9.319
 79:  055  054  055           9.548      9.536
 80:  055  055  056           9.776      9.779
 81:  055  056  055          10.008      9.988
 82:  057  056  057          10.244     10.191
 83:  058  057  057          10.484     10.508
 84:  058  058  057          10.728     10.733
 85:  058  059  058          10.976     10.980
 86:  060  059  060          11.229     11.213
 87:  060  060  061          11.486     11.480
 88:  060  061  061          11.748     11.727
 89:  061  062  061          12.013     12.052
 90:  063  062  063          12.284     12.294
 91:  063  063  064          12.559     12.566
 92:  063  064  064          12.838     12.845
 93:  065  064  065          13.122     13.044
 94:  066  065  065          13.411     13.414
 95:  065  066  066          13.705     13.688
 96:  066  067  066          14.003     14.060
 97:  068  067  067          14.307     14.288
 98:  068  068  068          14.615     14.603
 99:  068  069  069          14.929     14.925
100:  069  070  069          15.247     15.337
101:  071  070  070          15.571     15.563
102:  071  071  071          15.900     15.902
103:  071  072  072          16.235     16.239
104:  072  073  072          16.574     16.626
105:  074  073  074          16.920     16.895
106:  074  074  075          17.271     17.249
107:  075  075  075          17.627     17.641
108:  076  076  075          17.989     18.013
109:  076  077  077          18.357     18.361
110:  077  078  077          18.731     18.757
111:  079  078  079          19.111     19.057
112:  080  079  079          19.496     19.490
113:  080  080  081          19.888     19.907
114:  081  081  081          20.286     20.302
115:  082  082  081          20.690     20.694
116:  082  083  082          21.101     21.107
117:  084  083  084          21.518     21.428
118:  085  084  085          21.942     21.928
119:  086  085  085          22.372     22.378
120:  086  086  087          22.808     22.816
121:  087  087  086          23.252     23.288
122:  087  088  087          23.702     23.699
123:  088  089  088          24.160     24.206
124:  089  090  089          24.624     24.722
125:  091  090  091          25.096     25.065
126:  092  091  091          25.574     25.590
127:  093  092  092          26.061     26.092
128:  094  093  093          26.554     26.569
129:  095  094  094          27.055     27.066
130:  095  095  096          27.564     27.537
131:  096  096  096          28.080     28.059
132:  097  097  098          28.604     28.597
133:  098  098  099          29.136     29.109
134:  099  099  100          29.677     29.644
135:  100  100  101          30.225     30.193
136:  101  101  102          30.782     30.755
137:  102  102  103          31.346     31.309
138:  103  103  104          31.920     31.908
139:  104  104  105          32.502     32.517
140:  105  105  106          33.093     33.107
141:  106  106  107          33.692     33.680
142:  107  107  108          34.300     34.277
143:  108  108  109          34.918     34.945
144:  109  109  109          35.545     35.521
145:  110  110  111          36.181     36.199
146:  112  111  111          36.826     36.828
147:  113  112  112          37.481     37.477
148:  114  113  114          38.145     38.097
149:  114  115  114          38.820     38.832
150:  115  116  116          39.504     39.485
151:  117  117  117          40.198     40.222
152:  119  118  118          40.903     40.946
153:  120  119  120          41.618     41.606
154:  121  120  121          42.343     42.264
155:  121  122  121          43.079     43.196
156:  122  123  122          43.825     43.806
157:  123  124  124          44.583     44.556
158:  124  125  125          45.352     45.353
159:  126  126  126          46.131     46.125
160:  128  127  127          46.922     46.898
161:  129  128  129          47.725     47.639
162:  129  130  130          48.539     48.544
163:  131  131  131          49.365     49.379
164:  133  132  132          50.203     50.238
165:  134  133  134          51.052     51.018
166:  134  135  135          51.915     51.915
167:  135  136  136          52.789     52.786
168:  136  137  137          53.676     53.647
169:  137  138  138          54.576     54.605
170:  138  139  139          55.489     55.456
171:  140  140  139          56.415     56.446
172:  141  141  140          57.354     57.351
173:  142  142  141          58.306     58.294
174:  143  143  143          59.273     59.284
175:  144  144  145          60.252     60.244
176:  146  145  145          61.246     61.234
177:  147  146  146          62.254     62.246
178:  148  147  148          63.277     63.264
179:  148  149  148          64.314     64.348
180:  150  150  149          65.365     65.420
181:  151  151  152          66.432     66.460
182:  153  152  152          67.513     67.527
183:  153  154  153          68.610     68.735
184:  154  155  155          69.723     69.730
185:  156  156  155          70.851     70.811
186:  157  157  158          71.995     71.952
187:  159  158  159          73.155     73.126
188:  159  160  159          74.332     74.516
189:  160  161  160          75.525     75.497
190:  162  162  162          76.735     76.745
191:  164  163  163          77.962     78.016
192:  165  164  165          79.206     79.075
193:  166  166  165          80.468     80.514
194:  167  167  168          81.747     81.778
195:  169  168  169          83.044     82.965
196:  169  170  170          84.360     84.299
197:  172  171  171          85.694     85.690
198:  172  173  172          87.046     87.053
199:  174  174  174          88.417     88.395
200:  176  175  175          89.808     89.897
201:  177  176  177          91.218     91.105
202:  177  178  178          92.647     92.632
203:  179  179  180          94.096     94.063
204:  181  180  181          95.566     95.468
205:  181  182  182          97.056     97.044
206:  183  183  184          98.567     98.513
207:  185  184  185         100.098     99.956
208:  186  186  185         101.651    101.600
209:  188  187  188         103.226    103.170
210:  189  189  188         104.822    104.910
211:  191  190  191         106.440    106.460
212:  191  192  191         108.081    108.150
213:  193  193  192         109.744    109.730
214:  195  194  195         111.431    111.490
215:  195  196  195         113.140    113.230
216:  197  197  196         114.874    114.870
217:  199  198  198         116.631    116.660
218:  199  200  199         118.412    118.660
219:  200  201  201         120.218    120.190
220:  203  202  202         122.049    122.050
221:  203  204  203         123.905    123.860
222:  205  205  205         125.787    125.750
223:  207  206  207         127.694    127.590
224:  207  208  208         129.628    129.550
225:  210  209  209         131.588    131.640
226:  210  211  210         133.575    133.680
227:  211  212  212         135.589    135.470
228:  213  213  214         137.631    137.540
229:  215  214  215         139.701    139.570
230:  215  216  216         141.800    141.820
231:  218  217  217         143.927    144.040
232:  219  218  219         146.083    145.900
233:  220  220  219         148.268    148.420
234:  222  221  221         150.484    150.480
235:  222  223  222         152.730    152.750
236:  224  224  224         155.006    155.060
237:  226  225  226         157.314    157.080
238:  227  227  226         159.653    159.650
239:  229  228  229         162.024    161.850
240:  229  230  229         164.427    164.380
241:  230  231  230         166.863    166.780
242:  233  232  232         169.332    169.400
243:  233  234  233         171.835    172.100
244:  235  235  234         174.371    174.360
245:  237  236  237         176.943    176.710
246:  238  238  238         179.549    179.470
247:  239  240  239         182.191    182.290
248:  242  241  242         184.868    184.780
249:  243  243  244         187.582    187.600
250:  245  245  244         190.333    190.340
251:  246  247  246         193.121    193.210
252:  249  248  249         195.947    195.970
253:  250  250  251         198.812    198.850
254:  251  252  251         201.715    201.740
255:  254  253  254         204.657    204.540
256:  255  255  255         207.610    207.710
