# LutGenerate 2.4 - 02/18/11 13:15:16 - #  Display ID: EA231WMi_07106164NA
# Ambient = 0.10   Max. Luminance = 228.630   Luminance Ratio = 350.00
#  lumResponse vers. 1.8 - 01/27/11 09:08:41
#  iLdelay=1  avgN=1  ILlimit_plus=0.20 ILlimit_minus=-0.05  R=21.2% G=68.9% B=10.0%
 DV    R    G    B     target Lum+Lamb   uLR Lum+Lamb
  1:  007  007  008           0.653      0.651
  2:  008  008  007           0.694      0.696
  3:  008  009  008           0.735      0.739
  4:  010  009  010           0.779      0.778
  5:  010  010  009           0.823      0.824
  6:  011  010  011           0.869      0.854
  7:  012  011  011           0.917      0.921
  8:  011  012  012           0.966      0.967
  9:  013  012  013           1.017      1.002
 10:  013  013  014           1.069      1.070
 11:  013  014  014           1.123      1.124
 12:  015  014  014           1.179      1.178
 13:  015  015  014           1.237      1.236
 14:  016  015  016           1.296      1.284
 15:  016  016  017           1.357      1.358
 16:  016  017  017           1.419      1.415
 17:  018  017  017           1.484      1.483
 18:  018  018  017           1.550      1.550
 19:  019  018  019           1.618      1.600
 20:  019  019  020           1.688      1.687
 21:  019  020  019           1.760      1.769
 22:  021  020  020           1.833      1.830
 23:  020  021  020           1.909      1.903
 24:  022  021  022           1.987      1.988
 25:  022  022  021           2.066      2.070
 26:  023  022  023           2.148      2.136
 27:  022  023  023           2.232      2.219
 28:  024  023  024           2.318      2.298
 29:  024  024  023           2.405      2.407
 30:  024  025  024           2.496      2.519
 31:  025  025  026           2.588      2.577
 32:  025  026  026           2.682      2.694
 33:  027  026  026           2.779      2.767
 34:  026  027  026           2.878      2.880
 35:  028  027  028           2.979      2.983
 36:  027  028  028           3.083      3.078
 37:  029  028  029           3.189      3.171
 38:  029  029  029           3.297      3.293
 39:  029  030  029           3.408      3.436
 40:  030  030  031           3.522      3.514
 41:  030  031  030           3.637      3.663
 42:  031  031  032           3.756      3.753
 43:  031  032  031           3.877      3.891
 44:  033  032  032           4.000      4.014
 45:  032  033  032           4.126      4.123
 46:  034  033  034           4.255      4.251
 47:  034  034  033           4.387      4.390
 48:  035  034  035           4.521      4.489
 49:  035  035  034           4.658      4.655
 50:  035  036  035           4.798      4.842
 51:  036  036  037           4.941      4.941
 52:  036  037  036           5.086      5.085
 53:  038  037  038           5.235      5.240
 54:  038  038  037           5.387      5.389
 55:  039  038  039           5.541      5.518
 56:  039  039  038           5.699      5.690
 57:  039  040  039           5.860      5.915
 58:  040  040  041           6.024      6.021
 59:  040  041  040           6.191      6.194
 60:  042  041  042           6.362      6.358
 61:  042  042  041           6.536      6.535
 62:  042  043  042           6.713      6.756
 63:  043  043  044           6.893      6.879
 64:  043  044  044           7.077      7.091
 65:  045  044  045           7.264      7.246
 66:  045  045  045           7.455      7.452
 67:  045  046  045           7.650      7.646
 68:  047  046  047           7.848      7.855
 69:  046  047  047           8.050      8.036
 70:  048  047  048           8.255      8.209
 71:  048  048  049           8.465      8.465
 72:  048  049  049           8.678      8.689
 73:  050  049  050           8.895      8.836
 74:  050  050  051           9.115      9.110
 75:  050  051  051           9.340      9.337
 76:  052  051  052           9.569      9.524
 77:  052  052  052           9.802      9.800
 78:  052  053  052          10.039     10.048
 79:  054  053  054          10.281     10.260
 80:  054  054  055          10.526     10.518
 81:  054  055  055          10.776     10.798
 82:  056  055  056          11.031     10.985
 83:  056  056  057          11.289     11.303
 84:  056  057  057          11.553     11.549
 85:  058  057  058          11.820     11.752
 86:  059  058  058          12.093     12.107
 87:  059  059  058          12.370     12.353
 88:  059  060  059          12.652     12.723
 89:  061  060  061          12.939     12.948
 90:  061  061  061          13.230     13.228
 91:  061  062  062          13.527     13.521
 92:  063  062  063          13.828     13.757
 93:  064  063  063          14.135     14.163
 94:  063  064  063          14.447     14.465
 95:  065  064  065          14.764     14.746
 96:  065  065  066          15.086     15.071
 97:  066  066  065          15.414     15.432
 98:  066  067  066          15.747     15.778
 99:  068  067  068          16.085     16.029
100:  068  068  069          16.430     16.416
101:  069  069  068          16.779     16.771
102:  069  070  070          17.135     17.157
103:  071  070  071          17.497     17.406
104:  072  071  072          17.864     17.879
105:  072  072  072          18.237     18.221
106:  073  073  072          18.617     18.634
107:  073  074  073          19.002     19.011
108:  075  074  075          19.394     19.317
109:  076  075  075          19.792     19.776
110:  076  076  076          20.196     20.192
111:  077  077  076          20.607     20.621
112:  077  078  077          21.025     21.018
113:  078  079  078          21.449     21.535
114:  080  079  080          21.880     21.856
115:  081  080  080          22.318     22.325
116:  081  081  082          22.762     22.781
117:  082  082  081          23.214     23.196
118:  082  083  083          23.673     23.694
119:  083  084  083          24.139     24.185
120:  085  084  085          24.613     24.505
121:  086  085  086          25.093     25.039
122:  087  086  087          25.582     25.543
123:  088  087  088          26.078     26.102
124:  089  088  088          26.582     26.589
125:  089  089  090          27.093     27.078
126:  090  090  091          27.613     27.624
127:  091  091  092          28.140     28.154
128:  092  092  092          28.676     28.688
129:  093  093  092          29.220     29.219
130:  094  094  093          29.772     29.790
131:  094  095  095          30.333     30.304
132:  095  096  096          30.902     30.881
133:  096  097  097          31.481     31.469
134:  097  098  098          32.068     32.053
135:  099  099  098          32.663     32.656
136:  100  100  099          33.269     33.293
137:  101  101  100          33.883     33.914
138:  102  102  102          34.506     34.525
139:  103  103  103          35.139     35.139
140:  104  104  104          35.782     35.775
141:  105  105  104          36.434     36.412
142:  106  106  106          37.097     37.096
143:  107  107  108          37.769     37.793
144:  108  108  109          38.451     38.467
145:  109  109  110          39.143     39.112
146:  111  110  110          39.846     39.833
147:  112  111  112          40.560     40.545
148:  113  112  113          41.284     41.216
149:  113  114  113          42.019     42.136
150:  114  115  114          42.765     42.812
151:  115  116  116          43.522     43.533
152:  117  117  116          44.290     44.302
153:  118  118  117          45.070     45.043
154:  119  119  119          45.861     45.833
155:  121  120  120          46.664     46.665
156:  122  121  122          47.479     47.417
157:  122  123  122          48.305     48.361
158:  123  124  124          49.145     49.173
159:  125  125  125          49.996     50.006
160:  127  126  126          50.860     50.836
161:  128  127  128          51.737     51.675
162:  128  129  128          52.626     52.748
163:  129  130  129          53.529     53.520
164:  130  131  130          54.445     54.494
165:  131  132  131          55.374     55.463
166:  132  133  132          56.317     56.383
167:  133  134  133          57.273     57.269
168:  134  135  135          58.244     58.282
169:  135  136  136          59.228     59.233
170:  136  137  137          60.227     60.172
171:  138  138  138          61.241     61.258
172:  139  139  140          62.269     62.278
173:  140  140  141          63.312     63.354
174:  142  141  141          64.371     64.396
175:  143  142  143          65.444     65.470
176:  144  143  144          66.533     66.439
177:  144  145  144          67.638     67.725
178:  145  146  146          68.759     68.762
179:  147  147  147          69.896     69.932
180:  148  148  149          71.049     70.997
181:  150  149  150          72.219     72.231
182:  151  150  151          73.406     73.295
183:  151  152  151          74.610     74.655
184:  152  153  153          75.831     75.790
185:  154  154  154          77.070     77.086
186:  156  155  155          78.326     78.306
187:  157  156  157          79.601     79.441
188:  157  158  157          80.893     81.008
189:  158  159  159          82.205     82.208
190:  160  160  161          83.535     83.579
191:  162  161  162          84.883     84.910
192:  162  163  162          86.251     86.396
193:  163  164  164          87.639     87.588
194:  165  165  166          89.046     89.080
195:  167  166  166          90.474     90.469
196:  167  168  167          91.921     92.081
197:  168  169  169          93.390     93.337
198:  171  170  170          94.879     94.875
199:  171  172  171          96.389     96.527
200:  173  173  172          97.921     97.932
201:  175  174  174          99.474     99.497
202:  175  176  175         101.049    101.210
203:  177  177  176         102.647    102.610
204:  179  178  179         104.267    104.270
205:  179  180  179         105.910    105.880
206:  181  181  181         107.576    107.580
207:  183  182  183         109.266    109.200
208:  183  184  184         110.980    111.020
209:  186  185  185         112.717    112.770
210:  186  187  186         114.480    114.600
211:  188  188  187         116.267    116.260
212:  190  189  190         118.079    118.140
213:  190  191  190         119.917    119.980
214:  191  192  192         121.780    121.750
215:  193  193  194         123.670    123.660
216:  195  194  195         125.586    125.540
217:  195  196  195         127.529    127.520
218:  197  197  198         129.499    129.550
219:  199  198  199         131.497    131.410
220:  199  200  199         133.523    133.440
221:  201  201  201         135.577    135.530
222:  203  202  203         137.660    137.640
223:  203  204  203         139.772    139.800
224:  205  205  206         141.913    141.950
225:  207  206  207         144.085    144.040
226:  207  208  207         146.286    146.260
227:  209  209  210         148.519    148.580
228:  211  210  211         150.782    150.730
229:  211  212  211         153.077    153.010
230:  213  213  214         155.404    155.370
231:  215  214  215         157.764    157.600
232:  216  216  215         160.156    160.210
233:  218  217  217         162.582    162.610
234:  218  219  218         165.041    165.220
235:  219  220  220         167.535    167.540
236:  221  221  221         170.063    169.980
237:  223  222  223         172.626    172.450
238:  224  224  223         175.225    175.320
239:  226  225  225         177.860    177.770
240:  226  227  226         180.531    180.560
241:  229  228  228         183.240    183.300
242:  229  230  230         185.986    185.960
243:  232  231  232         188.770    188.690
244:  233  233  234         191.593    191.680
245:  234  235  234         194.454    194.590
246:  237  236  236         197.356    197.310
247:  238  238  238         200.297    200.360
248:  239  240  239         203.279    203.370
249:  242  241  242         206.302    206.050
250:  243  243  243         209.368    209.350
251:  245  245  244         212.475    212.560
252:  246  247  246         215.625    215.560
253:  248  249  248         218.819    218.810
254:  250  251  250         222.057    222.280
255:  253  252  253         225.340    225.150
256:  254  255  255         228.630    228.650
