#  lumResponse vers. 1.6 - 01/29/07 16:08:01
#  Display ID: DELL_2007WFP_HF7306BL1MUL
#  iLdelay=1  avgN=1  ILlimit_plus=0.20 ILlimit_minus=-0.05  R=21.1% G=70.0% B=8.9%
#  58.9  #ff0000
#  195.0  #00ff00
#  24.7  #0000ff
   1    0.374  #000000    1 1  0.0000
   2    0.374  #000001    1 2  0.0000
   3    0.374  #010000    1 3  0.0000
   4    0.374  #010001    1 4  0.0000
   5    0.374  #000100    1 5  0.0000
   6    0.374  #000101    1 6  0.0000
   7    0.372  #010100    1 7  -0.0054
   8    0.371  #010101    2 1  -0.0027
   9    0.372  #010102    2 2  0.0027
  10    0.373  #020101    2 3  0.0027
  11    0.372  #020102    2 4  -0.0027
  12    0.374  #010201    2 5  0.0054
  13    0.376  #010202    2 6  0.0053
  14    0.377  #020201    2 7  0.0027
  15    0.377  #020202    3 1  0.0000
  16    0.377  #020203    3 2  0.0000
  17    0.377  #030202    3 3  0.0000
  18    0.377  #030203    3 4  0.0000
  19    0.377  #020302    3 5  0.0000
  20    0.378  #020303    3 6  0.0026
  21    0.377  #030302    3 7  -0.0026
  22    0.377  #030303    4 1  0.0000
  23    0.377  #030304    4 2  0.0000
  24    0.377  #040303    4 3  0.0000
  25    0.378  #040304    4 4  0.0026
  26    0.378  #030403    4 5  0.0000
  27    0.378  #030404    4 6  0.0000
  28    0.378  #040403    4 7  0.0000
  29    0.378  #040404    5 1  0.0000
  30    0.379  #040405    5 2  0.0026
  31    0.379  #050404    5 3  0.0000
  32    0.379  #050405    5 4  0.0000
  33    0.380  #040504    5 5  0.0026
  34    0.381  #040505    5 6  0.0026
  35    0.381  #050504    5 7  0.0000
  36    0.381  #050505    6 1  0.0000
  37    0.382  #050506    6 2  0.0026
  38    0.382  #060505    6 3  0.0000
  39    0.383  #060506    6 4  0.0026
  40    0.385  #050605    6 5  0.0052
  41    0.385  #050606    6 6  0.0000
  42    0.386  #060605    6 7  0.0026
  43    0.386  #060606    7 1  0.0000
  44    0.387  #060607    7 2  0.0026
  45    0.388  #070606    7 3  0.0026
  46    0.389  #070607    7 4  0.0026
  47    0.392  #060706    7 5  0.0077
  48    0.392  #060707    7 6  0.0000
  49    0.394  #070706    7 7  0.0051
  50    0.394  #070707    8 1  0.0000
  51    0.395  #070708    8 2  0.0025
  52    0.396  #080707    8 3  0.0025
  53    0.397  #080708    8 4  0.0025
  54    0.400  #070807    8 5  0.0075
  55    0.400  #070808    8 6  0.0000
  56    0.401  #080807    8 7  0.0025
  57    0.402  #080808    9 1  0.0025
  58    0.403  #080809    9 2  0.0025
  59    0.404  #090808    9 3  0.0025
  60    0.405  #090809    9 4  0.0025
  61    0.409  #080908    9 5  0.0098
  62    0.410  #080909    9 6  0.0024
  63    0.411  #090908    9 7  0.0024
  64    0.412  #090909   10 1  0.0024
  65    0.414  #09090a   10 2  0.0048
  66    0.417  #0a0909   10 3  0.0072
  67    0.419  #0a090a   10 4  0.0048
  68    0.426  #090a09   10 5  0.0166
  69    0.428  #090a0a   10 6  0.0047
  70    0.431  #0a0a09   10 7  0.0070
  71    0.433  #0a0a0a   11 1  0.0046
  72    0.436  #0a0a0b   11 2  0.0069
  73    0.440  #0b0a0a   11 3  0.0091
  74    0.443  #0b0a0b   11 4  0.0068
  75    0.453  #0a0b0a   11 5  0.0223
  76    0.455  #0a0b0b   11 6  0.0044
  77    0.460  #0b0b0a   11 7  0.0109
  78    0.462  #0b0b0b   12 1  0.0043
  79    0.465  #0b0b0c   12 2  0.0065
  80    0.468  #0c0b0b   12 3  0.0064
  81    0.470  #0c0b0c   12 4  0.0043
  82    0.479  #0b0c0b   12 5  0.0190
  83    0.481  #0b0c0c   12 6  0.0042
  84    0.485  #0c0c0b   12 7  0.0083
  85    0.487  #0c0c0c   13 1  0.0041
  86    0.489  #0c0c0d   13 2  0.0041
  87    0.493  #0d0c0c   13 3  0.0081
  88    0.495  #0d0c0d   13 4  0.0040
  89    0.505  #0c0d0c   13 5  0.0200
  90    0.507  #0c0d0d   13 6  0.0040
  91    0.512  #0d0d0c   13 7  0.0098
  92    0.514  #0d0d0d   14 1  0.0039
  93    0.518  #0d0d0e   14 2  0.0078
  94    0.525  #0e0d0d   14 3  0.0134
  95    0.529  #0e0d0e   14 4  0.0076
  96    0.548  #0d0e0d   14 5  0.0353
  97    0.552  #0d0e0e   14 6  0.0073
  98    0.559  #0e0e0d   14 7  0.0126
  99    0.563  #0e0e0e   15 1  0.0071
 100    0.569  #0e0e0f   15 2  0.0106
 101    0.578  #0f0e0e   15 3  0.0157
 102    0.582  #0f0e0f   15 4  0.0069
 103    0.605  #0e0f0e   15 5  0.0388
 104    0.608  #0e0f0f   15 6  0.0049
 105    0.616  #0f0f0e   15 7  0.0131
 106    0.621  #0f0f0f   16 1  0.0081
 107    0.627  #0f0f10   16 2  0.0096
 108    0.637  #100f0f   16 3  0.0158
 109    0.642  #100f10   16 4  0.0078
 110    0.661  #0f100f   16 5  0.0292
 111    0.665  #0f1010   16 6  0.0060
 112    0.673  #10100f   16 7  0.0120
 113    0.677  #101010   17 1  0.0059
 114    0.682  #101011   17 2  0.0074
 115    0.690  #111010   17 3  0.0117
 116    0.695  #111011   17 4  0.0072
 117    0.715  #101110   17 5  0.0284
 118    0.719  #101111   17 6  0.0056
 119    0.728  #111110   17 7  0.0124
 120    0.732  #111111   18 1  0.0055
 121    0.741  #111112   18 2  0.0122
 122    0.734  #121111   18 3  -0.0095
 123    0.741  #121112   18 4  0.0095
 124    0.794  #111211   18 5  0.0691
 125    0.800  #111212   18 6  0.0075
 126    0.794  #121211   18 7  -0.0075
 127    0.802  #121212   19 1  0.0100
 128    0.813  #121213   19 2  0.0136
 129    0.823  #131212   19 3  0.0122
 130    0.831  #131213   19 4  0.0097
 131    0.873  #121312   19 5  0.0493
 132    0.887  #121313   19 6  0.0159
 133    0.898  #131312   19 7  0.0123
 134    0.907  #131313   20 1  0.0100
 135    0.915  #131314   20 2  0.0088
 136    0.931  #141313   20 3  0.0173
 137    0.940  #141314   20 4  0.0096
 138    0.969  #131413   20 5  0.0304
 139    0.977  #131414   20 6  0.0082
 140    0.994  #141413   20 7  0.0173
 141    1.002  #141414   21 1  0.0080
 142    1.009  #141415   21 2  0.0070
 143    1.024  #151414   21 3  0.0148
 144    1.030  #151415   21 4  0.0058
 145    1.062  #141514   21 5  0.0306
 146    1.065  #141515   21 6  0.0028
 147    1.083  #151514   21 7  0.0168
 148    1.091  #151515   22 1  0.0074
 149    1.103  #151516   22 2  0.0109
 150    1.111  #161515   22 3  0.0072
 151    1.122  #161516   22 4  0.0099
 152    1.178  #151615   22 5  0.0487
 153    1.188  #151616   22 6  0.0085
 154    1.198  #161615   22 7  0.0084
 155    1.209  #161616   23 1  0.0091
 156    1.221  #161617   23 2  0.0099
 157    1.238  #171616   23 3  0.0138
 158    1.250  #171617   23 4  0.0096
 159    1.307  #161716   23 5  0.0446
 160    1.317  #161717   23 6  0.0076
 161    1.333  #171716   23 7  0.0121
 162    1.347  #171717   24 1  0.0104
 163    1.360  #171718   24 2  0.0096
 164    1.381  #181717   24 3  0.0153
 165    1.392  #181718   24 4  0.0079
 166    1.433  #171817   24 5  0.0290
 167    1.447  #171818   24 6  0.0097
 168    1.473  #181817   24 7  0.0178
 169    1.481  #181818   25 1  0.0054
 170    1.492  #181819   25 2  0.0074
 171    1.508  #191818   25 3  0.0107
 172    1.518  #191819   25 4  0.0066
 173    1.572  #181918   25 5  0.0350
 174    1.587  #181919   25 6  0.0095
 175    1.605  #191918   25 7  0.0113
 176    1.618  #191919   26 1  0.0081
 177    1.635  #19191a   26 2  0.0105
 178    1.648  #1a1919   26 3  0.0079
 179    1.667  #1a191a   26 4  0.0115
 180    1.750  #191a19   26 5  0.0486
 181    1.770  #191a1a   26 6  0.0114
 182    1.780  #1a1a19   26 7  0.0056
 183    1.800  #1a1a1a   27 1  0.0112
 184    1.820  #1a1a1b   27 2  0.0110
 185    1.840  #1b1a1a   27 3  0.0109
 186    1.860  #1b1a1b   27 4  0.0108
 187    1.950  #1a1b1a   27 5  0.0472
 188    1.970  #1a1b1b   27 6  0.0102
 189    2.000  #1b1b1a   27 7  0.0151
 190    2.020  #1b1b1b   28 1  0.0100
 191    2.030  #1b1b1c   28 2  0.0049
 192    2.070  #1c1b1b   28 3  0.0195
 193    2.090  #1c1b1c   28 4  0.0096
 194    2.150  #1b1c1b   28 5  0.0283
 195    2.170  #1b1c1c   28 6  0.0093
 196    2.210  #1c1c1b   28 7  0.0183
 197    2.220  #1c1c1c   29 1  0.0045
 198    2.240  #1c1c1d   29 2  0.0090
 199    2.270  #1d1c1c   29 3  0.0133
 200    2.280  #1d1c1d   29 4  0.0044
 201    2.360  #1c1d1c   29 5  0.0345
 202    2.380  #1c1d1d   29 6  0.0084
 203    2.400  #1d1d1c   29 7  0.0084
 204    2.420  #1d1d1d   30 1  0.0083
 205    2.440  #1d1d1e   30 2  0.0082
 206    2.470  #1e1d1d   30 3  0.0122
 207    2.490  #1e1d1e   30 4  0.0081
 208    2.600  #1d1e1d   30 5  0.0432
 209    2.620  #1d1e1e   30 6  0.0077
 210    2.650  #1e1e1d   30 7  0.0114
 211    2.670  #1e1e1e   31 1  0.0075
 212    2.700  #1e1e1f   31 2  0.0112
 213    2.730  #1f1e1e   31 3  0.0110
 214    2.750  #1f1e1f   31 4  0.0073
 215    2.870  #1e1f1e   31 5  0.0427
 216    2.890  #1e1f1f   31 6  0.0069
 217    2.930  #1f1f1e   31 7  0.0137
 218    2.950  #1f1f1f   32 1  0.0068
 219    2.980  #1f1f20   32 2  0.0101
 220    3.020  #201f1f   32 3  0.0133
 221    3.040  #201f20   32 4  0.0066
 222    3.130  #1f201f   32 5  0.0292
 223    3.150  #1f2020   32 6  0.0064
 224    3.200  #20201f   32 7  0.0157
 225    3.220  #202020   33 1  0.0062
 226    3.240  #202021   33 2  0.0062
 227    3.280  #212020   33 3  0.0123
 228    3.290  #212021   33 4  0.0030
 229    3.340  #202120   33 5  0.0151
 230    3.350  #202121   33 6  0.0030
 231    3.400  #212120   33 7  0.0148
 232    3.410  #212121   34 1  0.0029
 233    3.430  #212122   34 2  0.0058
 234    3.450  #222121   34 3  0.0058
 235    3.460  #222122   34 4  0.0029
 236    3.540  #212221   34 5  0.0229
 237    3.550  #212222   34 6  0.0028
 238    3.570  #222221   34 7  0.0056
 239    3.590  #222222   35 1  0.0056
 240    3.610  #222223   35 2  0.0056
 241    3.590  #232222   35 3  -0.0056
 242    3.610  #232223   35 4  0.0056
 243    3.720  #222322   35 5  0.0300
 244    3.740  #222323   35 6  0.0054
 245    3.720  #232322   35 7  -0.0054
 246    3.740  #232323   36 1  0.0054
 247    3.760  #232324   36 2  0.0053
 248    3.780  #242323   36 3  0.0053
 249    3.800  #242324   36 4  0.0053
 250    3.870  #232423   36 5  0.0183
 251    3.890  #232424   36 6  0.0052
 252    3.910  #242423   36 7  0.0051
 253    3.930  #242424   37 1  0.0051
 254    3.950  #242425   37 2  0.0051
 255    3.980  #252424   37 3  0.0076
 256    3.990  #252425   37 4  0.0025
 257    4.050  #242524   37 5  0.0149
 258    4.070  #242525   37 6  0.0049
 259    4.100  #252524   37 7  0.0073
 260    4.110  #252525   38 1  0.0024
 261    4.130  #252526   38 2  0.0049
 262    4.160  #262525   38 3  0.0072
 263    4.170  #262526   38 4  0.0024
 264    4.250  #252625   38 5  0.0190
 265    4.270  #252626   38 6  0.0047
 266    4.290  #262625   38 7  0.0047
 267    4.310  #262626   39 1  0.0047
 268    4.330  #262627   39 2  0.0046
 269    4.350  #272626   39 3  0.0046
 270    4.370  #272627   39 4  0.0046
 271    4.450  #262726   39 5  0.0181
 272    4.470  #262727   39 6  0.0045
 273    4.490  #272726   39 7  0.0045
 274    4.500  #272727   40 1  0.0022
 275    4.520  #272728   40 2  0.0044
 276    4.550  #282727   40 3  0.0066
 277    4.570  #282728   40 4  0.0044
 278    4.650  #272827   40 5  0.0174
 279    4.670  #272828   40 6  0.0043
 280    4.690  #282827   40 7  0.0043
 281    4.710  #282828   41 1  0.0043
 282    4.730  #282829   41 2  0.0042
 283    4.760  #292828   41 3  0.0063
 284    4.770  #292829   41 4  0.0021
 285    4.850  #282928   41 5  0.0166
 286    4.870  #282929   41 6  0.0041
 287    4.900  #292928   41 7  0.0061
 288    4.910  #292929   42 1  0.0020
 289    4.920  #29292a   42 2  0.0020
 290    4.950  #2a2929   42 3  0.0061
 291    4.970  #2a292a   42 4  0.0040
 292    5.060  #292a29   42 5  0.0179
 293    5.080  #292a2a   42 6  0.0039
 294    5.110  #2a2a29   42 7  0.0059
 295    5.120  #2a2a2a   43 1  0.0020
 296    5.140  #2a2a2b   43 2  0.0039
 297    5.170  #2b2a2a   43 3  0.0058
 298    5.190  #2b2a2b   43 4  0.0039
 299    5.280  #2a2b2a   43 5  0.0172
 300    5.300  #2a2b2b   43 6  0.0038
 301    5.330  #2b2b2a   43 7  0.0056
 302    5.350  #2b2b2b   44 1  0.0037
 303    5.370  #2b2b2c   44 2  0.0037
 304    5.400  #2c2b2b   44 3  0.0056
 305    5.410  #2c2b2c   44 4  0.0019
 306    5.500  #2b2c2b   44 5  0.0165
 307    5.520  #2b2c2c   44 6  0.0036
 308    5.550  #2c2c2b   44 7  0.0054
 309    5.570  #2c2c2c   45 1  0.0036
 310    5.590  #2c2c2d   45 2  0.0036
 311    5.620  #2d2c2c   45 3  0.0054
 312    5.640  #2d2c2d   45 4  0.0036
 313    5.730  #2c2d2c   45 5  0.0158
 314    5.750  #2c2d2d   45 6  0.0035
 315    5.780  #2d2d2c   45 7  0.0052
 316    5.800  #2d2d2d   46 1  0.0035
 317    5.820  #2d2d2e   46 2  0.0034
 318    5.850  #2e2d2d   46 3  0.0051
 319    5.870  #2e2d2e   46 4  0.0034
 320    5.970  #2d2e2d   46 5  0.0169
 321    5.990  #2d2e2e   46 6  0.0033
 322    6.020  #2e2e2d   46 7  0.0050
 323    6.050  #2e2e2e   47 1  0.0050
 324    6.070  #2e2e2f   47 2  0.0033
 325    6.100  #2f2e2e   47 3  0.0049
 326    6.120  #2f2e2f   47 4  0.0033
 327    6.230  #2e2f2e   47 5  0.0178
 328    6.250  #2e2f2f   47 6  0.0032
 329    6.270  #2f2f2e   47 7  0.0032
 330    6.300  #2f2f2f   48 1  0.0048
 331    6.320  #2f2f30   48 2  0.0032
 332    6.350  #302f2f   48 3  0.0047
 333    6.370  #302f30   48 4  0.0031
 334    6.470  #2f302f   48 5  0.0156
 335    6.500  #2f3030   48 6  0.0046
 336    6.530  #30302f   48 7  0.0046
 337    6.550  #303030   49 1  0.0031
 338    6.570  #303031   49 2  0.0030
 339    6.610  #313030   49 3  0.0061
 340    6.630  #313031   49 4  0.0030
 341    6.730  #303130   49 5  0.0150
 342    6.740  #303131   49 6  0.0015
 343    6.780  #313130   49 7  0.0059
 344    6.800  #313131   50 1  0.0029
 345    6.820  #313132   50 2  0.0029
 346    6.850  #323131   50 3  0.0044
 347    6.880  #323132   50 4  0.0044
 348    6.990  #313231   50 5  0.0159
 349    7.010  #313232   50 6  0.0029
 350    7.050  #323231   50 7  0.0057
 351    7.080  #323232   51 1  0.0042
 352    7.100  #323233   51 2  0.0028
 353    7.140  #333232   51 3  0.0056
 354    7.160  #333233   51 4  0.0028
 355    7.270  #323332   51 5  0.0152
 356    7.290  #323333   51 6  0.0027
 357    7.330  #333332   51 7  0.0055
 358    7.350  #333333   52 1  0.0027
 359    7.350  #333334   52 2  0.0000
 360    7.350  #343333   52 3  0.0000
 361    7.350  #343334   52 4  0.0000
 362    7.540  #333433   52 5  0.0255
 363    7.550  #333434   52 6  0.0013
 364    7.550  #343433   52 7  0.0000
 365    7.540  #343434   53 1  -0.0013
 366    7.570  #343435   53 2  0.0040
 367    7.600  #353434   53 3  0.0040
 368    7.630  #353435   53 4  0.0039
 369    7.730  #343534   53 5  0.0130
 370    7.760  #343535   53 6  0.0039
 371    7.800  #353534   53 7  0.0051
 372    7.820  #353535   54 1  0.0026
 373    7.840  #353536   54 2  0.0026
 374    7.890  #363535   54 3  0.0064
 375    7.910  #363536   54 4  0.0025
 376    8.030  #353635   54 5  0.0151
 377    8.050  #353636   54 6  0.0025
 378    8.090  #363635   54 7  0.0050
 379    8.110  #363636   55 1  0.0025
 380    8.140  #363637   55 2  0.0037
 381    8.180  #373636   55 3  0.0049
 382    8.200  #373637   55 4  0.0024
 383    8.320  #363736   55 5  0.0145
 384    8.350  #363737   55 6  0.0036
 385    8.390  #373736   55 7  0.0048
 386    8.410  #373737   56 1  0.0024
 387    8.430  #373738   56 2  0.0024
 388    8.470  #383737   56 3  0.0047
 389    8.490  #383738   56 4  0.0024
 390    8.610  #373837   56 5  0.0140
 391    8.640  #373838   56 6  0.0035
 392    8.680  #383837   56 7  0.0046
 393    8.700  #383838   57 1  0.0023
 394    8.730  #383839   57 2  0.0034
 395    8.770  #393838   57 3  0.0046
 396    8.800  #393839   57 4  0.0034
 397    8.910  #383938   57 5  0.0124
 398    8.940  #383939   57 6  0.0034
 399    8.970  #393938   57 7  0.0034
 400    9.000  #393939   58 1  0.0033
 401    9.020  #39393a   58 2  0.0022
 402    9.060  #3a3939   58 3  0.0044
 403    9.090  #3a393a   58 4  0.0033
 404    9.210  #393a39   58 5  0.0131
 405    9.240  #393a3a   58 6  0.0033
 406    9.280  #3a3a39   58 7  0.0043
 407    9.310  #3a3a3a   59 1  0.0032
 408    9.330  #3a3a3b   59 2  0.0021
 409    9.380  #3b3a3a   59 3  0.0053
 410    9.400  #3b3a3b   59 4  0.0021
 411    9.540  #3a3b3a   59 5  0.0148
 412    9.560  #3a3b3b   59 6  0.0021
 413    9.610  #3b3b3a   59 7  0.0052
 414    9.630  #3b3b3b   60 1  0.0021
 415    9.660  #3b3b3c   60 2  0.0031
 416    9.690  #3c3b3b   60 3  0.0031
 417    9.720  #3c3b3c   60 4  0.0031
 418    9.850  #3b3c3b   60 5  0.0133
 419    9.880  #3b3c3c   60 6  0.0030
 420    9.920  #3c3c3b   60 7  0.0040
 421    9.940  #3c3c3c   61 1  0.0020
 422    9.970  #3c3c3d   61 2  0.0030
 423   10.010  #3d3c3c   61 3  0.0040
 424   10.040  #3d3c3d   61 4  0.0030
 425   10.170  #3c3d3c   61 5  0.0129
 426   10.210  #3c3d3d   61 6  0.0039
 427   10.250  #3d3d3c   61 7  0.0039
 428   10.280  #3d3d3d   62 1  0.0029
 429   10.310  #3d3d3e   62 2  0.0029
 430   10.350  #3e3d3d   62 3  0.0039
 431   10.380  #3e3d3e   62 4  0.0029
 432   10.520  #3d3e3d   62 5  0.0134
 433   10.550  #3d3e3e   62 6  0.0028
 434   10.600  #3e3e3d   62 7  0.0047
 435   10.620  #3e3e3e   63 1  0.0019
 436   10.650  #3e3e3f   63 2  0.0028
 437   10.700  #3f3e3e   63 3  0.0047
 438   10.730  #3f3e3f   63 4  0.0028
 439   10.880  #3e3f3e   63 5  0.0139
 440   10.900  #3e3f3f   63 6  0.0018
 441   10.940  #3f3f3e   63 7  0.0037
 442   10.980  #3f3f3f   64 1  0.0036
 443   11.000  #3f3f40   64 2  0.0018
 444   11.050  #403f3f   64 3  0.0045
 445   11.070  #403f40   64 4  0.0018
 446   11.220  #3f403f   64 5  0.0135
 447   11.250  #3f4040   64 6  0.0027
 448   11.290  #40403f   64 7  0.0035
 449   11.320  #404040   65 1  0.0027
 450   11.350  #404041   65 2  0.0026
 451   11.410  #414040   65 3  0.0053
 452   11.430  #414041   65 4  0.0018
 453   11.620  #404140   65 5  0.0165
 454   11.650  #404141   65 6  0.0026
 455   11.700  #414140   65 7  0.0043
 456   11.730  #414141   66 1  0.0026
 457   11.770  #414142   66 2  0.0034
 458   11.820  #424141   66 3  0.0042
 459   11.850  #424142   66 4  0.0025
 460   12.050  #414241   66 5  0.0167
 461   12.100  #414242   66 6  0.0041
 462   12.140  #424241   66 7  0.0033
 463   12.170  #424242   67 1  0.0025
 464   12.210  #424243   67 2  0.0033
 465   12.250  #434242   67 3  0.0033
 466   12.300  #434243   67 4  0.0041
 467   12.500  #424342   67 5  0.0161
 468   12.540  #424343   67 6  0.0032
 469   12.590  #434342   67 7  0.0040
 470   12.620  #434343   68 1  0.0024
 471   12.670  #434344   68 2  0.0040
 472   12.720  #444343   68 3  0.0039
 473   12.760  #444344   68 4  0.0031
 474   12.960  #434443   68 5  0.0156
 475   13.000  #434444   68 6  0.0031
 476   13.050  #444443   68 7  0.0038
 477   13.100  #444444   69 1  0.0038
 478   13.130  #444445   69 2  0.0023
 479   13.090  #454444   69 3  -0.0031
 480   13.130  #454445   69 4  0.0031
 481   13.420  #444544   69 5  0.0218
 482   13.460  #444545   69 6  0.0030
 483   13.430  #454544   69 7  -0.0022
 484   13.460  #454545   70 1  0.0022
 485   13.510  #454546   70 2  0.0037
 486   13.560  #464545   70 3  0.0037
 487   13.610  #464546   70 4  0.0037
 488   13.830  #454645   70 5  0.0160
 489   13.860  #454646   70 6  0.0022
 490   13.930  #464645   70 7  0.0050
 491   13.970  #464646   71 1  0.0029
 492   14.010  #464647   71 2  0.0029
 493   14.070  #474646   71 3  0.0043
 494   14.120  #474647   71 4  0.0035
 495   14.330  #464746   71 5  0.0148
 496   14.380  #464747   71 6  0.0035
 497   14.440  #474746   71 7  0.0042
 498   14.480  #474747   72 1  0.0028
 499   14.520  #474748   72 2  0.0028
 500   14.590  #484747   72 3  0.0048
 501   14.640  #484748   72 4  0.0034
 502   14.840  #474847   72 5  0.0136
 503   14.880  #474848   72 6  0.0027
 504   14.960  #484847   72 7  0.0054
 505   15.000  #484848   73 1  0.0027
 506   15.040  #484849   73 2  0.0027
 507   15.100  #494848   73 3  0.0040
 508   15.150  #494849   73 4  0.0033
 509   15.370  #484948   73 5  0.0144
 510   15.410  #484949   73 6  0.0026
 511   15.470  #494948   73 7  0.0039
 512   15.520  #494949   74 1  0.0032
 513   15.570  #49494a   74 2  0.0032
 514   15.630  #4a4949   74 3  0.0038
 515   15.690  #4a494a   74 4  0.0038
 516   15.920  #494a49   74 5  0.0146
 517   15.970  #494a4a   74 6  0.0031
 518   16.030  #4a4a49   74 7  0.0038
 519   16.080  #4a4a4a   75 1  0.0031
 520   16.130  #4a4a4b   75 2  0.0031
 521   16.200  #4b4a4a   75 3  0.0043
 522   16.250  #4b4a4b   75 4  0.0031
 523   16.490  #4a4b4a   75 5  0.0147
 524   16.530  #4a4b4b   75 6  0.0024
 525   16.610  #4b4b4a   75 7  0.0048
 526   16.660  #4b4b4b   76 1  0.0030
 527   16.700  #4b4b4c   76 2  0.0024
 528   16.770  #4c4b4b   76 3  0.0042
 529   16.820  #4c4b4c   76 4  0.0030
 530   17.060  #4b4c4b   76 5  0.0142
 531   17.100  #4b4c4c   76 6  0.0023
 532   17.180  #4c4c4b   76 7  0.0047
 533   17.230  #4c4c4c   77 1  0.0029
 534   17.280  #4c4c4d   77 2  0.0029
 535   17.340  #4d4c4c   77 3  0.0035
 536   17.400  #4d4c4d   77 4  0.0035
 537   17.600  #4c4d4c   77 5  0.0114
 538   17.600  #4c4d4d   77 6  0.0000
 539   17.700  #4d4d4c   77 7  0.0057
 540   17.700  #4d4d4d   78 1  0.0000
 541   17.800  #4d4d4e   78 2  0.0056
 542   17.900  #4e4d4d   78 3  0.0056
 543   17.900  #4e4d4e   78 4  0.0000
 544   18.200  #4d4e4d   78 5  0.0166
 545   18.200  #4d4e4e   78 6  0.0000
 546   18.300  #4e4e4d   78 7  0.0055
 547   18.400  #4e4e4e   79 1  0.0054
 548   18.400  #4e4e4f   79 2  0.0000
 549   18.500  #4f4e4e   79 3  0.0054
 550   18.600  #4f4e4f   79 4  0.0054
 551   18.800  #4e4f4e   79 5  0.0107
 552   18.900  #4e4f4f   79 6  0.0053
 553   19.000  #4f4f4e   79 7  0.0053
 554   19.000  #4f4f4f   80 1  0.0000
 555   19.100  #4f4f50   80 2  0.0052
 556   19.100  #504f4f   80 3  0.0000
 557   19.200  #504f50   80 4  0.0052
 558   19.400  #4f504f   80 5  0.0104
 559   19.500  #4f5050   80 6  0.0051
 560   19.600  #50504f   80 7  0.0051
 561   19.600  #505050   81 1  0.0000
 562   19.700  #505051   81 2  0.0051
 563   19.800  #515050   81 3  0.0051
 564   19.800  #515051   81 4  0.0000
 565   20.100  #505150   81 5  0.0150
 566   20.100  #505151   81 6  0.0000
 567   20.200  #515150   81 7  0.0050
 568   20.200  #515151   82 1  0.0000
 569   20.300  #515152   82 2  0.0049
 570   20.400  #525151   82 3  0.0049
 571   20.400  #525152   82 4  0.0000
 572   20.700  #515251   82 5  0.0146
 573   20.800  #515252   82 6  0.0048
 574   20.900  #525251   82 7  0.0048
 575   20.900  #525252   83 1  0.0000
 576   21.000  #525253   83 2  0.0048
 577   21.100  #535252   83 3  0.0048
 578   21.100  #535253   83 4  0.0000
 579   21.400  #525352   83 5  0.0141
 580   21.400  #525353   83 6  0.0000
 581   21.500  #535352   83 7  0.0047
 582   21.600  #535353   84 1  0.0046
 583   21.700  #535354   84 2  0.0046
 584   21.700  #545353   84 3  0.0000
 585   21.800  #545354   84 4  0.0046
 586   22.100  #535453   84 5  0.0137
 587   22.100  #535454   84 6  0.0000
 588   22.200  #545453   84 7  0.0045
 589   22.200  #545454   85 1  0.0000
 590   22.300  #545455   85 2  0.0045
 591   22.400  #555454   85 3  0.0045
 592   22.500  #555455   85 4  0.0045
 593   22.700  #545554   85 5  0.0088
 594   22.800  #545555   85 6  0.0044
 595   22.800  #555554   85 7  0.0000
 596   22.900  #555555   86 1  0.0044
 597   23.000  #555556   86 2  0.0044
 598   22.900  #565555   86 3  -0.0044
 599   23.000  #565556   86 4  0.0044
 600   23.400  #555655   86 5  0.0172
 601   23.400  #555656   86 6  0.0000
 602   23.400  #565655   86 7  0.0000
 603   23.400  #565656   87 1  0.0000
 604   23.500  #565657   87 2  0.0043
 605   23.600  #575656   87 3  0.0042
 606   23.700  #575657   87 4  0.0042
 607   23.900  #565756   87 5  0.0084
 608   24.000  #565757   87 6  0.0042
 609   24.100  #575756   87 7  0.0042
 610   24.100  #575757   88 1  0.0000
 611   24.200  #575758   88 2  0.0041
 612   24.300  #585757   88 3  0.0041
 613   24.300  #585758   88 4  0.0000
 614   24.600  #575857   88 5  0.0123
 615   24.700  #575858   88 6  0.0041
 616   24.800  #585857   88 7  0.0040
 617   24.800  #585858   89 1  0.0000
 618   24.900  #585859   89 2  0.0040
 619   25.000  #595858   89 3  0.0040
 620   25.000  #595859   89 4  0.0000
 621   25.300  #585958   89 5  0.0119
 622   25.400  #585959   89 6  0.0039
 623   25.400  #595958   89 7  0.0000
 624   25.500  #595959   90 1  0.0039
 625   25.600  #59595a   90 2  0.0039
 626   25.700  #5a5959   90 3  0.0039
 627   25.700  #5a595a   90 4  0.0000
 628   26.000  #595a59   90 5  0.0116
 629   26.100  #595a5a   90 6  0.0038
 630   26.200  #5a5a59   90 7  0.0038
 631   26.200  #5a5a5a   91 1  0.0000
 632   26.300  #5a5a5b   91 2  0.0038
 633   26.400  #5b5a5a   91 3  0.0038
 634   26.400  #5b5a5b   91 4  0.0000
 635   26.300  #5a5b5a   91 5  -0.0038
 636   26.300  #5a5b5b   91 6  0.0000
 637   26.400  #5b5b5a   91 7  0.0038
 638   26.500  #5b5b5b   92 1  0.0038
 639   26.500  #5b5b5c   92 2  0.0000
 640   26.600  #5c5b5b   92 3  0.0038
 641   26.700  #5c5b5c   92 4  0.0038
 642   27.000  #5b5c5b   92 5  0.0112
 643   27.000  #5b5c5c   92 6  0.0000
 644   27.100  #5c5c5b   92 7  0.0037
 645   27.200  #5c5c5c   93 1  0.0037
 646   27.200  #5c5c5d   93 2  0.0000
 647   27.300  #5d5c5c   93 3  0.0037
 648   27.400  #5d5c5d   93 4  0.0037
 649   27.700  #5c5d5c   93 5  0.0109
 650   27.700  #5c5d5d   93 6  0.0000
 651   27.800  #5d5d5c   93 7  0.0036
 652   27.900  #5d5d5d   94 1  0.0036
 653   27.900  #5d5d5e   94 2  0.0000
 654   28.000  #5e5d5d   94 3  0.0036
 655   28.100  #5e5d5e   94 4  0.0036
 656   28.400  #5d5e5d   94 5  0.0106
 657   28.500  #5d5e5e   94 6  0.0035
 658   28.500  #5e5e5d   94 7  0.0000
 659   28.600  #5e5e5e   95 1  0.0035
 660   28.700  #5e5e5f   95 2  0.0035
 661   28.700  #5f5e5e   95 3  0.0000
 662   28.800  #5f5e5f   95 4  0.0035
 663   29.100  #5e5f5e   95 5  0.0104
 664   29.100  #5e5f5f   95 6  0.0000
 665   29.200  #5f5f5e   95 7  0.0034
 666   29.300  #5f5f5f   96 1  0.0034
 667   29.400  #5f5f60   96 2  0.0034
 668   29.500  #605f5f   96 3  0.0034
 669   29.500  #605f60   96 4  0.0000
 670   29.800  #5f605f   96 5  0.0101
 671   29.900  #5f6060   96 6  0.0034
 672   30.000  #60605f   96 7  0.0033
 673   30.100  #606060   97 1  0.0033
 674   30.100  #606061   97 2  0.0000
 675   30.200  #616060   97 3  0.0033
 676   30.200  #616061   97 4  0.0000
 677   30.500  #606160   97 5  0.0099
 678   30.600  #606161   97 6  0.0033
 679   30.700  #616160   97 7  0.0033
 680   30.800  #616161   98 1  0.0033
 681   30.800  #616162   98 2  0.0000
 682   30.900  #626161   98 3  0.0032
 683   31.000  #626162   98 4  0.0032
 684   31.300  #616261   98 5  0.0096
 685   31.300  #616262   98 6  0.0000
 686   31.400  #626261   98 7  0.0032
 687   31.500  #626262   99 1  0.0032
 688   31.600  #626263   99 2  0.0032
 689   31.700  #636262   99 3  0.0032
 690   31.700  #636263   99 4  0.0000
 691   32.000  #626362   99 5  0.0094
 692   32.100  #626363   99 6  0.0031
 693   32.200  #636362   99 7  0.0031
 694   32.300  #636363  100 1  0.0031
 695   32.300  #636364  100 2  0.0000
 696   32.400  #646363  100 3  0.0031
 697   32.500  #646364  100 4  0.0031
 698   32.800  #636463  100 5  0.0092
 699   32.800  #636464  100 6  0.0000
 700   33.000  #646463  100 7  0.0061
 701   33.000  #646464  101 1  0.0000
 702   33.100  #646465  101 2  0.0030
 703   33.200  #656464  101 3  0.0030
 704   33.200  #656465  101 4  0.0000
 705   33.500  #646564  101 5  0.0090
 706   33.600  #646565  101 6  0.0030
 707   33.700  #656564  101 7  0.0030
 708   33.800  #656565  102 1  0.0030
 709   33.800  #656566  102 2  0.0000
 710   34.000  #666565  102 3  0.0059
 711   34.000  #666566  102 4  0.0000
 712   34.300  #656665  102 5  0.0088
 713   34.400  #656666  102 6  0.0029
 714   34.400  #666665  102 7  0.0000
 715   34.500  #666666  103 1  0.0029
 716   34.500  #666667  103 2  0.0000
 717   34.500  #676666  103 3  0.0000
 718   34.500  #676667  103 4  0.0000
 719   35.100  #666766  103 5  0.0172
 720   35.000  #666767  103 6  -0.0029
 721   35.100  #676766  103 7  0.0029
 722   35.100  #676767  104 1  0.0000
 723   35.100  #676768  104 2  0.0000
 724   35.200  #686767  104 3  0.0028
 725   35.300  #686768  104 4  0.0028
 726   35.600  #676867  104 5  0.0085
 727   35.700  #676868  104 6  0.0028
 728   35.700  #686867  104 7  0.0000
 729   35.800  #686868  105 1  0.0028
 730   35.900  #686869  105 2  0.0028
 731   36.000  #696868  105 3  0.0028
 732   36.100  #696869  105 4  0.0028
 733   36.400  #686968  105 5  0.0083
 734   36.400  #686969  105 6  0.0000
 735   36.500  #696968  105 7  0.0027
 736   36.600  #696969  106 1  0.0027
 737   36.700  #69696a  106 2  0.0027
 738   36.800  #6a6969  106 3  0.0027
 739   36.900  #6a696a  106 4  0.0027
 740   37.100  #696a69  106 5  0.0054
 741   37.200  #696a6a  106 6  0.0027
 742   37.300  #6a6a69  106 7  0.0027
 743   37.400  #6a6a6a  107 1  0.0027
 744   37.500  #6a6a6b  107 2  0.0027
 745   37.600  #6b6a6a  107 3  0.0027
 746   37.600  #6b6a6b  107 4  0.0000
 747   37.900  #6a6b6a  107 5  0.0079
 748   38.000  #6a6b6b  107 6  0.0026
 749   38.100  #6b6b6a  107 7  0.0026
 750   38.200  #6b6b6b  108 1  0.0026
 751   38.200  #6b6b6c  108 2  0.0000
 752   38.400  #6c6b6b  108 3  0.0052
 753   38.400  #6c6b6c  108 4  0.0000
 754   38.700  #6b6c6b  108 5  0.0078
 755   38.800  #6b6c6c  108 6  0.0026
 756   38.900  #6c6c6b  108 7  0.0026
 757   39.000  #6c6c6c  109 1  0.0026
 758   39.000  #6c6c6d  109 2  0.0000
 759   39.100  #6d6c6c  109 3  0.0026
 760   39.200  #6d6c6d  109 4  0.0026
 761   39.500  #6c6d6c  109 5  0.0076
 762   39.600  #6c6d6d  109 6  0.0025
 763   39.700  #6d6d6c  109 7  0.0025
 764   39.800  #6d6d6d  110 1  0.0025
 765   39.800  #6d6d6e  110 2  0.0000
 766   39.900  #6e6d6d  110 3  0.0025
 767   40.000  #6e6d6e  110 4  0.0025
 768   40.300  #6d6e6d  110 5  0.0075
 769   40.400  #6d6e6e  110 6  0.0025
 770   40.500  #6e6e6d  110 7  0.0025
 771   40.600  #6e6e6e  111 1  0.0025
 772   40.600  #6e6e6f  111 2  0.0000
 773   40.700  #6f6e6e  111 3  0.0025
 774   40.800  #6f6e6f  111 4  0.0025
 775   41.100  #6e6f6e  111 5  0.0073
 776   41.200  #6e6f6f  111 6  0.0024
 777   41.200  #6f6f6e  111 7  0.0000
 778   41.400  #6f6f6f  112 1  0.0048
 779   41.400  #6f6f70  112 2  0.0000
 780   41.500  #706f6f  112 3  0.0024
 781   41.600  #706f70  112 4  0.0024
 782   41.900  #6f706f  112 5  0.0072
 783   42.000  #6f7070  112 6  0.0024
 784   42.100  #70706f  112 7  0.0024
 785   42.100  #707070  113 1  0.0000
 786   42.200  #707071  113 2  0.0024
 787   42.400  #717070  113 3  0.0047
 788   42.400  #717071  113 4  0.0000
 789   42.700  #707170  113 5  0.0071
 790   42.700  #707171  113 6  0.0000
 791   42.900  #717170  113 7  0.0047
 792   42.900  #717171  114 1  0.0000
 793   43.000  #717172  114 2  0.0023
 794   43.100  #727171  114 3  0.0023
 795   43.200  #727172  114 4  0.0023
 796   43.500  #717271  114 5  0.0069
 797   43.500  #717272  114 6  0.0000
 798   43.700  #727271  114 7  0.0046
 799   43.700  #727272  115 1  0.0000
 800   43.800  #727273  115 2  0.0023
 801   43.900  #737272  115 3  0.0023
 802   44.000  #737273  115 4  0.0023
 803   44.300  #727372  115 5  0.0068
 804   44.400  #727373  115 6  0.0023
 805   44.500  #737372  115 7  0.0022
 806   44.500  #737373  116 1  0.0000
 807   44.600  #737374  116 2  0.0022
 808   44.700  #747373  116 3  0.0022
 809   44.800  #747374  116 4  0.0022
 810   45.100  #737473  116 5  0.0067
 811   45.100  #737474  116 6  0.0000
 812   45.200  #747473  116 7  0.0022
 813   45.300  #747474  117 1  0.0022
 814   45.400  #747475  117 2  0.0022
 815   45.500  #757474  117 3  0.0022
 816   45.600  #757475  117 4  0.0022
 817   45.900  #747574  117 5  0.0066
 818   46.000  #747575  117 6  0.0022
 819   46.100  #757574  117 7  0.0022
 820   46.100  #757575  118 1  0.0000
 821   46.200  #757576  118 2  0.0022
 822   46.300  #767575  118 3  0.0022
 823   46.400  #767576  118 4  0.0022
 824   46.700  #757675  118 5  0.0064
 825   46.800  #757676  118 6  0.0021
 826   46.900  #767675  118 7  0.0021
 827   46.900  #767676  119 1  0.0000
 828   47.000  #767677  119 2  0.0021
 829   47.100  #777676  119 3  0.0021
 830   47.200  #777677  119 4  0.0021
 831   47.500  #767776  119 5  0.0063
 832   47.600  #767777  119 6  0.0021
 833   47.700  #777776  119 7  0.0021
 834   47.700  #777777  120 1  0.0000
 835   47.800  #777778  120 2  0.0021
 836   47.800  #787777  120 3  0.0000
 837   47.800  #787778  120 4  0.0000
 838   48.300  #777877  120 5  0.0104
 839   48.400  #777878  120 6  0.0021
 840   48.300  #787877  120 7  -0.0021
 841   48.300  #787878  121 1  0.0000
 842   48.400  #787879  121 2  0.0021
 843   48.500  #797878  121 3  0.0021
 844   48.600  #797879  121 4  0.0021
 845   48.900  #787978  121 5  0.0062
 846   48.900  #787979  121 6  0.0000
 847   49.100  #797978  121 7  0.0041
 848   49.100  #797979  122 1  0.0000
 849   49.200  #79797a  122 2  0.0020
 850   49.300  #7a7979  122 3  0.0020
 851   49.400  #7a797a  122 4  0.0020
 852   49.700  #797a79  122 5  0.0061
 853   49.800  #797a7a  122 6  0.0020
 854   49.900  #7a7a79  122 7  0.0020
 855   50.000  #7a7a7a  123 1  0.0020
 856   50.000  #7a7a7b  123 2  0.0000
 857   50.100  #7b7a7a  123 3  0.0020
 858   50.200  #7b7a7b  123 4  0.0020
 859   50.500  #7a7b7a  123 5  0.0060
 860   50.600  #7a7b7b  123 6  0.0020
 861   50.700  #7b7b7a  123 7  0.0020
 862   50.800  #7b7b7b  124 1  0.0020
 863   50.800  #7b7b7c  124 2  0.0000
 864   50.900  #7c7b7b  124 3  0.0020
 865   51.000  #7c7b7c  124 4  0.0020
 866   51.300  #7b7c7b  124 5  0.0059
 867   51.400  #7b7c7c  124 6  0.0019
 868   51.500  #7c7c7b  124 7  0.0019
 869   51.600  #7c7c7c  125 1  0.0019
 870   51.600  #7c7c7d  125 2  0.0000
 871   51.800  #7d7c7c  125 3  0.0039
 872   51.800  #7d7c7d  125 4  0.0000
 873   52.100  #7c7d7c  125 5  0.0058
 874   52.200  #7c7d7d  125 6  0.0019
 875   52.300  #7d7d7c  125 7  0.0019
 876   52.400  #7d7d7d  126 1  0.0019
 877   52.400  #7d7d7e  126 2  0.0000
 878   52.600  #7e7d7d  126 3  0.0038
 879   52.600  #7e7d7e  126 4  0.0000
 880   53.000  #7d7e7d  126 5  0.0076
 881   53.000  #7d7e7e  126 6  0.0000
 882   53.100  #7e7e7d  126 7  0.0019
 883   53.200  #7e7e7e  127 1  0.0019
 884   53.300  #7e7e7f  127 2  0.0019
 885   53.400  #7f7e7e  127 3  0.0019
 886   53.500  #7f7e7f  127 4  0.0019
 887   53.800  #7e7f7e  127 5  0.0056
 888   53.900  #7e7f7f  127 6  0.0019
 889   54.000  #7f7f7e  127 7  0.0019
 890   54.100  #7f7f7f  128 1  0.0019
 891   54.200  #7f7f80  128 2  0.0018
 892   54.200  #807f7f  128 3  0.0000
 893   54.300  #807f80  128 4  0.0018
 894   54.700  #7f807f  128 5  0.0073
 895   54.700  #7f8080  128 6  0.0000
 896   54.800  #80807f  128 7  0.0018
 897   54.900  #808080  129 1  0.0018
 898   55.000  #808081  129 2  0.0018
 899   55.100  #818080  129 3  0.0018
 900   55.200  #818081  129 4  0.0018
 901   55.600  #808180  129 5  0.0072
 902   55.700  #808181  129 6  0.0018
 903   55.700  #818180  129 7  0.0000
 904   55.800  #818181  130 1  0.0018
 905   55.900  #818182  130 2  0.0018
 906   56.000  #828181  130 3  0.0018
 907   56.100  #828182  130 4  0.0018
 908   56.500  #818281  130 5  0.0071
 909   56.500  #818282  130 6  0.0000
 910   56.600  #828281  130 7  0.0018
 911   56.900  #828282  131 1  0.0053
 912   57.000  #828283  131 2  0.0018
 913   57.100  #838282  131 3  0.0018
 914   57.200  #838283  131 4  0.0017
 915   57.700  #828382  131 5  0.0087
 916   57.700  #828383  131 6  0.0000
 917   57.800  #838382  131 7  0.0017
 918   57.900  #838383  132 1  0.0017
 919   58.000  #838384  132 2  0.0017
 920   58.100  #848383  132 3  0.0017
 921   58.200  #848384  132 4  0.0017
 922   58.600  #838483  132 5  0.0068
 923   58.700  #838484  132 6  0.0017
 924   58.800  #848483  132 7  0.0017
 925   58.900  #848484  133 1  0.0017
 926   59.000  #848485  133 2  0.0017
 927   59.100  #858484  133 3  0.0017
 928   59.200  #858485  133 4  0.0017
 929   59.600  #848584  133 5  0.0067
 930   59.700  #848585  133 6  0.0017
 931   59.800  #858584  133 7  0.0017
 932   59.900  #858585  134 1  0.0017
 933   60.000  #858586  134 2  0.0017
 934   60.100  #868585  134 3  0.0017
 935   60.200  #868586  134 4  0.0017
 936   60.600  #858685  134 5  0.0066
 937   60.700  #858686  134 6  0.0016
 938   60.900  #868685  134 7  0.0033
 939   60.900  #868686  135 1  0.0000
 940   61.000  #868687  135 2  0.0016
 941   61.100  #878686  135 3  0.0016
 942   61.200  #878687  135 4  0.0016
 943   61.600  #868786  135 5  0.0065
 944   61.700  #868787  135 6  0.0016
 945   61.800  #878786  135 7  0.0016
 946   62.000  #878787  136 1  0.0032
 947   62.000  #878788  136 2  0.0000
 948   62.200  #888787  136 3  0.0032
 949   62.200  #888788  136 4  0.0000
 950   62.600  #878887  136 5  0.0064
 951   62.800  #878888  136 6  0.0032
 952   62.900  #888887  136 7  0.0016
 953   63.000  #888888  137 1  0.0016
 954   63.100  #888889  137 2  0.0016
 955   63.000  #898888  137 3  -0.0016
 956   63.100  #898889  137 4  0.0016
 957   63.700  #888988  137 5  0.0095
 958   63.800  #888989  137 6  0.0016
 959   63.700  #898988  137 7  -0.0016
 960   63.800  #898989  138 1  0.0016
 961   63.900  #89898a  138 2  0.0016
 962   64.000  #8a8989  138 3  0.0016
 963   64.100  #8a898a  138 4  0.0016
 964   64.500  #898a89  138 5  0.0062
 965   64.600  #898a8a  138 6  0.0015
 966   64.800  #8a8a89  138 7  0.0031
 967   64.900  #8a8a8a  139 1  0.0015
 968   65.000  #8a8a8b  139 2  0.0015
 969   65.100  #8b8a8a  139 3  0.0015
 970   65.200  #8b8a8b  139 4  0.0015
 971   65.600  #8a8b8a  139 5  0.0061
 972   65.700  #8a8b8b  139 6  0.0015
 973   65.900  #8b8b8a  139 7  0.0030
 974   66.000  #8b8b8b  140 1  0.0015
 975   66.100  #8b8b8c  140 2  0.0015
 976   66.200  #8c8b8b  140 3  0.0015
 977   66.300  #8c8b8c  140 4  0.0015
 978   66.700  #8b8c8b  140 5  0.0060
 979   66.800  #8b8c8c  140 6  0.0015
 980   67.000  #8c8c8b  140 7  0.0030
 981   67.000  #8c8c8c  141 1  0.0000
 982   67.100  #8c8c8d  141 2  0.0015
 983   67.200  #8d8c8c  141 3  0.0015
 984   67.400  #8d8c8d  141 4  0.0030
 985   67.800  #8c8d8c  141 5  0.0059
 986   67.900  #8c8d8d  141 6  0.0015
 987   68.000  #8d8d8c  141 7  0.0015
 988   68.100  #8d8d8d  142 1  0.0015
 989   68.200  #8d8d8e  142 2  0.0015
 990   68.400  #8e8d8d  142 3  0.0029
 991   68.500  #8e8d8e  142 4  0.0015
 992   68.900  #8d8e8d  142 5  0.0058
 993   69.000  #8d8e8e  142 6  0.0015
 994   69.100  #8e8e8d  142 7  0.0014
 995   69.200  #8e8e8e  143 1  0.0014
 996   69.400  #8e8e8f  143 2  0.0029
 997   69.500  #8f8e8e  143 3  0.0014
 998   69.700  #8f8e8f  143 4  0.0029
 999   70.000  #8e8f8e  143 5  0.0043
1000   70.100  #8e8f8f  143 6  0.0014
1001   70.300  #8f8f8e  143 7  0.0028
1002   70.400  #8f8f8f  144 1  0.0014
1003   70.500  #8f8f90  144 2  0.0014
1004   70.700  #908f8f  144 3  0.0028
1005   70.700  #908f90  144 4  0.0000
1006   71.200  #8f908f  144 5  0.0070
1007   71.300  #8f9090  144 6  0.0014
1008   71.400  #90908f  144 7  0.0014
1009   71.500  #909090  145 1  0.0014
1010   71.600  #909091  145 2  0.0014
1011   71.800  #919090  145 3  0.0028
1012   71.900  #919091  145 4  0.0014
1013   72.300  #909190  145 5  0.0055
1014   72.400  #909191  145 6  0.0014
1015   72.500  #919190  145 7  0.0014
1016   72.700  #919191  146 1  0.0028
1017   72.800  #919192  146 2  0.0014
1018   72.900  #929191  146 3  0.0014
1019   73.000  #929192  146 4  0.0014
1020   73.500  #919291  146 5  0.0068
1021   73.600  #919292  146 6  0.0014
1022   73.800  #929291  146 7  0.0027
1023   73.800  #929292  147 1  0.0000
1024   74.000  #929293  147 2  0.0027
1025   74.100  #939292  147 3  0.0014
1026   74.200  #939293  147 4  0.0013
1027   74.700  #929392  147 5  0.0067
1028   74.800  #929393  147 6  0.0013
1029   75.000  #939392  147 7  0.0027
1030   75.000  #939393  148 1  0.0000
1031   75.100  #939394  148 2  0.0013
1032   75.300  #949393  148 3  0.0027
1033   75.400  #949394  148 4  0.0013
1034   75.800  #939493  148 5  0.0053
1035   76.000  #939494  148 6  0.0026
1036   76.100  #949493  148 7  0.0013
1037   76.200  #949494  149 1  0.0013
1038   76.300  #949495  149 2  0.0013
1039   76.500  #959494  149 3  0.0026
1040   76.600  #959495  149 4  0.0013
1041   77.000  #949594  149 5  0.0052
1042   77.100  #949595  149 6  0.0013
1043   77.300  #959594  149 7  0.0026
1044   77.400  #959595  150 1  0.0013
1045   77.500  #959596  150 2  0.0013
1046   77.700  #969595  150 3  0.0026
1047   77.800  #969596  150 4  0.0013
1048   78.300  #959695  150 5  0.0064
1049   78.400  #959696  150 6  0.0013
1050   78.600  #969695  150 7  0.0025
1051   78.700  #969696  151 1  0.0013
1052   78.800  #969697  151 2  0.0013
1053   79.000  #979696  151 3  0.0025
1054   79.100  #979697  151 4  0.0013
1055   79.500  #969796  151 5  0.0050
1056   79.600  #969797  151 6  0.0013
1057   79.800  #979796  151 7  0.0025
1058   79.900  #979797  152 1  0.0013
1059   80.000  #979798  152 2  0.0013
1060   80.200  #989797  152 3  0.0025
1061   80.300  #989798  152 4  0.0012
1062   80.700  #979897  152 5  0.0050
1063   80.900  #979898  152 6  0.0025
1064   81.000  #989897  152 7  0.0012
1065   81.100  #989898  153 1  0.0012
1066   81.200  #989899  153 2  0.0012
1067   81.400  #999898  153 3  0.0025
1068   81.500  #999899  153 4  0.0012
1069   82.000  #989998  153 5  0.0061
1070   82.100  #989999  153 6  0.0012
1071   82.300  #999998  153 7  0.0024
1072   82.400  #999999  154 1  0.0012
1073   82.400  #99999a  154 2  0.0000
1074   82.400  #9a9999  154 3  0.0000
1075   82.400  #9a999a  154 4  0.0000
1076   83.300  #999a99  154 5  0.0109
1077   83.300  #999a9a  154 6  0.0000
1078   83.200  #9a9a99  154 7  -0.0012
1079   83.300  #9a9a9a  155 1  0.0012
1080   83.400  #9a9a9b  155 2  0.0012
1081   83.500  #9b9a9a  155 3  0.0012
1082   83.700  #9b9a9b  155 4  0.0024
1083   84.200  #9a9b9a  155 5  0.0060
1084   84.300  #9a9b9b  155 6  0.0012
1085   84.400  #9b9b9a  155 7  0.0012
1086   84.500  #9b9b9b  156 1  0.0012
1087   84.700  #9b9b9c  156 2  0.0024
1088   84.800  #9c9b9b  156 3  0.0012
1089   85.000  #9c9b9c  156 4  0.0024
1090   85.400  #9b9c9b  156 5  0.0047
1091   85.600  #9b9c9c  156 6  0.0023
1092   85.700  #9c9c9b  156 7  0.0012
1093   85.800  #9c9c9c  157 1  0.0012
1094   85.900  #9c9c9d  157 2  0.0012
1095   86.100  #9d9c9c  157 3  0.0023
1096   86.200  #9d9c9d  157 4  0.0012
1097   86.700  #9c9d9c  157 5  0.0058
1098   86.800  #9c9d9d  157 6  0.0012
1099   87.000  #9d9d9c  157 7  0.0023
1100   87.200  #9d9d9d  158 1  0.0023
1101   87.200  #9d9d9e  158 2  0.0000
1102   87.400  #9e9d9d  158 3  0.0023
1103   87.600  #9e9d9e  158 4  0.0023
1104   88.100  #9d9e9d  158 5  0.0057
1105   88.200  #9d9e9e  158 6  0.0011
1106   88.400  #9e9e9d  158 7  0.0023
1107   88.500  #9e9e9e  159 1  0.0011
1108   88.600  #9e9e9f  159 2  0.0011
1109   88.700  #9f9e9e  159 3  0.0011
1110   88.900  #9f9e9f  159 4  0.0023
1111   89.400  #9e9f9e  159 5  0.0056
1112   89.500  #9e9f9f  159 6  0.0011
1113   89.700  #9f9f9e  159 7  0.0022
1114   89.800  #9f9f9f  160 1  0.0011
1115   89.900  #9f9fa0  160 2  0.0011
1116   90.100  #a09f9f  160 3  0.0022
1117   90.200  #a09fa0  160 4  0.0011
1118   90.700  #9fa09f  160 5  0.0055
1119   90.900  #9fa0a0  160 6  0.0022
1120   91.000  #a0a09f  160 7  0.0011
1121   91.100  #a0a0a0  161 1  0.0011
1122   91.200  #a0a0a1  161 2  0.0011
1123   91.400  #a1a0a0  161 3  0.0022
1124   91.600  #a1a0a1  161 4  0.0022
1125   92.100  #a0a1a0  161 5  0.0054
1126   92.200  #a0a1a1  161 6  0.0011
1127   92.300  #a1a1a0  161 7  0.0011
1128   92.500  #a1a1a1  162 1  0.0022
1129   92.600  #a1a1a2  162 2  0.0011
1130   92.700  #a2a1a1  162 3  0.0011
1131   92.900  #a2a1a2  162 4  0.0022
1132   93.500  #a1a2a1  162 5  0.0064
1133   93.500  #a1a2a2  162 6  0.0000
1134   93.700  #a2a2a1  162 7  0.0021
1135   93.800  #a2a2a2  163 1  0.0011
1136   94.000  #a2a2a3  163 2  0.0021
1137   94.200  #a3a2a2  163 3  0.0021
1138   94.200  #a3a2a3  163 4  0.0000
1139   94.800  #a2a3a2  163 5  0.0063
1140   94.900  #a2a3a3  163 6  0.0011
1141   95.100  #a3a3a2  163 7  0.0021
1142   95.300  #a3a3a3  164 1  0.0021
1143   95.400  #a3a3a4  164 2  0.0010
1144   95.500  #a4a3a3  164 3  0.0010
1145   95.700  #a4a3a4  164 4  0.0021
1146   96.200  #a3a4a3  164 5  0.0052
1147   96.300  #a3a4a4  164 6  0.0010
1148   96.500  #a4a4a3  164 7  0.0021
1149   96.600  #a4a4a4  165 1  0.0010
1150   96.800  #a4a4a5  165 2  0.0021
1151   96.900  #a5a4a4  165 3  0.0010
1152   97.100  #a5a4a5  165 4  0.0021
1153   97.500  #a4a5a4  165 5  0.0041
1154   97.700  #a4a5a5  165 6  0.0020
1155   97.800  #a5a5a4  165 7  0.0010
1156   97.900  #a5a5a5  166 1  0.0010
1157   98.100  #a5a5a6  166 2  0.0020
1158   98.300  #a6a5a5  166 3  0.0020
1159   98.400  #a6a5a6  166 4  0.0010
1160   99.000  #a5a6a5  166 5  0.0061
1161   99.000  #a5a6a6  166 6  0.0000
1162   99.200  #a6a6a5  166 7  0.0020
1163   99.400  #a6a6a6  167 1  0.0020
1164   99.500  #a6a6a7  167 2  0.0010
1165   99.700  #a7a6a6  167 3  0.0020
1166   99.900  #a7a6a7  167 4  0.0020
1167  100.300  #a6a7a6  167 5  0.0040
1168  100.500  #a6a7a7  167 6  0.0020
1169  100.700  #a7a7a6  167 7  0.0020
1170  100.800  #a7a7a7  168 1  0.0010
1171  101.000  #a7a7a8  168 2  0.0020
1172  101.100  #a8a7a7  168 3  0.0010
1173  101.300  #a8a7a8  168 4  0.0020
1174  101.800  #a7a8a7  168 5  0.0049
1175  101.900  #a7a8a8  168 6  0.0010
1176  102.100  #a8a8a7  168 7  0.0020
1177  102.200  #a8a8a8  169 1  0.0010
1178  102.400  #a8a8a9  169 2  0.0020
1179  102.600  #a9a8a8  169 3  0.0020
1180  102.600  #a9a8a9  169 4  0.0000
1181  103.200  #a8a9a8  169 5  0.0058
1182  103.300  #a8a9a9  169 6  0.0010
1183  103.500  #a9a9a8  169 7  0.0019
1184  103.600  #a9a9a9  170 1  0.0010
1185  103.700  #a9a9aa  170 2  0.0010
1186  104.000  #aaa9a9  170 3  0.0029
1187  104.100  #aaa9aa  170 4  0.0010
1188  104.600  #a9aaa9  170 5  0.0048
1189  104.700  #a9aaaa  170 6  0.0010
1190  105.000  #aaaaa9  170 7  0.0029
1191  105.100  #aaaaaa  171 1  0.0010
1192  105.200  #aaaaab  171 2  0.0010
1193  105.000  #abaaaa  171 3  -0.0019
1194  105.200  #abaaab  171 4  0.0019
1195  106.100  #aaabaa  171 5  0.0085
1196  106.200  #aaabab  171 6  0.0009
1197  106.100  #ababaa  171 7  -0.0009
1198  106.200  #ababab  172 1  0.0009
1199  106.400  #ababac  172 2  0.0019
1200  106.600  #acabab  172 3  0.0019
1201  106.700  #acabac  172 4  0.0009
1202  107.200  #abacab  172 5  0.0047
1203  107.300  #abacac  172 6  0.0009
1204  107.500  #acacab  172 7  0.0019
1205  107.600  #acacac  173 1  0.0009
1206  107.700  #acacad  173 2  0.0009
1207  108.000  #adacac  173 3  0.0028
1208  108.100  #adacad  173 4  0.0009
1209  108.600  #acadac  173 5  0.0046
1210  108.800  #acadad  173 6  0.0018
1211  109.000  #adadac  173 7  0.0018
1212  109.100  #adadad  174 1  0.0009
1213  109.200  #adadae  174 2  0.0009
1214  109.400  #aeadad  174 3  0.0018
1215  109.500  #aeadae  174 4  0.0009
1216  110.000  #adaead  174 5  0.0046
1217  110.200  #adaeae  174 6  0.0018
1218  110.400  #aeaead  174 7  0.0018
1219  110.500  #aeaeae  175 1  0.0009
1220  110.700  #aeaeaf  175 2  0.0018
1221  110.900  #afaeae  175 3  0.0018
1222  111.000  #afaeaf  175 4  0.0009
1223  111.500  #aeafae  175 5  0.0045
1224  111.700  #aeafaf  175 6  0.0018
1225  111.900  #afafae  175 7  0.0018
1226  112.000  #afafaf  176 1  0.0009
1227  112.100  #afafb0  176 2  0.0009
1228  112.300  #b0afaf  176 3  0.0018
1229  112.500  #b0afb0  176 4  0.0018
1230  113.000  #afb0af  176 5  0.0044
1231  113.100  #afb0b0  176 6  0.0009
1232  113.300  #b0b0af  176 7  0.0018
1233  113.400  #b0b0b0  177 1  0.0009
1234  113.600  #b0b0b1  177 2  0.0018
1235  113.800  #b1b0b0  177 3  0.0018
1236  114.000  #b1b0b1  177 4  0.0018
1237  114.400  #b0b1b0  177 5  0.0035
1238  114.600  #b0b1b1  177 6  0.0017
1239  114.800  #b1b1b0  177 7  0.0017
1240  114.900  #b1b1b1  178 1  0.0009
1241  115.100  #b1b1b2  178 2  0.0017
1242  115.200  #b2b1b1  178 3  0.0009
1243  115.400  #b2b1b2  178 4  0.0017
1244  116.000  #b1b2b1  178 5  0.0052
1245  116.100  #b1b2b2  178 6  0.0009
1246  116.300  #b2b2b1  178 7  0.0017
1247  116.400  #b2b2b2  179 1  0.0009
1248  116.500  #b2b2b3  179 2  0.0009
1249  116.800  #b3b2b2  179 3  0.0026
1250  116.900  #b3b2b3  179 4  0.0009
1251  117.500  #b2b3b2  179 5  0.0051
1252  117.700  #b2b3b3  179 6  0.0017
1253  117.800  #b3b3b2  179 7  0.0008
1254  117.900  #b3b3b3  180 1  0.0008
1255  118.100  #b3b3b4  180 2  0.0017
1256  118.300  #b4b3b3  180 3  0.0017
1257  118.500  #b4b3b4  180 4  0.0017
1258  118.900  #b3b4b3  180 5  0.0034
1259  119.100  #b3b4b4  180 6  0.0017
1260  119.300  #b4b4b3  180 7  0.0017
1261  119.500  #b4b4b4  181 1  0.0017
1262  119.500  #b4b4b5  181 2  0.0000
1263  119.800  #b5b4b4  181 3  0.0025
1264  120.000  #b5b4b5  181 4  0.0017
1265  120.300  #b4b5b4  181 5  0.0025
1266  120.800  #b4b5b5  181 6  0.0041
1267  121.000  #b5b5b4  181 7  0.0017
1268  121.200  #b5b5b5  182 1  0.0017
1269  121.300  #b5b5b6  182 2  0.0008
1270  121.500  #b6b5b5  182 3  0.0016
1271  121.700  #b6b5b6  182 4  0.0016
1272  122.300  #b5b6b5  182 5  0.0049
1273  122.400  #b5b6b6  182 6  0.0008
1274  122.600  #b6b6b5  182 7  0.0016
1275  122.700  #b6b6b6  183 1  0.0008
1276  122.900  #b6b6b7  183 2  0.0016
1277  123.100  #b7b6b6  183 3  0.0016
1278  123.200  #b7b6b7  183 4  0.0008
1279  123.800  #b6b7b6  183 5  0.0049
1280  123.900  #b6b7b7  183 6  0.0008
1281  124.100  #b7b7b6  183 7  0.0016
1282  124.300  #b7b7b7  184 1  0.0016
1283  124.400  #b7b7b8  184 2  0.0008
1284  124.600  #b8b7b7  184 3  0.0016
1285  124.700  #b8b7b8  184 4  0.0008
1286  125.300  #b7b8b7  184 5  0.0048
1287  125.400  #b7b8b8  184 6  0.0008
1288  125.500  #b8b8b7  184 7  0.0008
1289  125.800  #b8b8b8  185 1  0.0024
1290  125.900  #b8b8b9  185 2  0.0008
1291  126.100  #b9b8b8  185 3  0.0016
1292  126.200  #b9b8b9  185 4  0.0008
1293  126.700  #b8b9b8  185 5  0.0040
1294  126.900  #b8b9b9  185 6  0.0016
1295  127.200  #b9b9b8  185 7  0.0024
1296  127.300  #b9b9b9  186 1  0.0008
1297  127.400  #b9b9ba  186 2  0.0008
1298  127.600  #bab9b9  186 3  0.0016
1299  127.700  #bab9ba  186 4  0.0008
1300  128.300  #b9bab9  186 5  0.0047
1301  128.400  #b9baba  186 6  0.0008
1302  128.700  #babab9  186 7  0.0023
1303  128.700  #bababa  187 1  0.0000
1304  128.900  #bababb  187 2  0.0016
1305  129.100  #bbbaba  187 3  0.0016
1306  129.200  #bbbabb  187 4  0.0008
1307  129.900  #babbba  187 5  0.0054
1308  130.000  #babbbb  187 6  0.0008
1309  130.200  #bbbbba  187 7  0.0015
1310  130.400  #bbbbbb  188 1  0.0015
1311  130.500  #bbbbbc  188 2  0.0008
1312  130.300  #bcbbbb  188 3  -0.0015
1313  130.400  #bcbbbc  188 4  0.0008
1314  131.400  #bbbcbb  188 5  0.0076
1315  131.500  #bbbcbc  188 6  0.0008
1316  131.400  #bcbcbb  188 7  -0.0008
1317  131.500  #bcbcbc  189 1  0.0008
1318  131.600  #bcbcbd  189 2  0.0008
1319  131.900  #bdbcbc  189 3  0.0023
1320  132.000  #bdbcbd  189 4  0.0008
1321  132.500  #bcbdbc  189 5  0.0038
1322  132.700  #bcbdbd  189 6  0.0015
1323  132.900  #bdbdbc  189 7  0.0015
1324  133.000  #bdbdbd  190 1  0.0008
1325  133.200  #bdbdbe  190 2  0.0015
1326  133.400  #bebdbd  190 3  0.0015
1327  133.500  #bebdbe  190 4  0.0007
1328  134.100  #bdbebd  190 5  0.0045
1329  134.200  #bdbebe  190 6  0.0007
1330  134.500  #bebebd  190 7  0.0022
1331  134.700  #bebebe  191 1  0.0015
1332  134.800  #bebebf  191 2  0.0007
1333  135.000  #bfbebe  191 3  0.0015
1334  135.100  #bfbebf  191 4  0.0007
1335  135.700  #bebfbe  191 5  0.0044
1336  135.900  #bebfbf  191 6  0.0015
1337  136.000  #bfbfbe  191 7  0.0007
1338  136.200  #bfbfbf  192 1  0.0015
1339  136.400  #bfbfc0  192 2  0.0015
1340  136.500  #c0bfbf  192 3  0.0007
1341  136.700  #c0bfc0  192 4  0.0015
1342  137.200  #bfc0bf  192 5  0.0037
1343  137.400  #bfc0c0  192 6  0.0015
1344  137.600  #c0c0bf  192 7  0.0015
1345  137.700  #c0c0c0  193 1  0.0007
1346  137.900  #c0c0c1  193 2  0.0015
1347  138.100  #c1c0c0  193 3  0.0014
1348  138.300  #c1c0c1  193 4  0.0014
1349  138.700  #c0c1c0  193 5  0.0029
1350  138.900  #c0c1c1  193 6  0.0014
1351  139.200  #c1c1c0  193 7  0.0022
1352  139.300  #c1c1c1  194 1  0.0007
1353  139.500  #c1c1c2  194 2  0.0014
1354  139.600  #c2c1c1  194 3  0.0007
1355  139.800  #c2c1c2  194 4  0.0014
1356  140.300  #c1c2c1  194 5  0.0036
1357  140.500  #c1c2c2  194 6  0.0014
1358  140.800  #c2c2c1  194 7  0.0021
1359  140.900  #c2c2c2  195 1  0.0007
1360  141.000  #c2c2c3  195 2  0.0007
1361  141.100  #c3c2c2  195 3  0.0007
1362  141.300  #c3c2c3  195 4  0.0014
1363  141.900  #c2c3c2  195 5  0.0042
1364  142.100  #c2c3c3  195 6  0.0014
1365  142.300  #c3c3c2  195 7  0.0014
1366  142.400  #c3c3c3  196 1  0.0007
1367  142.500  #c3c3c4  196 2  0.0007
1368  142.700  #c4c3c3  196 3  0.0014
1369  142.900  #c4c3c4  196 4  0.0014
1370  143.500  #c3c4c3  196 5  0.0042
1371  143.500  #c3c4c4  196 6  0.0000
1372  143.800  #c4c4c3  196 7  0.0021
1373  143.900  #c4c4c4  197 1  0.0007
1374  144.100  #c4c4c5  197 2  0.0014
1375  144.300  #c5c4c4  197 3  0.0014
1376  144.500  #c5c4c5  197 4  0.0014
1377  145.100  #c4c5c4  197 5  0.0041
1378  145.200  #c4c5c5  197 6  0.0007
1379  145.400  #c5c5c4  197 7  0.0014
1380  145.600  #c5c5c5  198 1  0.0014
1381  145.700  #c5c5c6  198 2  0.0007
1382  146.000  #c6c5c5  198 3  0.0021
1383  146.100  #c6c5c6  198 4  0.0007
1384  146.800  #c5c6c5  198 5  0.0048
1385  146.900  #c5c6c6  198 6  0.0007
1386  147.100  #c6c6c5  198 7  0.0014
1387  147.200  #c6c6c6  199 1  0.0007
1388  147.500  #c6c6c7  199 2  0.0020
1389  147.700  #c7c6c6  199 3  0.0014
1390  147.800  #c7c6c7  199 4  0.0007
1391  148.500  #c6c7c6  199 5  0.0047
1392  148.500  #c6c7c7  199 6  0.0000
1393  148.800  #c7c7c6  199 7  0.0020
1394  148.900  #c7c7c7  200 1  0.0007
1395  149.100  #c7c7c8  200 2  0.0013
1396  149.300  #c8c7c7  200 3  0.0013
1397  149.400  #c8c7c8  200 4  0.0007
1398  150.000  #c7c8c7  200 5  0.0040
1399  150.200  #c7c8c8  200 6  0.0013
1400  150.400  #c8c8c7  200 7  0.0013
1401  150.500  #c8c8c8  201 1  0.0007
1402  150.800  #c8c8c9  201 2  0.0020
1403  151.000  #c9c8c8  201 3  0.0013
1404  151.100  #c9c8c9  201 4  0.0007
1405  151.700  #c8c9c8  201 5  0.0040
1406  151.800  #c8c9c9  201 6  0.0007
1407  152.100  #c9c9c8  201 7  0.0020
1408  152.200  #c9c9c9  202 1  0.0007
1409  152.400  #c9c9ca  202 2  0.0013
1410  152.600  #cac9c9  202 3  0.0013
1411  152.800  #cac9ca  202 4  0.0013
1412  153.500  #c9cac9  202 5  0.0046
1413  153.600  #c9caca  202 6  0.0007
1414  154.000  #cacac9  202 7  0.0026
1415  154.000  #cacaca  203 1  0.0000
1416  154.300  #cacacb  203 2  0.0019
1417  154.400  #cbcaca  203 3  0.0006
1418  154.500  #cbcacb  203 4  0.0006
1419  155.300  #cacbca  203 5  0.0052
1420  155.400  #cacbcb  203 6  0.0006
1421  155.700  #cbcbca  203 7  0.0019
1422  155.800  #cbcbcb  204 1  0.0006
1423  156.000  #cbcbcc  204 2  0.0013
1424  156.100  #cccbcb  204 3  0.0006
1425  156.400  #cccbcc  204 4  0.0019
1426  157.000  #cbcccb  204 5  0.0038
1427  157.100  #cbcccc  204 6  0.0006
1428  157.400  #cccccb  204 7  0.0019
1429  157.500  #cccccc  205 1  0.0006
1430  157.500  #cccccd  205 2  0.0000
1431  157.500  #cdcccc  205 3  0.0000
1432  157.500  #cdcccd  205 4  0.0000
1433  158.700  #cccdcc  205 5  0.0076
1434  158.600  #cccdcd  205 6  -0.0006
1435  158.700  #cdcdcc  205 7  0.0006
1436  158.600  #cdcdcd  206 1  -0.0006
1437  158.800  #cdcdce  206 2  0.0013
1438  159.000  #cecdcd  206 3  0.0013
1439  159.200  #cecdce  206 4  0.0013
1440  160.000  #cdcecd  206 5  0.0050
1441  160.000  #cdcece  206 6  0.0000
1442  160.300  #cececd  206 7  0.0019
1443  160.500  #cecece  207 1  0.0012
1444  160.600  #cececf  207 2  0.0006
1445  160.800  #cfcece  207 3  0.0012
1446  160.900  #cfcecf  207 4  0.0006
1447  161.600  #cecfce  207 5  0.0043
1448  161.800  #cecfcf  207 6  0.0012
1449  162.000  #cfcfce  207 7  0.0012
1450  162.100  #cfcfcf  208 1  0.0006
1451  162.300  #cfcfd0  208 2  0.0012
1452  162.500  #d0cfcf  208 3  0.0012
1453  162.600  #d0cfd0  208 4  0.0006
1454  163.300  #cfd0cf  208 5  0.0043
1455  163.400  #cfd0d0  208 6  0.0006
1456  163.700  #d0d0cf  208 7  0.0018
1457  163.800  #d0d0d0  209 1  0.0006
1458  164.000  #d0d0d1  209 2  0.0012
1459  164.200  #d1d0d0  209 3  0.0012
1460  164.400  #d1d0d1  209 4  0.0012
1461  165.100  #d0d1d0  209 5  0.0042
1462  165.200  #d0d1d1  209 6  0.0006
1463  165.400  #d1d1d0  209 7  0.0012
1464  165.500  #d1d1d1  210 1  0.0006
1465  165.800  #d1d1d2  210 2  0.0018
1466  165.900  #d2d1d1  210 3  0.0006
1467  166.100  #d2d1d2  210 4  0.0012
1468  166.800  #d1d2d1  210 5  0.0042
1469  167.000  #d1d2d2  210 6  0.0012
1470  167.200  #d2d2d1  210 7  0.0012
1471  167.300  #d2d2d2  211 1  0.0006
1472  167.600  #d2d2d3  211 2  0.0018
1473  167.800  #d3d2d2  211 3  0.0012
1474  168.000  #d3d2d3  211 4  0.0012
1475  168.600  #d2d3d2  211 5  0.0036
1476  168.700  #d2d3d3  211 6  0.0006
1477  169.000  #d3d3d2  211 7  0.0018
1478  169.100  #d3d3d3  212 1  0.0006
1479  169.400  #d3d3d4  212 2  0.0018
1480  169.500  #d4d3d3  212 3  0.0006
1481  169.700  #d4d3d4  212 4  0.0012
1482  170.400  #d3d4d3  212 5  0.0041
1483  170.500  #d3d4d4  212 6  0.0006
1484  170.700  #d4d4d3  212 7  0.0012
1485  170.900  #d4d4d4  213 1  0.0012
1486  171.100  #d4d4d5  213 2  0.0012
1487  171.400  #d5d4d4  213 3  0.0018
1488  171.700  #d5d4d5  213 4  0.0017
1489  172.200  #d4d5d4  213 5  0.0029
1490  172.300  #d4d5d5  213 6  0.0006
1491  172.500  #d5d5d4  213 7  0.0012
1492  172.700  #d5d5d5  214 1  0.0012
1493  172.800  #d5d5d6  214 2  0.0006
1494  173.100  #d6d5d5  214 3  0.0017
1495  173.300  #d6d5d6  214 4  0.0012
1496  174.000  #d5d6d5  214 5  0.0040
1497  174.200  #d5d6d6  214 6  0.0011
1498  174.400  #d6d6d5  214 7  0.0011
1499  174.700  #d6d6d6  215 1  0.0017
1500  174.800  #d6d6d7  215 2  0.0006
1501  175.100  #d7d6d6  215 3  0.0017
1502  175.200  #d7d6d7  215 4  0.0006
1503  175.000  #d6d7d6  215 5  -0.0011
1504  175.000  #d6d7d7  215 6  0.0000
1505  176.000  #d7d7d6  215 7  0.0057
1506  176.000  #d7d7d7  216 1  0.0000
1507  176.000  #d7d7d8  216 2  0.0000
1508  176.000  #d8d7d7  216 3  0.0000
1509  177.000  #d8d7d8  216 4  0.0057
1510  177.000  #d7d8d7  216 5  0.0000
1511  177.000  #d7d8d8  216 6  0.0000
1512  178.000  #d8d8d7  216 7  0.0056
1513  178.000  #d8d8d8  217 1  0.0000
1514  178.000  #d8d8d9  217 2  0.0000
1515  178.000  #d9d8d8  217 3  0.0000
1516  178.000  #d9d8d9  217 4  0.0000
1517  179.000  #d8d9d8  217 5  0.0056
1518  179.000  #d8d9d9  217 6  0.0000
1519  180.000  #d9d9d8  217 7  0.0056
1520  180.000  #d9d9d9  218 1  0.0000
1521  180.000  #d9d9da  218 2  0.0000
1522  180.000  #dad9d9  218 3  0.0000
1523  180.000  #dad9da  218 4  0.0000
1524  181.000  #d9dad9  218 5  0.0055
1525  181.000  #d9dada  218 6  0.0000
1526  182.000  #dadad9  218 7  0.0055
1527  182.000  #dadada  219 1  0.0000
1528  182.000  #dadadb  219 2  0.0000
1529  182.000  #dbdada  219 3  0.0000
1530  182.000  #dbdadb  219 4  0.0000
1531  183.000  #dadbda  219 5  0.0055
1532  183.000  #dadbdb  219 6  0.0000
1533  184.000  #dbdbda  219 7  0.0054
1534  184.000  #dbdbdb  220 1  0.0000
1535  184.000  #dbdbdc  220 2  0.0000
1536  184.000  #dcdbdb  220 3  0.0000
1537  184.000  #dcdbdc  220 4  0.0000
1538  185.000  #dbdcdb  220 5  0.0054
1539  185.000  #dbdcdc  220 6  0.0000
1540  185.000  #dcdcdb  220 7  0.0000
1541  186.000  #dcdcdc  221 1  0.0054
1542  186.000  #dcdcdd  221 2  0.0000
1543  186.000  #dddcdc  221 3  0.0000
1544  186.000  #dddcdd  221 4  0.0000
1545  187.000  #dcdddc  221 5  0.0054
1546  187.000  #dcdddd  221 6  0.0000
1547  187.000  #dddddc  221 7  0.0000
1548  188.000  #dddddd  222 1  0.0053
1549  188.000  #ddddde  222 2  0.0000
1550  188.000  #dedddd  222 3  0.0000
1551  188.000  #deddde  222 4  0.0000
1552  189.000  #dddedd  222 5  0.0053
1553  189.000  #dddede  222 6  0.0000
1554  189.000  #dededd  222 7  0.0000
1555  189.000  #dedede  223 1  0.0000
1556  189.000  #dededf  223 2  0.0000
1557  190.000  #dfdede  223 3  0.0053
1558  190.000  #dfdedf  223 4  0.0000
1559  191.000  #dedfde  223 5  0.0052
1560  191.000  #dedfdf  223 6  0.0000
1561  191.000  #dfdfde  223 7  0.0000
1562  191.000  #dfdfdf  224 1  0.0000
1563  191.000  #dfdfe0  224 2  0.0000
1564  192.000  #e0dfdf  224 3  0.0052
1565  192.000  #e0dfe0  224 4  0.0000
1566  192.000  #dfe0df  224 5  0.0000
1567  193.000  #dfe0e0  224 6  0.0052
1568  193.000  #e0e0df  224 7  0.0000
1569  193.000  #e0e0e0  225 1  0.0000
1570  193.000  #e0e0e1  225 2  0.0000
1571  194.000  #e1e0e0  225 3  0.0052
1572  194.000  #e1e0e1  225 4  0.0000
1573  195.000  #e0e1e0  225 5  0.0051
1574  195.000  #e0e1e1  225 6  0.0000
1575  195.000  #e1e1e0  225 7  0.0000
1576  195.000  #e1e1e1  226 1  0.0000
1577  195.000  #e1e1e2  226 2  0.0000
1578  195.000  #e2e1e1  226 3  0.0000
1579  196.000  #e2e1e2  226 4  0.0051
1580  197.000  #e1e2e1  226 5  0.0051
1581  197.000  #e1e2e2  226 6  0.0000
1582  197.000  #e2e2e1  226 7  0.0000
1583  198.000  #e2e2e2  227 1  0.0051
1584  198.000  #e2e2e3  227 2  0.0000
1585  198.000  #e3e2e2  227 3  0.0000
1586  198.000  #e3e2e3  227 4  0.0000
1587  200.000  #e2e3e2  227 5  0.0101
1588  200.000  #e2e3e3  227 6  0.0000
1589  200.000  #e3e3e2  227 7  0.0000
1590  200.000  #e3e3e3  228 1  0.0000
1591  200.000  #e3e3e4  228 2  0.0000
1592  200.000  #e4e3e3  228 3  0.0000
1593  201.000  #e4e3e4  228 4  0.0050
1594  202.000  #e3e4e3  228 5  0.0050
1595  202.000  #e3e4e4  228 6  0.0000
1596  202.000  #e4e4e3  228 7  0.0000
1597  202.000  #e4e4e4  229 1  0.0000
1598  202.000  #e4e4e5  229 2  0.0000
1599  203.000  #e5e4e4  229 3  0.0049
1600  202.000  #e5e4e5  229 4  -0.0049
1601  204.000  #e4e5e4  229 5  0.0099
1602  204.000  #e4e5e5  229 6  0.0000
1603  205.000  #e5e5e4  229 7  0.0049
1604  204.000  #e5e5e5  230 1  -0.0049
1605  204.000  #e5e5e6  230 2  0.0000
1606  205.000  #e6e5e5  230 3  0.0049
1607  205.000  #e6e5e6  230 4  0.0000
1608  206.000  #e5e6e5  230 5  0.0049
1609  206.000  #e5e6e6  230 6  0.0000
1610  206.000  #e6e6e5  230 7  0.0000
1611  207.000  #e6e6e6  231 1  0.0048
1612  207.000  #e6e6e7  231 2  0.0000
1613  207.000  #e7e6e6  231 3  0.0000
1614  208.000  #e7e6e7  231 4  0.0048
1615  209.000  #e6e7e6  231 5  0.0048
1616  209.000  #e6e7e7  231 6  0.0000
1617  209.000  #e7e7e6  231 7  0.0000
1618  209.000  #e7e7e7  232 1  0.0000
1619  210.000  #e7e7e8  232 2  0.0048
1620  210.000  #e8e7e7  232 3  0.0000
1621  210.000  #e8e7e8  232 4  0.0000
1622  211.000  #e7e8e7  232 5  0.0048
1623  211.000  #e7e8e8  232 6  0.0000
1624  211.000  #e8e8e7  232 7  0.0000
1625  212.000  #e8e8e8  233 1  0.0047
1626  212.000  #e8e8e9  233 2  0.0000
1627  212.000  #e9e8e8  233 3  0.0000
1628  212.000  #e9e8e9  233 4  0.0000
1629  213.000  #e8e9e8  233 5  0.0047
1630  214.000  #e8e9e9  233 6  0.0047
1631  214.000  #e9e9e8  233 7  0.0000
1632  214.000  #e9e9e9  234 1  0.0000
1633  214.000  #e9e9ea  234 2  0.0000
1634  214.000  #eae9e9  234 3  0.0000
1635  214.000  #eae9ea  234 4  0.0000
1636  216.000  #e9eae9  234 5  0.0093
1637  216.000  #e9eaea  234 6  0.0000
1638  216.000  #eaeae9  234 7  0.0000
1639  217.000  #eaeaea  235 1  0.0046
1640  217.000  #eaeaeb  235 2  0.0000
1641  217.000  #ebeaea  235 3  0.0000
1642  217.000  #ebeaeb  235 4  0.0000
1643  219.000  #eaebea  235 5  0.0092
1644  219.000  #eaebeb  235 6  0.0000
1645  219.000  #ebebea  235 7  0.0000
1646  220.000  #ebebeb  236 1  0.0046
1647  220.000  #ebebec  236 2  0.0000
1648  220.000  #ecebeb  236 3  0.0000
1649  220.000  #ecebec  236 4  0.0000
1650  221.000  #ebeceb  236 5  0.0045
1651  221.000  #ebecec  236 6  0.0000
1652  222.000  #ececeb  236 7  0.0045
1653  222.000  #ececec  237 1  0.0000
1654  222.000  #ececed  237 2  0.0000
1655  222.000  #edecec  237 3  0.0000
1656  222.000  #edeced  237 4  0.0000
1657  224.000  #ecedec  237 5  0.0090
1658  223.000  #eceded  237 6  -0.0045
1659  224.000  #ededec  237 7  0.0045
1660  224.000  #ededed  238 1  0.0000
1661  224.000  #ededee  238 2  0.0000
1662  224.000  #eeeded  238 3  0.0000
1663  224.000  #eeedee  238 4  0.0000
1664  226.000  #edeeed  238 5  0.0089
1665  226.000  #edeeee  238 6  0.0000
1666  226.000  #eeeeed  238 7  0.0000
1667  226.000  #eeeeee  239 1  0.0000
1668  227.000  #eeeeef  239 2  0.0044
1669  226.000  #efeeee  239 3  -0.0044
1670  227.000  #efeeef  239 4  0.0044
1671  228.000  #eeefee  239 5  0.0044
1672  228.000  #eeefef  239 6  0.0000
1673  228.000  #efefee  239 7  0.0000
1674  228.000  #efefef  240 1  0.0000
1675  228.000  #efeff0  240 2  0.0000
1676  229.000  #f0efef  240 3  0.0044
1677  229.000  #f0eff0  240 4  0.0000
1678  230.000  #eff0ef  240 5  0.0044
1679  230.000  #eff0f0  240 6  0.0000
1680  231.000  #f0f0ef  240 7  0.0043
1681  231.000  #f0f0f0  241 1  0.0000
1682  231.000  #f0f0f1  241 2  0.0000
1683  231.000  #f1f0f0  241 3  0.0000
1684  231.000  #f1f0f1  241 4  0.0000
1685  232.000  #f0f1f0  241 5  0.0043
1686  232.000  #f0f1f1  241 6  0.0000
1687  233.000  #f1f1f0  241 7  0.0043
1688  233.000  #f1f1f1  242 1  0.0000
1689  234.000  #f1f1f2  242 2  0.0043
1690  234.000  #f2f1f1  242 3  0.0000
1691  234.000  #f2f1f2  242 4  0.0000
1692  235.000  #f1f2f1  242 5  0.0043
1693  235.000  #f1f2f2  242 6  0.0000
1694  235.000  #f2f2f1  242 7  0.0000
1695  236.000  #f2f2f2  243 1  0.0042
1696  236.000  #f2f2f3  243 2  0.0000
1697  236.000  #f3f2f2  243 3  0.0000
1698  237.000  #f3f2f3  243 4  0.0042
1699  238.000  #f2f3f2  243 5  0.0042
1700  238.000  #f2f3f3  243 6  0.0000
1701  238.000  #f3f3f2  243 7  0.0000
1702  238.000  #f3f3f3  244 1  0.0000
1703  239.000  #f3f3f4  244 2  0.0042
1704  239.000  #f4f3f3  244 3  0.0000
1705  239.000  #f4f3f4  244 4  0.0000
1706  240.000  #f3f4f3  244 5  0.0042
1707  240.000  #f3f4f4  244 6  0.0000
1708  240.000  #f4f4f3  244 7  0.0000
1709  241.000  #f4f4f4  245 1  0.0042
1710  241.000  #f4f4f5  245 2  0.0000
1711  241.000  #f5f4f4  245 3  0.0000
1712  241.000  #f5f4f5  245 4  0.0000
1713  242.000  #f4f5f4  245 5  0.0041
1714  242.000  #f4f5f5  245 6  0.0000
1715  243.000  #f5f5f4  245 7  0.0041
1716  243.000  #f5f5f5  246 1  0.0000
1717  243.000  #f5f5f6  246 2  0.0000
1718  243.000  #f6f5f5  246 3  0.0000
1719  244.000  #f6f5f6  246 4  0.0041
1720  245.000  #f5f6f5  246 5  0.0041
1721  245.000  #f5f6f6  246 6  0.0000
1722  245.000  #f6f6f5  246 7  0.0000
1723  246.000  #f6f6f6  247 1  0.0041
1724  246.000  #f6f6f7  247 2  0.0000
1725  246.000  #f7f6f6  247 3  0.0000
1726  247.000  #f7f6f7  247 4  0.0041
1727  248.000  #f6f7f6  247 5  0.0040
1728  248.000  #f6f7f7  247 6  0.0000
1729  248.000  #f7f7f6  247 7  0.0000
1730  249.000  #f7f7f7  248 1  0.0040
1731  249.000  #f7f7f8  248 2  0.0000
1732  249.000  #f8f7f7  248 3  0.0000
1733  250.000  #f8f7f8  248 4  0.0040
1734  250.000  #f7f8f7  248 5  0.0000
1735  250.000  #f7f8f8  248 6  0.0000
1736  251.000  #f8f8f7  248 7  0.0040
1737  251.000  #f8f8f8  249 1  0.0000
1738  251.000  #f8f8f9  249 2  0.0000
1739  252.000  #f9f8f8  249 3  0.0040
1740  252.000  #f9f8f9  249 4  0.0000
1741  252.000  #f8f9f8  249 5  0.0000
1742  252.000  #f8f9f9  249 6  0.0000
1743  253.000  #f9f9f8  249 7  0.0040
1744  253.000  #f9f9f9  250 1  0.0000
1745  254.000  #f9f9fa  250 2  0.0039
1746  254.000  #faf9f9  250 3  0.0000
1747  254.000  #faf9fa  250 4  0.0000
1748  256.000  #f9faf9  250 5  0.0078
1749  256.000  #f9fafa  250 6  0.0000
1750  256.000  #fafaf9  250 7  0.0000
1751  256.000  #fafafa  251 1  0.0000
1752  257.000  #fafafb  251 2  0.0039
1753  257.000  #fbfafa  251 3  0.0000
1754  257.000  #fbfafb  251 4  0.0000
1755  258.000  #fafbfa  251 5  0.0039
1756  259.000  #fafbfb  251 6  0.0039
1757  259.000  #fbfbfa  251 7  0.0000
1758  259.000  #fbfbfb  252 1  0.0000
1759  259.000  #fbfbfc  252 2  0.0000
1760  260.000  #fcfbfb  252 3  0.0039
1761  260.000  #fcfbfc  252 4  0.0000
1762  260.000  #fbfcfb  252 5  0.0000
1763  260.000  #fbfcfc  252 6  0.0000
1764  261.000  #fcfcfb  252 7  0.0038
1765  261.000  #fcfcfc  253 1  0.0000
1766  261.000  #fcfcfd  253 2  0.0000
1767  262.000  #fdfcfc  253 3  0.0038
1768  262.000  #fdfcfd  253 4  0.0000
1769  263.000  #fcfdfc  253 5  0.0038
1770  263.000  #fcfdfd  253 6  0.0000
1771  263.000  #fdfdfc  253 7  0.0000
1772  263.000  #fdfdfd  254 1  0.0000
1773  264.000  #fdfdfe  254 2  0.0038
1774  264.000  #fefdfd  254 3  0.0000
1775  264.000  #fefdfe  254 4  0.0000
1776  265.000  #fdfefd  254 5  0.0038
1777  265.000  #fdfefe  254 6  0.0000
1778  265.000  #fefefd  254 7  0.0000
1779  266.000  #fefefe  255 1  0.0038
1780  266.000  #fefeff  255 2  0.0000
1781  266.000  #fffefe  255 3  0.0000
1782  266.000  #fffeff  255 4  0.0000
1783  268.000  #fefffe  255 5  0.0075
1784  269.000  #feffff  255 6  0.0037
1785  269.000  #fffffe  255 7  0.0000
1786  269.000  #ffffff  256 1  0.0000
