# LutGenerate 2.0 - 06/30/03
#  Display ID: DELL_1900FP_ARW5
# Ambient = 0.10   Max. Luminence = 264.00   Luminence Ratio = 250.00
#  lumResponse vers. 1.5b - 05/05/03
#  iLdelay = 1   avgN = 1   ILlimit = 0.50
1:  064  063  063
2:  064  065  064
3:  066  067  067
4:  068  068  067
5:  069  069  069
6:  070  070  070
7:  071  071  070
8:  071  072  072
9:  072  073  073
10:  074  075  074
11:  076  075  076
12:  077  076  076
13:  077  077  078
14:  077  078  078
15:  078  079  078
16:  080  079  080
17:  080  080  080
18:  080  081  080
19:  082  081  082
20:  082  082  082
21:  082  083  082
22:  084  083  084
23:  084  084  083
24:  086  085  086
25:  086  086  087
26:  086  087  086
27:  088  087  088
28:  088  088  088
29:  088  089  088
30:  090  089  089
31:  090  090  089
32:  090  091  090
33:  092  091  091
34:  091  092  092
35:  093  092  093
36:  093  093  093
37:  093  094  093
38:  095  094  095
39:  095  095  095
40:  095  096  095
41:  097  096  096
42:  096  097  097
43:  098  097  098
44:  098  098  098
45:  098  099  098
46:  100  099  099
47:  100  100  099
48:  100  101  100
49:  101  101  102
50:  101  102  102
51:  103  102  103
52:  103  103  103
53:  103  104  103
54:  105  104  104
55:  105  105  104
56:  105  106  105
57:  106  106  107
58:  106  107  107
59:  108  107  108
60:  108  108  108
61:  108  109  108
62:  110  109  110
63:  110  110  110
64:  110  111  110
65:  112  111  111
66:  112  112  111
67:  113  112  113
68:  113  113  114
69:  113  114  113
70:  115  114  115
71:  115  115  115
72:  115  116  115
73:  117  116  117
74:  117  117  117
75:  117  118  117
76:  119  118  118
77:  119  119  118
78:  119  120  119
79:  121  120  120
80:  121  121  120
81:  122  121  122
82:  122  122  123
83:  122  123  122
84:  124  123  123
85:  124  124  123
86:  125  124  125
87:  125  125  126
88:  125  126  125
89:  127  126  126
90:  127  127  126
91:  127  128  127
92:  128  128  129
93:  129  129  128
94:  129  130  129
95:  130  130  131
96:  131  130  131
97:  130  131  131
98:  131  131  132
99:  131  132  132
100:  133  132  132
101:  133  133  134
102:  133  134  134
103:  135  134  135
104:  135  135  135
105:  135  136  136
106:  137  136  136
107:  137  137  137
108:  137  138  138
109:  138  139  139
110:  140  139  140
111:  140  140  141
112:  140  141  141
113:  142  141  142
114:  142  142  143
115:  143  142  143
116:  142  143  143
117:  144  143  143
118:  144  144  144
119:  144  145  144
120:  146  145  146
121:  146  146  147
122:  147  147  146
123:  147  148  147
124:  149  148  148
125:  149  149  149
126:  149  150  149
127:  151  150  151
128:  151  151  152
129:  152  152  151
130:  153  152  153
131:  152  153  152
132:  153  153  154
133:  154  154  153
134:  154  155  154
135:  156  155  156
136:  156  156  156
137:  157  157  156
138:  157  158  157
139:  159  158  159
140:  159  159  160
141:  160  160  159
142:  161  160  161
143:  160  161  160
144:  162  161  161
145:  162  162  162
146:  162  163  163
147:  163  164  163
148:  165  164  165
149:  165  165  165
150:  166  166  165
151:  167  167  166
152:  168  167  167
153:  167  168  167
154:  168  168  168
155:  169  169  168
156:  169  170  169
157:  171  170  171
158:  172  171  172
159:  172  172  173
160:  173  173  173
161:  174  173  174
162:  173  174  174
163:  175  174  175
164:  176  175  175
165:  176  176  177
166:  177  177  177
167:  178  178  177
168:  178  179  178
169:  180  179  179
170:  179  180  179
171:  180  180  181
172:  181  181  181
173:  182  182  181
174:  182  183  183
175:  183  184  183
176:  185  184  185
177:  186  185  185
178:  185  186  185
179:  186  186  187
180:  187  187  187
181:  188  188  187
182:  189  189  188
183:  189  190  190
184:  191  190  191
185:  190  191  191
186:  192  191  192
187:  193  192  192
188:  194  193  193
189:  194  194  195
190:  195  195  195
191:  196  195  196
192:  196  196  195
193:  196  197  197
194:  197  198  198
195:  198  199  199
196:  199  200  199
197:  201  200  201
198:  200  201  201
199:  202  201  202
200:  203  202  203
201:  204  203  203
202:  204  204  205
203:  204  205  204
204:  206  205  205
205:  207  206  207
206:  208  207  208
207:  209  208  208
208:  208  209  209
209:  209  210  210
210:  210  211  211
211:  212  212  211
212:  213  213  213
213:  213  214  213
214:  215  214  214
215:  216  215  216
216:  217  216  217
217:  218  217  217
218:  218  218  217
219:  218  219  219
220:  220  220  220
221:  221  221  221
222:  221  222  221
223:  222  223  222
224:  223  224  223
225:  225  225  224
226:  225  226  225
227:  226  226  226
228:  227  227  226
229:  228  228  229
230:  230  229  229
231:  229  230  229
232:  230  231  231
233:  233  232  232
234:  233  233  233
235:  234  235  234
236:  236  236  237
237:  236  237  237
238:  238  238  238
239:  240  239  239
240:  240  240  239
241:  241  241  242
242:  242  243  242
243:  244  243  244
244:  244  244  244
245:  245  246  245
246:  247  246  247
247:  247  247  247
248:  249  248  249
249:  250  249  249
250:  251  250  251
251:  250  251  251
252:  251  252  252
253:  253  253  253
254:  254  253  254
255:  254  254  254
256:  255  255  254
