# LutGenerate 2.0 - 06/30/03
#  Display ID: DELL_1900FP_AM0L
# Ambient = 0.10   Max. Luminence = 233.00   Luminence Ratio = 250.00
#  lumResponse vers. 1.5b - 04/29/03
#  iLdelay = 1   avgN = 1   ILlimit = 0.50
1:  042  042  041
2:  042  043  042
3:  044  043  044
4:  046  045  045
5:  046  046  045
6:  046  047  046
7:  048  047  048
8:  048  048  047
9:  049  050  049
10:  050  050  051
11:  050  051  050
12:  052  051  052
13:  052  052  052
14:  052  053  052
15:  055  054  054
16:  055  055  054
17:  056  055  056
18:  056  056  057
19:  056  057  056
20:  058  057  058
21:  058  058  057
22:  060  059  060
23:  060  060  060
24:  060  061  060
25:  062  061  061
26:  061  062  062
27:  063  062  062
28:  063  063  062
29:  064  063  064
30:  064  064  064
31:  064  065  064
32:  065  065  065
33:  066  067  066
34:  067  067  068
35:  067  068  067
36:  069  068  068
37:  068  069  068
38:  070  069  069
39:  069  070  070
40:  071  070  070
41:  070  071  071
42:  072  071  071
43:  071  072  072
44:  073  072  073
45:  073  073  072
46:  075  074  075
47:  075  075  074
48:  076  075  076
49:  076  076  076
50:  076  077  076
51:  077  077  077
52:  077  078  077
53:  078  078  079
54:  078  079  078
55:  080  079  079
56:  079  080  080
57:  081  080  081
58:  080  081  081
59:  082  081  082
60:  082  082  081
61:  083  082  083
62:  083  083  083
63:  083  084  083
64:  085  085  086
65:  085  086  085
66:  087  086  086
67:  086  087  087
68:  088  087  088
69:  088  088  087
70:  088  089  088
71:  089  089  090
72:  089  090  090
73:  091  090  091
74:  091  091  091
75:  091  092  091
76:  093  092  092
77:  093  093  092
78:  093  094  093
79:  095  094  094
80:  095  095  094
81:  095  096  095
82:  097  096  096
83:  097  097  096
84:  097  098  097
85:  099  098  098
86:  099  099  098
87:  099  100  099
88:  101  100  100
89:  101  101  101
90:  101  102  102
91:  103  102  103
92:  104  103  103
93:  104  104  103
94:  104  105  104
95:  106  105  106
96:  107  106  106
97:  107  107  106
98:  107  108  107
99:  109  108  109
100:  110  109  109
101:  110  110  110
102:  110  111  110
103:  111  112  111
104:  113  112  112
105:  113  113  113
106:  113  114  114
107:  114  115  114
108:  116  115  116
109:  117  116  116
110:  117  117  118
111:  118  118  117
112:  118  119  118
113:  120  119  119
114:  121  120  120
115:  121  122  121
116:  123  122  123
117:  124  123  123
118:  124  124  124
119:  125  125  124
120:  125  126  125
121:  127  126  126
122:  128  127  127
123:  128  128  128
124:  129  129  128
125:  129  130  129
126:  131  130  130
127:  130  131  131
128:  132  131  131
129:  133  132  132
130:  133  133  132
131:  134  134  133
132:  134  135  135
133:  135  136  135
134:  136  137  136
135:  138  137  137
136:  139  138  139
137:  139  139  140
138:  140  140  140
139:  141  141  140
140:  142  142  141
141:  143  142  143
142:  143  143  142
143:  143  144  143
144:  145  144  144
145:  146  145  146
146:  147  146  147
147:  148  147  147
148:  148  148  148
149:  149  149  149
150:  150  150  150
151:  151  151  150
152:  151  152  152
153:  153  152  153
154:  153  153  152
155:  153  154  153
156:  154  155  154
157:  156  155  156
158:  157  156  156
159:  157  158  157
160:  159  158  158
161:  160  159  159
162:  160  160  161
163:  160  161  160
164:  161  161  162
165:  162  162  162
166:  163  163  164
167:  164  164  165
168:  165  165  166
169:  166  166  167
170:  167  167  167
171:  167  168  167
172:  168  168  168
173:  169  169  170
174:  170  170  170
175:  171  171  171
176:  172  172  173
177:  173  173  174
178:  173  174  173
179:  174  174  175
180:  176  175  175
181:  177  176  176
182:  178  177  178
183:  179  178  179
184:  180  179  179
185:  179  180  180
186:  180  181  180
187:  181  182  181
188:  182  183  182
189:  184  184  183
190:  185  185  185
191:  185  186  185
192:  187  186  186
193:  188  187  188
194:  189  188  189
195:  189  190  189
196:  191  190  191
197:  191  191  190
198:  192  192  192
199:  193  193  194
200:  195  194  195
201:  196  195  195
202:  195  196  196
203:  196  197  197
204:  198  198  198
205:  199  199  200
206:  200  200  201
207:  200  201  201
208:  202  201  202
209:  202  203  202
210:  203  204  204
211:  205  204  205
212:  206  205  205
213:  206  207  206
214:  208  208  207
215:  208  209  208
216:  209  210  209
217:  210  211  211
218:  212  212  213
219:  214  213  213
220:  214  214  213
221:  215  215  216
222:  217  216  217
223:  218  217  218
224:  219  218  218
225:  219  220  219
226:  221  221  220
227:  221  222  221
228:  222  223  223
229:  224  224  225
230:  225  225  226
231:  226  226  226
232:  227  227  228
233:  228  229  229
234:  229  230  229
235:  230  231  231
236:  232  232  232
237:  233  233  232
238:  234  234  235
239:  236  236  237
240:  237  237  237
241:  239  239  238
242:  239  240  239
243:  241  241  240
244:  242  243  242
245:  243  244  243
246:  245  245  245
247:  247  246  247
248:  247  247  248
249:  248  249  248
250:  249  250  250
251:  251  250  251
252:  252  251  251
253:  253  252  253
254:  254  253  253
255:  254  254  253
256:  255  255  254
