# LutGenerate 2.0 - 06/30/03
#  Display ID: DELL_1900FP_ARQ0
# Ambient = 0.10   Max. Luminence = 252.00   Luminence Ratio = 250.00
#  lumResponse vers. 1.5b - 05/08/03
#  iLdelay = 1   avgN = 1   ILlimit = 0.50
1:  049  050  049
2:  051  050  051
3:  051  051  051
4:  052  052  051
5:  052  053  052
6:  055  054  055
7:  055  055  056
8:  056  056  055
9:  056  057  056
10:  058  057  058
11:  058  059  058
12:  059  060  060
13:  061  060  061
14:  062  061  061
15:  061  062  062
16:  063  062  063
17:  063  063  063
18:  063  064  063
19:  065  064  065
20:  065  065  064
21:  067  066  067
22:  067  067  067
23:  067  068  067
24:  068  068  069
25:  068  069  068
26:  070  069  069
27:  069  070  070
28:  071  070  070
29:  070  071  071
30:  072  071  072
31:  072  072  071
32:  073  072  073
33:  073  073  073
34:  074  075  074
35:  075  075  075
36:  075  076  075
37:  076  076  077
38:  076  077  076
39:  078  077  077
40:  077  078  078
41:  079  078  078
42:  078  079  079
43:  080  079  080
44:  080  080  079
45:  081  080  081
46:  081  081  080
47:  082  081  082
48:  082  082  082
49:  082  083  082
50:  083  083  083
51:  083  084  083
52:  085  085  086
53:  085  086  085
54:  086  086  087
55:  086  087  087
56:  088  087  088
57:  088  088  087
58:  089  088  089
59:  089  089  089
60:  089  090  089
61:  091  090  090
62:  090  091  091
63:  092  091  092
64:  092  092  092
65:  092  093  092
66:  094  093  093
67:  093  094  094
68:  095  094  095
69:  095  095  096
70:  095  096  095
71:  097  096  097
72:  097  097  097
73:  097  098  097
74:  098  098  099
75:  099  099  098
76:  100  099  100
77:  100  100  101
78:  100  101  101
79:  101  102  101
80:  103  102  102
81:  103  103  102
82:  103  104  103
83:  105  104  104
84:  105  105  105
85:  105  106  105
86:  107  106  106
87:  107  107  107
88:  107  108  107
89:  109  108  109
90:  109  109  110
91:  110  110  109
92:  110  111  110
93:  112  111  111
94:  112  112  112
95:  113  113  112
96:  113  114  113
97:  115  114  114
98:  115  115  115
99:  116  116  115
100:  116  117  116
101:  118  117  117
102:  118  118  118
103:  118  119  119
104:  119  120  119
105:  121  120  121
106:  121  121  121
107:  121  122  122
108:  122  123  122
109:  124  123  123
110:  124  124  124
111:  124  125  124
112:  126  126  125
113:  126  127  126
114:  128  127  127
115:  128  128  129
116:  129  129  128
117:  129  130  129
118:  131  130  130
119:  130  131  130
120:  131  131  131
121:  132  132  131
122:  132  133  133
123:  133  134  133
124:  135  134  135
125:  136  135  136
126:  136  136  137
127:  137  137  137
128:  137  138  138
129:  138  139  138
130:  140  139  140
131:  141  140  141
132:  141  141  142
133:  142  142  141
134:  143  142  143
135:  143  143  142
136:  143  144  143
137:  145  144  144
138:  146  145  146
139:  146  146  147
140:  147  147  147
141:  148  148  147
142:  148  149  149
143:  149  150  149
144:  150  151  150
145:  152  151  152
146:  152  152  153
147:  152  153  152
148:  153  153  154
149:  154  154  154
150:  154  155  155
151:  155  156  156
152:  156  157  156
153:  157  158  157
154:  159  158  159
155:  160  159  159
156:  160  160  161
157:  160  161  160
158:  161  161  161
159:  162  162  161
160:  162  163  162
161:  163  164  163
162:  164  165  164
163:  165  166  165
164:  166  167  166
165:  168  167  167
166:  167  168  168
167:  169  168  169
168:  170  169  170
169:  171  170  171
170:  172  171  172
171:  173  172  172
172:  173  173  174
173:  173  174  173
174:  174  174  175
175:  175  175  176
176:  176  176  177
177:  177  177  178
178:  178  178  179
179:  179  179  179
180:  179  180  179
181:  180  180  180
182:  181  181  181
183:  182  182  182
184:  183  183  183
185:  184  184  185
186:  185  185  185
187:  185  186  185
188:  187  186  186
189:  188  187  187
190:  189  188  188
191:  190  189  190
192:  190  190  191
193:  190  191  190
194:  192  191  192
195:  192  193  192
196:  193  194  193
197:  194  195  194
198:  196  195  196
199:  196  196  195
200:  197  197  196
201:  197  198  198
202:  199  199  198
203:  200  200  199
204:  201  200  201
205:  201  201  202
206:  203  202  202
207:  204  203  203
208:  205  204  204
209:  204  205  205
210:  205  206  206
211:  207  207  207
212:  208  208  209
213:  208  209  209
214:  209  210  209
215:  211  211  210
216:  212  212  213
217:  214  213  213
218:  213  214  214
219:  215  215  214
220:  216  216  217
221:  218  217  217
222:  218  218  217
223:  219  219  219
224:  221  220  221
225:  221  222  221
226:  222  222  222
227:  223  223  224
228:  224  225  224
229:  226  225  226
230:  226  226  227
231:  227  228  227
232:  228  229  228
233:  229  230  229
234:  230  230  231
235:  231  232  232
236:  233  233  232
237:  235  234  235
238:  236  236  237
239:  237  237  237
240:  238  238  237
241:  240  239  240
242:  240  240  241
243:  241  242  241
244:  243  243  244
245:  245  244  244
246:  245  246  245
247:  246  247  246
248:  248  247  248
249:  249  249  248
250:  250  250  251
251:  250  251  250
252:  252  251  252
253:  253  252  253
254:  254  253  254
255:  253  254  254
256:  254  255  254
