#  lumResponse vers. 1.6 - 01/15/07 15:02:39
#  Display ID: DELL_3007WFP_FK28569QG3UF
#  iLdelay=1  avgN=1  ILlimit_plus=0.20 ILlimit_minus=-0.05  R=22.7% G=68.7% B=8.6%
#  75.2  #ff0000
#  228.0  #00ff00
#  28.7  #0000ff
   1    0.450  #000000    1 1  0.0000
   2    0.450  #000001    1 2  0.0000
   3    0.450  #010000    1 3  0.0000
   4    0.451  #010001    1 4  0.0022
   5    0.450  #000100    1 5  -0.0022
   6    0.451  #000101    1 6  0.0022
   7    0.451  #010100    1 7  0.0000
   8    0.451  #010101    2 1  0.0000
   9    0.451  #010102    2 2  0.0000
  10    0.450  #020101    2 3  -0.0022
  11    0.450  #020102    2 4  0.0000
  12    0.452  #010201    2 5  0.0044
  13    0.451  #010202    2 6  -0.0022
  14    0.452  #020201    2 7  0.0022
  15    0.452  #020202    3 1  0.0000
  16    0.452  #020203    3 2  0.0000
  17    0.452  #030202    3 3  0.0000
  18    0.452  #030203    3 4  0.0000
  19    0.453  #020302    3 5  0.0022
  20    0.453  #020303    3 6  0.0000
  21    0.454  #030302    3 7  0.0022
  22    0.453  #030303    4 1  -0.0022
  23    0.453  #030304    4 2  0.0000
  24    0.453  #040303    4 3  0.0000
  25    0.454  #040304    4 4  0.0022
  26    0.455  #030403    4 5  0.0022
  27    0.455  #030404    4 6  0.0000
  28    0.455  #040403    4 7  0.0000
  29    0.456  #040404    5 1  0.0022
  30    0.456  #040405    5 2  0.0000
  31    0.457  #050404    5 3  0.0022
  32    0.457  #050405    5 4  0.0000
  33    0.458  #040504    5 5  0.0022
  34    0.459  #040505    5 6  0.0022
  35    0.459  #050504    5 7  0.0000
  36    0.460  #050505    6 1  0.0022
  37    0.461  #050506    6 2  0.0022
  38    0.461  #060505    6 3  0.0000
  39    0.461  #060506    6 4  0.0000
  40    0.464  #050605    6 5  0.0065
  41    0.464  #050606    6 6  0.0000
  42    0.464  #060605    6 7  0.0000
  43    0.466  #060606    7 1  0.0043
  44    0.466  #060607    7 2  0.0000
  45    0.467  #070606    7 3  0.0021
  46    0.468  #070607    7 4  0.0021
  47    0.470  #060706    7 5  0.0043
  48    0.472  #060707    7 6  0.0042
  49    0.473  #070706    7 7  0.0021
  50    0.474  #070707    8 1  0.0021
  51    0.475  #070708    8 2  0.0021
  52    0.477  #080707    8 3  0.0042
  53    0.477  #080708    8 4  0.0000
  54    0.481  #070807    8 5  0.0084
  55    0.483  #070808    8 6  0.0041
  56    0.483  #080807    8 7  0.0000
  57    0.485  #080808    9 1  0.0041
  58    0.486  #080809    9 2  0.0021
  59    0.488  #090808    9 3  0.0041
  60    0.489  #090809    9 4  0.0020
  61    0.495  #080908    9 5  0.0122
  62    0.496  #080909    9 6  0.0020
  63    0.498  #090908    9 7  0.0040
  64    0.500  #090909   10 1  0.0040
  65    0.501  #09090a   10 2  0.0020
  66    0.504  #0a0909   10 3  0.0060
  67    0.505  #0a090a   10 4  0.0020
  68    0.511  #090a09   10 5  0.0118
  69    0.512  #090a0a   10 6  0.0020
  70    0.515  #0a0a09   10 7  0.0058
  71    0.517  #0a0a0a   11 1  0.0039
  72    0.518  #0a0a0b   11 2  0.0019
  73    0.522  #0b0a0a   11 3  0.0077
  74    0.524  #0b0a0b   11 4  0.0038
  75    0.531  #0a0b0a   11 5  0.0133
  76    0.533  #0a0b0b   11 6  0.0038
  77    0.537  #0b0b0a   11 7  0.0075
  78    0.537  #0b0b0b   12 1  0.0000
  79    0.540  #0b0b0c   12 2  0.0056
  80    0.544  #0c0b0b   12 3  0.0074
  81    0.545  #0c0b0c   12 4  0.0018
  82    0.555  #0b0c0b   12 5  0.0182
  83    0.557  #0b0c0c   12 6  0.0036
  84    0.561  #0c0c0b   12 7  0.0072
  85    0.563  #0c0c0c   13 1  0.0036
  86    0.565  #0c0c0d   13 2  0.0035
  87    0.570  #0d0c0c   13 3  0.0088
  88    0.572  #0d0c0d   13 4  0.0035
  89    0.583  #0c0d0c   13 5  0.0190
  90    0.586  #0c0d0d   13 6  0.0051
  91    0.591  #0d0d0c   13 7  0.0085
  92    0.593  #0d0d0d   14 1  0.0034
  93    0.596  #0d0d0e   14 2  0.0050
  94    0.601  #0e0d0d   14 3  0.0084
  95    0.604  #0e0d0e   14 4  0.0050
  96    0.617  #0d0e0d   14 5  0.0213
  97    0.620  #0d0e0e   14 6  0.0049
  98    0.625  #0e0e0d   14 7  0.0080
  99    0.628  #0e0e0e   15 1  0.0048
 100    0.631  #0e0e0f   15 2  0.0048
 101    0.637  #0f0e0e   15 3  0.0095
 102    0.641  #0f0e0f   15 4  0.0063
 103    0.656  #0e0f0e   15 5  0.0231
 104    0.660  #0e0f0f   15 6  0.0061
 105    0.666  #0f0f0e   15 7  0.0090
 106    0.670  #0f0f0f   16 1  0.0060
 107    0.674  #0f0f10   16 2  0.0060
 108    0.682  #100f0f   16 3  0.0118
 109    0.685  #100f10   16 4  0.0044
 110    0.705  #0f100f   16 5  0.0288
 111    0.709  #0f1010   16 6  0.0057
 112    0.716  #10100f   16 7  0.0098
 113    0.720  #101010   17 1  0.0056
 114    0.725  #101011   17 2  0.0069
 115    0.733  #111010   17 3  0.0110
 116    0.737  #111011   17 4  0.0054
 117    0.758  #101110   17 5  0.0281
 118    0.763  #101111   17 6  0.0066
 119    0.771  #111110   17 7  0.0104
 120    0.775  #111111   18 1  0.0052
 121    0.781  #111112   18 2  0.0077
 122    0.789  #121111   18 3  0.0102
 123    0.793  #121112   18 4  0.0051
 124    0.815  #111211   18 5  0.0274
 125    0.820  #111212   18 6  0.0061
 126    0.829  #121211   18 7  0.0109
 127    0.833  #121212   19 1  0.0048
 128    0.838  #121213   19 2  0.0060
 129    0.847  #131212   19 3  0.0107
 130    0.852  #131213   19 4  0.0059
 131    0.875  #121312   19 5  0.0266
 132    0.880  #121313   19 6  0.0057
 133    0.889  #131312   19 7  0.0102
 134    0.894  #131313   20 1  0.0056
 135    0.899  #131314   20 2  0.0056
 136    0.908  #141313   20 3  0.0100
 137    0.914  #141314   20 4  0.0066
 138    0.938  #131413   20 5  0.0259
 139    0.943  #131414   20 6  0.0053
 140    0.953  #141413   20 7  0.0105
 141    0.958  #141414   21 1  0.0052
 142    0.964  #141415   21 2  0.0062
 143    0.974  #151414   21 3  0.0103
 144    0.980  #151415   21 4  0.0061
 145    1.006  #141514   21 5  0.0262
 146    1.012  #141515   21 6  0.0059
 147    1.022  #151514   21 7  0.0098
 148    1.028  #151515   22 1  0.0059
 149    1.035  #151516   22 2  0.0068
 150    1.047  #161515   22 3  0.0115
 151    1.053  #161516   22 4  0.0057
 152    1.083  #151615   22 5  0.0281
 153    1.089  #151616   22 6  0.0055
 154    1.101  #161615   22 7  0.0110
 155    1.108  #161616   23 1  0.0063
 156    1.115  #161617   23 2  0.0063
 157    1.128  #171616   23 3  0.0116
 158    1.136  #171617   23 4  0.0071
 159    1.170  #161716   23 5  0.0295
 160    1.178  #161717   23 6  0.0068
 161    1.191  #171716   23 7  0.0110
 162    1.199  #171717   24 1  0.0067
 163    1.207  #171718   24 2  0.0067
 164    1.222  #181717   24 3  0.0124
 165    1.230  #181718   24 4  0.0065
 166    1.269  #171817   24 5  0.0312
 167    1.277  #171818   24 6  0.0063
 168    1.292  #181817   24 7  0.0117
 169    1.300  #181818   25 1  0.0062
 170    1.310  #181819   25 2  0.0077
 171    1.327  #191818   25 3  0.0129
 172    1.336  #191819   25 4  0.0068
 173    1.379  #181918   25 5  0.0317
 174    1.388  #181919   25 6  0.0065
 175    1.405  #191918   25 7  0.0122
 176    1.414  #191919   26 1  0.0064
 177    1.424  #19191a   26 2  0.0070
 178    1.442  #1a1919   26 3  0.0126
 179    1.452  #1a191a   26 4  0.0069
 180    1.498  #191a19   26 5  0.0312
 181    1.508  #191a1a   26 6  0.0067
 182    1.526  #1a1a19   26 7  0.0119
 183    1.537  #1a1a1a   27 1  0.0072
 184    1.547  #1a1a1b   27 2  0.0065
 185    1.566  #1b1a1a   27 3  0.0122
 186    1.577  #1b1a1b   27 4  0.0070
 187    1.626  #1a1b1a   27 5  0.0306
 188    1.637  #1a1b1b   27 6  0.0067
 189    1.656  #1b1b1a   27 7  0.0115
 190    1.667  #1b1b1b   28 1  0.0066
 191    1.678  #1b1b1c   28 2  0.0066
 192    1.698  #1c1b1b   28 3  0.0118
 193    1.709  #1c1b1c   28 4  0.0065
 194    1.760  #1b1c1b   28 5  0.0294
 195    1.771  #1b1c1c   28 6  0.0062
 196    1.790  #1c1c1b   28 7  0.0107
 197    1.800  #1c1c1c   29 1  0.0056
 198    1.810  #1c1c1d   29 2  0.0055
 199    1.830  #1d1c1c   29 3  0.0110
 200    1.840  #1d1c1d   29 4  0.0054
 201    1.890  #1c1d1c   29 5  0.0268
 202    1.910  #1c1d1d   29 6  0.0105
 203    1.930  #1d1d1c   29 7  0.0104
 204    1.940  #1d1d1d   30 1  0.0052
 205    1.950  #1d1d1e   30 2  0.0051
 206    1.970  #1e1d1d   30 3  0.0102
 207    1.990  #1e1d1e   30 4  0.0101
 208    2.050  #1d1e1d   30 5  0.0297
 209    2.060  #1d1e1e   30 6  0.0049
 210    2.080  #1e1e1d   30 7  0.0097
 211    2.090  #1e1e1e   31 1  0.0048
 212    2.110  #1e1e1f   31 2  0.0095
 213    2.130  #1f1e1e   31 3  0.0094
 214    2.150  #1f1e1f   31 4  0.0093
 215    2.210  #1e1f1e   31 5  0.0275
 216    2.220  #1e1f1f   31 6  0.0045
 217    2.250  #1f1f1e   31 7  0.0134
 218    2.260  #1f1f1f   32 1  0.0044
 219    2.280  #1f1f20   32 2  0.0088
 220    2.300  #201f1f   32 3  0.0087
 221    2.320  #201f20   32 4  0.0087
 222    2.390  #1f201f   32 5  0.0297
 223    2.410  #1f2020   32 6  0.0083
 224    2.440  #20201f   32 7  0.0124
 225    2.450  #202020   33 1  0.0041
 226    2.470  #202021   33 2  0.0081
 227    2.500  #212020   33 3  0.0121
 228    2.510  #212021   33 4  0.0040
 229    2.590  #202120   33 5  0.0314
 230    2.610  #202121   33 6  0.0077
 231    2.630  #212120   33 7  0.0076
 232    2.650  #212121   34 1  0.0076
 233    2.670  #212122   34 2  0.0075
 234    2.700  #222121   34 3  0.0112
 235    2.710  #222122   34 4  0.0037
 236    2.790  #212221   34 5  0.0291
 237    2.810  #212222   34 6  0.0071
 238    2.840  #222221   34 7  0.0106
 239    2.850  #222222   35 1  0.0035
 240    2.870  #222223   35 2  0.0070
 241    2.900  #232222   35 3  0.0104
 242    2.920  #232223   35 4  0.0069
 243    3.000  #222322   35 5  0.0270
 244    3.020  #222323   35 6  0.0066
 245    3.050  #232322   35 7  0.0099
 246    3.070  #232323   36 1  0.0065
 247    3.080  #232324   36 2  0.0033
 248    3.110  #242323   36 3  0.0097
 249    3.130  #242324   36 4  0.0064
 250    3.220  #232423   36 5  0.0283
 251    3.230  #232424   36 6  0.0031
 252    3.270  #242423   36 7  0.0123
 253    3.280  #242424   37 1  0.0031
 254    3.300  #242425   37 2  0.0061
 255    3.340  #252424   37 3  0.0120
 256    3.360  #252425   37 4  0.0060
 257    3.440  #242524   37 5  0.0235
 258    3.460  #242525   37 6  0.0058
 259    3.490  #252524   37 7  0.0086
 260    3.510  #252525   38 1  0.0057
 261    3.530  #252526   38 2  0.0057
 262    3.570  #262525   38 3  0.0113
 263    3.590  #262526   38 4  0.0056
 264    3.680  #252625   38 5  0.0248
 265    3.700  #252626   38 6  0.0054
 266    3.730  #262625   38 7  0.0081
 267    3.750  #262626   39 1  0.0053
 268    3.770  #262627   39 2  0.0053
 269    3.810  #272626   39 3  0.0106
 270    3.830  #272627   39 4  0.0052
 271    3.930  #262726   39 5  0.0258
 272    3.940  #262727   39 6  0.0025
 273    3.980  #272726   39 7  0.0101
 274    4.000  #272727   40 1  0.0050
 275    4.020  #272728   40 2  0.0050
 276    4.060  #282727   40 3  0.0099
 277    4.080  #282728   40 4  0.0049
 278    4.180  #272827   40 5  0.0242
 279    4.200  #272828   40 6  0.0048
 280    4.240  #282827   40 7  0.0095
 281    4.260  #282828   41 1  0.0047
 282    4.280  #282829   41 2  0.0047
 283    4.320  #292828   41 3  0.0093
 284    4.350  #292829   41 4  0.0069
 285    4.450  #282928   41 5  0.0227
 286    4.480  #282929   41 6  0.0067
 287    4.520  #292928   41 7  0.0089
 288    4.540  #292929   42 1  0.0044
 289    4.560  #29292a   42 2  0.0044
 290    4.600  #2a2929   42 3  0.0087
 291    4.630  #2a292a   42 4  0.0065
 292    4.740  #292a29   42 5  0.0235
 293    4.760  #292a2a   42 6  0.0042
 294    4.810  #2a2a29   42 7  0.0104
 295    4.830  #2a2a2a   43 1  0.0041
 296    4.860  #2a2a2b   43 2  0.0062
 297    4.900  #2b2a2a   43 3  0.0082
 298    4.930  #2b2a2b   43 4  0.0061
 299    5.050  #2a2b2a   43 5  0.0240
 300    5.070  #2a2b2b   43 6  0.0040
 301    5.120  #2b2b2a   43 7  0.0098
 302    5.140  #2b2b2b   44 1  0.0039
 303    5.170  #2b2b2c   44 2  0.0058
 304    5.220  #2c2b2b   44 3  0.0096
 305    5.240  #2c2b2c   44 4  0.0038
 306    5.370  #2b2c2b   44 5  0.0245
 307    5.390  #2b2c2c   44 6  0.0037
 308    5.440  #2c2c2b   44 7  0.0092
 309    5.470  #2c2c2c   45 1  0.0055
 310    5.490  #2c2c2d   45 2  0.0036
 311    5.540  #2d2c2c   45 3  0.0091
 312    5.570  #2d2c2d   45 4  0.0054
 313    5.700  #2c2d2c   45 5  0.0231
 314    5.730  #2c2d2d   45 6  0.0052
 315    5.780  #2d2d2c   45 7  0.0087
 316    5.810  #2d2d2d   46 1  0.0052
 317    5.840  #2d2d2e   46 2  0.0052
 318    5.890  #2e2d2d   46 3  0.0085
 319    5.920  #2e2d2e   46 4  0.0051
 320    6.060  #2d2e2d   46 5  0.0234
 321    6.090  #2d2e2e   46 6  0.0049
 322    6.140  #2e2e2d   46 7  0.0082
 323    6.160  #2e2e2e   47 1  0.0033
 324    6.200  #2e2e2f   47 2  0.0065
 325    6.250  #2f2e2e   47 3  0.0080
 326    6.280  #2f2e2f   47 4  0.0048
 327    6.430  #2e2f2e   47 5  0.0236
 328    6.460  #2e2f2f   47 6  0.0047
 329    6.510  #2f2f2e   47 7  0.0077
 330    6.540  #2f2f2f   48 1  0.0046
 331    6.580  #2f2f30   48 2  0.0061
 332    6.640  #302f2f   48 3  0.0091
 333    6.660  #302f30   48 4  0.0030
 334    6.820  #2f302f   48 5  0.0237
 335    6.850  #2f3030   48 6  0.0044
 336    6.910  #30302f   48 7  0.0087
 337    6.940  #303030   49 1  0.0043
 338    6.970  #303031   49 2  0.0043
 339    7.030  #313030   49 3  0.0086
 340    7.060  #313031   49 4  0.0043
 341    7.220  #303130   49 5  0.0224
 342    7.260  #303131   49 6  0.0055
 343    7.310  #313130   49 7  0.0069
 344    7.350  #313131   50 1  0.0055
 345    7.380  #313132   50 2  0.0041
 346    7.440  #323131   50 3  0.0081
 347    7.470  #323132   50 4  0.0040
 348    7.630  #313231   50 5  0.0212
 349    7.670  #313232   50 6  0.0052
 350    7.730  #323231   50 7  0.0078
 351    7.760  #323232   51 1  0.0039
 352    7.800  #323233   51 2  0.0051
 353    7.860  #333232   51 3  0.0077
 354    7.890  #333233   51 4  0.0038
 355    8.060  #323332   51 5  0.0213
 356    8.100  #323333   51 6  0.0050
 357    8.160  #333332   51 7  0.0074
 358    8.190  #333333   52 1  0.0037
 359    8.230  #333334   52 2  0.0049
 360    8.290  #343333   52 3  0.0073
 361    8.330  #343334   52 4  0.0048
 362    8.500  #333433   52 5  0.0202
 363    8.540  #333434   52 6  0.0047
 364    8.600  #343433   52 7  0.0070
 365    8.640  #343434   53 1  0.0046
 366    8.680  #343435   53 2  0.0046
 367    8.750  #353434   53 3  0.0080
 368    8.790  #353435   53 4  0.0046
 369    8.980  #343534   53 5  0.0214
 370    9.010  #343535   53 6  0.0033
 371    9.080  #353534   53 7  0.0077
 372    9.120  #353535   54 1  0.0044
 373    9.160  #353536   54 2  0.0044
 374    9.230  #363535   54 3  0.0076
 375    9.260  #363536   54 4  0.0032
 376    9.450  #353635   54 5  0.0203
 377    9.490  #353636   54 6  0.0042
 378    9.560  #363635   54 7  0.0073
 379    9.600  #363636   55 1  0.0042
 380    9.640  #363637   55 2  0.0042
 381    9.710  #373636   55 3  0.0072
 382    9.750  #373637   55 4  0.0041
 383    9.940  #363736   55 5  0.0193
 384    9.990  #363737   55 6  0.0050
 385   10.060  #373736   55 7  0.0070
 386   10.100  #373737   56 1  0.0040
 387   10.140  #373738   56 2  0.0040
 388   10.210  #383737   56 3  0.0069
 389   10.250  #383738   56 4  0.0039
 390   10.450  #373837   56 5  0.0193
 391   10.500  #373838   56 6  0.0048
 392   10.570  #383837   56 7  0.0066
 393   10.610  #383838   57 1  0.0038
 394   10.660  #383839   57 2  0.0047
 395   10.730  #393838   57 3  0.0065
 396   10.770  #393839   57 4  0.0037
 397   10.980  #383938   57 5  0.0193
 398   11.020  #383939   57 6  0.0036
 399   11.100  #393938   57 7  0.0072
 400   11.140  #393939   58 1  0.0036
 401   11.190  #39393a   58 2  0.0045
 402   11.270  #3a3939   58 3  0.0071
 403   11.320  #3a393a   58 4  0.0044
 404   11.540  #393a39   58 5  0.0192
 405   11.580  #393a3a   58 6  0.0035
 406   11.670  #3a3a39   58 7  0.0077
 407   11.720  #3a3a3a   59 1  0.0043
 408   11.760  #3a3a3b   59 2  0.0034
 409   11.840  #3b3a3a   59 3  0.0068
 410   11.890  #3b3a3b   59 4  0.0042
 411   12.110  #3a3b3a   59 5  0.0183
 412   12.160  #3a3b3b   59 6  0.0041
 413   12.240  #3b3b3a   59 7  0.0066
 414   12.290  #3b3b3b   60 1  0.0041
 415   12.340  #3b3b3c   60 2  0.0041
 416   12.420  #3c3b3b   60 3  0.0065
 417   12.470  #3c3b3c   60 4  0.0040
 418   12.700  #3b3c3b   60 5  0.0183
 419   12.750  #3b3c3c   60 6  0.0039
 420   12.840  #3c3c3b   60 7  0.0070
 421   12.890  #3c3c3c   61 1  0.0039
 422   12.940  #3c3c3d   61 2  0.0039
 423   13.020  #3d3c3c   61 3  0.0062
 424   13.070  #3d3c3d   61 4  0.0038
 425   13.310  #3c3d3c   61 5  0.0182
 426   13.370  #3c3d3d   61 6  0.0045
 427   13.450  #3d3d3c   61 7  0.0060
 428   13.500  #3d3d3d   62 1  0.0037
 429   13.550  #3d3d3e   62 2  0.0037
 430   13.640  #3e3d3d   62 3  0.0066
 431   13.700  #3e3d3e   62 4  0.0044
 432   13.950  #3d3e3d   62 5  0.0181
 433   14.000  #3d3e3e   62 6  0.0036
 434   14.100  #3e3e3d   62 7  0.0071
 435   14.150  #3e3e3e   63 1  0.0035
 436   14.210  #3e3e3f   63 2  0.0042
 437   14.310  #3f3e3e   63 3  0.0070
 438   14.360  #3f3e3f   63 4  0.0035
 439   14.620  #3e3f3e   63 5  0.0179
 440   14.680  #3e3f3f   63 6  0.0041
 441   14.780  #3f3f3e   63 7  0.0068
 442   14.840  #3f3f3f   64 1  0.0041
 443   14.880  #3f3f40   64 2  0.0027
 444   14.980  #403f3f   64 3  0.0067
 445   15.030  #403f40   64 4  0.0033
 446   15.270  #3f403f   64 5  0.0158
 447   15.330  #3f4040   64 6  0.0039
 448   15.420  #40403f   64 7  0.0059
 449   15.480  #404040   65 1  0.0039
 450   15.520  #404041   65 2  0.0026
 451   15.610  #414040   65 3  0.0058
 452   15.660  #414041   65 4  0.0032
 453   15.900  #404140   65 5  0.0152
 454   15.950  #404141   65 6  0.0031
 455   16.040  #414140   65 7  0.0056
 456   16.090  #414141   66 1  0.0031
 457   16.140  #414142   66 2  0.0031
 458   16.230  #424141   66 3  0.0056
 459   16.280  #424142   66 4  0.0031
 460   16.540  #414241   66 5  0.0158
 461   16.590  #414242   66 6  0.0030
 462   16.680  #424241   66 7  0.0054
 463   16.730  #424242   67 1  0.0030
 464   16.780  #424243   67 2  0.0030
 465   16.880  #434242   67 3  0.0059
 466   16.920  #434243   67 4  0.0024
 467   17.190  #424342   67 5  0.0158
 468   17.240  #424343   67 6  0.0029
 469   17.330  #434342   67 7  0.0052
 470   17.390  #434343   68 1  0.0035
 471   17.440  #434344   68 2  0.0029
 472   17.530  #444343   68 3  0.0051
 473   17.580  #444344   68 4  0.0028
 474   17.840  #434443   68 5  0.0147
 475   17.800  #434444   68 6  -0.0022
 476   17.900  #444443   68 7  0.0056
 477   18.000  #444444   69 1  0.0056
 478   18.000  #444445   69 2  0.0000
 479   18.100  #454444   69 3  0.0055
 480   18.200  #454445   69 4  0.0055
 481   18.400  #444544   69 5  0.0109
 482   18.500  #444545   69 6  0.0054
 483   18.600  #454544   69 7  0.0054
 484   18.700  #454545   70 1  0.0054
 485   18.700  #454546   70 2  0.0000
 486   18.800  #464545   70 3  0.0053
 487   18.900  #464546   70 4  0.0053
 488   19.100  #454645   70 5  0.0105
 489   19.200  #454646   70 6  0.0052
 490   19.300  #464645   70 7  0.0052
 491   19.300  #464646   71 1  0.0000
 492   19.400  #464647   71 2  0.0052
 493   19.500  #474646   71 3  0.0051
 494   19.600  #474647   71 4  0.0051
 495   19.800  #464746   71 5  0.0102
 496   19.900  #464747   71 6  0.0050
 497   20.000  #474746   71 7  0.0050
 498   20.100  #474747   72 1  0.0050
 499   20.100  #474748   72 2  0.0000
 500   20.200  #484747   72 3  0.0050
 501   20.300  #484748   72 4  0.0049
 502   20.600  #474847   72 5  0.0147
 503   20.600  #474848   72 6  0.0000
 504   20.700  #484847   72 7  0.0048
 505   20.800  #484848   73 1  0.0048
 506   20.800  #484849   73 2  0.0000
 507   20.900  #494848   73 3  0.0048
 508   21.000  #494849   73 4  0.0048
 509   21.300  #484948   73 5  0.0142
 510   21.300  #484949   73 6  0.0000
 511   21.400  #494948   73 7  0.0047
 512   21.500  #494949   74 1  0.0047
 513   21.600  #49494a   74 2  0.0046
 514   21.700  #4a4949   74 3  0.0046
 515   21.700  #4a494a   74 4  0.0000
 516   22.000  #494a49   74 5  0.0137
 517   22.100  #494a4a   74 6  0.0045
 518   22.200  #4a4a49   74 7  0.0045
 519   22.200  #4a4a4a   75 1  0.0000
 520   22.300  #4a4a4b   75 2  0.0045
 521   22.400  #4b4a4a   75 3  0.0045
 522   22.500  #4b4a4b   75 4  0.0045
 523   22.800  #4a4b4a   75 5  0.0132
 524   22.800  #4a4b4b   75 6  0.0000
 525   22.900  #4b4b4a   75 7  0.0044
 526   23.000  #4b4b4b   76 1  0.0044
 527   23.000  #4b4b4c   76 2  0.0000
 528   23.200  #4c4b4b   76 3  0.0087
 529   23.200  #4c4b4c   76 4  0.0000
 530   23.500  #4b4c4b   76 5  0.0128
 531   23.600  #4b4c4c   76 6  0.0042
 532   23.700  #4c4c4b   76 7  0.0042
 533   23.800  #4c4c4c   77 1  0.0042
 534   23.800  #4c4c4d   77 2  0.0000
 535   23.900  #4d4c4c   77 3  0.0042
 536   24.000  #4d4c4d   77 4  0.0042
 537   24.300  #4c4d4c   77 5  0.0124
 538   24.400  #4c4d4d   77 6  0.0041
 539   24.500  #4d4d4c   77 7  0.0041
 540   24.500  #4d4d4d   78 1  0.0000
 541   24.600  #4d4d4e   78 2  0.0041
 542   24.700  #4e4d4d   78 3  0.0041
 543   24.800  #4e4d4e   78 4  0.0040
 544   25.100  #4d4e4d   78 5  0.0120
 545   25.200  #4d4e4e   78 6  0.0040
 546   25.300  #4e4e4d   78 7  0.0040
 547   25.300  #4e4e4e   79 1  0.0000
 548   25.400  #4e4e4f   79 2  0.0039
 549   25.500  #4f4e4e   79 3  0.0039
 550   25.600  #4f4e4f   79 4  0.0039
 551   25.900  #4e4f4e   79 5  0.0117
 552   25.900  #4e4f4f   79 6  0.0000
 553   26.100  #4f4f4e   79 7  0.0077
 554   26.100  #4f4f4f   80 1  0.0000
 555   26.200  #4f4f50   80 2  0.0038
 556   26.300  #504f4f   80 3  0.0038
 557   26.400  #504f50   80 4  0.0038
 558   26.700  #4f504f   80 5  0.0113
 559   26.700  #4f5050   80 6  0.0000
 560   26.900  #50504f   80 7  0.0075
 561   26.900  #505050   81 1  0.0000
 562   27.200  #505051   81 2  0.0111
 563   27.300  #515050   81 3  0.0037
 564   27.400  #515051   81 4  0.0037
 565   27.800  #505150   81 5  0.0145
 566   27.900  #505151   81 6  0.0036
 567   27.900  #515150   81 7  0.0000
 568   28.100  #515151   82 1  0.0071
 569   28.200  #515152   82 2  0.0036
 570   28.300  #525151   82 3  0.0035
 571   28.300  #525152   82 4  0.0000
 572   28.700  #515251   82 5  0.0140
 573   28.800  #515252   82 6  0.0035
 574   28.900  #525251   82 7  0.0035
 575   29.000  #525252   83 1  0.0035
 576   29.100  #525253   83 2  0.0034
 577   29.200  #535252   83 3  0.0034
 578   29.300  #535253   83 4  0.0034
 579   29.600  #525352   83 5  0.0102
 580   29.700  #525353   83 6  0.0034
 581   29.900  #535352   83 7  0.0067
 582   29.900  #535353   84 1  0.0000
 583   30.000  #535354   84 2  0.0033
 584   30.100  #545353   84 3  0.0033
 585   30.200  #545354   84 4  0.0033
 586   30.600  #535453   84 5  0.0132
 587   30.600  #535454   84 6  0.0000
 588   30.800  #545453   84 7  0.0065
 589   30.900  #545454   85 1  0.0032
 590   31.000  #545455   85 2  0.0032
 591   31.000  #555454   85 3  0.0000
 592   31.100  #555455   85 4  0.0032
 593   31.500  #545554   85 5  0.0128
 594   31.600  #545555   85 6  0.0032
 595   31.700  #555554   85 7  0.0032
 596   31.800  #555555   86 1  0.0031
 597   31.800  #555556   86 2  0.0000
 598   32.000  #565555   86 3  0.0063
 599   32.100  #565556   86 4  0.0031
 600   32.500  #555655   86 5  0.0124
 601   32.500  #555656   86 6  0.0000
 602   32.700  #565655   86 7  0.0061
 603   32.800  #565656   87 1  0.0031
 604   32.900  #565657   87 2  0.0030
 605   33.000  #575656   87 3  0.0030
 606   33.100  #575657   87 4  0.0030
 607   33.400  #565756   87 5  0.0090
 608   33.500  #565757   87 6  0.0030
 609   33.700  #575756   87 7  0.0060
 610   33.800  #575757   88 1  0.0030
 611   33.800  #575758   88 2  0.0000
 612   34.000  #585757   88 3  0.0059
 613   34.000  #585758   88 4  0.0000
 614   34.400  #575857   88 5  0.0117
 615   34.500  #575858   88 6  0.0029
 616   34.700  #585857   88 7  0.0058
 617   34.700  #585858   89 1  0.0000
 618   34.800  #585859   89 2  0.0029
 619   34.900  #595858   89 3  0.0029
 620   34.900  #595859   89 4  0.0000
 621   35.300  #585958   89 5  0.0114
 622   35.500  #585959   89 6  0.0056
 623   35.600  #595958   89 7  0.0028
 624   35.700  #595959   90 1  0.0028
 625   35.700  #59595a   90 2  0.0000
 626   35.900  #5a5959   90 3  0.0056
 627   36.000  #5a595a   90 4  0.0028
 628   36.400  #595a59   90 5  0.0110
 629   36.500  #595a5a   90 6  0.0027
 630   36.600  #5a5a59   90 7  0.0027
 631   36.700  #5a5a5a   91 1  0.0027
 632   36.700  #5a5a5b   91 2  0.0000
 633   36.900  #5b5a5a   91 3  0.0054
 634   36.900  #5b5a5b   91 4  0.0000
 635   37.400  #5a5b5a   91 5  0.0135
 636   37.400  #5a5b5b   91 6  0.0000
 637   37.600  #5b5b5a   91 7  0.0053
 638   37.700  #5b5b5b   92 1  0.0027
 639   37.700  #5b5b5c   92 2  0.0000
 640   37.900  #5c5b5b   92 3  0.0053
 641   37.900  #5c5b5c   92 4  0.0000
 642   38.400  #5b5c5b   92 5  0.0131
 643   38.400  #5b5c5c   92 6  0.0000
 644   38.600  #5c5c5b   92 7  0.0052
 645   38.700  #5c5c5c   93 1  0.0026
 646   38.700  #5c5c5d   93 2  0.0000
 647   38.900  #5d5c5c   93 3  0.0052
 648   39.000  #5d5c5d   93 4  0.0026
 649   39.400  #5c5d5c   93 5  0.0102
 650   39.500  #5c5d5d   93 6  0.0025
 651   39.600  #5d5d5c   93 7  0.0025
 652   39.700  #5d5d5d   94 1  0.0025
 653   39.800  #5d5d5e   94 2  0.0025
 654   40.000  #5e5d5d   94 3  0.0050
 655   40.000  #5e5d5e   94 4  0.0000
 656   40.400  #5d5e5d   94 5  0.0100
 657   40.400  #5d5e5e   94 6  0.0000
 658   40.600  #5e5e5d   94 7  0.0049
 659   40.700  #5e5e5e   95 1  0.0025
 660   40.800  #5e5e5f   95 2  0.0025
 661   41.000  #5f5e5e   95 3  0.0049
 662   41.000  #5f5e5f   95 4  0.0000
 663   41.500  #5e5f5e   95 5  0.0121
 664   41.500  #5e5f5f   95 6  0.0000
 665   41.600  #5f5f5e   95 7  0.0024
 666   41.800  #5f5f5f   96 1  0.0048
 667   41.900  #5f5f60   96 2  0.0024
 668   42.000  #605f5f   96 3  0.0024
 669   42.000  #605f60   96 4  0.0000
 670   42.500  #5f605f   96 5  0.0118
 671   42.600  #5f6060   96 6  0.0024
 672   42.800  #60605f   96 7  0.0047
 673   42.900  #606060   97 1  0.0023
 674   43.000  #606061   97 2  0.0023
 675   43.200  #616060   97 3  0.0046
 676   43.200  #616061   97 4  0.0000
 677   43.700  #606160   97 5  0.0115
 678   43.600  #606161   97 6  -0.0023
 679   43.800  #616160   97 7  0.0046
 680   44.000  #616161   98 1  0.0046
 681   44.000  #616162   98 2  0.0000
 682   44.200  #626161   98 3  0.0045
 683   44.300  #626162   98 4  0.0023
 684   44.600  #616261   98 5  0.0067
 685   44.700  #616262   98 6  0.0022
 686   44.900  #626261   98 7  0.0045
 687   45.000  #626262   99 1  0.0022
 688   45.100  #626263   99 2  0.0022
 689   45.300  #636262   99 3  0.0044
 690   45.300  #636263   99 4  0.0000
 691   45.800  #626362   99 5  0.0110
 692   45.900  #626363   99 6  0.0022
 693   46.000  #636362   99 7  0.0022
 694   46.100  #636363  100 1  0.0022
 695   46.200  #636364  100 2  0.0022
 696   46.300  #646363  100 3  0.0022
 697   46.400  #646364  100 4  0.0022
 698   46.800  #636463  100 5  0.0086
 699   46.900  #636464  100 6  0.0021
 700   47.000  #646463  100 7  0.0021
 701   47.200  #646464  101 1  0.0042
 702   47.200  #646465  101 2  0.0000
 703   47.500  #656464  101 3  0.0063
 704   47.500  #656465  101 4  0.0000
 705   47.900  #646564  101 5  0.0084
 706   48.100  #646565  101 6  0.0042
 707   48.200  #656564  101 7  0.0021
 708   48.300  #656565  102 1  0.0021
 709   48.400  #656566  102 2  0.0021
 710   48.500  #666565  102 3  0.0021
 711   48.600  #666566  102 4  0.0021
 712   49.100  #656665  102 5  0.0102
 713   49.200  #656666  102 6  0.0020
 714   49.400  #666665  102 7  0.0041
 715   49.400  #666666  103 1  0.0000
 716   49.500  #666667  103 2  0.0020
 717   49.700  #676666  103 3  0.0040
 718   49.800  #676667  103 4  0.0020
 719   50.200  #666766  103 5  0.0080
 720   50.300  #666767  103 6  0.0020
 721   50.500  #676766  103 7  0.0040
 722   50.500  #676767  104 1  0.0000
 723   50.600  #676768  104 2  0.0020
 724   50.800  #686767  104 3  0.0039
 725   50.900  #686768  104 4  0.0020
 726   51.200  #676867  104 5  0.0059
 727   51.400  #676868  104 6  0.0039
 728   51.400  #686867  104 7  0.0000
 729   51.600  #686868  105 1  0.0039
 730   51.800  #686869  105 2  0.0039
 731   51.900  #696868  105 3  0.0019
 732   51.900  #696869  105 4  0.0000
 733   52.400  #686968  105 5  0.0096
 734   52.500  #686969  105 6  0.0019
 735   52.700  #696968  105 7  0.0038
 736   52.800  #696969  106 1  0.0019
 737   52.800  #69696a  106 2  0.0000
 738   53.000  #6a6969  106 3  0.0038
 739   53.100  #6a696a  106 4  0.0019
 740   53.600  #696a69  106 5  0.0094
 741   53.700  #696a6a  106 6  0.0019
 742   53.800  #6a6a69  106 7  0.0019
 743   53.900  #6a6a6a  107 1  0.0019
 744   54.000  #6a6a6b  107 2  0.0019
 745   54.200  #6b6a6a  107 3  0.0037
 746   54.300  #6b6a6b  107 4  0.0018
 747   54.700  #6a6b6a  107 5  0.0073
 748   54.800  #6a6b6b  107 6  0.0018
 749   55.000  #6b6b6a  107 7  0.0036
 750   55.100  #6b6b6b  108 1  0.0018
 751   55.100  #6b6b6c  108 2  0.0000
 752   55.300  #6c6b6b  108 3  0.0036
 753   55.400  #6c6b6c  108 4  0.0018
 754   55.800  #6b6c6b  108 5  0.0072
 755   55.900  #6b6c6c  108 6  0.0018
 756   56.100  #6c6c6b  108 7  0.0036
 757   56.100  #6c6c6c  109 1  0.0000
 758   56.200  #6c6c6d  109 2  0.0018
 759   56.400  #6d6c6c  109 3  0.0036
 760   56.600  #6d6c6d  109 4  0.0035
 761   57.000  #6c6d6c  109 5  0.0070
 762   57.100  #6c6d6d  109 6  0.0018
 763   57.300  #6d6d6c  109 7  0.0035
 764   57.300  #6d6d6d  110 1  0.0000
 765   57.400  #6d6d6e  110 2  0.0017
 766   57.600  #6e6d6d  110 3  0.0035
 767   57.700  #6e6d6e  110 4  0.0017
 768   58.100  #6d6e6d  110 5  0.0069
 769   58.300  #6d6e6e  110 6  0.0034
 770   58.400  #6e6e6d  110 7  0.0017
 771   58.400  #6e6e6e  111 1  0.0000
 772   58.600  #6e6e6f  111 2  0.0034
 773   58.700  #6f6e6e  111 3  0.0017
 774   58.800  #6f6e6f  111 4  0.0017
 775   59.200  #6e6f6e  111 5  0.0068
 776   59.400  #6e6f6f  111 6  0.0034
 777   59.600  #6f6f6e  111 7  0.0034
 778   59.600  #6f6f6f  112 1  0.0000
 779   59.700  #6f6f70  112 2  0.0017
 780   59.800  #706f6f  112 3  0.0017
 781   60.000  #706f70  112 4  0.0033
 782   60.400  #6f706f  112 5  0.0066
 783   60.500  #6f7070  112 6  0.0017
 784   60.700  #70706f  112 7  0.0033
 785   60.700  #707070  113 1  0.0000
 786   60.700  #707071  113 2  0.0000
 787   60.800  #717070  113 3  0.0016
 788   61.100  #717071  113 4  0.0049
 789   61.500  #707170  113 5  0.0065
 790   61.600  #707171  113 6  0.0016
 791   61.700  #717170  113 7  0.0016
 792   61.800  #717171  114 1  0.0016
 793   62.000  #717172  114 2  0.0032
 794   62.100  #727171  114 3  0.0016
 795   62.200  #727172  114 4  0.0016
 796   62.600  #717271  114 5  0.0064
 797   62.700  #717272  114 6  0.0016
 798   62.900  #727271  114 7  0.0032
 799   63.000  #727272  115 1  0.0016
 800   63.100  #727273  115 2  0.0016
 801   63.200  #737272  115 3  0.0016
 802   63.300  #737273  115 4  0.0016
 803   63.800  #727372  115 5  0.0079
 804   63.800  #727373  115 6  0.0000
 805   64.000  #737372  115 7  0.0031
 806   64.100  #737373  116 1  0.0016
 807   64.200  #737374  116 2  0.0016
 808   64.400  #747373  116 3  0.0031
 809   64.400  #747374  116 4  0.0000
 810   64.900  #737473  116 5  0.0077
 811   65.000  #737474  116 6  0.0015
 812   65.200  #747473  116 7  0.0031
 813   65.300  #747474  117 1  0.0015
 814   65.400  #747475  117 2  0.0015
 815   65.500  #757474  117 3  0.0015
 816   65.600  #757475  117 4  0.0015
 817   66.100  #747574  117 5  0.0076
 818   66.200  #747575  117 6  0.0015
 819   66.400  #757574  117 7  0.0030
 820   66.500  #757575  118 1  0.0015
 821   66.600  #757576  118 2  0.0015
 822   66.700  #767575  118 3  0.0015
 823   66.800  #767576  118 4  0.0015
 824   67.300  #757675  118 5  0.0075
 825   67.400  #757676  118 6  0.0015
 826   67.500  #767675  118 7  0.0015
 827   67.600  #767676  119 1  0.0015
 828   67.700  #767677  119 2  0.0015
 829   67.900  #777676  119 3  0.0029
 830   67.900  #777677  119 4  0.0000
 831   68.400  #767776  119 5  0.0073
 832   68.500  #767777  119 6  0.0015
 833   68.700  #777776  119 7  0.0029
 834   68.800  #777777  120 1  0.0015
 835   68.800  #777778  120 2  0.0000
 836   69.000  #787777  120 3  0.0029
 837   69.100  #787778  120 4  0.0014
 838   69.500  #777877  120 5  0.0058
 839   69.600  #777878  120 6  0.0014
 840   69.700  #787877  120 7  0.0014
 841   69.900  #787878  121 1  0.0029
 842   70.000  #787879  121 2  0.0014
 843   70.200  #797878  121 3  0.0029
 844   70.300  #797879  121 4  0.0014
 845   70.600  #787978  121 5  0.0043
 846   70.700  #787979  121 6  0.0014
 847   70.900  #797978  121 7  0.0028
 848   71.000  #797979  122 1  0.0014
 849   71.200  #79797a  122 2  0.0028
 850   71.200  #7a7979  122 3  0.0000
 851   71.400  #7a797a  122 4  0.0028
 852   71.800  #797a79  122 5  0.0056
 853   71.900  #797a7a  122 6  0.0014
 854   72.100  #7a7a79  122 7  0.0028
 855   72.200  #7a7a7a  123 1  0.0014
 856   72.300  #7a7a7b  123 2  0.0014
 857   72.500  #7b7a7a  123 3  0.0028
 858   72.600  #7b7a7b  123 4  0.0014
 859   73.000  #7a7b7a  123 5  0.0055
 860   73.100  #7a7b7b  123 6  0.0014
 861   73.300  #7b7b7a  123 7  0.0027
 862   73.300  #7b7b7b  124 1  0.0000
 863   73.500  #7b7b7c  124 2  0.0027
 864   73.500  #7c7b7b  124 3  0.0000
 865   73.700  #7c7b7c  124 4  0.0027
 866   74.200  #7b7c7b  124 5  0.0068
 867   74.300  #7b7c7c  124 6  0.0013
 868   74.500  #7c7c7b  124 7  0.0027
 869   74.500  #7c7c7c  125 1  0.0000
 870   74.600  #7c7c7d  125 2  0.0013
 871   74.800  #7d7c7c  125 3  0.0027
 872   74.900  #7d7c7d  125 4  0.0013
 873   75.400  #7c7d7c  125 5  0.0067
 874   75.400  #7c7d7d  125 6  0.0000
 875   75.600  #7d7d7c  125 7  0.0026
 876   75.700  #7d7d7d  126 1  0.0013
 877   75.900  #7d7d7e  126 2  0.0026
 878   76.000  #7e7d7d  126 3  0.0013
 879   76.100  #7e7d7e  126 4  0.0013
 880   76.600  #7d7e7d  126 5  0.0065
 881   76.700  #7d7e7e  126 6  0.0013
 882   76.900  #7e7e7d  126 7  0.0026
 883   77.100  #7e7e7e  127 1  0.0026
 884   77.200  #7e7e7f  127 2  0.0013
 885   77.300  #7f7e7e  127 3  0.0013
 886   77.400  #7f7e7f  127 4  0.0013
 887   78.000  #7e7f7e  127 5  0.0077
 888   78.100  #7e7f7f  127 6  0.0013
 889   78.300  #7f7f7e  127 7  0.0026
 890   78.400  #7f7f7f  128 1  0.0013
 891   78.500  #7f7f80  128 2  0.0013
 892   78.800  #807f7f  128 3  0.0038
 893   78.900  #807f80  128 4  0.0013
 894   79.500  #7f807f  128 5  0.0076
 895   79.700  #7f8080  128 6  0.0025
 896   79.900  #80807f  128 7  0.0025
 897   80.100  #808080  129 1  0.0025
 898   80.200  #808081  129 2  0.0012
 899   80.500  #818080  129 3  0.0037
 900   80.600  #818081  129 4  0.0012
 901   81.200  #808180  129 5  0.0074
 902   81.500  #808181  129 6  0.0037
 903   81.500  #818180  129 7  0.0000
 904   81.800  #818181  130 1  0.0037
 905   81.900  #818182  130 2  0.0012
 906   82.100  #828181  130 3  0.0024
 907   82.300  #828182  130 4  0.0024
 908   82.900  #818281  130 5  0.0073
 909   83.100  #818282  130 6  0.0024
 910   83.300  #828281  130 7  0.0024
 911   83.500  #828282  131 1  0.0024
 912   83.600  #828283  131 2  0.0012
 913   83.800  #838282  131 3  0.0024
 914   84.000  #838283  131 4  0.0024
 915   84.600  #828382  131 5  0.0071
 916   84.800  #828383  131 6  0.0024
 917   85.000  #838382  131 7  0.0024
 918   85.100  #838383  132 1  0.0012
 919   85.300  #838384  132 2  0.0023
 920   85.400  #848383  132 3  0.0012
 921   85.700  #848384  132 4  0.0035
 922   86.300  #838483  132 5  0.0070
 923   86.400  #838484  132 6  0.0012
 924   86.700  #848483  132 7  0.0035
 925   86.700  #848484  133 1  0.0000
 926   87.000  #848485  133 2  0.0035
 927   87.200  #858484  133 3  0.0023
 928   87.300  #858485  133 4  0.0011
 929   87.900  #848584  133 5  0.0068
 930   88.000  #848585  133 6  0.0011
 931   88.400  #858584  133 7  0.0045
 932   88.400  #858585  134 1  0.0000
 933   88.600  #858586  134 2  0.0023
 934   88.900  #868585  134 3  0.0034
 935   88.900  #868586  134 4  0.0000
 936   89.600  #858685  134 5  0.0078
 937   89.700  #858686  134 6  0.0011
 938   89.900  #868685  134 7  0.0022
 939   90.100  #868686  135 1  0.0022
 940   90.200  #868687  135 2  0.0011
 941   90.500  #878686  135 3  0.0033
 942   90.600  #878687  135 4  0.0011
 943   91.300  #868786  135 5  0.0077
 944   91.400  #868787  135 6  0.0011
 945   91.600  #878786  135 7  0.0022
 946   91.800  #878787  136 1  0.0022
 947   91.900  #878788  136 2  0.0011
 948   92.200  #888787  136 3  0.0033
 949   92.300  #888788  136 4  0.0011
 950   92.900  #878887  136 5  0.0065
 951   93.100  #878888  136 6  0.0022
 952   93.300  #888887  136 7  0.0021
 953   93.500  #888888  137 1  0.0021
 954   93.600  #888889  137 2  0.0011
 955   93.800  #898888  137 3  0.0021
 956   94.200  #898889  137 4  0.0043
 957   94.500  #888988  137 5  0.0032
 958   94.700  #888989  137 6  0.0021
 959   95.000  #898988  137 7  0.0032
 960   95.200  #898989  138 1  0.0021
 961   95.400  #89898a  138 2  0.0021
 962   95.500  #8a8989  138 3  0.0010
 963   95.600  #8a898a  138 4  0.0010
 964   96.300  #898a89  138 5  0.0073
 965   96.500  #898a8a  138 6  0.0021
 966   96.700  #8a8a89  138 7  0.0021
 967   96.800  #8a8a8a  139 1  0.0010
 968   97.000  #8a8a8b  139 2  0.0021
 969   97.200  #8b8a8a  139 3  0.0021
 970   97.400  #8b8a8b  139 4  0.0021
 971   98.100  #8a8b8a  139 5  0.0072
 972   98.200  #8a8b8b  139 6  0.0010
 973   98.500  #8b8b8a  139 7  0.0031
 974   98.600  #8b8b8b  140 1  0.0010
 975   98.700  #8b8b8c  140 2  0.0010
 976   99.100  #8c8b8b  140 3  0.0040
 977   99.100  #8c8b8c  140 4  0.0000
 978   99.900  #8b8c8b  140 5  0.0080
 979  100.000  #8b8c8c  140 6  0.0010
 980  100.400  #8c8c8b  140 7  0.0040
 981  100.400  #8c8c8c  141 1  0.0000
 982  100.600  #8c8c8d  141 2  0.0020
 983  100.900  #8d8c8c  141 3  0.0030
 984  100.900  #8d8c8d  141 4  0.0000
 985  101.700  #8c8d8c  141 5  0.0079
 986  101.800  #8c8d8d  141 6  0.0010
 987  102.000  #8d8d8c  141 7  0.0020
 988  102.100  #8d8d8d  142 1  0.0010
 989  102.200  #8d8d8e  142 2  0.0010
 990  102.500  #8e8d8d  142 3  0.0029
 991  102.700  #8e8d8e  142 4  0.0019
 992  103.400  #8d8e8d  142 5  0.0068
 993  103.500  #8d8e8e  142 6  0.0010
 994  103.700  #8e8e8d  142 7  0.0019
 995  104.000  #8e8e8e  143 1  0.0029
 996  104.000  #8e8e8f  143 2  0.0000
 997  104.400  #8f8e8e  143 3  0.0038
 998  104.500  #8f8e8f  143 4  0.0010
 999  105.300  #8e8f8e  143 5  0.0076
1000  105.400  #8e8f8f  143 6  0.0009
1001  105.500  #8f8f8e  143 7  0.0009
1002  105.900  #8f8f8f  144 1  0.0038
1003  106.000  #8f8f90  144 2  0.0009
1004  106.200  #908f8f  144 3  0.0019
1005  106.300  #908f90  144 4  0.0009
1006  107.100  #8f908f  144 5  0.0075
1007  107.100  #8f9090  144 6  0.0000
1008  107.400  #90908f  144 7  0.0028
1009  107.700  #909090  145 1  0.0028
1010  107.700  #909091  145 2  0.0000
1011  108.100  #919090  145 3  0.0037
1012  108.100  #919091  145 4  0.0000
1013  108.800  #909190  145 5  0.0065
1014  109.100  #909191  145 6  0.0028
1015  109.200  #919190  145 7  0.0009
1016  109.500  #919191  146 1  0.0027
1017  109.600  #919192  146 2  0.0009
1018  110.000  #929191  146 3  0.0036
1019  110.200  #929192  146 4  0.0018
1020  110.800  #919291  146 5  0.0054
1021  110.700  #919292  146 6  -0.0009
1022  111.100  #929291  146 7  0.0036
1023  111.300  #929292  147 1  0.0018
1024  111.600  #929293  147 2  0.0027
1025  111.700  #939292  147 3  0.0009
1026  112.000  #939293  147 4  0.0027
1027  112.500  #929392  147 5  0.0045
1028  112.800  #929393  147 6  0.0027
1029  113.200  #939392  147 7  0.0035
1030  113.200  #939393  148 1  0.0000
1031  113.500  #939394  148 2  0.0026
1032  113.700  #949393  148 3  0.0018
1033  114.000  #949394  148 4  0.0026
1034  114.500  #939493  148 5  0.0044
1035  114.600  #939494  148 6  0.0009
1036  114.800  #949493  148 7  0.0017
1037  115.000  #949494  149 1  0.0017
1038  115.500  #949495  149 2  0.0043
1039  115.700  #959494  149 3  0.0017
1040  115.900  #959495  149 4  0.0017
1041  116.200  #949594  149 5  0.0026
1042  116.400  #949595  149 6  0.0017
1043  116.800  #959594  149 7  0.0034
1044  117.100  #959595  150 1  0.0026
1045  117.100  #959596  150 2  0.0000
1046  117.500  #969595  150 3  0.0034
1047  117.600  #969596  150 4  0.0009
1048  118.400  #959695  150 5  0.0068
1049  118.700  #959696  150 6  0.0025
1050  119.000  #969695  150 7  0.0025
1051  119.000  #969696  151 1  0.0000
1052  119.400  #969697  151 2  0.0034
1053  119.600  #979696  151 3  0.0017
1054  119.800  #979697  151 4  0.0017
1055  120.400  #969796  151 5  0.0050
1056  120.600  #969797  151 6  0.0017
1057  120.900  #979796  151 7  0.0025
1058  121.100  #979797  152 1  0.0017
1059  121.200  #979798  152 2  0.0008
1060  121.500  #989797  152 3  0.0025
1061  121.500  #989798  152 4  0.0000
1062  122.200  #979897  152 5  0.0057
1063  122.600  #979898  152 6  0.0033
1064  122.600  #989897  152 7  0.0000
1065  123.000  #989898  153 1  0.0033
1066  123.100  #989899  153 2  0.0008
1067  123.500  #999898  153 3  0.0032
1068  123.700  #999899  153 4  0.0016
1069  124.400  #989998  153 5  0.0056
1070  124.400  #989999  153 6  0.0000
1071  124.900  #999998  153 7  0.0040
1072  124.700  #999999  154 1  -0.0016
1073  125.200  #99999a  154 2  0.0040
1074  125.500  #9a9999  154 3  0.0024
1075  125.600  #9a999a  154 4  0.0008
1076  126.400  #999a99  154 5  0.0063
1077  126.400  #999a9a  154 6  0.0000
1078  126.800  #9a9a99  154 7  0.0032
1079  127.100  #9a9a9a  155 1  0.0024
1080  127.000  #9a9a9b  155 2  -0.0008
1081  127.400  #9b9a9a  155 3  0.0031
1082  127.600  #9b9a9b  155 4  0.0016
1083  128.400  #9a9b9a  155 5  0.0063
1084  128.600  #9a9b9b  155 6  0.0016
1085  128.800  #9b9b9a  155 7  0.0016
1086  128.900  #9b9b9b  156 1  0.0008
1087  129.300  #9b9b9c  156 2  0.0031
1088  129.600  #9c9b9b  156 3  0.0023
1089  129.600  #9c9b9c  156 4  0.0000
1090  130.300  #9b9c9b  156 5  0.0054
1091  130.400  #9b9c9c  156 6  0.0008
1092  130.700  #9c9c9b  156 7  0.0023
1093  130.800  #9c9c9c  157 1  0.0008
1094  131.100  #9c9c9d  157 2  0.0023
1095  131.500  #9d9c9c  157 3  0.0030
1096  131.700  #9d9c9d  157 4  0.0015
1097  132.300  #9c9d9c  157 5  0.0045
1098  132.500  #9c9d9d  157 6  0.0015
1099  132.800  #9d9d9c  157 7  0.0023
1100  133.000  #9d9d9d  158 1  0.0015
1101  133.300  #9d9d9e  158 2  0.0023
1102  133.400  #9e9d9d  158 3  0.0007
1103  133.600  #9e9d9e  158 4  0.0015
1104  134.500  #9d9e9d  158 5  0.0067
1105  134.700  #9d9e9e  158 6  0.0015
1106  134.800  #9e9e9d  158 7  0.0007
1107  134.900  #9e9e9e  159 1  0.0007
1108  135.100  #9e9e9f  159 2  0.0015
1109  135.500  #9f9e9e  159 3  0.0030
1110  135.700  #9f9e9f  159 4  0.0015
1111  136.500  #9e9f9e  159 5  0.0059
1112  136.600  #9e9f9f  159 6  0.0007
1113  136.900  #9f9f9e  159 7  0.0022
1114  136.900  #9f9f9f  160 1  0.0000
1115  137.300  #9f9fa0  160 2  0.0029
1116  137.400  #a09f9f  160 3  0.0007
1117  137.700  #a09fa0  160 4  0.0022
1118  138.500  #9fa09f  160 5  0.0058
1119  138.700  #9fa0a0  160 6  0.0014
1120  139.000  #a0a09f  160 7  0.0022
1121  139.100  #a0a0a0  161 1  0.0007
1122  139.400  #a0a0a1  161 2  0.0022
1123  139.700  #a1a0a0  161 3  0.0021
1124  139.800  #a1a0a1  161 4  0.0007
1125  140.600  #a0a1a0  161 5  0.0057
1126  140.800  #a0a1a1  161 6  0.0014
1127  141.100  #a1a1a0  161 7  0.0021
1128  141.400  #a1a1a1  162 1  0.0021
1129  141.500  #a1a1a2  162 2  0.0007
1130  141.700  #a2a1a1  162 3  0.0014
1131  141.700  #a2a1a2  162 4  0.0000
1132  142.700  #a1a2a1  162 5  0.0070
1133  142.900  #a1a2a2  162 6  0.0014
1134  142.900  #a2a2a1  162 7  0.0000
1135  143.200  #a2a2a2  163 1  0.0021
1136  143.400  #a2a2a3  163 2  0.0014
1137  143.800  #a3a2a2  163 3  0.0028
1138  144.000  #a3a2a3  163 4  0.0014
1139  144.700  #a2a3a2  163 5  0.0048
1140  145.000  #a2a3a3  163 6  0.0021
1141  145.200  #a3a3a2  163 7  0.0014
1142  145.300  #a3a3a3  164 1  0.0007
1143  145.600  #a3a3a4  164 2  0.0021
1144  145.800  #a4a3a3  164 3  0.0014
1145  146.100  #a4a3a4  164 4  0.0021
1146  146.800  #a3a4a3  164 5  0.0048
1147  147.100  #a3a4a4  164 6  0.0020
1148  147.400  #a4a4a3  164 7  0.0020
1149  147.400  #a4a4a4  165 1  0.0000
1150  147.700  #a4a4a5  165 2  0.0020
1151  147.900  #a5a4a4  165 3  0.0014
1152  148.100  #a5a4a5  165 4  0.0014
1153  149.000  #a4a5a4  165 5  0.0061
1154  148.900  #a4a5a5  165 6  -0.0007
1155  149.300  #a5a5a4  165 7  0.0027
1156  149.500  #a5a5a5  166 1  0.0013
1157  149.900  #a5a5a6  166 2  0.0027
1158  150.100  #a6a5a5  166 3  0.0013
1159  150.200  #a6a5a6  166 4  0.0007
1160  150.900  #a5a6a5  166 5  0.0046
1161  151.300  #a5a6a6  166 6  0.0026
1162  151.500  #a6a6a5  166 7  0.0013
1163  151.600  #a6a6a6  167 1  0.0007
1164  152.000  #a6a6a7  167 2  0.0026
1165  152.100  #a7a6a6  167 3  0.0007
1166  152.300  #a7a6a7  167 4  0.0013
1167  153.000  #a6a7a6  167 5  0.0046
1168  153.200  #a6a7a7  167 6  0.0013
1169  153.500  #a7a7a6  167 7  0.0020
1170  153.800  #a7a7a7  168 1  0.0020
1171  154.100  #a7a7a8  168 2  0.0019
1172  154.300  #a8a7a7  168 3  0.0013
1173  154.500  #a8a7a8  168 4  0.0013
1174  155.200  #a7a8a7  168 5  0.0045
1175  155.500  #a7a8a8  168 6  0.0019
1176  155.800  #a8a8a7  168 7  0.0019
1177  155.800  #a8a8a8  169 1  0.0000
1178  156.100  #a8a8a9  169 2  0.0019
1179  156.300  #a9a8a8  169 3  0.0013
1180  156.600  #a9a8a9  169 4  0.0019
1181  157.400  #a8a9a8  169 5  0.0051
1182  157.300  #a8a9a9  169 6  -0.0006
1183  157.800  #a9a9a8  169 7  0.0032
1184  157.900  #a9a9a9  170 1  0.0006
1185  158.200  #a9a9aa  170 2  0.0019
1186  158.400  #aaa9a9  170 3  0.0013
1187  158.600  #aaa9aa  170 4  0.0013
1188  159.400  #a9aaa9  170 5  0.0050
1189  159.700  #a9aaaa  170 6  0.0019
1190  160.100  #aaaaa9  170 7  0.0025
1191  160.100  #aaaaaa  171 1  0.0000
1192  160.300  #aaaaab  171 2  0.0012
1193  160.900  #abaaaa  171 3  0.0037
1194  160.700  #abaaab  171 4  -0.0012
1195  161.500  #aaabaa  171 5  0.0050
1196  161.900  #aaabab  171 6  0.0025
1197  162.000  #ababaa  171 7  0.0006
1198  162.500  #ababab  172 1  0.0031
1199  162.500  #ababac  172 2  0.0000
1200  162.700  #acabab  172 3  0.0012
1201  162.900  #acabac  172 4  0.0012
1202  163.700  #abacab  172 5  0.0049
1203  163.900  #abacac  172 6  0.0012
1204  164.100  #acacab  172 7  0.0012
1205  164.500  #acacac  173 1  0.0024
1206  164.500  #acacad  173 2  0.0000
1207  165.000  #adacac  173 3  0.0030
1208  165.100  #adacad  173 4  0.0006
1209  165.900  #acadac  173 5  0.0048
1210  166.000  #acadad  173 6  0.0006
1211  166.500  #adadac  173 7  0.0030
1212  166.500  #adadad  174 1  0.0000
1213  166.900  #adadae  174 2  0.0024
1214  167.200  #aeadad  174 3  0.0018
1215  167.200  #aeadae  174 4  0.0000
1216  167.900  #adaead  174 5  0.0042
1217  168.100  #adaeae  174 6  0.0012
1218  168.600  #aeaead  174 7  0.0030
1219  168.800  #aeaeae  175 1  0.0012
1220  168.900  #aeaeaf  175 2  0.0006
1221  169.100  #afaeae  175 3  0.0012
1222  169.300  #afaeaf  175 4  0.0012
1223  170.300  #aeafae  175 5  0.0059
1224  170.500  #aeafaf  175 6  0.0012
1225  170.700  #afafae  175 7  0.0012
1226  170.900  #afafaf  176 1  0.0012
1227  171.100  #afafb0  176 2  0.0012
1228  171.500  #b0afaf  176 3  0.0023
1229  171.700  #b0afb0  176 4  0.0012
1230  172.300  #afb0af  176 5  0.0035
1231  172.300  #afb0b0  176 6  0.0000
1232  172.900  #b0b0af  176 7  0.0035
1233  172.900  #b0b0b0  177 1  0.0000
1234  173.200  #b0b0b1  177 2  0.0017
1235  173.500  #b1b0b0  177 3  0.0017
1236  173.700  #b1b0b1  177 4  0.0012
1237  174.500  #b0b1b0  177 5  0.0046
1238  174.700  #b0b1b1  177 6  0.0011
1239  175.100  #b1b1b0  177 7  0.0023
1240  175.000  #b1b1b1  178 1  -0.0006
1241  175.300  #b1b1b2  178 2  0.0017
1242  175.700  #b2b1b1  178 3  0.0023
1243  176.100  #b2b1b2  178 4  0.0023
1244  176.700  #b1b2b1  178 5  0.0034
1245  176.700  #b1b2b2  178 6  0.0000
1246  177.200  #b2b2b1  178 7  0.0028
1247  177.400  #b2b2b2  179 1  0.0011
1248  177.700  #b2b2b3  179 2  0.0017
1249  177.700  #b3b2b2  179 3  0.0000
1250  177.800  #b3b2b3  179 4  0.0006
1251  178.000  #b2b3b2  179 5  0.0011
1252  179.000  #b2b3b3  179 6  0.0056
1253  179.000  #b3b3b2  179 7  0.0000
1254  179.000  #b3b3b3  180 1  0.0000
1255  179.000  #b3b3b4  180 2  0.0000
1256  179.000  #b4b3b3  180 3  0.0000
1257  180.000  #b4b3b4  180 4  0.0056
1258  180.000  #b3b4b3  180 5  0.0000
1259  181.000  #b3b4b4  180 6  0.0055
1260  181.000  #b4b4b3  180 7  0.0000
1261  181.000  #b4b4b4  181 1  0.0000
1262  182.000  #b4b4b5  181 2  0.0055
1263  181.000  #b5b4b4  181 3  -0.0055
1264  182.000  #b5b4b5  181 4  0.0055
1265  183.000  #b4b5b4  181 5  0.0055
1266  183.000  #b4b5b5  181 6  0.0000
1267  183.000  #b5b5b4  181 7  0.0000
1268  184.000  #b5b5b5  182 1  0.0054
1269  184.000  #b5b5b6  182 2  0.0000
1270  184.000  #b6b5b5  182 3  0.0000
1271  184.000  #b6b5b6  182 4  0.0000
1272  185.000  #b5b6b5  182 5  0.0054
1273  185.000  #b5b6b6  182 6  0.0000
1274  186.000  #b6b6b5  182 7  0.0054
1275  186.000  #b6b6b6  183 1  0.0000
1276  186.000  #b6b6b7  183 2  0.0000
1277  186.000  #b7b6b6  183 3  0.0000
1278  186.000  #b7b6b7  183 4  0.0000
1279  187.000  #b6b7b6  183 5  0.0054
1280  187.000  #b6b7b7  183 6  0.0000
1281  187.000  #b7b7b6  183 7  0.0000
1282  188.000  #b7b7b7  184 1  0.0053
1283  188.000  #b7b7b8  184 2  0.0000
1284  188.000  #b8b7b7  184 3  0.0000
1285  188.000  #b8b7b8  184 4  0.0000
1286  189.000  #b7b8b7  184 5  0.0053
1287  189.000  #b7b8b8  184 6  0.0000
1288  190.000  #b8b8b7  184 7  0.0053
1289  190.000  #b8b8b8  185 1  0.0000
1290  190.000  #b8b8b9  185 2  0.0000
1291  190.000  #b9b8b8  185 3  0.0000
1292  191.000  #b9b8b9  185 4  0.0052
1293  191.000  #b8b9b8  185 5  0.0000
1294  192.000  #b8b9b9  185 6  0.0052
1295  192.000  #b9b9b8  185 7  0.0000
1296  192.000  #b9b9b9  186 1  0.0000
1297  193.000  #b9b9ba  186 2  0.0052
1298  193.000  #bab9b9  186 3  0.0000
1299  193.000  #bab9ba  186 4  0.0000
1300  193.000  #b9bab9  186 5  0.0000
1301  194.000  #b9baba  186 6  0.0052
1302  194.000  #babab9  186 7  0.0000
1303  194.000  #bababa  187 1  0.0000
1304  195.000  #bababb  187 2  0.0051
1305  195.000  #bbbaba  187 3  0.0000
1306  195.000  #bbbabb  187 4  0.0000
1307  196.000  #babbba  187 5  0.0051
1308  196.000  #babbbb  187 6  0.0000
1309  197.000  #bbbbba  187 7  0.0051
1310  197.000  #bbbbbb  188 1  0.0000
1311  197.000  #bbbbbc  188 2  0.0000
1312  197.000  #bcbbbb  188 3  0.0000
1313  198.000  #bcbbbc  188 4  0.0051
1314  198.000  #bbbcbb  188 5  0.0000
1315  198.000  #bbbcbc  188 6  0.0000
1316  199.000  #bcbcbb  188 7  0.0050
1317  199.000  #bcbcbc  189 1  0.0000
1318  199.000  #bcbcbd  189 2  0.0000
1319  200.000  #bdbcbc  189 3  0.0050
1320  200.000  #bdbcbd  189 4  0.0000
1321  200.000  #bcbdbc  189 5  0.0000
1322  200.000  #bcbdbd  189 6  0.0000
1323  201.000  #bdbdbc  189 7  0.0050
1324  201.000  #bdbdbd  190 1  0.0000
1325  201.000  #bdbdbe  190 2  0.0000
1326  201.000  #bebdbd  190 3  0.0000
1327  202.000  #bebdbe  190 4  0.0050
1328  203.000  #bdbebd  190 5  0.0049
1329  202.000  #bdbebe  190 6  -0.0049
1330  203.000  #bebebd  190 7  0.0049
1331  203.000  #bebebe  191 1  0.0000
1332  203.000  #bebebf  191 2  0.0000
1333  203.000  #bfbebe  191 3  0.0000
1334  204.000  #bfbebf  191 4  0.0049
1335  205.000  #bebfbe  191 5  0.0049
1336  205.000  #bebfbf  191 6  0.0000
1337  205.000  #bfbfbe  191 7  0.0000
1338  205.000  #bfbfbf  192 1  0.0000
1339  206.000  #bfbfc0  192 2  0.0049
1340  206.000  #c0bfbf  192 3  0.0000
1341  206.000  #c0bfc0  192 4  0.0000
1342  207.000  #bfc0bf  192 5  0.0048
1343  207.000  #bfc0c0  192 6  0.0000
1344  208.000  #c0c0bf  192 7  0.0048
1345  208.000  #c0c0c0  193 1  0.0000
1346  208.000  #c0c0c1  193 2  0.0000
1347  209.000  #c1c0c0  193 3  0.0048
1348  209.000  #c1c0c1  193 4  0.0000
1349  210.000  #c0c1c0  193 5  0.0048
1350  210.000  #c0c1c1  193 6  0.0000
1351  210.000  #c1c1c0  193 7  0.0000
1352  211.000  #c1c1c1  194 1  0.0048
1353  211.000  #c1c1c2  194 2  0.0000
1354  211.000  #c2c1c1  194 3  0.0000
1355  211.000  #c2c1c2  194 4  0.0000
1356  213.000  #c1c2c1  194 5  0.0094
1357  213.000  #c1c2c2  194 6  0.0000
1358  213.000  #c2c2c1  194 7  0.0000
1359  214.000  #c2c2c2  195 1  0.0047
1360  214.000  #c2c2c3  195 2  0.0000
1361  214.000  #c3c2c2  195 3  0.0000
1362  214.000  #c3c2c3  195 4  0.0000
1363  215.000  #c2c3c2  195 5  0.0047
1364  215.000  #c2c3c3  195 6  0.0000
1365  216.000  #c3c3c2  195 7  0.0046
1366  216.000  #c3c3c3  196 1  0.0000
1367  216.000  #c3c3c4  196 2  0.0000
1368  217.000  #c4c3c3  196 3  0.0046
1369  217.000  #c4c3c4  196 4  0.0000
1370  218.000  #c3c4c3  196 5  0.0046
1371  218.000  #c3c4c4  196 6  0.0000
1372  219.000  #c4c4c3  196 7  0.0046
1373  219.000  #c4c4c4  197 1  0.0000
1374  219.000  #c4c4c5  197 2  0.0000
1375  219.000  #c5c4c4  197 3  0.0000
1376  220.000  #c5c4c5  197 4  0.0046
1377  221.000  #c4c5c4  197 5  0.0045
1378  221.000  #c4c5c5  197 6  0.0000
1379  221.000  #c5c5c4  197 7  0.0000
1380  222.000  #c5c5c5  198 1  0.0045
1381  222.000  #c5c5c6  198 2  0.0000
1382  222.000  #c6c5c5  198 3  0.0000
1383  223.000  #c6c5c6  198 4  0.0045
1384  224.000  #c5c6c5  198 5  0.0045
1385  224.000  #c5c6c6  198 6  0.0000
1386  224.000  #c6c6c5  198 7  0.0000
1387  224.000  #c6c6c6  199 1  0.0000
1388  225.000  #c6c6c7  199 2  0.0045
1389  225.000  #c7c6c6  199 3  0.0000
1390  225.000  #c7c6c7  199 4  0.0000
1391  226.000  #c6c7c6  199 5  0.0044
1392  227.000  #c6c7c7  199 6  0.0044
1393  227.000  #c7c7c6  199 7  0.0000
1394  227.000  #c7c7c7  200 1  0.0000
1395  227.000  #c7c7c8  200 2  0.0000
1396  228.000  #c8c7c7  200 3  0.0044
1397  228.000  #c8c7c8  200 4  0.0000
1398  229.000  #c7c8c7  200 5  0.0044
1399  229.000  #c7c8c8  200 6  0.0000
1400  230.000  #c8c8c7  200 7  0.0044
1401  230.000  #c8c8c8  201 1  0.0000
1402  230.000  #c8c8c9  201 2  0.0000
1403  230.000  #c9c8c8  201 3  0.0000
1404  231.000  #c9c8c9  201 4  0.0043
1405  232.000  #c8c9c8  201 5  0.0043
1406  232.000  #c8c9c9  201 6  0.0000
1407  232.000  #c9c9c8  201 7  0.0000
1408  232.000  #c9c9c9  202 1  0.0000
1409  233.000  #c9c9ca  202 2  0.0043
1410  233.000  #cac9c9  202 3  0.0000
1411  234.000  #cac9ca  202 4  0.0043
1412  235.000  #c9cac9  202 5  0.0043
1413  235.000  #c9caca  202 6  0.0000
1414  235.000  #cacac9  202 7  0.0000
1415  235.000  #cacaca  203 1  0.0000
1416  236.000  #cacacb  203 2  0.0042
1417  236.000  #cbcaca  203 3  0.0000
1418  236.000  #cbcacb  203 4  0.0000
1419  237.000  #cacbca  203 5  0.0042
1420  237.000  #cacbcb  203 6  0.0000
1421  238.000  #cbcbca  203 7  0.0042
1422  238.000  #cbcbcb  204 1  0.0000
1423  238.000  #cbcbcc  204 2  0.0000
1424  238.000  #cccbcb  204 3  0.0000
1425  239.000  #cccbcc  204 4  0.0042
1426  240.000  #cbcccb  204 5  0.0042
1427  240.000  #cbcccc  204 6  0.0000
1428  241.000  #cccccb  204 7  0.0042
1429  241.000  #cccccc  205 1  0.0000
1430  241.000  #cccccd  205 2  0.0000
1431  241.000  #cdcccc  205 3  0.0000
1432  242.000  #cdcccd  205 4  0.0041
1433  243.000  #cccdcc  205 5  0.0041
1434  243.000  #cccdcd  205 6  0.0000
1435  243.000  #cdcdcc  205 7  0.0000
1436  244.000  #cdcdcd  206 1  0.0041
1437  244.000  #cdcdce  206 2  0.0000
1438  244.000  #cecdcd  206 3  0.0000
1439  244.000  #cecdce  206 4  0.0000
1440  245.000  #cdcecd  206 5  0.0041
1441  246.000  #cdcece  206 6  0.0041
1442  246.000  #cececd  206 7  0.0000
1443  246.000  #cecece  207 1  0.0000
1444  246.000  #cececf  207 2  0.0000
1445  247.000  #cfcece  207 3  0.0041
1446  247.000  #cfcecf  207 4  0.0000
1447  248.000  #cecfce  207 5  0.0040
1448  248.000  #cecfcf  207 6  0.0000
1449  249.000  #cfcfce  207 7  0.0040
1450  249.000  #cfcfcf  208 1  0.0000
1451  249.000  #cfcfd0  208 2  0.0000
1452  249.000  #d0cfcf  208 3  0.0000
1453  250.000  #d0cfd0  208 4  0.0040
1454  251.000  #cfd0cf  208 5  0.0040
1455  251.000  #cfd0d0  208 6  0.0000
1456  251.000  #d0d0cf  208 7  0.0000
1457  251.000  #d0d0d0  209 1  0.0000
1458  252.000  #d0d0d1  209 2  0.0040
1459  252.000  #d1d0d0  209 3  0.0000
1460  252.000  #d1d0d1  209 4  0.0000
1461  253.000  #d0d1d0  209 5  0.0040
1462  254.000  #d0d1d1  209 6  0.0039
1463  254.000  #d1d1d0  209 7  0.0000
1464  254.000  #d1d1d1  210 1  0.0000
1465  254.000  #d1d1d2  210 2  0.0000
1466  255.000  #d2d1d1  210 3  0.0039
1467  255.000  #d2d1d2  210 4  0.0000
1468  256.000  #d1d2d1  210 5  0.0039
1469  256.000  #d1d2d2  210 6  0.0000
1470  256.000  #d2d2d1  210 7  0.0000
1471  257.000  #d2d2d2  211 1  0.0039
1472  257.000  #d2d2d3  211 2  0.0000
1473  257.000  #d3d2d2  211 3  0.0000
1474  258.000  #d3d2d3  211 4  0.0039
1475  259.000  #d2d3d2  211 5  0.0039
1476  259.000  #d2d3d3  211 6  0.0000
1477  260.000  #d3d3d2  211 7  0.0039
1478  259.000  #d3d3d3  212 1  -0.0039
1479  260.000  #d3d3d4  212 2  0.0039
1480  260.000  #d4d3d3  212 3  0.0000
1481  260.000  #d4d3d4  212 4  0.0000
1482  261.000  #d3d4d3  212 5  0.0038
1483  261.000  #d3d4d4  212 6  0.0000
1484  262.000  #d4d4d3  212 7  0.0038
1485  262.000  #d4d4d4  213 1  0.0000
1486  262.000  #d4d4d5  213 2  0.0000
1487  263.000  #d5d4d4  213 3  0.0038
1488  263.000  #d5d4d5  213 4  0.0000
1489  264.000  #d4d5d4  213 5  0.0038
1490  264.000  #d4d5d5  213 6  0.0000
1491  265.000  #d5d5d4  213 7  0.0038
1492  265.000  #d5d5d5  214 1  0.0000
1493  265.000  #d5d5d6  214 2  0.0000
1494  265.000  #d6d5d5  214 3  0.0000
1495  266.000  #d6d5d6  214 4  0.0038
1496  267.000  #d5d6d5  214 5  0.0038
1497  267.000  #d5d6d6  214 6  0.0000
1498  267.000  #d6d6d5  214 7  0.0000
1499  268.000  #d6d6d6  215 1  0.0037
1500  268.000  #d6d6d7  215 2  0.0000
1501  268.000  #d7d6d6  215 3  0.0000
1502  269.000  #d7d6d7  215 4  0.0037
1503  270.000  #d6d7d6  215 5  0.0037
1504  269.000  #d6d7d7  215 6  -0.0037
1505  270.000  #d7d7d6  215 7  0.0037
1506  270.000  #d7d7d7  216 1  0.0000
1507  270.000  #d7d7d8  216 2  0.0000
1508  271.000  #d8d7d7  216 3  0.0037
1509  271.000  #d8d7d8  216 4  0.0000
1510  272.000  #d7d8d7  216 5  0.0037
1511  272.000  #d7d8d8  216 6  0.0000
1512  273.000  #d8d8d7  216 7  0.0037
1513  273.000  #d8d8d8  217 1  0.0000
1514  273.000  #d8d8d9  217 2  0.0000
1515  274.000  #d9d8d8  217 3  0.0037
1516  274.000  #d9d8d9  217 4  0.0000
1517  275.000  #d8d9d8  217 5  0.0036
1518  275.000  #d8d9d9  217 6  0.0000
1519  275.000  #d9d9d8  217 7  0.0000
1520  275.000  #d9d9d9  218 1  0.0000
1521  276.000  #d9d9da  218 2  0.0036
1522  276.000  #dad9d9  218 3  0.0000
1523  276.000  #dad9da  218 4  0.0000
1524  278.000  #d9dad9  218 5  0.0072
1525  278.000  #d9dada  218 6  0.0000
1526  278.000  #dadad9  218 7  0.0000
1527  278.000  #dadada  219 1  0.0000
1528  278.000  #dadadb  219 2  0.0000
1529  279.000  #dbdada  219 3  0.0036
1530  279.000  #dbdadb  219 4  0.0000
1531  280.000  #dadbda  219 5  0.0036
1532  280.000  #dadbdb  219 6  0.0000
1533  281.000  #dbdbda  219 7  0.0036
1534  281.000  #dbdbdb  220 1  0.0000
1535  281.000  #dbdbdc  220 2  0.0000
1536  282.000  #dcdbdb  220 3  0.0036
1537  281.000  #dcdbdc  220 4  -0.0036
1538  283.000  #dbdcdb  220 5  0.0071
1539  283.000  #dbdcdc  220 6  0.0000
1540  283.000  #dcdcdb  220 7  0.0000
1541  283.000  #dcdcdc  221 1  0.0000
1542  284.000  #dcdcdd  221 2  0.0035
1543  284.000  #dddcdc  221 3  0.0000
1544  284.000  #dddcdd  221 4  0.0000
1545  286.000  #dcdddc  221 5  0.0070
1546  285.000  #dcdddd  221 6  -0.0035
1547  286.000  #dddddc  221 7  0.0035
1548  286.000  #dddddd  222 1  0.0000
1549  286.000  #ddddde  222 2  0.0000
1550  286.000  #dedddd  222 3  0.0000
1551  287.000  #deddde  222 4  0.0035
1552  288.000  #dddedd  222 5  0.0035
1553  288.000  #dddede  222 6  0.0000
1554  288.000  #dededd  222 7  0.0000
1555  288.000  #dedede  223 1  0.0000
1556  289.000  #dededf  223 2  0.0035
1557  289.000  #dfdede  223 3  0.0000
1558  289.000  #dfdedf  223 4  0.0000
1559  290.000  #dedfde  223 5  0.0035
1560  290.000  #dedfdf  223 6  0.0000
1561  291.000  #dfdfde  223 7  0.0034
1562  291.000  #dfdfdf  224 1  0.0000
1563  291.000  #dfdfe0  224 2  0.0000
1564  291.000  #e0dfdf  224 3  0.0000
1565  291.000  #e0dfe0  224 4  0.0000
1566  293.000  #dfe0df  224 5  0.0068
1567  293.000  #dfe0e0  224 6  0.0000
1568  293.000  #e0e0df  224 7  0.0000
1569  293.000  #e0e0e0  225 1  0.0000
1570  293.000  #e0e0e1  225 2  0.0000
1571  294.000  #e1e0e0  225 3  0.0034
1572  294.000  #e1e0e1  225 4  0.0000
1573  294.000  #e0e1e0  225 5  0.0000
1574  295.000  #e0e1e1  225 6  0.0034
1575  295.000  #e1e1e0  225 7  0.0000
1576  296.000  #e1e1e1  226 1  0.0034
1577  295.000  #e1e1e2  226 2  -0.0034
1578  296.000  #e2e1e1  226 3  0.0034
1579  296.000  #e2e1e2  226 4  0.0000
1580  297.000  #e1e2e1  226 5  0.0034
1581  297.000  #e1e2e2  226 6  0.0000
1582  298.000  #e2e2e1  226 7  0.0034
1583  298.000  #e2e2e2  227 1  0.0000
1584  298.000  #e2e2e3  227 2  0.0000
1585  298.000  #e3e2e2  227 3  0.0000
1586  298.000  #e3e2e3  227 4  0.0000
1587  299.000  #e2e3e2  227 5  0.0034
1588  299.000  #e2e3e3  227 6  0.0000
1589  300.000  #e3e3e2  227 7  0.0033
1590  300.000  #e3e3e3  228 1  0.0000
1591  300.000  #e3e3e4  228 2  0.0000
1592  301.000  #e4e3e3  228 3  0.0033
1593  301.000  #e4e3e4  228 4  0.0000
1594  302.000  #e3e4e3  228 5  0.0033
1595  302.000  #e3e4e4  228 6  0.0000
1596  302.000  #e4e4e3  228 7  0.0000
1597  302.000  #e4e4e4  229 1  0.0000
1598  302.000  #e4e4e5  229 2  0.0000
1599  303.000  #e5e4e4  229 3  0.0033
1600  303.000  #e5e4e5  229 4  0.0000
1601  304.000  #e4e5e4  229 5  0.0033
1602  304.000  #e4e5e5  229 6  0.0000
1603  304.000  #e5e5e4  229 7  0.0000
1604  305.000  #e5e5e5  230 1  0.0033
1605  304.000  #e5e5e6  230 2  -0.0033
1606  305.000  #e6e5e5  230 3  0.0033
1607  305.000  #e6e5e6  230 4  0.0000
1608  306.000  #e5e6e5  230 5  0.0033
1609  306.000  #e5e6e6  230 6  0.0000
1610  306.000  #e6e6e5  230 7  0.0000
1611  307.000  #e6e6e6  231 1  0.0033
1612  307.000  #e6e6e7  231 2  0.0000
1613  307.000  #e7e6e6  231 3  0.0000
1614  307.000  #e7e6e7  231 4  0.0000
1615  308.000  #e6e7e6  231 5  0.0033
1616  308.000  #e6e7e7  231 6  0.0000
1617  309.000  #e7e7e6  231 7  0.0032
1618  309.000  #e7e7e7  232 1  0.0000
1619  309.000  #e7e7e8  232 2  0.0000
1620  309.000  #e8e7e7  232 3  0.0000
1621  309.000  #e8e7e8  232 4  0.0000
1622  311.000  #e7e8e7  232 5  0.0065
1623  311.000  #e7e8e8  232 6  0.0000
1624  311.000  #e8e8e7  232 7  0.0000
1625  311.000  #e8e8e8  233 1  0.0000
1626  311.000  #e8e8e9  233 2  0.0000
1627  312.000  #e9e8e8  233 3  0.0032
1628  312.000  #e9e8e9  233 4  0.0000
1629  313.000  #e8e9e8  233 5  0.0032
1630  313.000  #e8e9e9  233 6  0.0000
1631  313.000  #e9e9e8  233 7  0.0000
1632  313.000  #e9e9e9  234 1  0.0000
1633  313.000  #e9e9ea  234 2  0.0000
1634  314.000  #eae9e9  234 3  0.0032
1635  314.000  #eae9ea  234 4  0.0000
1636  315.000  #e9eae9  234 5  0.0032
1637  315.000  #e9eaea  234 6  0.0000
1638  315.000  #eaeae9  234 7  0.0000
1639  316.000  #eaeaea  235 1  0.0032
1640  316.000  #eaeaeb  235 2  0.0000
1641  316.000  #ebeaea  235 3  0.0000
1642  316.000  #ebeaeb  235 4  0.0000
1643  317.000  #eaebea  235 5  0.0032
1644  318.000  #eaebeb  235 6  0.0031
1645  317.000  #ebebea  235 7  -0.0031
1646  318.000  #ebebeb  236 1  0.0031
1647  318.000  #ebebec  236 2  0.0000
1648  318.000  #ecebeb  236 3  0.0000
1649  318.000  #ecebec  236 4  0.0000
1650  319.000  #ebeceb  236 5  0.0031
1651  320.000  #ebecec  236 6  0.0031
1652  320.000  #ececeb  236 7  0.0000
1653  320.000  #ececec  237 1  0.0000
1654  320.000  #ececed  237 2  0.0000
1655  320.000  #edecec  237 3  0.0000
1656  321.000  #edeced  237 4  0.0031
1657  322.000  #ecedec  237 5  0.0031
1658  321.000  #eceded  237 6  -0.0031
1659  322.000  #ededec  237 7  0.0031
1660  322.000  #ededed  238 1  0.0000
1661  322.000  #ededee  238 2  0.0000
1662  323.000  #eeeded  238 3  0.0031
1663  322.000  #eeedee  238 4  -0.0031
1664  323.000  #edeeed  238 5  0.0031
1665  324.000  #edeeee  238 6  0.0031
1666  324.000  #eeeeed  238 7  0.0000
1667  324.000  #eeeeee  239 1  0.0000
1668  325.000  #eeeeef  239 2  0.0031
1669  324.000  #efeeee  239 3  -0.0031
1670  325.000  #efeeef  239 4  0.0031
1671  325.000  #eeefee  239 5  0.0000
1672  326.000  #eeefef  239 6  0.0031
1673  326.000  #efefee  239 7  0.0000
1674  326.000  #efefef  240 1  0.0000
1675  326.000  #efeff0  240 2  0.0000
1676  327.000  #f0efef  240 3  0.0031
1677  327.000  #f0eff0  240 4  0.0000
1678  327.000  #eff0ef  240 5  0.0000
1679  327.000  #eff0f0  240 6  0.0000
1680  328.000  #f0f0ef  240 7  0.0031
1681  328.000  #f0f0f0  241 1  0.0000
1682  328.000  #f0f0f1  241 2  0.0000
1683  328.000  #f1f0f0  241 3  0.0000
1684  328.000  #f1f0f1  241 4  0.0000
1685  329.000  #f0f1f0  241 5  0.0030
1686  329.000  #f0f1f1  241 6  0.0000
1687  330.000  #f1f1f0  241 7  0.0030
1688  330.000  #f1f1f1  242 1  0.0000
1689  330.000  #f1f1f2  242 2  0.0000
1690  330.000  #f2f1f1  242 3  0.0000
1691  330.000  #f2f1f2  242 4  0.0000
1692  331.000  #f1f2f1  242 5  0.0030
1693  331.000  #f1f2f2  242 6  0.0000
1694  331.000  #f2f2f1  242 7  0.0000
1695  332.000  #f2f2f2  243 1  0.0030
1696  332.000  #f2f2f3  243 2  0.0000
1697  331.000  #f3f2f2  243 3  -0.0030
1698  332.000  #f3f2f3  243 4  0.0030
1699  333.000  #f2f3f2  243 5  0.0030
1700  333.000  #f2f3f3  243 6  0.0000
1701  333.000  #f3f3f2  243 7  0.0000
1702  333.000  #f3f3f3  244 1  0.0000
1703  333.000  #f3f3f4  244 2  0.0000
1704  334.000  #f4f3f3  244 3  0.0030
1705  334.000  #f4f3f4  244 4  0.0000
1706  334.000  #f3f4f3  244 5  0.0000
1707  335.000  #f3f4f4  244 6  0.0030
1708  335.000  #f4f4f3  244 7  0.0000
1709  335.000  #f4f4f4  245 1  0.0000
1710  335.000  #f4f4f5  245 2  0.0000
1711  335.000  #f5f4f4  245 3  0.0000
1712  335.000  #f5f4f5  245 4  0.0000
1713  337.000  #f4f5f4  245 5  0.0060
1714  336.000  #f4f5f5  245 6  -0.0030
1715  336.000  #f5f5f4  245 7  0.0000
1716  337.000  #f5f5f5  246 1  0.0030
1717  337.000  #f5f5f6  246 2  0.0000
1718  336.000  #f6f5f5  246 3  -0.0030
1719  337.000  #f6f5f6  246 4  0.0030
1720  338.000  #f5f6f5  246 5  0.0030
1721  338.000  #f5f6f6  246 6  0.0000
1722  338.000  #f6f6f5  246 7  0.0000
1723  338.000  #f6f6f6  247 1  0.0000
1724  338.000  #f6f6f7  247 2  0.0000
1725  338.000  #f7f6f6  247 3  0.0000
1726  339.000  #f7f6f7  247 4  0.0030
1727  339.000  #f6f7f6  247 5  0.0000
1728  339.000  #f6f7f7  247 6  0.0000
1729  339.000  #f7f7f6  247 7  0.0000
1730  339.000  #f7f7f7  248 1  0.0000
1731  339.000  #f7f7f8  248 2  0.0000
1732  340.000  #f8f7f7  248 3  0.0029
1733  340.000  #f8f7f8  248 4  0.0000
1734  341.000  #f7f8f7  248 5  0.0029
1735  341.000  #f7f8f8  248 6  0.0000
1736  341.000  #f8f8f7  248 7  0.0000
1737  341.000  #f8f8f8  249 1  0.0000
1738  341.000  #f8f8f9  249 2  0.0000
1739  342.000  #f9f8f8  249 3  0.0029
1740  342.000  #f9f8f9  249 4  0.0000
1741  342.000  #f8f9f8  249 5  0.0000
1742  342.000  #f8f9f9  249 6  0.0000
1743  343.000  #f9f9f8  249 7  0.0029
1744  342.000  #f9f9f9  250 1  -0.0029
1745  342.000  #f9f9fa  250 2  0.0000
1746  343.000  #faf9f9  250 3  0.0029
1747  343.000  #faf9fa  250 4  0.0000
1748  343.000  #f9faf9  250 5  0.0000
1749  343.000  #f9fafa  250 6  0.0000
1750  344.000  #fafaf9  250 7  0.0029
1751  344.000  #fafafa  251 1  0.0000
1752  344.000  #fafafb  251 2  0.0000
1753  344.000  #fbfafa  251 3  0.0000
1754  344.000  #fbfafb  251 4  0.0000
1755  344.000  #fafbfa  251 5  0.0000
1756  345.000  #fafbfb  251 6  0.0029
1757  345.000  #fbfbfa  251 7  0.0000
1758  345.000  #fbfbfb  252 1  0.0000
1759  345.000  #fbfbfc  252 2  0.0000
1760  345.000  #fcfbfb  252 3  0.0000
1761  345.000  #fcfbfc  252 4  0.0000
1762  346.000  #fbfcfb  252 5  0.0029
1763  346.000  #fbfcfc  252 6  0.0000
1764  346.000  #fcfcfb  252 7  0.0000
1765  346.000  #fcfcfc  253 1  0.0000
1766  346.000  #fcfcfd  253 2  0.0000
1767  346.000  #fdfcfc  253 3  0.0000
1768  346.000  #fdfcfd  253 4  0.0000
1769  347.000  #fcfdfc  253 5  0.0029
1770  346.000  #fcfdfd  253 6  -0.0029
1771  347.000  #fdfdfc  253 7  0.0029
1772  347.000  #fdfdfd  254 1  0.0000
1773  347.000  #fdfdfe  254 2  0.0000
1774  347.000  #fefdfd  254 3  0.0000
1775  347.000  #fefdfe  254 4  0.0000
1776  348.000  #fdfefd  254 5  0.0029
1777  348.000  #fdfefe  254 6  0.0000
1778  348.000  #fefefd  254 7  0.0000
1779  349.000  #fefefe  255 1  0.0029
1780  349.000  #fefeff  255 2  0.0000
1781  349.000  #fffefe  255 3  0.0000
1782  348.000  #fffeff  255 4  -0.0029
1783  349.000  #fefffe  255 5  0.0029
1784  349.000  #feffff  255 6  0.0000
1785  349.000  #fffffe  255 7  0.0000
1786  349.000  #ffffff  256 1  0.0000
