#  lumResponse vers. 1.6 - 01/16/07 07:51:55
#  Display ID: DELL_3007WFP_FK28569QG3OC
#  iLdelay=1  avgN=1  ILlimit_plus=0.20 ILlimit_minus=-0.05  R=23.1% G=68.4% B=8.5%
#  81.5  #ff0000
#  241.0  #00ff00
#  29.9  #0000ff
   1    0.424  #000000    1 1  0.0000
   2    0.424  #000001    1 2  0.0000
   3    0.424  #010000    1 3  0.0000
   4    0.424  #010001    1 4  0.0000
   5    0.424  #000100    1 5  0.0000
   6    0.424  #000101    1 6  0.0000
   7    0.424  #010100    1 7  0.0000
   8    0.424  #010101    2 1  0.0000
   9    0.424  #010102    2 2  0.0000
  10    0.424  #020101    2 3  0.0000
  11    0.424  #020102    2 4  0.0000
  12    0.424  #010201    2 5  0.0000
  13    0.424  #010202    2 6  0.0000
  14    0.424  #020201    2 7  0.0000
  15    0.424  #020202    3 1  0.0000
  16    0.424  #020203    3 2  0.0000
  17    0.424  #030202    3 3  0.0000
  18    0.424  #030203    3 4  0.0000
  19    0.425  #020302    3 5  0.0024
  20    0.425  #020303    3 6  0.0000
  21    0.425  #030302    3 7  0.0000
  22    0.425  #030303    4 1  0.0000
  23    0.425  #030304    4 2  0.0000
  24    0.425  #040303    4 3  0.0000
  25    0.425  #040304    4 4  0.0000
  26    0.426  #030403    4 5  0.0024
  27    0.426  #030404    4 6  0.0000
  28    0.427  #040403    4 7  0.0023
  29    0.427  #040404    5 1  0.0000
  30    0.427  #040405    5 2  0.0000
  31    0.427  #050404    5 3  0.0000
  32    0.428  #050405    5 4  0.0023
  33    0.429  #040504    5 5  0.0023
  34    0.429  #040505    5 6  0.0000
  35    0.430  #050504    5 7  0.0023
  36    0.430  #050505    6 1  0.0000
  37    0.430  #050506    6 2  0.0000
  38    0.431  #060505    6 3  0.0023
  39    0.432  #060506    6 4  0.0023
  40    0.433  #050605    6 5  0.0023
  41    0.434  #050606    6 6  0.0023
  42    0.435  #060605    6 7  0.0023
  43    0.435  #060606    7 1  0.0000
  44    0.436  #060607    7 2  0.0023
  45    0.437  #070606    7 3  0.0023
  46    0.438  #070607    7 4  0.0023
  47    0.441  #060706    7 5  0.0068
  48    0.441  #060707    7 6  0.0000
  49    0.443  #070706    7 7  0.0045
  50    0.443  #070707    8 1  0.0000
  51    0.444  #070708    8 2  0.0023
  52    0.446  #080707    8 3  0.0045
  53    0.446  #080708    8 4  0.0000
  54    0.450  #070807    8 5  0.0089
  55    0.451  #070808    8 6  0.0022
  56    0.453  #080807    8 7  0.0044
  57    0.454  #080808    9 1  0.0022
  58    0.455  #080809    9 2  0.0022
  59    0.457  #090808    9 3  0.0044
  60    0.458  #090809    9 4  0.0022
  61    0.463  #080908    9 5  0.0109
  62    0.464  #080909    9 6  0.0022
  63    0.466  #090908    9 7  0.0043
  64    0.467  #090909   10 1  0.0021
  65    0.469  #09090a   10 2  0.0043
  66    0.471  #0a0909   10 3  0.0043
  67    0.472  #0a090a   10 4  0.0021
  68    0.479  #090a09   10 5  0.0147
  69    0.480  #090a0a   10 6  0.0021
  70    0.483  #0a0a09   10 7  0.0062
  71    0.484  #0a0a0a   11 1  0.0021
  72    0.486  #0a0a0b   11 2  0.0041
  73    0.489  #0b0a0a   11 3  0.0062
  74    0.490  #0b0a0b   11 4  0.0020
  75    0.497  #0a0b0a   11 5  0.0142
  76    0.499  #0a0b0b   11 6  0.0040
  77    0.502  #0b0b0a   11 7  0.0060
  78    0.504  #0b0b0b   12 1  0.0040
  79    0.506  #0b0b0c   12 2  0.0040
  80    0.509  #0c0b0b   12 3  0.0059
  81    0.511  #0c0b0c   12 4  0.0039
  82    0.520  #0b0c0b   12 5  0.0175
  83    0.522  #0b0c0c   12 6  0.0038
  84    0.525  #0c0c0b   12 7  0.0057
  85    0.527  #0c0c0c   13 1  0.0038
  86    0.530  #0c0c0d   13 2  0.0057
  87    0.534  #0d0c0c   13 3  0.0075
  88    0.536  #0d0c0d   13 4  0.0037
  89    0.547  #0c0d0c   13 5  0.0203
  90    0.549  #0c0d0d   13 6  0.0036
  91    0.553  #0d0d0c   13 7  0.0073
  92    0.555  #0d0d0d   14 1  0.0036
  93    0.558  #0d0d0e   14 2  0.0054
  94    0.563  #0e0d0d   14 3  0.0089
  95    0.566  #0e0d0e   14 4  0.0053
  96    0.578  #0d0e0d   14 5  0.0210
  97    0.581  #0d0e0e   14 6  0.0052
  98    0.586  #0e0e0d   14 7  0.0086
  99    0.588  #0e0e0e   15 1  0.0034
 100    0.592  #0e0e0f   15 2  0.0068
 101    0.598  #0f0e0e   15 3  0.0101
 102    0.601  #0f0e0f   15 4  0.0050
 103    0.616  #0e0f0e   15 5  0.0247
 104    0.619  #0e0f0f   15 6  0.0049
 105    0.625  #0f0f0e   15 7  0.0096
 106    0.628  #0f0f0f   16 1  0.0048
 107    0.633  #0f0f10   16 2  0.0079
 108    0.640  #100f0f   16 3  0.0110
 109    0.644  #100f10   16 4  0.0062
 110    0.661  #0f100f   16 5  0.0261
 111    0.665  #0f1010   16 6  0.0060
 112    0.672  #10100f   16 7  0.0105
 113    0.676  #101010   17 1  0.0059
 114    0.680  #101011   17 2  0.0059
 115    0.688  #111010   17 3  0.0117
 116    0.693  #111011   17 4  0.0072
 117    0.712  #101110   17 5  0.0270
 118    0.716  #101111   17 6  0.0056
 119    0.724  #111110   17 7  0.0111
 120    0.728  #111111   18 1  0.0055
 121    0.733  #111112   18 2  0.0068
 122    0.742  #121111   18 3  0.0122
 123    0.746  #121112   18 4  0.0054
 124    0.766  #111211   18 5  0.0265
 125    0.771  #111212   18 6  0.0065
 126    0.780  #121211   18 7  0.0116
 127    0.784  #121212   19 1  0.0051
 128    0.789  #121213   19 2  0.0064
 129    0.798  #131212   19 3  0.0113
 130    0.802  #131213   19 4  0.0050
 131    0.823  #121312   19 5  0.0258
 132    0.828  #121313   19 6  0.0061
 133    0.836  #131312   19 7  0.0096
 134    0.841  #131313   20 1  0.0060
 135    0.846  #131314   20 2  0.0059
 136    0.856  #141313   20 3  0.0118
 137    0.861  #141314   20 4  0.0058
 138    0.883  #131413   20 5  0.0252
 139    0.888  #131414   20 6  0.0056
 140    0.897  #141413   20 7  0.0101
 141    0.902  #141414   21 1  0.0056
 142    0.908  #141415   21 2  0.0066
 143    0.918  #151414   21 3  0.0110
 144    0.923  #151415   21 4  0.0054
 145    0.947  #141514   21 5  0.0257
 146    0.953  #141515   21 6  0.0063
 147    0.963  #151514   21 7  0.0104
 148    0.968  #151515   22 1  0.0052
 149    0.975  #151516   22 2  0.0072
 150    0.986  #161515   22 3  0.0112
 151    0.993  #161516   22 4  0.0071
 152    1.020  #151615   22 5  0.0268
 153    1.027  #151616   22 6  0.0068
 154    1.038  #161615   22 7  0.0107
 155    1.044  #161616   23 1  0.0058
 156    1.051  #161617   23 2  0.0067
 157    1.064  #171616   23 3  0.0123
 158    1.071  #171617   23 4  0.0066
 159    1.103  #161716   23 5  0.0294
 160    1.110  #161717   23 6  0.0063
 161    1.123  #171716   23 7  0.0116
 162    1.130  #171717   24 1  0.0062
 163    1.138  #171718   24 2  0.0071
 164    1.153  #181717   24 3  0.0131
 165    1.161  #181718   24 4  0.0069
 166    1.196  #171817   24 5  0.0297
 167    1.204  #171818   24 6  0.0067
 168    1.219  #181817   24 7  0.0124
 169    1.227  #181818   25 1  0.0065
 170    1.235  #181819   25 2  0.0065
 171    1.252  #191818   25 3  0.0137
 172    1.261  #191819   25 4  0.0072
 173    1.300  #181918   25 5  0.0305
 174    1.310  #181919   25 6  0.0077
 175    1.326  #191918   25 7  0.0121
 176    1.335  #191919   26 1  0.0068
 177    1.345  #19191a   26 2  0.0075
 178    1.362  #1a1919   26 3  0.0126
 179    1.372  #1a191a   26 4  0.0073
 180    1.414  #191a19   26 5  0.0302
 181    1.423  #191a1a   26 6  0.0063
 182    1.441  #1a1a19   26 7  0.0126
 183    1.450  #1a1a1a   27 1  0.0062
 184    1.460  #1a1a1b   27 2  0.0069
 185    1.479  #1b1a1a   27 3  0.0129
 186    1.489  #1b1a1b   27 4  0.0067
 187    1.535  #1a1b1a   27 5  0.0304
 188    1.545  #1a1b1b   27 6  0.0065
 189    1.564  #1b1b1a   27 7  0.0122
 190    1.574  #1b1b1b   28 1  0.0064
 191    1.584  #1b1b1c   28 2  0.0063
 192    1.603  #1c1b1b   28 3  0.0119
 193    1.614  #1c1b1c   28 4  0.0068
 194    1.661  #1b1c1b   28 5  0.0287
 195    1.671  #1b1c1c   28 6  0.0060
 196    1.691  #1c1c1b   28 7  0.0119
 197    1.702  #1c1c1c   29 1  0.0065
 198    1.713  #1c1c1d   29 2  0.0064
 199    1.733  #1d1c1c   29 3  0.0116
 200    1.744  #1d1c1d   29 4  0.0063
 201    1.790  #1c1d1c   29 5  0.0260
 202    1.800  #1c1d1d   29 6  0.0056
 203    1.820  #1d1d1c   29 7  0.0110
 204    1.830  #1d1d1d   30 1  0.0055
 205    1.840  #1d1d1e   30 2  0.0054
 206    1.860  #1e1d1d   30 3  0.0108
 207    1.880  #1e1d1e   30 4  0.0107
 208    1.930  #1d1e1d   30 5  0.0262
 209    1.940  #1d1e1e   30 6  0.0052
 210    1.960  #1e1e1d   30 7  0.0103
 211    1.980  #1e1e1e   31 1  0.0102
 212    1.990  #1e1e1f   31 2  0.0050
 213    2.010  #1f1e1e   31 3  0.0100
 214    2.030  #1f1e1f   31 4  0.0099
 215    2.080  #1e1f1e   31 5  0.0243
 216    2.100  #1e1f1f   31 6  0.0096
 217    2.120  #1f1f1e   31 7  0.0095
 218    2.130  #1f1f1f   32 1  0.0047
 219    2.150  #1f1f20   32 2  0.0093
 220    2.180  #201f1f   32 3  0.0139
 221    2.190  #201f20   32 4  0.0046
 222    2.260  #1f201f   32 5  0.0315
 223    2.270  #1f2020   32 6  0.0044
 224    2.300  #20201f   32 7  0.0131
 225    2.310  #202020   33 1  0.0043
 226    2.330  #202021   33 2  0.0086
 227    2.360  #212020   33 3  0.0128
 228    2.370  #212021   33 4  0.0042
 229    2.440  #202120   33 5  0.0291
 230    2.460  #202121   33 6  0.0082
 231    2.490  #212120   33 7  0.0121
 232    2.500  #212121   34 1  0.0040
 233    2.520  #212122   34 2  0.0080
 234    2.540  #222121   34 3  0.0079
 235    2.560  #222122   34 4  0.0078
 236    2.630  #212221   34 5  0.0270
 237    2.650  #212222   34 6  0.0076
 238    2.680  #222221   34 7  0.0113
 239    2.690  #222222   35 1  0.0037
 240    2.710  #222223   35 2  0.0074
 241    2.740  #232222   35 3  0.0110
 242    2.760  #232223   35 4  0.0073
 243    2.830  #222322   35 5  0.0250
 244    2.850  #222323   35 6  0.0070
 245    2.880  #232322   35 7  0.0105
 246    2.890  #232323   36 1  0.0035
 247    2.910  #232324   36 2  0.0069
 248    2.940  #242323   36 3  0.0103
 249    2.960  #242324   36 4  0.0068
 250    3.030  #232423   36 5  0.0234
 251    3.050  #232424   36 6  0.0066
 252    3.080  #242423   36 7  0.0098
 253    3.100  #242424   37 1  0.0065
 254    3.120  #242425   37 2  0.0064
 255    3.150  #252424   37 3  0.0096
 256    3.170  #252425   37 4  0.0063
 257    3.250  #242524   37 5  0.0249
 258    3.260  #242525   37 6  0.0031
 259    3.300  #252524   37 7  0.0122
 260    3.310  #252525   38 1  0.0030
 261    3.330  #252526   38 2  0.0060
 262    3.370  #262525   38 3  0.0119
 263    3.380  #262526   38 4  0.0030
 264    3.470  #252625   38 5  0.0263
 265    3.490  #252626   38 6  0.0057
 266    3.520  #262625   38 7  0.0086
 267    3.540  #262626   39 1  0.0057
 268    3.560  #262627   39 2  0.0056
 269    3.590  #272626   39 3  0.0084
 270    3.610  #272627   39 4  0.0056
 271    3.700  #262726   39 5  0.0246
 272    3.720  #262727   39 6  0.0054
 273    3.750  #272726   39 7  0.0080
 274    3.770  #272727   40 1  0.0053
 275    3.790  #272728   40 2  0.0053
 276    3.830  #282727   40 3  0.0105
 277    3.850  #282728   40 4  0.0052
 278    3.940  #272827   40 5  0.0231
 279    3.960  #272828   40 6  0.0051
 280    4.000  #282827   40 7  0.0101
 281    4.020  #282828   41 1  0.0050
 282    4.040  #282829   41 2  0.0050
 283    4.080  #292828   41 3  0.0099
 284    4.100  #292829   41 4  0.0049
 285    4.200  #282928   41 5  0.0241
 286    4.220  #282929   41 6  0.0048
 287    4.260  #292928   41 7  0.0094
 288    4.280  #292929   42 1  0.0047
 289    4.300  #29292a   42 2  0.0047
 290    4.340  #2a2929   42 3  0.0093
 291    4.370  #2a292a   42 4  0.0069
 292    4.470  #292a29   42 5  0.0226
 293    4.490  #292a2a   42 6  0.0045
 294    4.530  #2a2a29   42 7  0.0089
 295    4.560  #2a2a2a   43 1  0.0066
 296    4.580  #2a2a2b   43 2  0.0044
 297    4.620  #2b2a2a   43 3  0.0087
 298    4.650  #2b2a2b   43 4  0.0065
 299    4.760  #2a2b2a   43 5  0.0234
 300    4.780  #2a2b2b   43 6  0.0042
 301    4.820  #2b2b2a   43 7  0.0083
 302    4.850  #2b2b2b   44 1  0.0062
 303    4.870  #2b2b2c   44 2  0.0041
 304    4.920  #2c2b2b   44 3  0.0102
 305    4.940  #2c2b2c   44 4  0.0041
 306    5.060  #2b2c2b   44 5  0.0240
 307    5.080  #2b2c2c   44 6  0.0039
 308    5.130  #2c2c2b   44 7  0.0098
 309    5.150  #2c2c2c   45 1  0.0039
 310    5.180  #2c2c2d   45 2  0.0058
 311    5.230  #2d2c2c   45 3  0.0096
 312    5.250  #2d2c2d   45 4  0.0038
 313    5.370  #2c2d2c   45 5  0.0226
 314    5.400  #2c2d2d   45 6  0.0056
 315    5.440  #2d2d2c   45 7  0.0074
 316    5.470  #2d2d2d   46 1  0.0055
 317    5.500  #2d2d2e   46 2  0.0055
 318    5.550  #2e2d2d   46 3  0.0090
 319    5.570  #2e2d2e   46 4  0.0036
 320    5.700  #2d2e2d   46 5  0.0231
 321    5.730  #2d2e2e   46 6  0.0052
 322    5.780  #2e2e2d   46 7  0.0087
 323    5.810  #2e2e2e   47 1  0.0052
 324    5.840  #2e2e2f   47 2  0.0052
 325    5.890  #2f2e2e   47 3  0.0085
 326    5.920  #2f2e2f   47 4  0.0051
 327    6.050  #2e2f2e   47 5  0.0217
 328    6.080  #2e2f2f   47 6  0.0049
 329    6.140  #2f2f2e   47 7  0.0098
 330    6.160  #2f2f2f   48 1  0.0033
 331    6.190  #2f2f30   48 2  0.0049
 332    6.250  #302f2f   48 3  0.0096
 333    6.280  #302f30   48 4  0.0048
 334    6.420  #2f302f   48 5  0.0220
 335    6.450  #2f3030   48 6  0.0047
 336    6.510  #30302f   48 7  0.0093
 337    6.540  #303030   49 1  0.0046
 338    6.570  #303031   49 2  0.0046
 339    6.620  #313030   49 3  0.0076
 340    6.660  #313031   49 4  0.0060
 341    6.800  #303130   49 5  0.0208
 342    6.830  #303131   49 6  0.0044
 343    6.890  #313130   49 7  0.0087
 344    6.910  #313131   50 1  0.0029
 345    6.950  #313132   50 2  0.0058
 346    7.010  #323131   50 3  0.0086
 347    7.040  #323132   50 4  0.0043
 348    7.190  #313231   50 5  0.0211
 349    7.220  #313232   50 6  0.0042
 350    7.280  #323231   50 7  0.0083
 351    7.310  #323232   51 1  0.0041
 352    7.340  #323233   51 2  0.0041
 353    7.400  #333232   51 3  0.0081
 354    7.440  #333233   51 4  0.0054
 355    7.590  #323332   51 5  0.0200
 356    7.630  #323333   51 6  0.0053
 357    7.680  #333332   51 7  0.0065
 358    7.720  #333333   52 1  0.0052
 359    7.750  #333334   52 2  0.0039
 360    7.810  #343333   52 3  0.0077
 361    7.850  #343334   52 4  0.0051
 362    8.000  #333433   52 5  0.0189
 363    8.040  #333434   52 6  0.0050
 364    8.100  #343433   52 7  0.0074
 365    8.130  #343434   53 1  0.0037
 366    8.170  #343435   53 2  0.0049
 367    8.240  #353434   53 3  0.0085
 368    8.270  #353435   53 4  0.0036
 369    8.440  #343534   53 5  0.0203
 370    8.480  #343535   53 6  0.0047
 371    8.540  #353534   53 7  0.0071
 372    8.580  #353535   54 1  0.0047
 373    8.620  #353536   54 2  0.0047
 374    8.680  #363535   54 3  0.0069
 375    8.720  #363536   54 4  0.0046
 376    8.890  #353635   54 5  0.0193
 377    8.930  #353636   54 6  0.0045
 378    9.000  #363635   54 7  0.0078
 379    9.030  #363636   55 1  0.0033
 380    9.070  #363637   55 2  0.0044
 381    9.140  #373636   55 3  0.0077
 382    9.180  #373637   55 4  0.0044
 383    9.360  #363736   55 5  0.0194
 384    9.390  #363737   55 6  0.0032
 385    9.460  #373736   55 7  0.0074
 386    9.500  #373737   56 1  0.0042
 387    9.540  #373738   56 2  0.0042
 388    9.610  #383737   56 3  0.0073
 389    9.650  #383738   56 4  0.0042
 390    9.830  #373837   56 5  0.0185
 391    9.880  #373838   56 6  0.0051
 392    9.940  #383837   56 7  0.0061
 393    9.980  #383838   57 1  0.0040
 394   10.030  #383839   57 2  0.0050
 395   10.100  #393838   57 3  0.0070
 396   10.140  #393839   57 4  0.0040
 397   10.340  #383938   57 5  0.0195
 398   10.370  #383939   57 6  0.0029
 399   10.450  #393938   57 7  0.0077
 400   10.490  #393939   58 1  0.0038
 401   10.530  #39393a   58 2  0.0038
 402   10.610  #3a3939   58 3  0.0076
 403   10.650  #3a393a   58 4  0.0038
 404   10.860  #393a39   58 5  0.0195
 405   10.900  #393a3a   58 6  0.0037
 406   10.980  #3a3a39   58 7  0.0073
 407   11.020  #3a3a3a   59 1  0.0036
 408   11.070  #3a3a3b   59 2  0.0045
 409   11.150  #3b3a3a   59 3  0.0072
 410   11.190  #3b3a3b   59 4  0.0036
 411   11.400  #3a3b3a   59 5  0.0186
 412   11.440  #3a3b3b   59 6  0.0035
 413   11.520  #3b3b3a   59 7  0.0070
 414   11.560  #3b3b3b   60 1  0.0035
 415   11.600  #3b3b3c   60 2  0.0035
 416   11.690  #3c3b3b   60 3  0.0077
 417   11.730  #3c3b3c   60 4  0.0034
 418   11.950  #3b3c3b   60 5  0.0186
 419   12.000  #3b3c3c   60 6  0.0042
 420   12.080  #3c3c3b   60 7  0.0066
 421   12.130  #3c3c3c   61 1  0.0041
 422   12.180  #3c3c3d   61 2  0.0041
 423   12.250  #3d3c3c   61 3  0.0057
 424   12.300  #3d3c3d   61 4  0.0041
 425   12.520  #3c3d3c   61 5  0.0177
 426   12.560  #3c3d3d   61 6  0.0032
 427   12.650  #3d3d3c   61 7  0.0071
 428   12.700  #3d3d3d   62 1  0.0039
 429   12.750  #3d3d3e   62 2  0.0039
 430   12.840  #3e3d3d   62 3  0.0070
 431   12.890  #3e3d3e   62 4  0.0039
 432   13.130  #3d3e3d   62 5  0.0184
 433   13.180  #3d3e3e   62 6  0.0038
 434   13.260  #3e3e3d   62 7  0.0061
 435   13.310  #3e3e3e   63 1  0.0038
 436   13.370  #3e3e3f   63 2  0.0045
 437   13.460  #3f3e3e   63 3  0.0067
 438   13.510  #3f3e3f   63 4  0.0037
 439   13.770  #3e3f3e   63 5  0.0191
 440   13.810  #3e3f3f   63 6  0.0029
 441   13.910  #3f3f3e   63 7  0.0072
 442   13.960  #3f3f3f   64 1  0.0036
 443   14.010  #3f3f40   64 2  0.0036
 444   14.090  #403f3f   64 3  0.0057
 445   14.150  #403f40   64 4  0.0042
 446   14.370  #3f403f   64 5  0.0154
 447   14.420  #3f4040   64 6  0.0035
 448   14.510  #40403f   64 7  0.0062
 449   14.550  #404040   65 1  0.0028
 450   14.610  #404041   65 2  0.0041
 451   14.690  #414040   65 3  0.0055
 452   14.740  #414041   65 4  0.0034
 453   14.960  #404140   65 5  0.0148
 454   15.010  #404141   65 6  0.0033
 455   15.090  #414140   65 7  0.0053
 456   15.140  #414141   66 1  0.0033
 457   15.180  #414142   66 2  0.0026
 458   15.270  #424141   66 3  0.0059
 459   15.330  #424142   66 4  0.0039
 460   15.550  #414241   66 5  0.0142
 461   15.600  #414242   66 6  0.0032
 462   15.690  #424241   66 7  0.0058
 463   15.730  #424242   67 1  0.0025
 464   15.790  #424243   67 2  0.0038
 465   15.880  #434242   67 3  0.0057
 466   15.930  #434243   67 4  0.0031
 467   16.160  #424342   67 5  0.0143
 468   16.220  #424343   67 6  0.0037
 469   16.300  #434342   67 7  0.0049
 470   16.360  #434343   68 1  0.0037
 471   16.410  #434344   68 2  0.0031
 472   16.490  #444343   68 3  0.0049
 473   16.540  #444344   68 4  0.0030
 474   16.790  #434443   68 5  0.0150
 475   16.830  #434444   68 6  0.0024
 476   16.920  #444443   68 7  0.0053
 477   16.970  #444444   69 1  0.0030
 478   17.020  #444445   69 2  0.0029
 479   17.110  #454444   69 3  0.0053
 480   17.170  #454445   69 4  0.0035
 481   17.400  #444544   69 5  0.0133
 482   17.460  #444545   69 6  0.0034
 483   17.550  #454544   69 7  0.0051
 484   17.590  #454545   70 1  0.0023
 485   17.650  #454546   70 2  0.0034
 486   17.750  #464545   70 3  0.0056
 487   17.790  #464546   70 4  0.0023
 488   18.000  #454645   70 5  0.0117
 489   18.100  #454646   70 6  0.0055
 490   18.100  #464645   70 7  0.0000
 491   18.200  #464646   71 1  0.0055
 492   18.300  #464647   71 2  0.0055
 493   18.300  #474646   71 3  0.0000
 494   18.400  #474647   71 4  0.0054
 495   18.700  #464746   71 5  0.0162
 496   18.700  #464747   71 6  0.0000
 497   18.800  #474746   71 7  0.0053
 498   18.900  #474747   72 1  0.0053
 499   18.900  #474748   72 2  0.0000
 500   19.000  #484747   72 3  0.0053
 501   19.100  #484748   72 4  0.0052
 502   19.300  #474847   72 5  0.0104
 503   19.400  #474848   72 6  0.0052
 504   19.500  #484847   72 7  0.0051
 505   19.500  #484848   73 1  0.0000
 506   19.600  #484849   73 2  0.0051
 507   19.700  #494848   73 3  0.0051
 508   19.800  #494849   73 4  0.0051
 509   20.000  #484948   73 5  0.0101
 510   20.100  #484949   73 6  0.0050
 511   20.200  #494948   73 7  0.0050
 512   20.200  #494949   74 1  0.0000
 513   20.300  #49494a   74 2  0.0049
 514   20.400  #4a4949   74 3  0.0049
 515   20.500  #4a494a   74 4  0.0049
 516   20.700  #494a49   74 5  0.0097
 517   20.800  #494a4a   74 6  0.0048
 518   20.900  #4a4a49   74 7  0.0048
 519   21.000  #4a4a4a   75 1  0.0048
 520   21.000  #4a4a4b   75 2  0.0000
 521   21.100  #4b4a4a   75 3  0.0048
 522   21.200  #4b4a4b   75 4  0.0047
 523   21.500  #4a4b4a   75 5  0.0141
 524   21.500  #4a4b4b   75 6  0.0000
 525   21.600  #4b4b4a   75 7  0.0046
 526   21.700  #4b4b4b   76 1  0.0046
 527   21.700  #4b4b4c   76 2  0.0000
 528   21.900  #4c4b4b   76 3  0.0092
 529   21.900  #4c4b4c   76 4  0.0000
 530   22.200  #4b4c4b   76 5  0.0136
 531   22.300  #4b4c4c   76 6  0.0045
 532   22.400  #4c4c4b   76 7  0.0045
 533   22.500  #4c4c4c   77 1  0.0045
 534   22.500  #4c4c4d   77 2  0.0000
 535   22.600  #4d4c4c   77 3  0.0044
 536   22.700  #4d4c4d   77 4  0.0044
 537   23.000  #4c4d4c   77 5  0.0131
 538   23.000  #4c4d4d   77 6  0.0000
 539   23.200  #4d4d4c   77 7  0.0087
 540   23.200  #4d4d4d   78 1  0.0000
 541   23.300  #4d4d4e   78 2  0.0043
 542   23.400  #4e4d4d   78 3  0.0043
 543   23.500  #4e4d4e   78 4  0.0043
 544   23.800  #4d4e4d   78 5  0.0127
 545   23.800  #4d4e4e   78 6  0.0000
 546   23.900  #4e4e4d   78 7  0.0042
 547   24.000  #4e4e4e   79 1  0.0042
 548   24.100  #4e4e4f   79 2  0.0042
 549   24.200  #4f4e4e   79 3  0.0041
 550   24.200  #4f4e4f   79 4  0.0000
 551   24.500  #4e4f4e   79 5  0.0123
 552   24.600  #4e4f4f   79 6  0.0041
 553   24.700  #4f4f4e   79 7  0.0041
 554   24.800  #4f4f4f   80 1  0.0040
 555   24.900  #4f4f50   80 2  0.0040
 556   25.000  #504f4f   80 3  0.0040
 557   25.000  #504f50   80 4  0.0000
 558   25.300  #4f504f   80 5  0.0119
 559   25.400  #4f5050   80 6  0.0039
 560   25.500  #50504f   80 7  0.0039
 561   25.600  #505050   81 1  0.0039
 562   25.600  #505051   81 2  0.0000
 563   25.800  #515050   81 3  0.0078
 564   25.800  #515051   81 4  0.0000
 565   26.200  #505150   81 5  0.0154
 566   26.200  #505151   81 6  0.0000
 567   26.300  #515150   81 7  0.0038
 568   26.400  #515151   82 1  0.0038
 569   26.500  #515152   82 2  0.0038
 570   26.600  #525151   82 3  0.0038
 571   26.700  #525152   82 4  0.0038
 572   26.900  #515251   82 5  0.0075
 573   27.000  #515252   82 6  0.0037
 574   27.200  #525251   82 7  0.0074
 575   27.200  #525252   83 1  0.0000
 576   27.300  #525253   83 2  0.0037
 577   27.400  #535252   83 3  0.0037
 578   27.500  #535253   83 4  0.0036
 579   27.800  #525352   83 5  0.0108
 580   27.900  #525353   83 6  0.0036
 581   28.000  #535352   83 7  0.0036
 582   28.100  #535353   84 1  0.0036
 583   28.200  #535354   84 2  0.0036
 584   28.300  #545353   84 3  0.0035
 585   28.400  #545354   84 4  0.0035
 586   28.700  #535453   84 5  0.0105
 587   28.800  #535454   84 6  0.0035
 588   28.900  #545453   84 7  0.0035
 589   28.900  #545454   85 1  0.0000
 590   29.000  #545455   85 2  0.0035
 591   29.200  #555454   85 3  0.0069
 592   29.200  #555455   85 4  0.0000
 593   29.500  #545554   85 5  0.0102
 594   29.600  #545555   85 6  0.0034
 595   29.700  #555554   85 7  0.0034
 596   29.800  #555555   86 1  0.0034
 597   29.900  #555556   86 2  0.0034
 598   30.000  #565555   86 3  0.0033
 599   30.100  #565556   86 4  0.0033
 600   30.400  #555655   86 5  0.0099
 601   30.500  #555656   86 6  0.0033
 602   30.600  #565655   86 7  0.0033
 603   30.700  #565656   87 1  0.0033
 604   30.800  #565657   87 2  0.0033
 605   30.900  #575656   87 3  0.0032
 606   31.000  #575657   87 4  0.0032
 607   31.300  #565756   87 5  0.0096
 608   31.400  #565757   87 6  0.0032
 609   31.500  #575756   87 7  0.0032
 610   31.600  #575757   88 1  0.0032
 611   31.600  #575758   88 2  0.0000
 612   31.800  #585757   88 3  0.0063
 613   31.800  #585758   88 4  0.0000
 614   32.200  #575857   88 5  0.0125
 615   32.300  #575858   88 6  0.0031
 616   32.400  #585857   88 7  0.0031
 617   32.500  #585858   89 1  0.0031
 618   32.500  #585859   89 2  0.0000
 619   32.700  #595858   89 3  0.0061
 620   32.700  #595859   89 4  0.0000
 621   33.100  #585958   89 5  0.0122
 622   33.200  #585959   89 6  0.0030
 623   33.300  #595958   89 7  0.0030
 624   33.300  #595959   90 1  0.0000
 625   33.400  #59595a   90 2  0.0030
 626   33.600  #5a5959   90 3  0.0060
 627   33.600  #5a595a   90 4  0.0000
 628   34.000  #595a59   90 5  0.0118
 629   34.100  #595a5a   90 6  0.0029
 630   34.200  #5a5a59   90 7  0.0029
 631   34.200  #5a5a5a   91 1  0.0000
 632   34.400  #5a5a5b   91 2  0.0058
 633   34.500  #5b5a5a   91 3  0.0029
 634   34.500  #5b5a5b   91 4  0.0000
 635   34.900  #5a5b5a   91 5  0.0115
 636   35.000  #5a5b5b   91 6  0.0029
 637   35.100  #5b5b5a   91 7  0.0029
 638   35.200  #5b5b5b   92 1  0.0028
 639   35.200  #5b5b5c   92 2  0.0000
 640   35.400  #5c5b5b   92 3  0.0057
 641   35.500  #5c5b5c   92 4  0.0028
 642   35.800  #5b5c5b   92 5  0.0084
 643   35.900  #5b5c5c   92 6  0.0028
 644   36.100  #5c5c5b   92 7  0.0056
 645   36.100  #5c5c5c   93 1  0.0000
 646   36.200  #5c5c5d   93 2  0.0028
 647   36.300  #5d5c5c   93 3  0.0028
 648   36.400  #5d5c5d   93 4  0.0028
 649   36.800  #5c5d5c   93 5  0.0109
 650   36.900  #5c5d5d   93 6  0.0027
 651   37.000  #5d5d5c   93 7  0.0027
 652   37.000  #5d5d5d   94 1  0.0000
 653   37.100  #5d5d5e   94 2  0.0027
 654   37.200  #5e5d5d   94 3  0.0027
 655   37.400  #5e5d5e   94 4  0.0054
 656   37.700  #5d5e5d   94 5  0.0080
 657   37.800  #5d5e5e   94 6  0.0026
 658   37.900  #5e5e5d   94 7  0.0026
 659   38.000  #5e5e5e   95 1  0.0026
 660   38.100  #5e5e5f   95 2  0.0026
 661   38.200  #5f5e5e   95 3  0.0026
 662   38.300  #5f5e5f   95 4  0.0026
 663   38.700  #5e5f5e   95 5  0.0104
 664   38.700  #5e5f5f   95 6  0.0000
 665   38.800  #5f5f5e   95 7  0.0026
 666   39.000  #5f5f5f   96 1  0.0051
 667   39.000  #5f5f60   96 2  0.0000
 668   39.200  #605f5f   96 3  0.0051
 669   39.300  #605f60   96 4  0.0025
 670   39.600  #5f605f   96 5  0.0076
 671   39.700  #5f6060   96 6  0.0025
 672   39.900  #60605f   96 7  0.0050
 673   40.000  #606060   97 1  0.0025
 674   40.100  #606061   97 2  0.0025
 675   40.200  #616060   97 3  0.0025
 676   40.300  #616061   97 4  0.0025
 677   40.600  #606160   97 5  0.0074
 678   40.700  #606161   97 6  0.0025
 679   40.900  #616160   97 7  0.0049
 680   41.000  #616161   98 1  0.0024
 681   41.000  #616162   98 2  0.0000
 682   41.200  #626161   98 3  0.0049
 683   41.300  #626162   98 4  0.0024
 684   41.600  #616261   98 5  0.0072
 685   41.700  #616262   98 6  0.0024
 686   41.800  #626261   98 7  0.0024
 687   42.000  #626262   99 1  0.0048
 688   42.000  #626263   99 2  0.0000
 689   42.200  #636262   99 3  0.0048
 690   42.200  #636263   99 4  0.0000
 691   42.600  #626362   99 5  0.0094
 692   42.700  #626363   99 6  0.0023
 693   42.800  #636362   99 7  0.0023
 694   42.900  #636363  100 1  0.0023
 695   43.000  #636364  100 2  0.0023
 696   43.100  #646363  100 3  0.0023
 697   43.200  #646364  100 4  0.0023
 698   43.600  #636463  100 5  0.0092
 699   43.700  #636464  100 6  0.0023
 700   43.800  #646463  100 7  0.0023
 701   43.900  #646464  101 1  0.0023
 702   43.900  #646465  101 2  0.0000
 703   44.100  #656464  101 3  0.0045
 704   44.200  #656465  101 4  0.0023
 705   44.600  #646564  101 5  0.0090
 706   44.700  #646565  101 6  0.0022
 707   44.900  #656564  101 7  0.0045
 708   44.900  #656565  102 1  0.0000
 709   45.000  #656566  102 2  0.0022
 710   45.100  #666565  102 3  0.0022
 711   45.200  #666566  102 4  0.0022
 712   45.600  #656665  102 5  0.0088
 713   45.700  #656666  102 6  0.0022
 714   45.900  #666665  102 7  0.0044
 715   46.000  #666666  103 1  0.0022
 716   46.100  #666667  103 2  0.0022
 717   46.200  #676666  103 3  0.0022
 718   46.300  #676667  103 4  0.0022
 719   46.700  #666766  103 5  0.0086
 720   46.700  #666767  103 6  0.0000
 721   46.900  #676766  103 7  0.0043
 722   47.000  #676767  104 1  0.0021
 723   47.100  #676768  104 2  0.0021
 724   47.200  #686767  104 3  0.0021
 725   47.300  #686768  104 4  0.0021
 726   47.700  #676867  104 5  0.0084
 727   47.700  #676868  104 6  0.0000
 728   47.900  #686867  104 7  0.0042
 729   48.000  #686868  105 1  0.0021
 730   48.100  #686869  105 2  0.0021
 731   48.300  #696868  105 3  0.0041
 732   48.400  #696869  105 4  0.0021
 733   48.700  #686968  105 5  0.0062
 734   48.800  #686969  105 6  0.0021
 735   49.000  #696968  105 7  0.0041
 736   49.000  #696969  106 1  0.0000
 737   49.100  #69696a  106 2  0.0020
 738   49.300  #6a6969  106 3  0.0041
 739   49.400  #6a696a  106 4  0.0020
 740   49.800  #696a69  106 5  0.0081
 741   49.800  #696a6a  106 6  0.0000
 742   50.000  #6a6a69  106 7  0.0040
 743   50.100  #6a6a6a  107 1  0.0020
 744   50.200  #6a6a6b  107 2  0.0020
 745   50.300  #6b6a6a  107 3  0.0020
 746   50.400  #6b6a6b  107 4  0.0020
 747   50.800  #6a6b6a  107 5  0.0079
 748   50.900  #6a6b6b  107 6  0.0020
 749   51.100  #6b6b6a  107 7  0.0039
 750   51.200  #6b6b6b  108 1  0.0020
 751   51.300  #6b6b6c  108 2  0.0020
 752   51.400  #6c6b6b  108 3  0.0019
 753   51.500  #6c6b6c  108 4  0.0019
 754   51.900  #6b6c6b  108 5  0.0077
 755   52.000  #6b6c6c  108 6  0.0019
 756   52.100  #6c6c6b  108 7  0.0019
 757   52.200  #6c6c6c  109 1  0.0019
 758   52.300  #6c6c6d  109 2  0.0019
 759   52.400  #6d6c6c  109 3  0.0019
 760   52.500  #6d6c6d  109 4  0.0019
 761   52.900  #6c6d6c  109 5  0.0076
 762   53.000  #6c6d6d  109 6  0.0019
 763   53.100  #6d6d6c  109 7  0.0019
 764   53.200  #6d6d6d  110 1  0.0019
 765   53.300  #6d6d6e  110 2  0.0019
 766   53.400  #6e6d6d  110 3  0.0019
 767   53.500  #6e6d6e  110 4  0.0019
 768   53.900  #6d6e6d  110 5  0.0074
 769   54.000  #6d6e6e  110 6  0.0019
 770   54.100  #6e6e6d  110 7  0.0019
 771   54.200  #6e6e6e  111 1  0.0018
 772   54.300  #6e6e6f  111 2  0.0018
 773   54.500  #6f6e6e  111 3  0.0037
 774   54.600  #6f6e6f  111 4  0.0018
 775   55.000  #6e6f6e  111 5  0.0073
 776   55.000  #6e6f6f  111 6  0.0000
 777   55.200  #6f6f6e  111 7  0.0036
 778   55.300  #6f6f6f  112 1  0.0018
 779   55.400  #6f6f70  112 2  0.0018
 780   55.500  #706f6f  112 3  0.0018
 781   55.700  #706f70  112 4  0.0036
 782   56.100  #6f706f  112 5  0.0072
 783   56.100  #6f7070  112 6  0.0000
 784   56.200  #70706f  112 7  0.0018
 785   56.400  #707070  113 1  0.0036
 786   56.400  #707071  113 2  0.0000
 787   56.600  #717070  113 3  0.0035
 788   56.700  #717071  113 4  0.0018
 789   57.000  #707170  113 5  0.0053
 790   57.200  #707171  113 6  0.0035
 791   57.300  #717170  113 7  0.0017
 792   57.400  #717171  114 1  0.0017
 793   57.500  #717172  114 2  0.0017
 794   57.700  #727171  114 3  0.0035
 795   57.700  #727172  114 4  0.0000
 796   58.100  #717271  114 5  0.0069
 797   58.200  #717272  114 6  0.0017
 798   58.400  #727271  114 7  0.0034
 799   58.400  #727272  115 1  0.0000
 800   58.500  #727273  115 2  0.0017
 801   58.700  #737272  115 3  0.0034
 802   58.800  #737273  115 4  0.0017
 803   59.200  #727372  115 5  0.0068
 804   59.300  #727373  115 6  0.0017
 805   59.400  #737372  115 7  0.0017
 806   59.500  #737373  116 1  0.0017
 807   59.600  #737374  116 2  0.0017
 808   59.800  #747373  116 3  0.0034
 809   59.900  #747374  116 4  0.0017
 810   60.200  #737473  116 5  0.0050
 811   60.300  #737474  116 6  0.0017
 812   60.500  #747473  116 7  0.0033
 813   60.600  #747474  117 1  0.0017
 814   60.700  #747475  117 2  0.0016
 815   60.800  #757474  117 3  0.0016
 816   60.900  #757475  117 4  0.0016
 817   61.300  #747574  117 5  0.0065
 818   61.400  #747575  117 6  0.0016
 819   61.500  #757574  117 7  0.0016
 820   61.600  #757575  118 1  0.0016
 821   61.700  #757576  118 2  0.0016
 822   61.900  #767575  118 3  0.0032
 823   62.000  #767576  118 4  0.0016
 824   62.400  #757675  118 5  0.0064
 825   62.400  #757676  118 6  0.0000
 826   62.600  #767675  118 7  0.0032
 827   62.600  #767676  119 1  0.0000
 828   62.600  #767677  119 2  0.0000
 829   63.000  #777676  119 3  0.0064
 830   63.100  #777677  119 4  0.0016
 831   63.500  #767776  119 5  0.0063
 832   63.600  #767777  119 6  0.0016
 833   63.700  #777776  119 7  0.0016
 834   63.800  #777777  120 1  0.0016
 835   63.900  #777778  120 2  0.0016
 836   64.000  #787777  120 3  0.0016
 837   64.100  #787778  120 4  0.0016
 838   64.500  #777877  120 5  0.0062
 839   64.600  #777878  120 6  0.0015
 840   64.800  #787877  120 7  0.0031
 841   64.900  #787878  121 1  0.0015
 842   65.000  #787879  121 2  0.0015
 843   65.100  #797878  121 3  0.0015
 844   65.200  #797879  121 4  0.0015
 845   65.600  #787978  121 5  0.0061
 846   65.700  #787979  121 6  0.0015
 847   65.900  #797978  121 7  0.0030
 848   65.900  #797979  122 1  0.0000
 849   66.000  #79797a  122 2  0.0015
 850   66.200  #7a7979  122 3  0.0030
 851   66.300  #7a797a  122 4  0.0015
 852   66.700  #797a79  122 5  0.0060
 853   66.700  #797a7a  122 6  0.0000
 854   66.900  #7a7a79  122 7  0.0030
 855   67.000  #7a7a7a  123 1  0.0015
 856   67.100  #7a7a7b  123 2  0.0015
 857   67.300  #7b7a7a  123 3  0.0030
 858   67.400  #7b7a7b  123 4  0.0015
 859   67.700  #7a7b7a  123 5  0.0044
 860   67.800  #7a7b7b  123 6  0.0015
 861   68.000  #7b7b7a  123 7  0.0029
 862   68.100  #7b7b7b  124 1  0.0015
 863   68.200  #7b7b7c  124 2  0.0015
 864   68.400  #7c7b7b  124 3  0.0029
 865   68.400  #7c7b7c  124 4  0.0000
 866   68.900  #7b7c7b  124 5  0.0073
 867   68.900  #7b7c7c  124 6  0.0000
 868   69.100  #7c7c7b  124 7  0.0029
 869   69.100  #7c7c7c  125 1  0.0000
 870   69.300  #7c7c7d  125 2  0.0029
 871   69.400  #7d7c7c  125 3  0.0014
 872   69.600  #7d7c7d  125 4  0.0029
 873   70.000  #7c7d7c  125 5  0.0057
 874   70.000  #7c7d7d  125 6  0.0000
 875   70.200  #7d7d7c  125 7  0.0029
 876   70.200  #7d7d7d  126 1  0.0000
 877   70.300  #7d7d7e  126 2  0.0014
 878   70.500  #7e7d7d  126 3  0.0028
 879   70.600  #7e7d7e  126 4  0.0014
 880   71.100  #7d7e7d  126 5  0.0071
 881   71.200  #7d7e7e  126 6  0.0014
 882   71.400  #7e7e7d  126 7  0.0028
 883   71.500  #7e7e7e  127 1  0.0014
 884   71.600  #7e7e7f  127 2  0.0014
 885   71.800  #7f7e7e  127 3  0.0028
 886   71.900  #7f7e7f  127 4  0.0014
 887   72.300  #7e7f7e  127 5  0.0055
 888   72.500  #7e7f7f  127 6  0.0028
 889   72.700  #7f7f7e  127 7  0.0028
 890   72.800  #7f7f7f  128 1  0.0014
 891   72.800  #7f7f80  128 2  0.0000
 892   73.000  #807f7f  128 3  0.0027
 893   73.200  #807f80  128 4  0.0027
 894   73.800  #7f807f  128 5  0.0082
 895   74.000  #7f8080  128 6  0.0027
 896   74.200  #80807f  128 7  0.0027
 897   74.300  #808080  129 1  0.0013
 898   74.400  #808081  129 2  0.0013
 899   74.600  #818080  129 3  0.0027
 900   74.800  #818081  129 4  0.0027
 901   75.300  #808180  129 5  0.0067
 902   75.500  #808181  129 6  0.0027
 903   75.700  #818180  129 7  0.0026
 904   75.900  #818181  130 1  0.0026
 905   76.000  #818182  130 2  0.0013
 906   76.200  #828181  130 3  0.0026
 907   76.300  #828182  130 4  0.0013
 908   76.900  #818281  130 5  0.0078
 909   77.100  #818282  130 6  0.0026
 910   77.300  #828281  130 7  0.0026
 911   77.400  #828282  131 1  0.0013
 912   77.600  #828283  131 2  0.0026
 913   77.700  #838282  131 3  0.0013
 914   77.800  #838283  131 4  0.0013
 915   78.400  #828382  131 5  0.0077
 916   78.600  #828383  131 6  0.0025
 917   78.900  #838382  131 7  0.0038
 918   79.000  #838383  132 1  0.0013
 919   79.100  #838384  132 2  0.0013
 920   79.300  #848383  132 3  0.0025
 921   79.400  #848384  132 4  0.0013
 922   80.000  #838483  132 5  0.0075
 923   80.200  #838484  132 6  0.0025
 924   80.400  #848483  132 7  0.0025
 925   80.500  #848484  133 1  0.0012
 926   80.700  #848485  133 2  0.0025
 927   80.900  #858484  133 3  0.0025
 928   81.000  #858485  133 4  0.0012
 929   81.500  #848584  133 5  0.0062
 930   81.700  #848585  133 6  0.0025
 931   81.900  #858584  133 7  0.0024
 932   82.100  #858585  134 1  0.0024
 933   82.200  #858586  134 2  0.0012
 934   82.400  #868585  134 3  0.0024
 935   82.500  #868586  134 4  0.0012
 936   83.000  #858685  134 5  0.0060
 937   83.300  #858686  134 6  0.0036
 938   83.500  #868685  134 7  0.0024
 939   83.600  #868686  135 1  0.0012
 940   83.800  #868687  135 2  0.0024
 941   84.000  #878686  135 3  0.0024
 942   84.100  #878687  135 4  0.0012
 943   84.600  #868786  135 5  0.0059
 944   84.800  #868787  135 6  0.0024
 945   85.000  #878786  135 7  0.0024
 946   85.200  #878787  136 1  0.0024
 947   85.300  #878788  136 2  0.0012
 948   85.600  #888787  136 3  0.0035
 949   85.600  #888788  136 4  0.0000
 950   86.100  #878887  136 5  0.0058
 951   86.300  #878888  136 6  0.0023
 952   86.600  #888887  136 7  0.0035
 953   86.700  #888888  137 1  0.0012
 954   86.900  #888889  137 2  0.0023
 955   87.100  #898888  137 3  0.0023
 956   87.200  #898889  137 4  0.0011
 957   87.700  #888988  137 5  0.0057
 958   87.900  #888989  137 6  0.0023
 959   88.200  #898988  137 7  0.0034
 960   88.300  #898989  138 1  0.0011
 961   88.400  #89898a  138 2  0.0011
 962   88.700  #8a8989  138 3  0.0034
 963   88.800  #8a898a  138 4  0.0011
 964   89.300  #898a89  138 5  0.0056
 965   89.500  #898a8a  138 6  0.0022
 966   89.800  #8a8a89  138 7  0.0033
 967   89.900  #8a8a8a  139 1  0.0011
 968   90.000  #8a8a8b  139 2  0.0011
 969   90.300  #8b8a8a  139 3  0.0033
 970   90.300  #8b8a8b  139 4  0.0000
 971   91.000  #8a8b8a  139 5  0.0077
 972   91.100  #8a8b8b  139 6  0.0011
 973   91.400  #8b8b8a  139 7  0.0033
 974   91.500  #8b8b8b  140 1  0.0011
 975   91.600  #8b8b8c  140 2  0.0011
 976   91.900  #8c8b8b  140 3  0.0033
 977   92.000  #8c8b8c  140 4  0.0011
 978   92.600  #8b8c8b  140 5  0.0065
 979   92.800  #8b8c8c  140 6  0.0022
 980   93.100  #8c8c8b  140 7  0.0032
 981   93.200  #8c8c8c  141 1  0.0011
 982   93.300  #8c8c8d  141 2  0.0011
 983   93.500  #8d8c8c  141 3  0.0021
 984   93.700  #8d8c8d  141 4  0.0021
 985   94.300  #8c8d8c  141 5  0.0064
 986   94.500  #8c8d8d  141 6  0.0021
 987   94.700  #8d8d8c  141 7  0.0021
 988   94.900  #8d8d8d  142 1  0.0021
 989   94.900  #8d8d8e  142 2  0.0000
 990   95.200  #8e8d8d  142 3  0.0032
 991   95.300  #8e8d8e  142 4  0.0010
 992   96.000  #8d8e8d  142 5  0.0073
 993   96.100  #8d8e8e  142 6  0.0010
 994   96.400  #8e8e8d  142 7  0.0031
 995   96.500  #8e8e8e  143 1  0.0010
 996   96.600  #8e8e8f  143 2  0.0010
 997   96.900  #8f8e8e  143 3  0.0031
 998   97.100  #8f8e8f  143 4  0.0021
 999   97.700  #8e8f8e  143 5  0.0062
1000   97.800  #8e8f8f  143 6  0.0010
1001   98.100  #8f8f8e  143 7  0.0031
1002   98.200  #8f8f8f  144 1  0.0010
1003   98.300  #8f8f90  144 2  0.0010
1004   98.600  #908f8f  144 3  0.0030
1005   98.800  #908f90  144 4  0.0020
1006   99.400  #8f908f  144 5  0.0061
1007   99.500  #8f9090  144 6  0.0010
1008   99.700  #90908f  144 7  0.0020
1009   99.800  #909090  145 1  0.0010
1010  100.000  #909091  145 2  0.0020
1011  100.300  #919090  145 3  0.0030
1012  100.500  #919091  145 4  0.0020
1013  101.100  #909190  145 5  0.0060
1014  101.300  #909191  145 6  0.0020
1015  101.500  #919190  145 7  0.0020
1016  101.600  #919191  146 1  0.0010
1017  101.800  #919192  146 2  0.0020
1018  102.100  #929191  146 3  0.0029
1019  102.300  #929192  146 4  0.0020
1020  102.800  #919291  146 5  0.0049
1021  102.900  #919292  146 6  0.0010
1022  103.200  #929291  146 7  0.0029
1023  103.400  #929292  147 1  0.0019
1024  103.600  #929293  147 2  0.0019
1025  103.800  #939292  147 3  0.0019
1026  104.000  #939293  147 4  0.0019
1027  104.600  #929392  147 5  0.0058
1028  104.700  #929393  147 6  0.0010
1029  105.000  #939392  147 7  0.0029
1030  105.200  #939393  148 1  0.0019
1031  105.400  #939394  148 2  0.0019
1032  105.600  #949393  148 3  0.0019
1033  105.700  #949394  148 4  0.0009
1034  106.400  #939493  148 5  0.0066
1035  106.600  #939494  148 6  0.0019
1036  106.900  #949493  148 7  0.0028
1037  107.000  #949494  149 1  0.0009
1038  107.200  #949495  149 2  0.0019
1039  107.400  #959494  149 3  0.0019
1040  107.500  #959495  149 4  0.0009
1041  108.200  #949594  149 5  0.0065
1042  108.400  #949595  149 6  0.0018
1043  108.600  #959594  149 7  0.0018
1044  108.800  #959595  150 1  0.0018
1045  108.900  #959596  150 2  0.0009
1046  109.100  #969595  150 3  0.0018
1047  109.400  #969596  150 4  0.0027
1048  110.100  #959695  150 5  0.0064
1049  110.200  #959696  150 6  0.0009
1050  110.500  #969695  150 7  0.0027
1051  110.600  #969696  151 1  0.0009
1052  110.700  #969697  151 2  0.0009
1053  111.000  #979696  151 3  0.0027
1054  111.200  #979697  151 4  0.0018
1055  111.900  #969796  151 5  0.0063
1056  112.100  #969797  151 6  0.0018
1057  112.300  #979796  151 7  0.0018
1058  112.400  #979797  152 1  0.0009
1059  112.600  #979798  152 2  0.0018
1060  112.900  #989797  152 3  0.0027
1061  113.100  #989798  152 4  0.0018
1062  113.800  #979897  152 5  0.0062
1063  113.800  #979898  152 6  0.0000
1064  114.100  #989897  152 7  0.0026
1065  114.300  #989898  153 1  0.0018
1066  114.500  #989899  153 2  0.0017
1067  114.800  #999898  153 3  0.0026
1068  114.900  #999899  153 4  0.0009
1069  115.500  #989998  153 5  0.0052
1070  115.700  #989999  153 6  0.0017
1071  116.000  #999998  153 7  0.0026
1072  116.200  #999999  154 1  0.0017
1073  116.400  #99999a  154 2  0.0017
1074  116.600  #9a9999  154 3  0.0017
1075  116.700  #9a999a  154 4  0.0009
1076  117.500  #999a99  154 5  0.0068
1077  117.600  #999a9a  154 6  0.0009
1078  117.900  #9a9a99  154 7  0.0025
1079  118.100  #9a9a9a  155 1  0.0017
1080  118.200  #9a9a9b  155 2  0.0008
1081  118.500  #9b9a9a  155 3  0.0025
1082  118.700  #9b9a9b  155 4  0.0017
1083  119.400  #9a9b9a  155 5  0.0059
1084  119.600  #9a9b9b  155 6  0.0017
1085  119.900  #9b9b9a  155 7  0.0025
1086  120.000  #9b9b9b  156 1  0.0008
1087  120.100  #9b9b9c  156 2  0.0008
1088  120.500  #9c9b9b  156 3  0.0033
1089  120.600  #9c9b9c  156 4  0.0008
1090  121.300  #9b9c9b  156 5  0.0058
1091  121.500  #9b9c9c  156 6  0.0016
1092  121.600  #9c9c9b  156 7  0.0008
1093  121.900  #9c9c9c  157 1  0.0025
1094  122.100  #9c9c9d  157 2  0.0016
1095  122.400  #9d9c9c  157 3  0.0025
1096  122.600  #9d9c9d  157 4  0.0016
1097  123.200  #9c9d9c  157 5  0.0049
1098  123.300  #9c9d9d  157 6  0.0008
1099  123.700  #9d9d9c  157 7  0.0032
1100  123.900  #9d9d9d  158 1  0.0016
1101  124.000  #9d9d9e  158 2  0.0008
1102  124.300  #9e9d9d  158 3  0.0024
1103  124.500  #9e9d9e  158 4  0.0016
1104  125.200  #9d9e9d  158 5  0.0056
1105  125.300  #9d9e9e  158 6  0.0008
1106  125.600  #9e9e9d  158 7  0.0024
1107  125.800  #9e9e9e  159 1  0.0016
1108  126.000  #9e9e9f  159 2  0.0016
1109  126.200  #9f9e9e  159 3  0.0016
1110  126.400  #9f9e9f  159 4  0.0016
1111  127.100  #9e9f9e  159 5  0.0055
1112  127.300  #9e9f9f  159 6  0.0016
1113  127.600  #9f9f9e  159 7  0.0024
1114  127.700  #9f9f9f  160 1  0.0008
1115  127.900  #9f9fa0  160 2  0.0016
1116  128.200  #a09f9f  160 3  0.0023
1117  128.400  #a09fa0  160 4  0.0016
1118  129.200  #9fa09f  160 5  0.0062
1119  129.300  #9fa0a0  160 6  0.0008
1120  129.600  #a0a09f  160 7  0.0023
1121  129.900  #a0a0a0  161 1  0.0023
1122  130.000  #a0a0a1  161 2  0.0008
1123  130.300  #a1a0a0  161 3  0.0023
1124  130.500  #a1a0a1  161 4  0.0015
1125  131.200  #a0a1a0  161 5  0.0053
1126  131.300  #a0a1a1  161 6  0.0008
1127  131.600  #a1a1a0  161 7  0.0023
1128  131.800  #a1a1a1  162 1  0.0015
1129  132.000  #a1a1a2  162 2  0.0015
1130  132.300  #a2a1a1  162 3  0.0023
1131  132.500  #a2a1a2  162 4  0.0015
1132  133.200  #a1a2a1  162 5  0.0053
1133  133.400  #a1a2a2  162 6  0.0015
1134  133.600  #a2a2a1  162 7  0.0015
1135  133.900  #a2a2a2  163 1  0.0022
1136  134.100  #a2a2a3  163 2  0.0015
1137  134.400  #a3a2a2  163 3  0.0022
1138  134.600  #a3a2a3  163 4  0.0015
1139  135.300  #a2a3a2  163 5  0.0052
1140  135.500  #a2a3a3  163 6  0.0015
1141  135.700  #a3a3a2  163 7  0.0015
1142  135.900  #a3a3a3  164 1  0.0015
1143  136.200  #a3a3a4  164 2  0.0022
1144  136.400  #a4a3a3  164 3  0.0015
1145  136.600  #a4a3a4  164 4  0.0015
1146  137.300  #a3a4a3  164 5  0.0051
1147  137.400  #a3a4a4  164 6  0.0007
1148  137.800  #a4a4a3  164 7  0.0029
1149  138.000  #a4a4a4  165 1  0.0015
1150  138.200  #a4a4a5  165 2  0.0014
1151  138.500  #a5a4a4  165 3  0.0022
1152  138.600  #a5a4a5  165 4  0.0007
1153  139.400  #a4a5a4  165 5  0.0058
1154  139.600  #a4a5a5  165 6  0.0014
1155  139.900  #a5a5a4  165 7  0.0021
1156  140.100  #a5a5a5  166 1  0.0014
1157  140.200  #a5a5a6  166 2  0.0007
1158  140.500  #a6a5a5  166 3  0.0021
1159  140.800  #a6a5a6  166 4  0.0021
1160  141.500  #a5a6a5  166 5  0.0050
1161  141.600  #a5a6a6  166 6  0.0007
1162  141.900  #a6a6a5  166 7  0.0021
1163  142.100  #a6a6a6  167 1  0.0014
1164  142.300  #a6a6a7  167 2  0.0014
1165  142.600  #a7a6a6  167 3  0.0021
1166  142.800  #a7a6a7  167 4  0.0014
1167  143.500  #a6a7a6  167 5  0.0049
1168  143.700  #a6a7a7  167 6  0.0014
1169  144.000  #a7a7a6  167 7  0.0021
1170  144.200  #a7a7a7  168 1  0.0014
1171  144.400  #a7a7a8  168 2  0.0014
1172  144.600  #a8a7a7  168 3  0.0014
1173  144.800  #a8a7a8  168 4  0.0014
1174  145.500  #a7a8a7  168 5  0.0048
1175  145.800  #a7a8a8  168 6  0.0021
1176  146.100  #a8a8a7  168 7  0.0021
1177  146.200  #a8a8a8  169 1  0.0007
1178  146.400  #a8a8a9  169 2  0.0014
1179  146.700  #a9a8a8  169 3  0.0020
1180  146.900  #a9a8a9  169 4  0.0014
1181  147.600  #a8a9a8  169 5  0.0048
1182  147.800  #a8a9a9  169 6  0.0014
1183  148.000  #a9a9a8  169 7  0.0014
1184  148.300  #a9a9a9  170 1  0.0020
1185  148.500  #a9a9aa  170 2  0.0013
1186  148.800  #aaa9a9  170 3  0.0020
1187  149.000  #aaa9aa  170 4  0.0013
1188  149.700  #a9aaa9  170 5  0.0047
1189  149.900  #a9aaaa  170 6  0.0013
1190  150.200  #aaaaa9  170 7  0.0020
1191  150.400  #aaaaaa  171 1  0.0013
1192  150.700  #aaaaab  171 2  0.0020
1193  150.800  #abaaaa  171 3  0.0007
1194  151.000  #abaaab  171 4  0.0013
1195  151.900  #aaabaa  171 5  0.0059
1196  152.100  #aaabab  171 6  0.0013
1197  152.400  #ababaa  171 7  0.0020
1198  152.400  #ababab  172 1  0.0000
1199  152.700  #ababac  172 2  0.0020
1200  153.000  #acabab  172 3  0.0020
1201  153.200  #acabac  172 4  0.0013
1202  153.900  #abacab  172 5  0.0046
1203  154.000  #abacac  172 6  0.0006
1204  154.400  #acacab  172 7  0.0026
1205  154.600  #acacac  173 1  0.0013
1206  154.800  #acacad  173 2  0.0013
1207  155.100  #adacac  173 3  0.0019
1208  155.200  #adacad  173 4  0.0006
1209  155.900  #acadac  173 5  0.0045
1210  156.200  #acadad  173 6  0.0019
1211  156.600  #adadac  173 7  0.0026
1212  156.700  #adadad  174 1  0.0006
1213  156.800  #adadae  174 2  0.0006
1214  157.100  #aeadad  174 3  0.0019
1215  157.400  #aeadae  174 4  0.0019
1216  158.100  #adaead  174 5  0.0044
1217  158.300  #adaeae  174 6  0.0013
1218  158.400  #aeaead  174 7  0.0006
1219  158.700  #aeaeae  175 1  0.0019
1220  159.000  #aeaeaf  175 2  0.0019
1221  159.300  #afaeae  175 3  0.0019
1222  159.400  #afaeaf  175 4  0.0006
1223  160.100  #aeafae  175 5  0.0044
1224  160.400  #aeafaf  175 6  0.0019
1225  160.700  #afafae  175 7  0.0019
1226  160.900  #afafaf  176 1  0.0012
1227  161.100  #afafb0  176 2  0.0012
1228  161.300  #b0afaf  176 3  0.0012
1229  161.500  #b0afb0  176 4  0.0012
1230  162.300  #afb0af  176 5  0.0049
1231  162.500  #afb0b0  176 6  0.0012
1232  162.800  #b0b0af  176 7  0.0018
1233  162.900  #b0b0b0  177 1  0.0006
1234  163.200  #b0b0b1  177 2  0.0018
1235  163.500  #b1b0b0  177 3  0.0018
1236  163.700  #b1b0b1  177 4  0.0012
1237  164.300  #b0b1b0  177 5  0.0037
1238  164.500  #b0b1b1  177 6  0.0012
1239  164.900  #b1b1b0  177 7  0.0024
1240  165.100  #b1b1b1  178 1  0.0012
1241  165.300  #b1b1b2  178 2  0.0012
1242  165.500  #b2b1b1  178 3  0.0012
1243  165.700  #b2b1b2  178 4  0.0012
1244  166.500  #b1b2b1  178 5  0.0048
1245  166.800  #b1b2b2  178 6  0.0018
1246  167.100  #b2b2b1  178 7  0.0018
1247  167.100  #b2b2b2  179 1  0.0000
1248  167.400  #b2b2b3  179 2  0.0018
1249  167.800  #b3b2b2  179 3  0.0024
1250  167.900  #b3b2b3  179 4  0.0006
1251  168.600  #b2b3b2  179 5  0.0042
1252  168.800  #b2b3b3  179 6  0.0012
1253  169.100  #b3b3b2  179 7  0.0018
1254  169.400  #b3b3b3  180 1  0.0018
1255  169.500  #b3b3b4  180 2  0.0006
1256  169.800  #b4b3b3  180 3  0.0018
1257  169.900  #b4b3b4  180 4  0.0006
1258  170.700  #b3b4b3  180 5  0.0047
1259  171.000  #b3b4b4  180 6  0.0018
1260  171.300  #b4b4b3  180 7  0.0018
1261  171.400  #b4b4b4  181 1  0.0006
1262  171.600  #b4b4b5  181 2  0.0012
1263  171.900  #b5b4b4  181 3  0.0017
1264  172.200  #b5b4b5  181 4  0.0017
1265  172.900  #b4b5b4  181 5  0.0041
1266  173.000  #b4b5b5  181 6  0.0006
1267  173.300  #b5b5b4  181 7  0.0017
1268  173.600  #b5b5b5  182 1  0.0017
1269  173.800  #b5b5b6  182 2  0.0012
1270  174.100  #b6b5b5  182 3  0.0017
1271  174.200  #b6b5b6  182 4  0.0006
1272  175.000  #b5b6b5  182 5  0.0046
1273  175.300  #b5b6b6  182 6  0.0017
1274  175.600  #b6b6b5  182 7  0.0017
1275  175.700  #b6b6b6  183 1  0.0006
1276  175.800  #b6b6b7  183 2  0.0006
1277  176.200  #b7b6b6  183 3  0.0023
1278  176.400  #b7b6b7  183 4  0.0011
1279  177.200  #b6b7b6  183 5  0.0045
1280  177.200  #b6b7b7  183 6  0.0000
1281  177.600  #b7b7b6  183 7  0.0023
1282  177.800  #b7b7b7  184 1  0.0011
1283  178.000  #b7b7b8  184 2  0.0011
1284  178.300  #b8b7b7  184 3  0.0017
1285  178.400  #b8b7b8  184 4  0.0006
1286  179.000  #b7b8b7  184 5  0.0034
1287  179.000  #b7b8b8  184 6  0.0000
1288  179.000  #b8b8b7  184 7  0.0000
1289  179.000  #b8b8b8  185 1  0.0000
1290  179.000  #b8b8b9  185 2  0.0000
1291  180.000  #b9b8b8  185 3  0.0056
1292  180.000  #b9b8b9  185 4  0.0000
1293  181.000  #b8b9b8  185 5  0.0055
1294  181.000  #b8b9b9  185 6  0.0000
1295  181.000  #b9b9b8  185 7  0.0000
1296  182.000  #b9b9b9  186 1  0.0055
1297  182.000  #b9b9ba  186 2  0.0000
1298  182.000  #bab9b9  186 3  0.0000
1299  182.000  #bab9ba  186 4  0.0000
1300  183.000  #b9bab9  186 5  0.0055
1301  183.000  #b9baba  186 6  0.0000
1302  184.000  #babab9  186 7  0.0054
1303  184.000  #bababa  187 1  0.0000
1304  184.000  #bababb  187 2  0.0000
1305  184.000  #bbbaba  187 3  0.0000
1306  184.000  #bbbabb  187 4  0.0000
1307  185.000  #babbba  187 5  0.0054
1308  185.000  #babbbb  187 6  0.0000
1309  186.000  #bbbbba  187 7  0.0054
1310  186.000  #bbbbbb  188 1  0.0000
1311  186.000  #bbbbbc  188 2  0.0000
1312  186.000  #bcbbbb  188 3  0.0000
1313  187.000  #bcbbbc  188 4  0.0054
1314  187.000  #bbbcbb  188 5  0.0000
1315  188.000  #bbbcbc  188 6  0.0053
1316  188.000  #bcbcbb  188 7  0.0000
1317  188.000  #bcbcbc  189 1  0.0000
1318  188.000  #bcbcbd  189 2  0.0000
1319  189.000  #bdbcbc  189 3  0.0053
1320  189.000  #bdbcbd  189 4  0.0000
1321  189.000  #bcbdbc  189 5  0.0000
1322  190.000  #bcbdbd  189 6  0.0053
1323  190.000  #bdbdbc  189 7  0.0000
1324  190.000  #bdbdbd  190 1  0.0000
1325  190.000  #bdbdbe  190 2  0.0000
1326  191.000  #bebdbd  190 3  0.0052
1327  191.000  #bebdbe  190 4  0.0000
1328  192.000  #bdbebd  190 5  0.0052
1329  192.000  #bdbebe  190 6  0.0000
1330  192.000  #bebebd  190 7  0.0000
1331  192.000  #bebebe  191 1  0.0000
1332  193.000  #bebebf  191 2  0.0052
1333  193.000  #bfbebe  191 3  0.0000
1334  193.000  #bfbebf  191 4  0.0000
1335  194.000  #bebfbe  191 5  0.0052
1336  194.000  #bebfbf  191 6  0.0000
1337  194.000  #bfbfbe  191 7  0.0000
1338  195.000  #bfbfbf  192 1  0.0051
1339  195.000  #bfbfc0  192 2  0.0000
1340  195.000  #c0bfbf  192 3  0.0000
1341  196.000  #c0bfc0  192 4  0.0051
1342  197.000  #bfc0bf  192 5  0.0051
1343  197.000  #bfc0c0  192 6  0.0000
1344  197.000  #c0c0bf  192 7  0.0000
1345  197.000  #c0c0c0  193 1  0.0000
1346  198.000  #c0c0c1  193 2  0.0051
1347  198.000  #c1c0c0  193 3  0.0000
1348  198.000  #c1c0c1  193 4  0.0000
1349  199.000  #c0c1c0  193 5  0.0050
1350  200.000  #c0c1c1  193 6  0.0050
1351  200.000  #c1c1c0  193 7  0.0000
1352  200.000  #c1c1c1  194 1  0.0000
1353  200.000  #c1c1c2  194 2  0.0000
1354  201.000  #c2c1c1  194 3  0.0050
1355  201.000  #c2c1c2  194 4  0.0000
1356  202.000  #c1c2c1  194 5  0.0050
1357  202.000  #c1c2c2  194 6  0.0000
1358  203.000  #c2c2c1  194 7  0.0049
1359  203.000  #c2c2c2  195 1  0.0000
1360  203.000  #c2c2c3  195 2  0.0000
1361  203.000  #c3c2c2  195 3  0.0000
1362  204.000  #c3c2c3  195 4  0.0049
1363  205.000  #c2c3c2  195 5  0.0049
1364  205.000  #c2c3c3  195 6  0.0000
1365  205.000  #c3c3c2  195 7  0.0000
1366  206.000  #c3c3c3  196 1  0.0049
1367  206.000  #c3c3c4  196 2  0.0000
1368  206.000  #c4c3c3  196 3  0.0000
1369  207.000  #c4c3c4  196 4  0.0048
1370  208.000  #c3c4c3  196 5  0.0048
1371  208.000  #c3c4c4  196 6  0.0000
1372  208.000  #c4c4c3  196 7  0.0000
1373  208.000  #c4c4c4  197 1  0.0000
1374  209.000  #c4c4c5  197 2  0.0048
1375  209.000  #c5c4c4  197 3  0.0000
1376  209.000  #c5c4c5  197 4  0.0000
1377  210.000  #c4c5c4  197 5  0.0048
1378  211.000  #c4c5c5  197 6  0.0048
1379  211.000  #c5c5c4  197 7  0.0000
1380  211.000  #c5c5c5  198 1  0.0000
1381  211.000  #c5c5c6  198 2  0.0000
1382  212.000  #c6c5c5  198 3  0.0047
1383  212.000  #c6c5c6  198 4  0.0000
1384  213.000  #c5c6c5  198 5  0.0047
1385  213.000  #c5c6c6  198 6  0.0000
1386  214.000  #c6c6c5  198 7  0.0047
1387  214.000  #c6c6c6  199 1  0.0000
1388  214.000  #c6c6c7  199 2  0.0000
1389  215.000  #c7c6c6  199 3  0.0047
1390  215.000  #c7c6c7  199 4  0.0000
1391  216.000  #c6c7c6  199 5  0.0046
1392  216.000  #c6c7c7  199 6  0.0000
1393  217.000  #c7c7c6  199 7  0.0046
1394  217.000  #c7c7c7  200 1  0.0000
1395  217.000  #c7c7c8  200 2  0.0000
1396  218.000  #c8c7c7  200 3  0.0046
1397  218.000  #c8c7c8  200 4  0.0000
1398  219.000  #c7c8c7  200 5  0.0046
1399  219.000  #c7c8c8  200 6  0.0000
1400  220.000  #c8c8c7  200 7  0.0046
1401  220.000  #c8c8c8  201 1  0.0000
1402  220.000  #c8c8c9  201 2  0.0000
1403  221.000  #c9c8c8  201 3  0.0045
1404  221.000  #c9c8c9  201 4  0.0000
1405  222.000  #c8c9c8  201 5  0.0045
1406  222.000  #c8c9c9  201 6  0.0000
1407  223.000  #c9c9c8  201 7  0.0045
1408  223.000  #c9c9c9  202 1  0.0000
1409  223.000  #c9c9ca  202 2  0.0000
1410  223.000  #cac9c9  202 3  0.0000
1411  224.000  #cac9ca  202 4  0.0045
1412  225.000  #c9cac9  202 5  0.0045
1413  225.000  #c9caca  202 6  0.0000
1414  225.000  #cacac9  202 7  0.0000
1415  226.000  #cacaca  203 1  0.0044
1416  226.000  #cacacb  203 2  0.0000
1417  226.000  #cbcaca  203 3  0.0000
1418  227.000  #cbcacb  203 4  0.0044
1419  228.000  #cacbca  203 5  0.0044
1420  228.000  #cacbcb  203 6  0.0000
1421  228.000  #cbcbca  203 7  0.0000
1422  228.000  #cbcbcb  204 1  0.0000
1423  229.000  #cbcbcc  204 2  0.0044
1424  229.000  #cccbcb  204 3  0.0000
1425  229.000  #cccbcc  204 4  0.0000
1426  230.000  #cbcccb  204 5  0.0044
1427  231.000  #cbcccc  204 6  0.0043
1428  231.000  #cccccb  204 7  0.0000
1429  231.000  #cccccc  205 1  0.0000
1430  232.000  #cccccd  205 2  0.0043
1431  232.000  #cdcccc  205 3  0.0000
1432  232.000  #cdcccd  205 4  0.0000
1433  233.000  #cccdcc  205 5  0.0043
1434  233.000  #cccdcd  205 6  0.0000
1435  234.000  #cdcdcc  205 7  0.0043
1436  234.000  #cdcdcd  206 1  0.0000
1437  235.000  #cdcdce  206 2  0.0043
1438  235.000  #cecdcd  206 3  0.0000
1439  235.000  #cecdce  206 4  0.0000
1440  236.000  #cdcecd  206 5  0.0042
1441  237.000  #cdcece  206 6  0.0042
1442  237.000  #cececd  206 7  0.0000
1443  237.000  #cecece  207 1  0.0000
1444  237.000  #cececf  207 2  0.0000
1445  238.000  #cfcece  207 3  0.0042
1446  238.000  #cfcecf  207 4  0.0000
1447  239.000  #cecfce  207 5  0.0042
1448  239.000  #cecfcf  207 6  0.0000
1449  240.000  #cfcfce  207 7  0.0042
1450  240.000  #cfcfcf  208 1  0.0000
1451  240.000  #cfcfd0  208 2  0.0000
1452  240.000  #d0cfcf  208 3  0.0000
1453  241.000  #d0cfd0  208 4  0.0042
1454  242.000  #cfd0cf  208 5  0.0041
1455  242.000  #cfd0d0  208 6  0.0000
1456  242.000  #d0d0cf  208 7  0.0000
1457  243.000  #d0d0d0  209 1  0.0041
1458  243.000  #d0d0d1  209 2  0.0000
1459  243.000  #d1d0d0  209 3  0.0000
1460  244.000  #d1d0d1  209 4  0.0041
1461  245.000  #d0d1d0  209 5  0.0041
1462  245.000  #d0d1d1  209 6  0.0000
1463  245.000  #d1d1d0  209 7  0.0000
1464  246.000  #d1d1d1  210 1  0.0041
1465  246.000  #d1d1d2  210 2  0.0000
1466  246.000  #d2d1d1  210 3  0.0000
1467  246.000  #d2d1d2  210 4  0.0000
1468  247.000  #d1d2d1  210 5  0.0041
1469  248.000  #d1d2d2  210 6  0.0040
1470  248.000  #d2d2d1  210 7  0.0000
1471  248.000  #d2d2d2  211 1  0.0000
1472  249.000  #d2d2d3  211 2  0.0040
1473  249.000  #d3d2d2  211 3  0.0000
1474  249.000  #d3d2d3  211 4  0.0000
1475  250.000  #d2d3d2  211 5  0.0040
1476  250.000  #d2d3d3  211 6  0.0000
1477  251.000  #d3d3d2  211 7  0.0040
1478  251.000  #d3d3d3  212 1  0.0000
1479  251.000  #d3d3d4  212 2  0.0000
1480  252.000  #d4d3d3  212 3  0.0040
1481  252.000  #d4d3d4  212 4  0.0000
1482  253.000  #d3d4d3  212 5  0.0040
1483  253.000  #d3d4d4  212 6  0.0000
1484  254.000  #d4d4d3  212 7  0.0039
1485  254.000  #d4d4d4  213 1  0.0000
1486  254.000  #d4d4d5  213 2  0.0000
1487  254.000  #d5d4d4  213 3  0.0000
1488  255.000  #d5d4d5  213 4  0.0039
1489  256.000  #d4d5d4  213 5  0.0039
1490  256.000  #d4d5d5  213 6  0.0000
1491  256.000  #d5d5d4  213 7  0.0000
1492  257.000  #d5d5d5  214 1  0.0039
1493  257.000  #d5d5d6  214 2  0.0000
1494  257.000  #d6d5d5  214 3  0.0000
1495  258.000  #d6d5d6  214 4  0.0039
1496  259.000  #d5d6d5  214 5  0.0039
1497  259.000  #d5d6d6  214 6  0.0000
1498  259.000  #d6d6d5  214 7  0.0000
1499  260.000  #d6d6d6  215 1  0.0039
1500  260.000  #d6d6d7  215 2  0.0000
1501  260.000  #d7d6d6  215 3  0.0000
1502  261.000  #d7d6d7  215 4  0.0038
1503  262.000  #d6d7d6  215 5  0.0038
1504  262.000  #d6d7d7  215 6  0.0000
1505  262.000  #d7d7d6  215 7  0.0000
1506  262.000  #d7d7d7  216 1  0.0000
1507  263.000  #d7d7d8  216 2  0.0038
1508  263.000  #d8d7d7  216 3  0.0000
1509  263.000  #d8d7d8  216 4  0.0000
1510  264.000  #d7d8d7  216 5  0.0038
1511  265.000  #d7d8d8  216 6  0.0038
1512  265.000  #d8d8d7  216 7  0.0000
1513  266.000  #d8d8d8  217 1  0.0038
1514  266.000  #d8d8d9  217 2  0.0000
1515  266.000  #d9d8d8  217 3  0.0000
1516  266.000  #d9d8d9  217 4  0.0000
1517  267.000  #d8d9d8  217 5  0.0038
1518  268.000  #d8d9d9  217 6  0.0037
1519  268.000  #d9d9d8  217 7  0.0000
1520  268.000  #d9d9d9  218 1  0.0000
1521  269.000  #d9d9da  218 2  0.0037
1522  269.000  #dad9d9  218 3  0.0000
1523  269.000  #dad9da  218 4  0.0000
1524  270.000  #d9dad9  218 5  0.0037
1525  271.000  #d9dada  218 6  0.0037
1526  271.000  #dadad9  218 7  0.0000
1527  271.000  #dadada  219 1  0.0000
1528  271.000  #dadadb  219 2  0.0000
1529  272.000  #dbdada  219 3  0.0037
1530  272.000  #dbdadb  219 4  0.0000
1531  273.000  #dadbda  219 5  0.0037
1532  273.000  #dadbdb  219 6  0.0000
1533  274.000  #dbdbda  219 7  0.0037
1534  274.000  #dbdbdb  220 1  0.0000
1535  274.000  #dbdbdc  220 2  0.0000
1536  275.000  #dcdbdb  220 3  0.0036
1537  275.000  #dcdbdc  220 4  0.0000
1538  276.000  #dbdcdb  220 5  0.0036
1539  276.000  #dbdcdc  220 6  0.0000
1540  277.000  #dcdcdb  220 7  0.0036
1541  277.000  #dcdcdc  221 1  0.0000
1542  277.000  #dcdcdd  221 2  0.0000
1543  277.000  #dddcdc  221 3  0.0000
1544  278.000  #dddcdd  221 4  0.0036
1545  279.000  #dcdddc  221 5  0.0036
1546  279.000  #dcdddd  221 6  0.0000
1547  279.000  #dddddc  221 7  0.0000
1548  280.000  #dddddd  222 1  0.0036
1549  280.000  #ddddde  222 2  0.0000
1550  280.000  #dedddd  222 3  0.0000
1551  281.000  #deddde  222 4  0.0036
1552  281.000  #dddedd  222 5  0.0000
1553  282.000  #dddede  222 6  0.0036
1554  282.000  #dededd  222 7  0.0000
1555  282.000  #dedede  223 1  0.0000
1556  283.000  #dededf  223 2  0.0035
1557  283.000  #dfdede  223 3  0.0000
1558  283.000  #dfdedf  223 4  0.0000
1559  284.000  #dedfde  223 5  0.0035
1560  284.000  #dedfdf  223 6  0.0000
1561  285.000  #dfdfde  223 7  0.0035
1562  285.000  #dfdfdf  224 1  0.0000
1563  285.000  #dfdfe0  224 2  0.0000
1564  286.000  #e0dfdf  224 3  0.0035
1565  286.000  #e0dfe0  224 4  0.0000
1566  287.000  #dfe0df  224 5  0.0035
1567  287.000  #dfe0e0  224 6  0.0000
1568  288.000  #e0e0df  224 7  0.0035
1569  288.000  #e0e0e0  225 1  0.0000
1570  288.000  #e0e0e1  225 2  0.0000
1571  288.000  #e1e0e0  225 3  0.0000
1572  289.000  #e1e0e1  225 4  0.0035
1573  289.000  #e0e1e0  225 5  0.0000
1574  290.000  #e0e1e1  225 6  0.0035
1575  290.000  #e1e1e0  225 7  0.0000
1576  290.000  #e1e1e1  226 1  0.0000
1577  291.000  #e1e1e2  226 2  0.0034
1578  291.000  #e2e1e1  226 3  0.0000
1579  291.000  #e2e1e2  226 4  0.0000
1580  292.000  #e1e2e1  226 5  0.0034
1581  292.000  #e1e2e2  226 6  0.0000
1582  293.000  #e2e2e1  226 7  0.0034
1583  293.000  #e2e2e2  227 1  0.0000
1584  293.000  #e2e2e3  227 2  0.0000
1585  294.000  #e3e2e2  227 3  0.0034
1586  294.000  #e3e2e3  227 4  0.0000
1587  295.000  #e2e3e2  227 5  0.0034
1588  295.000  #e2e3e3  227 6  0.0000
1589  295.000  #e3e3e2  227 7  0.0000
1590  296.000  #e3e3e3  228 1  0.0034
1591  296.000  #e3e3e4  228 2  0.0000
1592  296.000  #e4e3e3  228 3  0.0000
1593  296.000  #e4e3e4  228 4  0.0000
1594  297.000  #e3e4e3  228 5  0.0034
1595  297.000  #e3e4e4  228 6  0.0000
1596  298.000  #e4e4e3  228 7  0.0034
1597  298.000  #e4e4e4  229 1  0.0000
1598  298.000  #e4e4e5  229 2  0.0000
1599  299.000  #e5e4e4  229 3  0.0034
1600  299.000  #e5e4e5  229 4  0.0000
1601  300.000  #e4e5e4  229 5  0.0033
1602  300.000  #e4e5e5  229 6  0.0000
1603  300.000  #e5e5e4  229 7  0.0000
1604  301.000  #e5e5e5  230 1  0.0033
1605  301.000  #e5e5e6  230 2  0.0000
1606  301.000  #e6e5e5  230 3  0.0000
1607  301.000  #e6e5e6  230 4  0.0000
1608  303.000  #e5e6e5  230 5  0.0066
1609  303.000  #e5e6e6  230 6  0.0000
1610  303.000  #e6e6e5  230 7  0.0000
1611  303.000  #e6e6e6  231 1  0.0000
1612  304.000  #e6e6e7  231 2  0.0033
1613  304.000  #e7e6e6  231 3  0.0000
1614  304.000  #e7e6e7  231 4  0.0000
1615  305.000  #e6e7e6  231 5  0.0033
1616  305.000  #e6e7e7  231 6  0.0000
1617  306.000  #e7e7e6  231 7  0.0033
1618  306.000  #e7e7e7  232 1  0.0000
1619  306.000  #e7e7e8  232 2  0.0000
1620  307.000  #e8e7e7  232 3  0.0033
1621  307.000  #e8e7e8  232 4  0.0000
1622  308.000  #e7e8e7  232 5  0.0033
1623  308.000  #e7e8e8  232 6  0.0000
1624  308.000  #e8e8e7  232 7  0.0000
1625  309.000  #e8e8e8  233 1  0.0032
1626  309.000  #e8e8e9  233 2  0.0000
1627  309.000  #e9e8e8  233 3  0.0000
1628  310.000  #e9e8e9  233 4  0.0032
1629  310.000  #e8e9e8  233 5  0.0000
1630  311.000  #e8e9e9  233 6  0.0032
1631  311.000  #e9e9e8  233 7  0.0000
1632  311.000  #e9e9e9  234 1  0.0000
1633  311.000  #e9e9ea  234 2  0.0000
1634  312.000  #eae9e9  234 3  0.0032
1635  312.000  #eae9ea  234 4  0.0000
1636  313.000  #e9eae9  234 5  0.0032
1637  313.000  #e9eaea  234 6  0.0000
1638  314.000  #eaeae9  234 7  0.0032
1639  314.000  #eaeaea  235 1  0.0000
1640  314.000  #eaeaeb  235 2  0.0000
1641  315.000  #ebeaea  235 3  0.0032
1642  315.000  #ebeaeb  235 4  0.0000
1643  316.000  #eaebea  235 5  0.0032
1644  316.000  #eaebeb  235 6  0.0000
1645  316.000  #ebebea  235 7  0.0000
1646  317.000  #ebebeb  236 1  0.0032
1647  317.000  #ebebec  236 2  0.0000
1648  317.000  #ecebeb  236 3  0.0000
1649  318.000  #ecebec  236 4  0.0031
1650  318.000  #ebeceb  236 5  0.0000
1651  319.000  #ebecec  236 6  0.0031
1652  319.000  #ececeb  236 7  0.0000
1653  319.000  #ececec  237 1  0.0000
1654  319.000  #ececed  237 2  0.0000
1655  320.000  #edecec  237 3  0.0031
1656  320.000  #edeced  237 4  0.0000
1657  321.000  #ecedec  237 5  0.0031
1658  321.000  #eceded  237 6  0.0000
1659  322.000  #ededec  237 7  0.0031
1660  322.000  #ededed  238 1  0.0000
1661  322.000  #ededee  238 2  0.0000
1662  322.000  #eeeded  238 3  0.0000
1663  322.000  #eeedee  238 4  0.0000
1664  323.000  #edeeed  238 5  0.0031
1665  323.000  #edeeee  238 6  0.0000
1666  324.000  #eeeeed  238 7  0.0031
1667  324.000  #eeeeee  239 1  0.0000
1668  324.000  #eeeeef  239 2  0.0000
1669  325.000  #efeeee  239 3  0.0031
1670  325.000  #efeeef  239 4  0.0000
1671  326.000  #eeefee  239 5  0.0031
1672  326.000  #eeefef  239 6  0.0000
1673  326.000  #efefee  239 7  0.0000
1674  326.000  #efefef  240 1  0.0000
1675  327.000  #efeff0  240 2  0.0031
1676  327.000  #f0efef  240 3  0.0000
1677  327.000  #f0eff0  240 4  0.0000
1678  328.000  #eff0ef  240 5  0.0031
1679  328.000  #eff0f0  240 6  0.0000
1680  328.000  #f0f0ef  240 7  0.0000
1681  329.000  #f0f0f0  241 1  0.0030
1682  329.000  #f0f0f1  241 2  0.0000
1683  329.000  #f1f0f0  241 3  0.0000
1684  330.000  #f1f0f1  241 4  0.0030
1685  330.000  #f0f1f0  241 5  0.0000
1686  330.000  #f0f1f1  241 6  0.0000
1687  331.000  #f1f1f0  241 7  0.0030
1688  331.000  #f1f1f1  242 1  0.0000
1689  331.000  #f1f1f2  242 2  0.0000
1690  332.000  #f2f1f1  242 3  0.0030
1691  332.000  #f2f1f2  242 4  0.0000
1692  333.000  #f1f2f1  242 5  0.0030
1693  333.000  #f1f2f2  242 6  0.0000
1694  333.000  #f2f2f1  242 7  0.0000
1695  333.000  #f2f2f2  243 1  0.0000
1696  333.000  #f2f2f3  243 2  0.0000
1697  334.000  #f3f2f2  243 3  0.0030
1698  334.000  #f3f2f3  243 4  0.0000
1699  335.000  #f2f3f2  243 5  0.0030
1700  335.000  #f2f3f3  243 6  0.0000
1701  335.000  #f3f3f2  243 7  0.0000
1702  335.000  #f3f3f3  244 1  0.0000
1703  336.000  #f3f3f4  244 2  0.0030
1704  336.000  #f4f3f3  244 3  0.0000
1705  336.000  #f4f3f4  244 4  0.0000
1706  337.000  #f3f4f3  244 5  0.0030
1707  337.000  #f3f4f4  244 6  0.0000
1708  337.000  #f4f4f3  244 7  0.0000
1709  338.000  #f4f4f4  245 1  0.0030
1710  338.000  #f4f4f5  245 2  0.0000
1711  338.000  #f5f4f4  245 3  0.0000
1712  338.000  #f5f4f5  245 4  0.0000
1713  339.000  #f4f5f4  245 5  0.0030
1714  339.000  #f4f5f5  245 6  0.0000
1715  340.000  #f5f5f4  245 7  0.0029
1716  340.000  #f5f5f5  246 1  0.0000
1717  340.000  #f5f5f6  246 2  0.0000
1718  340.000  #f6f5f5  246 3  0.0000
1719  340.000  #f6f5f6  246 4  0.0000
1720  341.000  #f5f6f5  246 5  0.0029
1721  342.000  #f5f6f6  246 6  0.0029
1722  342.000  #f6f6f5  246 7  0.0000
1723  342.000  #f6f6f6  247 1  0.0000
1724  342.000  #f6f6f7  247 2  0.0000
1725  342.000  #f7f6f6  247 3  0.0000
1726  343.000  #f7f6f7  247 4  0.0029
1727  343.000  #f6f7f6  247 5  0.0000
1728  344.000  #f6f7f7  247 6  0.0029
1729  344.000  #f7f7f6  247 7  0.0000
1730  344.000  #f7f7f7  248 1  0.0000
1731  344.000  #f7f7f8  248 2  0.0000
1732  345.000  #f8f7f7  248 3  0.0029
1733  345.000  #f8f7f8  248 4  0.0000
1734  346.000  #f7f8f7  248 5  0.0029
1735  346.000  #f7f8f8  248 6  0.0000
1736  346.000  #f8f8f7  248 7  0.0000
1737  346.000  #f8f8f8  249 1  0.0000
1738  347.000  #f8f8f9  249 2  0.0029
1739  347.000  #f9f8f8  249 3  0.0000
1740  347.000  #f9f8f9  249 4  0.0000
1741  348.000  #f8f9f8  249 5  0.0029
1742  348.000  #f8f9f9  249 6  0.0000
1743  348.000  #f9f9f8  249 7  0.0000
1744  348.000  #f9f9f9  250 1  0.0000
1745  348.000  #f9f9fa  250 2  0.0000
1746  349.000  #faf9f9  250 3  0.0029
1747  349.000  #faf9fa  250 4  0.0000
1748  349.000  #f9faf9  250 5  0.0000
1749  350.000  #f9fafa  250 6  0.0029
1750  350.000  #fafaf9  250 7  0.0000
1751  350.000  #fafafa  251 1  0.0000
1752  350.000  #fafafb  251 2  0.0000
1753  350.000  #fbfafa  251 3  0.0000
1754  351.000  #fbfafb  251 4  0.0029
1755  351.000  #fafbfa  251 5  0.0000
1756  352.000  #fafbfb  251 6  0.0028
1757  352.000  #fbfbfa  251 7  0.0000
1758  352.000  #fbfbfb  252 1  0.0000
1759  352.000  #fbfbfc  252 2  0.0000
1760  352.000  #fcfbfb  252 3  0.0000
1761  352.000  #fcfbfc  252 4  0.0000
1762  353.000  #fbfcfb  252 5  0.0028
1763  353.000  #fbfcfc  252 6  0.0000
1764  353.000  #fcfcfb  252 7  0.0000
1765  353.000  #fcfcfc  253 1  0.0000
1766  354.000  #fcfcfd  253 2  0.0028
1767  354.000  #fdfcfc  253 3  0.0000
1768  354.000  #fdfcfd  253 4  0.0000
1769  355.000  #fcfdfc  253 5  0.0028
1770  355.000  #fcfdfd  253 6  0.0000
1771  355.000  #fdfdfc  253 7  0.0000
1772  355.000  #fdfdfd  254 1  0.0000
1773  355.000  #fdfdfe  254 2  0.0000
1774  356.000  #fefdfd  254 3  0.0028
1775  356.000  #fefdfe  254 4  0.0000
1776  357.000  #fdfefd  254 5  0.0028
1777  357.000  #fdfefe  254 6  0.0000
1778  358.000  #fefefd  254 7  0.0028
1779  358.000  #fefefe  255 1  0.0000
1780  358.000  #fefeff  255 2  0.0000
1781  358.000  #fffefe  255 3  0.0000
1782  358.000  #fffeff  255 4  0.0000
1783  358.000  #fefffe  255 5  0.0000
1784  358.000  #feffff  255 6  0.0000
1785  358.000  #fffffe  255 7  0.0000
1786  358.000  #ffffff  256 1  0.0000
