#  lumResponse vers. 1.6 - 01/13/07 11:56:35
#  Display ID: DELL_3007WFP_FK28569QG3Z1
#  iLdelay=1  avgN=1  ILlimit_plus=0.20 ILlimit_minus=-0.05  R=23.1% G=68.2% B=8.7%
#  77.8  #ff0000
#  230.0  #00ff00
#  29.3  #0000ff
   1    0.431  #000000    1 1  0.0000
   2    0.430  #000001    1 2  -0.0023
   3    0.431  #010000    1 3  0.0023
   4    0.430  #010001    1 4  -0.0023
   5    0.429  #000100    1 5  -0.0023
   6    0.430  #000101    1 6  0.0023
   7    0.432  #010100    1 7  0.0046
   8    0.431  #010101    2 1  -0.0023
   9    0.430  #010102    2 2  -0.0023
  10    0.431  #020101    2 3  0.0023
  11    0.431  #020102    2 4  0.0000
  12    0.432  #010201    2 5  0.0023
  13    0.432  #010202    2 6  0.0000
  14    0.431  #020201    2 7  -0.0023
  15    0.432  #020202    3 1  0.0023
  16    0.432  #020203    3 2  0.0000
  17    0.432  #030202    3 3  0.0000
  18    0.432  #030203    3 4  0.0000
  19    0.433  #020302    3 5  0.0023
  20    0.433  #020303    3 6  0.0000
  21    0.434  #030302    3 7  0.0023
  22    0.433  #030303    4 1  -0.0023
  23    0.434  #030304    4 2  0.0023
  24    0.435  #040303    4 3  0.0023
  25    0.434  #040304    4 4  -0.0023
  26    0.434  #030403    4 5  0.0000
  27    0.435  #030404    4 6  0.0023
  28    0.435  #040403    4 7  0.0000
  29    0.436  #040404    5 1  0.0023
  30    0.436  #040405    5 2  0.0000
  31    0.437  #050404    5 3  0.0023
  32    0.437  #050405    5 4  0.0000
  33    0.438  #040504    5 5  0.0023
  34    0.440  #040505    5 6  0.0046
  35    0.439  #050504    5 7  -0.0023
  36    0.440  #050505    6 1  0.0023
  37    0.440  #050506    6 2  0.0000
  38    0.441  #060505    6 3  0.0023
  39    0.442  #060506    6 4  0.0023
  40    0.444  #050605    6 5  0.0045
  41    0.445  #050606    6 6  0.0022
  42    0.446  #060605    6 7  0.0022
  43    0.446  #060606    7 1  0.0000
  44    0.447  #060607    7 2  0.0022
  45    0.448  #070606    7 3  0.0022
  46    0.449  #070607    7 4  0.0022
  47    0.452  #060706    7 5  0.0067
  48    0.452  #060707    7 6  0.0000
  49    0.454  #070706    7 7  0.0044
  50    0.455  #070707    8 1  0.0022
  51    0.456  #070708    8 2  0.0022
  52    0.458  #080707    8 3  0.0044
  53    0.459  #080708    8 4  0.0022
  54    0.463  #070807    8 5  0.0087
  55    0.464  #070808    8 6  0.0022
  56    0.466  #080807    8 7  0.0043
  57    0.467  #080808    9 1  0.0021
  58    0.468  #080809    9 2  0.0021
  59    0.470  #090808    9 3  0.0043
  60    0.472  #090809    9 4  0.0042
  61    0.477  #080908    9 5  0.0105
  62    0.478  #080909    9 6  0.0021
  63    0.480  #090908    9 7  0.0042
  64    0.481  #090909   10 1  0.0021
  65    0.484  #09090a   10 2  0.0062
  66    0.485  #0a0909   10 3  0.0021
  67    0.488  #0a090a   10 4  0.0062
  68    0.494  #090a09   10 5  0.0122
  69    0.495  #090a0a   10 6  0.0020
  70    0.498  #0a0a09   10 7  0.0060
  71    0.500  #0a0a0a   11 1  0.0040
  72    0.502  #0a0a0b   11 2  0.0040
  73    0.505  #0b0a0a   11 3  0.0060
  74    0.508  #0b0a0b   11 4  0.0059
  75    0.515  #0a0b0a   11 5  0.0137
  76    0.517  #0a0b0b   11 6  0.0039
  77    0.521  #0b0b0a   11 7  0.0077
  78    0.522  #0b0b0b   12 1  0.0019
  79    0.524  #0b0b0c   12 2  0.0038
  80    0.528  #0c0b0b   12 3  0.0076
  81    0.530  #0c0b0c   12 4  0.0038
  82    0.539  #0b0c0b   12 5  0.0168
  83    0.541  #0b0c0c   12 6  0.0037
  84    0.545  #0c0c0b   12 7  0.0074
  85    0.548  #0c0c0c   13 1  0.0055
  86    0.550  #0c0c0d   13 2  0.0036
  87    0.554  #0d0c0c   13 3  0.0072
  88    0.557  #0d0c0d   13 4  0.0054
  89    0.567  #0c0d0c   13 5  0.0178
  90    0.570  #0c0d0d   13 6  0.0053
  91    0.574  #0d0d0c   13 7  0.0070
  92    0.577  #0d0d0d   14 1  0.0052
  93    0.580  #0d0d0e   14 2  0.0052
  94    0.585  #0e0d0d   14 3  0.0086
  95    0.588  #0e0d0e   14 4  0.0051
  96    0.600  #0d0e0d   14 5  0.0202
  97    0.604  #0d0e0e   14 6  0.0066
  98    0.609  #0e0e0d   14 7  0.0082
  99    0.613  #0e0e0e   15 1  0.0065
 100    0.616  #0e0e0f   15 2  0.0049
 101    0.623  #0f0e0e   15 3  0.0113
 102    0.627  #0f0e0f   15 4  0.0064
 103    0.641  #0e0f0e   15 5  0.0221
 104    0.644  #0e0f0f   15 6  0.0047
 105    0.651  #0f0f0e   15 7  0.0108
 106    0.655  #0f0f0f   16 1  0.0061
 107    0.659  #0f0f10   16 2  0.0061
 108    0.666  #100f0f   16 3  0.0106
 109    0.671  #100f10   16 4  0.0075
 110    0.688  #0f100f   16 5  0.0250
 111    0.693  #0f1010   16 6  0.0072
 112    0.700  #10100f   16 7  0.0101
 113    0.704  #101010   17 1  0.0057
 114    0.709  #101011   17 2  0.0071
 115    0.718  #111010   17 3  0.0126
 116    0.722  #111011   17 4  0.0056
 117    0.742  #101110   17 5  0.0273
 118    0.746  #101111   17 6  0.0054
 119    0.755  #111110   17 7  0.0120
 120    0.760  #111111   18 1  0.0066
 121    0.765  #111112   18 2  0.0066
 122    0.773  #121111   18 3  0.0104
 123    0.778  #121112   18 4  0.0064
 124    0.799  #111211   18 5  0.0266
 125    0.804  #111212   18 6  0.0062
 126    0.813  #121211   18 7  0.0111
 127    0.818  #121212   19 1  0.0061
 128    0.823  #121213   19 2  0.0061
 129    0.832  #131212   19 3  0.0109
 130    0.837  #131213   19 4  0.0060
 131    0.858  #121312   19 5  0.0248
 132    0.863  #121313   19 6  0.0058
 133    0.872  #131312   19 7  0.0104
 134    0.877  #131313   20 1  0.0057
 135    0.882  #131314   20 2  0.0057
 136    0.892  #141313   20 3  0.0113
 137    0.898  #141314   20 4  0.0067
 138    0.920  #131413   20 5  0.0242
 139    0.926  #131414   20 6  0.0065
 140    0.936  #141413   20 7  0.0107
 141    0.941  #141414   21 1  0.0053
 142    0.947  #141415   21 2  0.0064
 143    0.958  #151414   21 3  0.0115
 144    0.964  #151415   21 4  0.0062
 145    0.988  #141514   21 5  0.0246
 146    0.994  #141515   21 6  0.0061
 147    1.004  #151514   21 7  0.0100
 148    1.010  #151515   22 1  0.0060
 149    1.017  #151516   22 2  0.0069
 150    1.029  #161515   22 3  0.0117
 151    1.036  #161516   22 4  0.0068
 152    1.064  #151615   22 5  0.0267
 153    1.071  #151616   22 6  0.0066
 154    1.083  #161615   22 7  0.0111
 155    1.089  #161616   23 1  0.0055
 156    1.097  #161617   23 2  0.0073
 157    1.111  #171616   23 3  0.0127
 158    1.118  #171617   23 4  0.0063
 159    1.150  #161716   23 5  0.0282
 160    1.158  #161717   23 6  0.0069
 161    1.172  #171716   23 7  0.0120
 162    1.179  #171717   24 1  0.0060
 163    1.187  #171718   24 2  0.0068
 164    1.203  #181717   24 3  0.0134
 165    1.211  #181718   24 4  0.0066
 166    1.248  #171817   24 5  0.0301
 167    1.256  #171818   24 6  0.0064
 168    1.272  #181817   24 7  0.0127
 169    1.280  #181818   25 1  0.0063
 170    1.290  #181819   25 2  0.0078
 171    1.307  #191818   25 3  0.0131
 172    1.317  #191819   25 4  0.0076
 173    1.357  #181918   25 5  0.0299
 174    1.366  #181919   25 6  0.0066
 175    1.384  #191918   25 7  0.0131
 176    1.393  #191919   26 1  0.0065
 177    1.403  #19191a   26 2  0.0072
 178    1.422  #1a1919   26 3  0.0135
 179    1.432  #1a191a   26 4  0.0070
 180    1.476  #191a19   26 5  0.0303
 181    1.486  #191a1a   26 6  0.0068
 182    1.505  #1a1a19   26 7  0.0127
 183    1.515  #1a1a1a   27 1  0.0066
 184    1.526  #1a1a1b   27 2  0.0072
 185    1.545  #1b1a1a   27 3  0.0124
 186    1.556  #1b1a1b   27 4  0.0071
 187    1.603  #1a1b1a   27 5  0.0298
 188    1.613  #1a1b1b   27 6  0.0062
 189    1.633  #1b1b1a   27 7  0.0123
 190    1.644  #1b1b1b   28 1  0.0067
 191    1.655  #1b1b1c   28 2  0.0067
 192    1.675  #1c1b1b   28 3  0.0120
 193    1.687  #1c1b1c   28 4  0.0071
 194    1.735  #1b1c1b   28 5  0.0281
 195    1.746  #1b1c1c   28 6  0.0063
 196    1.766  #1c1c1b   28 7  0.0114
 197    1.778  #1c1c1c   29 1  0.0068
 198    1.790  #1c1c1d   29 2  0.0067
 199    1.810  #1d1c1c   29 3  0.0111
 200    1.820  #1d1c1d   29 4  0.0055
 201    1.870  #1c1d1c   29 5  0.0271
 202    1.880  #1c1d1d   29 6  0.0053
 203    1.900  #1d1d1c   29 7  0.0106
 204    1.910  #1d1d1d   30 1  0.0052
 205    1.930  #1d1d1e   30 2  0.0104
 206    1.950  #1e1d1d   30 3  0.0103
 207    1.960  #1e1d1e   30 4  0.0051
 208    2.020  #1d1e1d   30 5  0.0302
 209    2.030  #1d1e1e   30 6  0.0049
 210    2.050  #1e1e1d   30 7  0.0098
 211    2.070  #1e1e1e   31 1  0.0097
 212    2.080  #1e1e1f   31 2  0.0048
 213    2.110  #1f1e1e   31 3  0.0143
 214    2.120  #1f1e1f   31 4  0.0047
 215    2.180  #1e1f1e   31 5  0.0279
 216    2.190  #1e1f1f   31 6  0.0046
 217    2.220  #1f1f1e   31 7  0.0136
 218    2.230  #1f1f1f   32 1  0.0045
 219    2.250  #1f1f20   32 2  0.0089
 220    2.280  #201f1f   32 3  0.0132
 221    2.290  #201f20   32 4  0.0044
 222    2.360  #1f201f   32 5  0.0301
 223    2.380  #1f2020   32 6  0.0084
 224    2.410  #20201f   32 7  0.0125
 225    2.420  #202020   33 1  0.0041
 226    2.440  #202021   33 2  0.0082
 227    2.470  #212020   33 3  0.0122
 228    2.480  #212021   33 4  0.0040
 229    2.560  #202120   33 5  0.0317
 230    2.570  #202121   33 6  0.0039
 231    2.600  #212120   33 7  0.0116
 232    2.620  #212121   34 1  0.0077
 233    2.640  #212122   34 2  0.0076
 234    2.670  #222121   34 3  0.0113
 235    2.680  #222122   34 4  0.0037
 236    2.760  #212221   34 5  0.0294
 237    2.770  #212222   34 6  0.0036
 238    2.800  #222221   34 7  0.0108
 239    2.820  #222222   35 1  0.0071
 240    2.840  #222223   35 2  0.0071
 241    2.870  #232222   35 3  0.0105
 242    2.890  #232223   35 4  0.0069
 243    2.960  #222322   35 5  0.0239
 244    2.980  #222323   35 6  0.0067
 245    3.010  #232322   35 7  0.0100
 246    3.030  #232323   36 1  0.0066
 247    3.050  #232324   36 2  0.0066
 248    3.080  #242323   36 3  0.0098
 249    3.100  #242324   36 4  0.0065
 250    3.180  #232423   36 5  0.0255
 251    3.200  #232424   36 6  0.0063
 252    3.230  #242423   36 7  0.0093
 253    3.250  #242424   37 1  0.0062
 254    3.270  #242425   37 2  0.0061
 255    3.300  #252424   37 3  0.0091
 256    3.320  #252425   37 4  0.0060
 257    3.400  #242524   37 5  0.0238
 258    3.420  #242525   37 6  0.0059
 259    3.450  #252524   37 7  0.0087
 260    3.470  #252525   38 1  0.0058
 261    3.490  #252526   38 2  0.0057
 262    3.530  #262525   38 3  0.0114
 263    3.550  #262526   38 4  0.0056
 264    3.640  #252625   38 5  0.0250
 265    3.660  #252626   38 6  0.0055
 266    3.690  #262625   38 7  0.0082
 267    3.710  #262626   39 1  0.0054
 268    3.730  #262627   39 2  0.0054
 269    3.770  #272626   39 3  0.0107
 270    3.790  #272627   39 4  0.0053
 271    3.880  #262726   39 5  0.0235
 272    3.900  #262727   39 6  0.0051
 273    3.930  #272726   39 7  0.0077
 274    3.960  #272727   40 1  0.0076
 275    3.980  #272728   40 2  0.0050
 276    4.010  #282727   40 3  0.0075
 277    4.040  #282728   40 4  0.0075
 278    4.130  #272827   40 5  0.0220
 279    4.160  #272828   40 6  0.0072
 280    4.190  #282827   40 7  0.0072
 281    4.220  #282828   41 1  0.0071
 282    4.240  #282829   41 2  0.0047
 283    4.280  #292828   41 3  0.0094
 284    4.300  #292829   41 4  0.0047
 285    4.400  #282928   41 5  0.0230
 286    4.420  #282929   41 6  0.0045
 287    4.470  #292928   41 7  0.0112
 288    4.490  #292929   42 1  0.0045
 289    4.510  #29292a   42 2  0.0044
 290    4.550  #2a2929   42 3  0.0088
 291    4.580  #2a292a   42 4  0.0066
 292    4.690  #292a29   42 5  0.0237
 293    4.710  #292a2a   42 6  0.0043
 294    4.750  #2a2a29   42 7  0.0085
 295    4.780  #2a2a2a   43 1  0.0063
 296    4.800  #2a2a2b   43 2  0.0042
 297    4.850  #2b2a2a   43 3  0.0104
 298    4.870  #2b2a2b   43 4  0.0041
 299    4.990  #2a2b2a   43 5  0.0243
 300    5.010  #2a2b2b   43 6  0.0040
 301    5.060  #2b2b2a   43 7  0.0099
 302    5.080  #2b2b2b   44 1  0.0039
 303    5.110  #2b2b2c   44 2  0.0059
 304    5.160  #2c2b2b   44 3  0.0097
 305    5.180  #2c2b2c   44 4  0.0039
 306    5.300  #2b2c2b   44 5  0.0229
 307    5.330  #2b2c2c   44 6  0.0056
 308    5.380  #2c2c2b   44 7  0.0093
 309    5.400  #2c2c2c   45 1  0.0037
 310    5.430  #2c2c2d   45 2  0.0055
 311    5.480  #2d2c2c   45 3  0.0092
 312    5.510  #2d2c2d   45 4  0.0055
 313    5.640  #2c2d2c   45 5  0.0233
 314    5.670  #2c2d2d   45 6  0.0053
 315    5.710  #2d2d2c   45 7  0.0070
 316    5.740  #2d2d2d   46 1  0.0052
 317    5.770  #2d2d2e   46 2  0.0052
 318    5.820  #2e2d2d   46 3  0.0086
 319    5.850  #2e2d2e   46 4  0.0051
 320    5.980  #2d2e2d   46 5  0.0220
 321    6.010  #2d2e2e   46 6  0.0050
 322    6.060  #2e2e2d   46 7  0.0083
 323    6.090  #2e2e2e   47 1  0.0049
 324    6.120  #2e2e2f   47 2  0.0049
 325    6.180  #2f2e2e   47 3  0.0098
 326    6.210  #2f2e2f   47 4  0.0048
 327    6.350  #2e2f2e   47 5  0.0223
 328    6.380  #2e2f2f   47 6  0.0047
 329    6.430  #2f2f2e   47 7  0.0078
 330    6.470  #2f2f2f   48 1  0.0062
 331    6.500  #2f2f30   48 2  0.0046
 332    6.550  #302f2f   48 3  0.0077
 333    6.590  #302f30   48 4  0.0061
 334    6.730  #2f302f   48 5  0.0210
 335    6.760  #2f3030   48 6  0.0044
 336    6.820  #30302f   48 7  0.0088
 337    6.850  #303030   49 1  0.0044
 338    6.890  #303031   49 2  0.0058
 339    6.940  #313030   49 3  0.0072
 340    6.980  #313031   49 4  0.0057
 341    7.130  #303130   49 5  0.0213
 342    7.160  #303131   49 6  0.0042
 343    7.220  #313130   49 7  0.0083
 344    7.250  #313131   50 1  0.0041
 345    7.290  #313132   50 2  0.0055
 346    7.350  #323131   50 3  0.0082
 347    7.380  #323132   50 4  0.0041
 348    7.540  #313231   50 5  0.0214
 349    7.570  #313232   50 6  0.0040
 350    7.630  #323231   50 7  0.0079
 351    7.670  #323232   51 1  0.0052
 352    7.700  #323233   51 2  0.0039
 353    7.770  #333232   51 3  0.0090
 354    7.810  #333233   51 4  0.0051
 355    7.960  #323332   51 5  0.0190
 356    8.000  #323333   51 6  0.0050
 357    8.060  #333332   51 7  0.0075
 358    8.100  #333333   52 1  0.0050
 359    8.140  #333334   52 2  0.0049
 360    8.200  #343333   52 3  0.0073
 361    8.240  #343334   52 4  0.0049
 362    8.410  #333433   52 5  0.0204
 363    8.440  #333434   52 6  0.0036
 364    8.510  #343433   52 7  0.0083
 365    8.540  #343434   53 1  0.0035
 366    8.580  #343435   53 2  0.0047
 367    8.650  #353434   53 3  0.0081
 368    8.690  #353435   53 4  0.0046
 369    8.860  #343534   53 5  0.0194
 370    8.900  #343535   53 6  0.0045
 371    8.970  #353534   53 7  0.0078
 372    9.010  #353535   54 1  0.0044
 373    9.050  #353536   54 2  0.0044
 374    9.110  #363535   54 3  0.0066
 375    9.160  #363536   54 4  0.0055
 376    9.330  #353635   54 5  0.0184
 377    9.370  #353636   54 6  0.0043
 378    9.440  #363635   54 7  0.0074
 379    9.490  #363636   55 1  0.0053
 380    9.520  #363637   55 2  0.0032
 381    9.590  #373636   55 3  0.0073
 382    9.640  #373637   55 4  0.0052
 383    9.820  #363736   55 5  0.0185
 384    9.860  #363737   55 6  0.0041
 385    9.940  #373736   55 7  0.0081
 386    9.980  #373737   56 1  0.0040
 387   10.010  #373738   56 2  0.0030
 388   10.090  #383737   56 3  0.0080
 389   10.130  #383738   56 4  0.0040
 390   10.320  #373837   56 5  0.0186
 391   10.370  #373838   56 6  0.0048
 392   10.440  #383837   56 7  0.0067
 393   10.480  #383838   57 1  0.0038
 394   10.530  #383839   57 2  0.0048
 395   10.600  #393838   57 3  0.0066
 396   10.650  #393839   57 4  0.0047
 397   10.850  #383938   57 5  0.0186
 398   10.890  #383939   57 6  0.0037
 399   10.970  #393938   57 7  0.0073
 400   11.010  #393939   58 1  0.0036
 401   11.060  #39393a   58 2  0.0045
 402   11.140  #3a3939   58 3  0.0072
 403   11.190  #3a393a   58 4  0.0045
 404   11.400  #393a39   58 5  0.0186
 405   11.440  #393a3a   58 6  0.0035
 406   11.520  #3a3a39   58 7  0.0070
 407   11.570  #3a3a3a   59 1  0.0043
 408   11.610  #3a3a3b   59 2  0.0035
 409   11.700  #3b3a3a   59 3  0.0077
 410   11.740  #3b3a3b   59 4  0.0034
 411   11.960  #3a3b3a   59 5  0.0186
 412   12.000  #3a3b3b   59 6  0.0033
 413   12.090  #3b3b3a   59 7  0.0075
 414   12.140  #3b3b3b   60 1  0.0041
 415   12.180  #3b3b3c   60 2  0.0033
 416   12.270  #3c3b3b   60 3  0.0074
 417   12.320  #3c3b3c   60 4  0.0041
 418   12.540  #3b3c3b   60 5  0.0177
 419   12.590  #3b3c3c   60 6  0.0040
 420   12.680  #3c3c3b   60 7  0.0071
 421   12.730  #3c3c3c   61 1  0.0039
 422   12.780  #3c3c3d   61 2  0.0039
 423   12.860  #3d3c3c   61 3  0.0062
 424   12.910  #3d3c3d   61 4  0.0039
 425   13.140  #3c3d3c   61 5  0.0177
 426   13.180  #3c3d3d   61 6  0.0030
 427   13.270  #3d3d3c   61 7  0.0068
 428   13.320  #3d3d3d   62 1  0.0038
 429   13.370  #3d3d3e   62 2  0.0037
 430   13.470  #3e3d3d   62 3  0.0075
 431   13.520  #3e3d3e   62 4  0.0037
 432   13.760  #3d3e3d   62 5  0.0176
 433   13.810  #3d3e3e   62 6  0.0036
 434   13.910  #3e3e3d   62 7  0.0072
 435   13.960  #3e3e3e   63 1  0.0036
 436   14.010  #3e3e3f   63 2  0.0036
 437   14.110  #3f3e3e   63 3  0.0071
 438   14.170  #3f3e3f   63 4  0.0042
 439   14.420  #3e3f3e   63 5  0.0175
 440   14.480  #3e3f3f   63 6  0.0042
 441   14.580  #3f3f3e   63 7  0.0069
 442   14.640  #3f3f3f   64 1  0.0041
 443   14.690  #3f3f40   64 2  0.0034
 444   14.780  #403f3f   64 3  0.0061
 445   14.830  #403f40   64 4  0.0034
 446   15.060  #3f403f   64 5  0.0154
 447   15.120  #3f4040   64 6  0.0040
 448   15.210  #40403f   64 7  0.0059
 449   15.260  #404040   65 1  0.0033
 450   15.310  #404041   65 2  0.0033
 451   15.400  #414040   65 3  0.0059
 452   15.450  #414041   65 4  0.0032
 453   15.670  #404140   65 5  0.0141
 454   15.720  #404141   65 6  0.0032
 455   15.810  #414140   65 7  0.0057
 456   15.860  #414141   66 1  0.0032
 457   15.910  #414142   66 2  0.0031
 458   16.000  #424141   66 3  0.0056
 459   16.050  #424142   66 4  0.0031
 460   16.290  #414241   66 5  0.0148
 461   16.340  #414242   66 6  0.0031
 462   16.430  #424241   66 7  0.0055
 463   16.480  #424242   67 1  0.0030
 464   16.540  #424243   67 2  0.0036
 465   16.630  #434242   67 3  0.0054
 466   16.680  #434243   67 4  0.0030
 467   16.930  #424342   67 5  0.0149
 468   16.980  #424343   67 6  0.0029
 469   17.070  #434342   67 7  0.0053
 470   17.120  #434343   68 1  0.0029
 471   17.180  #434344   68 2  0.0035
 472   17.270  #444343   68 3  0.0052
 473   17.320  #444344   68 4  0.0029
 474   17.570  #434443   68 5  0.0143
 475   17.620  #434444   68 6  0.0028
 476   17.710  #444443   68 7  0.0051
 477   17.770  #444444   69 1  0.0034
 478   17.820  #444445   69 2  0.0028
 479   17.900  #454444   69 3  0.0045
 480   17.900  #454445   69 4  0.0000
 481   18.200  #444544   69 5  0.0166
 482   18.200  #444545   69 6  0.0000
 483   18.300  #454544   69 7  0.0055
 484   18.400  #454545   70 1  0.0054
 485   18.400  #454546   70 2  0.0000
 486   18.500  #464545   70 3  0.0054
 487   18.600  #464546   70 4  0.0054
 488   18.800  #454645   70 5  0.0107
 489   18.900  #454646   70 6  0.0053
 490   19.000  #464645   70 7  0.0053
 491   19.000  #464646   71 1  0.0000
 492   19.100  #464647   71 2  0.0052
 493   19.200  #474646   71 3  0.0052
 494   19.300  #474647   71 4  0.0052
 495   19.500  #464746   71 5  0.0103
 496   19.600  #464747   71 6  0.0051
 497   19.700  #474746   71 7  0.0051
 498   19.700  #474747   72 1  0.0000
 499   19.800  #474748   72 2  0.0051
 500   19.900  #484747   72 3  0.0050
 501   20.000  #484748   72 4  0.0050
 502   20.200  #474847   72 5  0.0100
 503   20.300  #474848   72 6  0.0049
 504   20.400  #484847   72 7  0.0049
 505   20.400  #484848   73 1  0.0000
 506   20.500  #484849   73 2  0.0049
 507   20.600  #494848   73 3  0.0049
 508   20.700  #494849   73 4  0.0048
 509   20.900  #484948   73 5  0.0096
 510   21.000  #484949   73 6  0.0048
 511   21.100  #494948   73 7  0.0048
 512   21.100  #494949   74 1  0.0000
 513   21.200  #49494a   74 2  0.0047
 514   21.300  #4a4949   74 3  0.0047
 515   21.400  #4a494a   74 4  0.0047
 516   21.600  #494a49   74 5  0.0093
 517   21.700  #494a4a   74 6  0.0046
 518   21.800  #4a4a49   74 7  0.0046
 519   21.900  #4a4a4a   75 1  0.0046
 520   22.000  #4a4a4b   75 2  0.0046
 521   22.100  #4b4a4a   75 3  0.0045
 522   22.100  #4b4a4b   75 4  0.0000
 523   22.400  #4a4b4a   75 5  0.0135
 524   22.500  #4a4b4b   75 6  0.0045
 525   22.600  #4b4b4a   75 7  0.0044
 526   22.600  #4b4b4b   76 1  0.0000
 527   22.700  #4b4b4c   76 2  0.0044
 528   22.800  #4c4b4b   76 3  0.0044
 529   22.900  #4c4b4c   76 4  0.0044
 530   23.200  #4b4c4b   76 5  0.0130
 531   23.200  #4b4c4c   76 6  0.0000
 532   23.300  #4c4c4b   76 7  0.0043
 533   23.400  #4c4c4c   77 1  0.0043
 534   23.500  #4c4c4d   77 2  0.0043
 535   23.600  #4d4c4c   77 3  0.0042
 536   23.600  #4d4c4d   77 4  0.0000
 537   23.900  #4c4d4c   77 5  0.0126
 538   24.000  #4c4d4d   77 6  0.0042
 539   24.100  #4d4d4c   77 7  0.0042
 540   24.200  #4d4d4d   78 1  0.0041
 541   24.200  #4d4d4e   78 2  0.0000
 542   24.400  #4e4d4d   78 3  0.0082
 543   24.400  #4e4d4e   78 4  0.0000
 544   24.700  #4d4e4d   78 5  0.0122
 545   24.800  #4d4e4e   78 6  0.0040
 546   24.900  #4e4e4d   78 7  0.0040
 547   25.000  #4e4e4e   79 1  0.0040
 548   25.000  #4e4e4f   79 2  0.0000
 549   25.100  #4f4e4e   79 3  0.0040
 550   25.200  #4f4e4f   79 4  0.0040
 551   25.500  #4e4f4e   79 5  0.0118
 552   25.500  #4e4f4f   79 6  0.0000
 553   25.700  #4f4f4e   79 7  0.0078
 554   25.700  #4f4f4f   80 1  0.0000
 555   25.800  #4f4f50   80 2  0.0039
 556   25.900  #504f4f   80 3  0.0039
 557   26.000  #504f50   80 4  0.0039
 558   26.300  #4f504f   80 5  0.0115
 559   26.300  #4f5050   80 6  0.0000
 560   26.500  #50504f   80 7  0.0076
 561   26.500  #505050   81 1  0.0000
 562   26.600  #505051   81 2  0.0038
 563   26.700  #515050   81 3  0.0038
 564   26.800  #515051   81 4  0.0037
 565   27.100  #505150   81 5  0.0111
 566   27.300  #505151   81 6  0.0074
 567   27.500  #515150   81 7  0.0073
 568   27.600  #515151   82 1  0.0036
 569   27.600  #515152   82 2  0.0000
 570   27.800  #525151   82 3  0.0072
 571   27.800  #525152   82 4  0.0000
 572   28.200  #515251   82 5  0.0143
 573   28.300  #515252   82 6  0.0035
 574   28.400  #525251   82 7  0.0035
 575   28.500  #525252   83 1  0.0035
 576   28.600  #525253   83 2  0.0035
 577   28.700  #535252   83 3  0.0035
 578   28.800  #535253   83 4  0.0035
 579   29.100  #525352   83 5  0.0104
 580   29.200  #525353   83 6  0.0034
 581   29.300  #535352   83 7  0.0034
 582   29.400  #535353   84 1  0.0034
 583   29.500  #535354   84 2  0.0034
 584   29.600  #545353   84 3  0.0034
 585   29.700  #545354   84 4  0.0034
 586   30.100  #535453   84 5  0.0134
 587   30.000  #535454   84 6  -0.0033
 588   30.200  #545453   84 7  0.0066
 589   30.300  #545454   85 1  0.0033
 590   30.400  #545455   85 2  0.0033
 591   30.600  #555454   85 3  0.0066
 592   30.700  #555455   85 4  0.0033
 593   31.000  #545554   85 5  0.0097
 594   31.000  #545555   85 6  0.0000
 595   31.200  #555554   85 7  0.0064
 596   31.200  #555555   86 1  0.0000
 597   31.300  #555556   86 2  0.0032
 598   31.400  #565555   86 3  0.0032
 599   31.500  #565556   86 4  0.0032
 600   31.900  #555655   86 5  0.0126
 601   32.000  #555656   86 6  0.0031
 602   32.200  #565655   86 7  0.0062
 603   32.200  #565656   87 1  0.0000
 604   32.200  #565657   87 2  0.0000
 605   32.400  #575656   87 3  0.0062
 606   32.400  #575657   87 4  0.0000
 607   32.900  #565756   87 5  0.0153
 608   32.900  #565757   87 6  0.0000
 609   33.100  #575756   87 7  0.0061
 610   33.200  #575757   88 1  0.0030
 611   33.200  #575758   88 2  0.0000
 612   33.400  #585757   88 3  0.0060
 613   33.400  #585758   88 4  0.0000
 614   33.800  #575857   88 5  0.0119
 615   33.800  #575858   88 6  0.0000
 616   34.000  #585857   88 7  0.0059
 617   34.100  #585858   89 1  0.0029
 618   34.100  #585859   89 2  0.0000
 619   34.300  #595858   89 3  0.0058
 620   34.400  #595859   89 4  0.0029
 621   34.800  #585958   89 5  0.0116
 622   34.900  #585959   89 6  0.0029
 623   35.000  #595958   89 7  0.0029
 624   35.000  #595959   90 1  0.0000
 625   35.100  #59595a   90 2  0.0029
 626   35.200  #5a5959   90 3  0.0028
 627   35.300  #5a595a   90 4  0.0028
 628   35.700  #595a59   90 5  0.0113
 629   35.800  #595a5a   90 6  0.0028
 630   35.900  #5a5a59   90 7  0.0028
 631   36.000  #5a5a5a   91 1  0.0028
 632   36.100  #5a5a5b   91 2  0.0028
 633   36.300  #5b5a5a   91 3  0.0055
 634   36.300  #5b5a5b   91 4  0.0000
 635   36.600  #5a5b5a   91 5  0.0082
 636   36.800  #5a5b5b   91 6  0.0054
 637   36.900  #5b5b5a   91 7  0.0027
 638   37.000  #5b5b5b   92 1  0.0027
 639   37.000  #5b5b5c   92 2  0.0000
 640   37.200  #5c5b5b   92 3  0.0054
 641   37.300  #5c5b5c   92 4  0.0027
 642   37.700  #5b5c5b   92 5  0.0107
 643   37.700  #5b5c5c   92 6  0.0000
 644   37.900  #5c5c5b   92 7  0.0053
 645   37.900  #5c5c5c   93 1  0.0000
 646   38.100  #5c5c5d   93 2  0.0053
 647   38.200  #5d5c5c   93 3  0.0026
 648   38.300  #5d5c5d   93 4  0.0026
 649   38.700  #5c5d5c   93 5  0.0104
 650   38.700  #5c5d5d   93 6  0.0000
 651   38.900  #5d5d5c   93 7  0.0052
 652   39.000  #5d5d5d   94 1  0.0026
 653   39.000  #5d5d5e   94 2  0.0000
 654   39.200  #5e5d5d   94 3  0.0051
 655   39.200  #5e5d5e   94 4  0.0000
 656   39.600  #5d5e5d   94 5  0.0102
 657   39.800  #5d5e5e   94 6  0.0050
 658   39.900  #5e5e5d   94 7  0.0025
 659   40.000  #5e5e5e   95 1  0.0025
 660   40.100  #5e5e5f   95 2  0.0025
 661   40.200  #5f5e5e   95 3  0.0025
 662   40.300  #5f5e5f   95 4  0.0025
 663   40.600  #5e5f5e   95 5  0.0074
 664   40.800  #5e5f5f   95 6  0.0049
 665   40.900  #5f5f5e   95 7  0.0024
 666   41.000  #5f5f5f   96 1  0.0024
 667   41.100  #5f5f60   96 2  0.0024
 668   41.300  #605f5f   96 3  0.0049
 669   41.300  #605f60   96 4  0.0000
 670   41.800  #5f605f   96 5  0.0120
 671   41.800  #5f6060   96 6  0.0000
 672   42.000  #60605f   96 7  0.0048
 673   42.000  #606060   97 1  0.0000
 674   42.200  #606061   97 2  0.0048
 675   42.300  #616060   97 3  0.0024
 676   42.300  #616061   97 4  0.0000
 677   42.800  #606160   97 5  0.0118
 678   42.800  #606161   97 6  0.0000
 679   43.000  #616160   97 7  0.0047
 680   43.100  #616161   98 1  0.0023
 681   43.200  #616162   98 2  0.0023
 682   43.300  #626161   98 3  0.0023
 683   43.400  #626162   98 4  0.0023
 684   43.800  #616261   98 5  0.0092
 685   43.900  #616262   98 6  0.0023
 686   44.100  #626261   98 7  0.0045
 687   44.200  #626262   99 1  0.0023
 688   44.300  #626263   99 2  0.0023
 689   44.300  #636262   99 3  0.0000
 690   44.500  #636263   99 4  0.0045
 691   44.900  #626362   99 5  0.0089
 692   44.900  #626363   99 6  0.0000
 693   45.100  #636362   99 7  0.0044
 694   45.200  #636363  100 1  0.0022
 695   45.200  #636364  100 2  0.0000
 696   45.400  #646363  100 3  0.0044
 697   45.400  #646364  100 4  0.0000
 698   45.900  #636463  100 5  0.0110
 699   46.100  #636464  100 6  0.0043
 700   46.200  #646463  100 7  0.0022
 701   46.200  #646464  101 1  0.0000
 702   46.400  #646465  101 2  0.0043
 703   46.500  #656464  101 3  0.0022
 704   46.600  #656465  101 4  0.0021
 705   47.000  #646564  101 5  0.0085
 706   47.100  #646565  101 6  0.0021
 707   47.200  #656564  101 7  0.0021
 708   47.300  #656565  102 1  0.0021
 709   47.500  #656566  102 2  0.0042
 710   47.700  #666565  102 3  0.0042
 711   47.700  #666566  102 4  0.0000
 712   48.100  #656665  102 5  0.0084
 713   48.100  #656666  102 6  0.0000
 714   48.400  #666665  102 7  0.0062
 715   48.500  #666666  103 1  0.0021
 716   48.600  #666667  103 2  0.0021
 717   48.700  #676666  103 3  0.0021
 718   48.800  #676667  103 4  0.0021
 719   49.200  #666766  103 5  0.0082
 720   49.300  #666767  103 6  0.0020
 721   49.400  #676766  103 7  0.0020
 722   49.500  #676767  104 1  0.0020
 723   49.600  #676768  104 2  0.0020
 724   49.800  #686767  104 3  0.0040
 725   49.900  #686768  104 4  0.0020
 726   50.300  #676867  104 5  0.0080
 727   50.400  #676868  104 6  0.0020
 728   50.500  #686867  104 7  0.0020
 729   50.600  #686868  105 1  0.0020
 730   50.700  #686869  105 2  0.0020
 731   50.900  #696868  105 3  0.0039
 732   51.000  #696869  105 4  0.0020
 733   51.400  #686968  105 5  0.0078
 734   51.400  #686969  105 6  0.0000
 735   51.600  #696968  105 7  0.0039
 736   51.700  #696969  106 1  0.0019
 737   51.800  #69696a  106 2  0.0019
 738   51.900  #6a6969  106 3  0.0019
 739   52.100  #6a696a  106 4  0.0038
 740   52.400  #696a69  106 5  0.0057
 741   52.600  #696a6a  106 6  0.0038
 742   52.800  #6a6a69  106 7  0.0038
 743   52.900  #6a6a6a  107 1  0.0019
 744   53.000  #6a6a6b  107 2  0.0019
 745   53.100  #6b6a6a  107 3  0.0019
 746   53.200  #6b6a6b  107 4  0.0019
 747   53.600  #6a6b6a  107 5  0.0075
 748   53.600  #6a6b6b  107 6  0.0000
 749   53.900  #6b6b6a  107 7  0.0056
 750   53.900  #6b6b6b  108 1  0.0000
 751   54.000  #6b6b6c  108 2  0.0019
 752   54.200  #6c6b6b  108 3  0.0037
 753   54.300  #6c6b6c  108 4  0.0018
 754   54.600  #6b6c6b  108 5  0.0055
 755   54.700  #6b6c6c  108 6  0.0018
 756   55.000  #6c6c6b  108 7  0.0055
 757   55.100  #6c6c6c  109 1  0.0018
 758   55.200  #6c6c6d  109 2  0.0018
 759   55.300  #6d6c6c  109 3  0.0018
 760   55.400  #6d6c6d  109 4  0.0018
 761   55.700  #6c6d6c  109 5  0.0054
 762   55.900  #6c6d6d  109 6  0.0036
 763   56.100  #6d6d6c  109 7  0.0036
 764   56.200  #6d6d6d  110 1  0.0018
 765   56.300  #6d6d6e  110 2  0.0018
 766   56.400  #6e6d6d  110 3  0.0018
 767   56.500  #6e6d6e  110 4  0.0018
 768   56.900  #6d6e6d  110 5  0.0071
 769   57.000  #6d6e6e  110 6  0.0018
 770   57.200  #6e6e6d  110 7  0.0035
 771   57.300  #6e6e6e  111 1  0.0017
 772   57.400  #6e6e6f  111 2  0.0017
 773   57.600  #6f6e6e  111 3  0.0035
 774   57.600  #6f6e6f  111 4  0.0000
 775   58.000  #6e6f6e  111 5  0.0069
 776   58.100  #6e6f6f  111 6  0.0017
 777   58.300  #6f6f6e  111 7  0.0034
 778   58.400  #6f6f6f  112 1  0.0017
 779   58.500  #6f6f70  112 2  0.0017
 780   58.600  #706f6f  112 3  0.0017
 781   58.700  #706f70  112 4  0.0017
 782   59.100  #6f706f  112 5  0.0068
 783   59.100  #6f7070  112 6  0.0000
 784   59.400  #70706f  112 7  0.0051
 785   59.500  #707070  113 1  0.0017
 786   59.600  #707071  113 2  0.0017
 787   59.800  #717070  113 3  0.0034
 788   59.900  #717071  113 4  0.0017
 789   60.300  #707170  113 5  0.0067
 790   60.400  #707171  113 6  0.0017
 791   60.500  #717170  113 7  0.0017
 792   60.600  #717171  114 1  0.0017
 793   60.700  #717172  114 2  0.0016
 794   60.900  #727171  114 3  0.0033
 795   61.000  #727172  114 4  0.0016
 796   61.300  #717271  114 5  0.0049
 797   61.500  #717272  114 6  0.0033
 798   61.600  #727271  114 7  0.0016
 799   61.700  #727272  115 1  0.0016
 800   61.900  #727273  115 2  0.0032
 801   61.900  #737272  115 3  0.0000
 802   62.100  #737273  115 4  0.0032
 803   62.300  #727372  115 5  0.0032
 804   62.300  #727373  115 6  0.0000
 805   62.700  #737372  115 7  0.0064
 806   62.700  #737373  116 1  0.0000
 807   62.800  #737374  116 2  0.0016
 808   63.000  #747373  116 3  0.0032
 809   63.100  #747374  116 4  0.0016
 810   63.500  #737473  116 5  0.0063
 811   63.600  #737474  116 6  0.0016
 812   63.800  #747473  116 7  0.0031
 813   63.800  #747474  117 1  0.0000
 814   64.000  #747475  117 2  0.0031
 815   64.100  #757474  117 3  0.0016
 816   64.200  #757475  117 4  0.0016
 817   64.600  #747574  117 5  0.0062
 818   64.700  #747575  117 6  0.0015
 819   64.900  #757574  117 7  0.0031
 820   65.000  #757575  118 1  0.0015
 821   65.100  #757576  118 2  0.0015
 822   65.300  #767575  118 3  0.0031
 823   65.400  #767576  118 4  0.0015
 824   65.800  #757675  118 5  0.0061
 825   65.800  #757676  118 6  0.0000
 826   66.000  #767675  118 7  0.0030
 827   66.100  #767676  119 1  0.0015
 828   66.200  #767677  119 2  0.0015
 829   66.300  #777676  119 3  0.0015
 830   66.500  #777677  119 4  0.0030
 831   66.800  #767776  119 5  0.0045
 832   66.900  #767777  119 6  0.0015
 833   67.100  #777776  119 7  0.0030
 834   67.200  #777777  120 1  0.0015
 835   67.300  #777778  120 2  0.0015
 836   67.500  #787777  120 3  0.0030
 837   67.600  #787778  120 4  0.0015
 838   67.900  #777877  120 5  0.0044
 839   68.100  #777878  120 6  0.0029
 840   68.200  #787877  120 7  0.0015
 841   68.300  #787878  121 1  0.0015
 842   68.400  #787879  121 2  0.0015
 843   68.600  #797878  121 3  0.0029
 844   68.600  #797879  121 4  0.0000
 845   69.000  #787978  121 5  0.0058
 846   69.200  #787979  121 6  0.0029
 847   69.300  #797978  121 7  0.0014
 848   69.500  #797979  122 1  0.0029
 849   69.500  #79797a  122 2  0.0000
 850   69.700  #7a7979  122 3  0.0029
 851   69.700  #7a797a  122 4  0.0000
 852   70.200  #797a79  122 5  0.0071
 853   70.200  #797a7a  122 6  0.0000
 854   70.500  #7a7a79  122 7  0.0043
 855   70.600  #7a7a7a  123 1  0.0014
 856   70.600  #7a7a7b  123 2  0.0000
 857   70.800  #7b7a7a  123 3  0.0028
 858   70.800  #7b7a7b  123 4  0.0000
 859   71.300  #7a7b7a  123 5  0.0070
 860   71.400  #7a7b7b  123 6  0.0014
 861   71.600  #7b7b7a  123 7  0.0028
 862   71.700  #7b7b7b  124 1  0.0014
 863   71.700  #7b7b7c  124 2  0.0000
 864   72.000  #7c7b7b  124 3  0.0042
 865   72.000  #7c7b7c  124 4  0.0000
 866   72.500  #7b7c7b  124 5  0.0069
 867   72.600  #7b7c7c  124 6  0.0014
 868   72.700  #7c7c7b  124 7  0.0014
 869   72.900  #7c7c7c  125 1  0.0027
 870   72.900  #7c7c7d  125 2  0.0000
 871   73.200  #7d7c7c  125 3  0.0041
 872   73.200  #7d7c7d  125 4  0.0000
 873   73.500  #7c7d7c  125 5  0.0041
 874   73.700  #7c7d7d  125 6  0.0027
 875   73.900  #7d7d7c  125 7  0.0027
 876   74.100  #7d7d7d  126 1  0.0027
 877   74.100  #7d7d7e  126 2  0.0000
 878   74.300  #7e7d7d  126 3  0.0027
 879   74.400  #7e7d7e  126 4  0.0013
 880   74.800  #7d7e7d  126 5  0.0054
 881   74.900  #7d7e7e  126 6  0.0013
 882   75.100  #7e7e7d  126 7  0.0027
 883   75.300  #7e7e7e  127 1  0.0027
 884   75.400  #7e7e7f  127 2  0.0013
 885   75.500  #7f7e7e  127 3  0.0013
 886   75.700  #7f7e7f  127 4  0.0026
 887   76.100  #7e7f7e  127 5  0.0053
 888   76.300  #7e7f7f  127 6  0.0026
 889   76.400  #7f7f7e  127 7  0.0013
 890   76.600  #7f7f7f  128 1  0.0026
 891   76.600  #7f7f80  128 2  0.0000
 892   76.900  #807f7f  128 3  0.0039
 893   77.100  #807f80  128 4  0.0026
 894   77.700  #7f807f  128 5  0.0078
 895   77.900  #7f8080  128 6  0.0026
 896   78.000  #80807f  128 7  0.0013
 897   78.200  #808080  129 1  0.0026
 898   78.400  #808081  129 2  0.0026
 899   78.500  #818080  129 3  0.0013
 900   78.800  #818081  129 4  0.0038
 901   79.300  #808180  129 5  0.0063
 902   79.500  #808181  129 6  0.0025
 903   79.700  #818180  129 7  0.0025
 904   79.800  #818181  130 1  0.0013
 905   79.900  #818182  130 2  0.0013
 906   80.200  #828181  130 3  0.0037
 907   80.500  #828182  130 4  0.0037
 908   81.000  #818281  130 5  0.0062
 909   81.100  #818282  130 6  0.0012
 910   81.300  #828281  130 7  0.0025
 911   81.500  #828282  131 1  0.0025
 912   81.600  #828283  131 2  0.0012
 913   81.900  #838282  131 3  0.0037
 914   82.000  #838283  131 4  0.0012
 915   82.600  #828382  131 5  0.0073
 916   82.700  #828383  131 6  0.0012
 917   83.000  #838382  131 7  0.0036
 918   83.200  #838383  132 1  0.0024
 919   83.300  #838384  132 2  0.0012
 920   83.500  #848383  132 3  0.0024
 921   83.700  #848384  132 4  0.0024
 922   84.200  #838483  132 5  0.0060
 923   84.400  #838484  132 6  0.0024
 924   84.700  #848483  132 7  0.0035
 925   84.700  #848484  133 1  0.0000
 926   85.000  #848485  133 2  0.0035
 927   85.200  #858484  133 3  0.0024
 928   85.300  #858485  133 4  0.0012
 929   86.000  #848584  133 5  0.0082
 930   85.900  #848585  133 6  -0.0012
 931   86.300  #858584  133 7  0.0046
 932   86.400  #858585  134 1  0.0012
 933   86.600  #858586  134 2  0.0023
 934   86.800  #868585  134 3  0.0023
 935   86.900  #868586  134 4  0.0012
 936   87.500  #858685  134 5  0.0069
 937   87.600  #858686  134 6  0.0011
 938   87.900  #868685  134 7  0.0034
 939   88.100  #868686  135 1  0.0023
 940   88.100  #868687  135 2  0.0000
 941   88.500  #878686  135 3  0.0045
 942   88.500  #878687  135 4  0.0000
 943   89.200  #868786  135 5  0.0079
 944   89.300  #868787  135 6  0.0011
 945   89.500  #878786  135 7  0.0022
 946   89.700  #878787  136 1  0.0022
 947   90.000  #878788  136 2  0.0033
 948   90.100  #888787  136 3  0.0011
 949   90.300  #888788  136 4  0.0022
 950   90.700  #878887  136 5  0.0044
 951   90.900  #878888  136 6  0.0022
 952   91.100  #888887  136 7  0.0022
 953   91.500  #888888  137 1  0.0044
 954   91.600  #888889  137 2  0.0011
 955   91.800  #898888  137 3  0.0022
 956   91.900  #898889  137 4  0.0011
 957   92.400  #888988  137 5  0.0054
 958   92.600  #888989  137 6  0.0022
 959   93.000  #898988  137 7  0.0043
 960   92.900  #898989  138 1  -0.0011
 961   93.100  #89898a  138 2  0.0022
 962   93.400  #8a8989  138 3  0.0032
 963   93.600  #8a898a  138 4  0.0021
 964   94.300  #898a89  138 5  0.0075
 965   94.300  #898a8a  138 6  0.0000
 966   94.500  #8a8a89  138 7  0.0021
 967   94.800  #8a8a8a  139 1  0.0032
 968   95.000  #8a8a8b  139 2  0.0021
 969   95.100  #8b8a8a  139 3  0.0011
 970   95.300  #8b8a8b  139 4  0.0021
 971   95.800  #8a8b8a  139 5  0.0052
 972   96.000  #8a8b8b  139 6  0.0021
 973   96.300  #8b8b8a  139 7  0.0031
 974   96.500  #8b8b8b  140 1  0.0021
 975   96.600  #8b8b8c  140 2  0.0010
 976   97.000  #8c8b8b  140 3  0.0041
 977   97.000  #8c8b8c  140 4  0.0000
 978   97.500  #8b8c8b  140 5  0.0051
 979   97.800  #8b8c8c  140 6  0.0031
 980   98.100  #8c8c8b  140 7  0.0031
 981   98.300  #8c8c8c  141 1  0.0020
 982   98.400  #8c8c8d  141 2  0.0010
 983   98.600  #8d8c8c  141 3  0.0020
 984   99.000  #8d8c8d  141 4  0.0040
 985   99.600  #8c8d8c  141 5  0.0060
 986   99.500  #8c8d8d  141 6  -0.0010
 987   99.800  #8d8d8c  141 7  0.0030
 988  100.100  #8d8d8d  142 1  0.0030
 989  100.100  #8d8d8e  142 2  0.0000
 990  100.300  #8e8d8d  142 3  0.0020
 991  100.800  #8e8d8e  142 4  0.0050
 992  101.100  #8d8e8d  142 5  0.0030
 993  101.400  #8d8e8e  142 6  0.0030
 994  101.500  #8e8e8d  142 7  0.0010
 995  101.800  #8e8e8e  143 1  0.0030
 996  102.000  #8e8e8f  143 2  0.0020
 997  102.100  #8f8e8e  143 3  0.0010
 998  102.400  #8f8e8f  143 4  0.0029
 999  103.000  #8e8f8e  143 5  0.0058
1000  103.100  #8e8f8f  143 6  0.0010
1001  103.400  #8f8f8e  143 7  0.0029
1002  103.700  #8f8f8f  144 1  0.0029
1003  103.800  #8f8f90  144 2  0.0010
1004  104.000  #908f8f  144 3  0.0019
1005  104.300  #908f90  144 4  0.0029
1006  104.700  #8f908f  144 5  0.0038
1007  105.000  #8f9090  144 6  0.0029
1008  105.400  #90908f  144 7  0.0038
1009  105.400  #909090  145 1  0.0000
1010  105.700  #909091  145 2  0.0028
1011  106.000  #919090  145 3  0.0028
1012  106.100  #919091  145 4  0.0009
1013  106.800  #909190  145 5  0.0066
1014  106.900  #909191  145 6  0.0009
1015  107.200  #919190  145 7  0.0028
1016  107.400  #919191  146 1  0.0019
1017  107.500  #919192  146 2  0.0009
1018  107.600  #929191  146 3  0.0009
1019  108.000  #929192  146 4  0.0037
1020  108.400  #919291  146 5  0.0037
1021  108.800  #919292  146 6  0.0037
1022  108.900  #929291  146 7  0.0009
1023  109.100  #929292  147 1  0.0018
1024  109.300  #929293  147 2  0.0018
1025  109.800  #939292  147 3  0.0046
1026  109.800  #939293  147 4  0.0000
1027  110.500  #929392  147 5  0.0064
1028  110.600  #929393  147 6  0.0009
1029  110.700  #939392  147 7  0.0009
1030  111.100  #939393  148 1  0.0036
1031  111.200  #939394  148 2  0.0009
1032  111.600  #949393  148 3  0.0036
1033  111.700  #949394  148 4  0.0009
1034  112.400  #939493  148 5  0.0062
1035  112.300  #939494  148 6  -0.0009
1036  112.800  #949493  148 7  0.0044
1037  113.100  #949494  149 1  0.0027
1038  113.200  #949495  149 2  0.0009
1039  113.400  #959494  149 3  0.0018
1040  113.400  #959495  149 4  0.0000
1041  114.200  #949594  149 5  0.0070
1042  114.400  #949595  149 6  0.0017
1043  114.800  #959594  149 7  0.0035
1044  114.700  #959595  150 1  -0.0009
1045  115.200  #959596  150 2  0.0043
1046  115.200  #969595  150 3  0.0000
1047  115.400  #969596  150 4  0.0017
1048  116.200  #959695  150 5  0.0069
1049  116.300  #959696  150 6  0.0009
1050  116.600  #969695  150 7  0.0026
1051  116.800  #969696  151 1  0.0017
1052  116.900  #969697  151 2  0.0009
1053  117.300  #979696  151 3  0.0034
1054  117.500  #979697  151 4  0.0017
1055  118.100  #969796  151 5  0.0051
1056  118.000  #969797  151 6  -0.0008
1057  118.600  #979796  151 7  0.0051
1058  118.900  #979797  152 1  0.0025
1059  119.100  #979798  152 2  0.0017
1060  119.300  #989797  152 3  0.0017
1061  119.500  #989798  152 4  0.0017
1062  120.000  #979897  152 5  0.0042
1063  120.200  #979898  152 6  0.0017
1064  120.600  #989897  152 7  0.0033
1065  120.700  #989898  153 1  0.0008
1066  121.000  #989899  153 2  0.0025
1067  121.200  #999898  153 3  0.0017
1068  121.400  #999899  153 4  0.0016
1069  122.100  #989998  153 5  0.0057
1070  122.300  #989999  153 6  0.0016
1071  122.500  #999998  153 7  0.0016
1072  122.700  #999999  154 1  0.0016
1073  122.900  #99999a  154 2  0.0016
1074  123.200  #9a9999  154 3  0.0024
1075  123.300  #9a999a  154 4  0.0008
1076  123.900  #999a99  154 5  0.0049
1077  124.100  #999a9a  154 6  0.0016
1078  124.500  #9a9a99  154 7  0.0032
1079  124.700  #9a9a9a  155 1  0.0016
1080  124.800  #9a9a9b  155 2  0.0008
1081  124.900  #9b9a9a  155 3  0.0008
1082  125.000  #9b9a9b  155 4  0.0008
1083  126.000  #9a9b9a  155 5  0.0080
1084  126.200  #9a9b9b  155 6  0.0016
1085  126.500  #9b9b9a  155 7  0.0024
1086  126.700  #9b9b9b  156 1  0.0016
1087  126.900  #9b9b9c  156 2  0.0016
1088  127.100  #9c9b9b  156 3  0.0016
1089  127.300  #9c9b9c  156 4  0.0016
1090  128.100  #9b9c9b  156 5  0.0063
1091  128.300  #9b9c9c  156 6  0.0016
1092  128.500  #9c9c9b  156 7  0.0016
1093  128.700  #9c9c9c  157 1  0.0016
1094  128.700  #9c9c9d  157 2  0.0000
1095  129.200  #9d9c9c  157 3  0.0039
1096  129.400  #9d9c9d  157 4  0.0015
1097  130.000  #9c9d9c  157 5  0.0046
1098  130.200  #9c9d9d  157 6  0.0015
1099  130.600  #9d9d9c  157 7  0.0031
1100  130.700  #9d9d9d  158 1  0.0008
1101  130.900  #9d9d9e  158 2  0.0015
1102  131.200  #9e9d9d  158 3  0.0023
1103  131.400  #9e9d9e  158 4  0.0015
1104  132.100  #9d9e9d  158 5  0.0053
1105  132.300  #9d9e9e  158 6  0.0015
1106  132.500  #9e9e9d  158 7  0.0015
1107  132.800  #9e9e9e  159 1  0.0023
1108  133.000  #9e9e9f  159 2  0.0015
1109  133.200  #9f9e9e  159 3  0.0015
1110  133.500  #9f9e9f  159 4  0.0022
1111  133.900  #9e9f9e  159 5  0.0030
1112  134.300  #9e9f9f  159 6  0.0030
1113  134.600  #9f9f9e  159 7  0.0022
1114  134.800  #9f9f9f  160 1  0.0015
1115  134.800  #9f9fa0  160 2  0.0000
1116  135.100  #a09f9f  160 3  0.0022
1117  135.400  #a09fa0  160 4  0.0022
1118  136.100  #9fa09f  160 5  0.0052
1119  136.300  #9fa0a0  160 6  0.0015
1120  136.700  #a0a09f  160 7  0.0029
1121  136.700  #a0a0a0  161 1  0.0000
1122  137.100  #a0a0a1  161 2  0.0029
1123  137.400  #a1a0a0  161 3  0.0022
1124  137.500  #a1a0a1  161 4  0.0007
1125  138.200  #a0a1a0  161 5  0.0051
1126  138.400  #a0a1a1  161 6  0.0014
1127  138.500  #a1a1a0  161 7  0.0007
1128  138.900  #a1a1a1  162 1  0.0029
1129  139.000  #a1a1a2  162 2  0.0007
1130  139.400  #a2a1a1  162 3  0.0029
1131  139.400  #a2a1a2  162 4  0.0000
1132  140.200  #a1a2a1  162 5  0.0057
1133  140.300  #a1a2a2  162 6  0.0007
1134  140.700  #a2a2a1  162 7  0.0028
1135  140.800  #a2a2a2  163 1  0.0007
1136  141.200  #a2a2a3  163 2  0.0028
1137  141.400  #a3a2a2  163 3  0.0014
1138  141.600  #a3a2a3  163 4  0.0014
1139  142.400  #a2a3a2  163 5  0.0056
1140  142.500  #a2a3a3  163 6  0.0007
1141  142.700  #a3a3a2  163 7  0.0014
1142  142.800  #a3a3a3  164 1  0.0007
1143  143.200  #a3a3a4  164 2  0.0028
1144  143.400  #a4a3a3  164 3  0.0014
1145  143.600  #a4a3a4  164 4  0.0014
1146  144.400  #a3a4a3  164 5  0.0056
1147  144.500  #a3a4a4  164 6  0.0007
1148  144.800  #a4a4a3  164 7  0.0021
1149  145.000  #a4a4a4  165 1  0.0014
1150  145.200  #a4a4a5  165 2  0.0014
1151  145.600  #a5a4a4  165 3  0.0028
1152  145.700  #a5a4a5  165 4  0.0007
1153  146.400  #a4a5a4  165 5  0.0048
1154  146.800  #a4a5a5  165 6  0.0027
1155  147.000  #a5a5a4  165 7  0.0014
1156  147.300  #a5a5a5  166 1  0.0020
1157  147.400  #a5a5a6  166 2  0.0007
1158  147.700  #a6a5a5  166 3  0.0020
1159  147.700  #a6a5a6  166 4  0.0000
1160  148.600  #a5a6a5  166 5  0.0061
1161  148.800  #a5a6a6  166 6  0.0013
1162  149.100  #a6a6a5  166 7  0.0020
1163  149.300  #a6a6a6  167 1  0.0013
1164  149.500  #a6a6a7  167 2  0.0013
1165  149.800  #a7a6a6  167 3  0.0020
1166  150.000  #a7a6a7  167 4  0.0013
1167  150.600  #a6a7a6  167 5  0.0040
1168  150.800  #a6a7a7  167 6  0.0013
1169  151.200  #a7a7a6  167 7  0.0026
1170  151.200  #a7a7a7  168 1  0.0000
1171  151.500  #a7a7a8  168 2  0.0020
1172  151.800  #a8a7a7  168 3  0.0020
1173  152.000  #a8a7a8  168 4  0.0013
1174  152.700  #a7a8a7  168 5  0.0046
1175  152.800  #a7a8a8  168 6  0.0007
1176  153.300  #a8a8a7  168 7  0.0033
1177  153.300  #a8a8a8  169 1  0.0000
1178  153.500  #a8a8a9  169 2  0.0013
1179  154.000  #a9a8a8  169 3  0.0033
1180  154.100  #a9a8a9  169 4  0.0006
1181  154.900  #a8a9a8  169 5  0.0052
1182  154.900  #a8a9a9  169 6  0.0000
1183  155.300  #a9a9a8  169 7  0.0026
1184  155.500  #a9a9a9  170 1  0.0013
1185  155.800  #a9a9aa  170 2  0.0019
1186  156.100  #aaa9a9  170 3  0.0019
1187  156.200  #aaa9aa  170 4  0.0006
1188  156.800  #a9aaa9  170 5  0.0038
1189  157.000  #a9aaaa  170 6  0.0013
1190  157.500  #aaaaa9  170 7  0.0032
1191  157.600  #aaaaaa  171 1  0.0006
1192  157.900  #aaaaab  171 2  0.0019
1193  158.300  #abaaaa  171 3  0.0025
1194  158.300  #abaaab  171 4  0.0000
1195  159.000  #aaabaa  171 5  0.0044
1196  159.300  #aaabab  171 6  0.0019
1197  159.800  #ababaa  171 7  0.0031
1198  160.000  #ababab  172 1  0.0013
1199  160.200  #ababac  172 2  0.0012
1200  160.300  #acabab  172 3  0.0006
1201  160.700  #acabac  172 4  0.0025
1202  161.200  #abacab  172 5  0.0031
1203  161.400  #abacac  172 6  0.0012
1204  161.800  #acacab  172 7  0.0025
1205  162.000  #acacac  173 1  0.0012
1206  162.000  #acacad  173 2  0.0000
1207  162.400  #adacac  173 3  0.0025
1208  162.800  #adacad  173 4  0.0025
1209  163.600  #acadac  173 5  0.0049
1210  163.300  #acadad  173 6  -0.0018
1211  164.000  #adadac  173 7  0.0043
1212  164.100  #adadad  174 1  0.0006
1213  164.300  #adadae  174 2  0.0012
1214  164.600  #aeadad  174 3  0.0018
1215  164.900  #aeadae  174 4  0.0018
1216  165.500  #adaead  174 5  0.0036
1217  165.900  #adaeae  174 6  0.0024
1218  166.200  #aeaead  174 7  0.0018
1219  166.100  #aeaeae  175 1  -0.0006
1220  166.600  #aeaeaf  175 2  0.0030
1221  166.900  #afaeae  175 3  0.0018
1222  167.100  #afaeaf  175 4  0.0012
1223  167.600  #aeafae  175 5  0.0030
1224  167.800  #aeafaf  175 6  0.0012
1225  168.500  #afafae  175 7  0.0042
1226  168.600  #afafaf  176 1  0.0006
1227  168.600  #afafb0  176 2  0.0000
1228  169.000  #b0afaf  176 3  0.0024
1229  169.200  #b0afb0  176 4  0.0012
1230  170.100  #afb0af  176 5  0.0053
1231  170.000  #afb0b0  176 6  -0.0006
1232  170.300  #b0b0af  176 7  0.0018
1233  170.600  #b0b0b0  177 1  0.0018
1234  171.000  #b0b0b1  177 2  0.0023
1235  171.500  #b1b0b0  177 3  0.0029
1236  171.300  #b1b0b1  177 4  -0.0012
1237  172.000  #b0b1b0  177 5  0.0041
1238  172.300  #b0b1b1  177 6  0.0017
1239  172.900  #b1b1b0  177 7  0.0035
1240  173.300  #b1b1b1  178 1  0.0023
1241  173.300  #b1b1b2  178 2  0.0000
1242  173.400  #b2b1b1  178 3  0.0006
1243  173.800  #b2b1b2  178 4  0.0023
1244  174.200  #b1b2b1  178 5  0.0023
1245  174.600  #b1b2b2  178 6  0.0023
1246  175.100  #b2b2b1  178 7  0.0029
1247  175.200  #b2b2b2  179 1  0.0006
1248  175.300  #b2b2b3  179 2  0.0006
1249  175.700  #b3b2b2  179 3  0.0023
1250  175.500  #b3b2b3  179 4  -0.0011
1251  176.700  #b2b3b2  179 5  0.0068
1252  176.800  #b2b3b3  179 6  0.0006
1253  177.100  #b3b3b2  179 7  0.0017
1254  177.500  #b3b3b3  180 1  0.0023
1255  177.500  #b3b3b4  180 2  0.0000
1256  177.800  #b4b3b3  180 3  0.0017
1257  178.200  #b4b3b4  180 4  0.0022
1258  178.500  #b3b4b3  180 5  0.0017
1259  179.000  #b3b4b4  180 6  0.0028
1260  178.000  #b4b4b3  180 7  -0.0056
1261  179.000  #b4b4b4  181 1  0.0056
1262  179.000  #b4b4b5  181 2  0.0000
1263  179.000  #b5b4b4  181 3  0.0000
1264  180.000  #b5b4b5  181 4  0.0056
1265  181.000  #b4b5b4  181 5  0.0055
1266  180.000  #b4b5b5  181 6  -0.0055
1267  181.000  #b5b5b4  181 7  0.0055
1268  181.000  #b5b5b5  182 1  0.0000
1269  181.000  #b5b5b6  182 2  0.0000
1270  181.000  #b6b5b5  182 3  0.0000
1271  182.000  #b6b5b6  182 4  0.0055
1272  183.000  #b5b6b5  182 5  0.0055
1273  183.000  #b5b6b6  182 6  0.0000
1274  183.000  #b6b6b5  182 7  0.0000
1275  183.000  #b6b6b6  183 1  0.0000
1276  183.000  #b6b6b7  183 2  0.0000
1277  184.000  #b7b6b6  183 3  0.0054
1278  184.000  #b7b6b7  183 4  0.0000
1279  185.000  #b6b7b6  183 5  0.0054
1280  185.000  #b6b7b7  183 6  0.0000
1281  185.000  #b7b7b6  183 7  0.0000
1282  185.000  #b7b7b7  184 1  0.0000
1283  186.000  #b7b7b8  184 2  0.0054
1284  186.000  #b8b7b7  184 3  0.0000
1285  186.000  #b8b7b8  184 4  0.0000
1286  187.000  #b7b8b7  184 5  0.0054
1287  187.000  #b7b8b8  184 6  0.0000
1288  188.000  #b8b8b7  184 7  0.0053
1289  188.000  #b8b8b8  185 1  0.0000
1290  188.000  #b8b8b9  185 2  0.0000
1291  188.000  #b9b8b8  185 3  0.0000
1292  188.000  #b9b8b9  185 4  0.0000
1293  189.000  #b8b9b8  185 5  0.0053
1294  189.000  #b8b9b9  185 6  0.0000
1295  189.000  #b9b9b8  185 7  0.0000
1296  190.000  #b9b9b9  186 1  0.0053
1297  190.000  #b9b9ba  186 2  0.0000
1298  190.000  #bab9b9  186 3  0.0000
1299  190.000  #bab9ba  186 4  0.0000
1300  191.000  #b9bab9  186 5  0.0052
1301  191.000  #b9baba  186 6  0.0000
1302  192.000  #babab9  186 7  0.0052
1303  192.000  #bababa  187 1  0.0000
1304  192.000  #bababb  187 2  0.0000
1305  193.000  #bbbaba  187 3  0.0052
1306  193.000  #bbbabb  187 4  0.0000
1307  193.000  #babbba  187 5  0.0000
1308  193.000  #babbbb  187 6  0.0000
1309  194.000  #bbbbba  187 7  0.0052
1310  194.000  #bbbbbb  188 1  0.0000
1311  194.000  #bbbbbc  188 2  0.0000
1312  195.000  #bcbbbb  188 3  0.0051
1313  195.000  #bcbbbc  188 4  0.0000
1314  196.000  #bbbcbb  188 5  0.0051
1315  195.000  #bbbcbc  188 6  -0.0051
1316  196.000  #bcbcbb  188 7  0.0051
1317  196.000  #bcbcbc  189 1  0.0000
1318  197.000  #bcbcbd  189 2  0.0051
1319  197.000  #bdbcbc  189 3  0.0000
1320  197.000  #bdbcbd  189 4  0.0000
1321  198.000  #bcbdbc  189 5  0.0051
1322  198.000  #bcbdbd  189 6  0.0000
1323  198.000  #bdbdbc  189 7  0.0000
1324  199.000  #bdbdbd  190 1  0.0050
1325  199.000  #bdbdbe  190 2  0.0000
1326  199.000  #bebdbd  190 3  0.0000
1327  199.000  #bebdbe  190 4  0.0000
1328  200.000  #bdbebd  190 5  0.0050
1329  200.000  #bdbebe  190 6  0.0000
1330  200.000  #bebebd  190 7  0.0000
1331  201.000  #bebebe  191 1  0.0050
1332  201.000  #bebebf  191 2  0.0000
1333  201.000  #bfbebe  191 3  0.0000
1334  201.000  #bfbebf  191 4  0.0000
1335  202.000  #bebfbe  191 5  0.0050
1336  202.000  #bebfbf  191 6  0.0000
1337  202.000  #bfbfbe  191 7  0.0000
1338  203.000  #bfbfbf  192 1  0.0049
1339  203.000  #bfbfc0  192 2  0.0000
1340  204.000  #c0bfbf  192 3  0.0049
1341  203.000  #c0bfc0  192 4  -0.0049
1342  205.000  #bfc0bf  192 5  0.0098
1343  205.000  #bfc0c0  192 6  0.0000
1344  205.000  #c0c0bf  192 7  0.0000
1345  205.000  #c0c0c0  193 1  0.0000
1346  206.000  #c0c0c1  193 2  0.0049
1347  206.000  #c1c0c0  193 3  0.0000
1348  206.000  #c1c0c1  193 4  0.0000
1349  208.000  #c0c1c0  193 5  0.0097
1350  207.000  #c0c1c1  193 6  -0.0048
1351  208.000  #c1c1c0  193 7  0.0048
1352  208.000  #c1c1c1  194 1  0.0000
1353  209.000  #c1c1c2  194 2  0.0048
1354  209.000  #c2c1c1  194 3  0.0000
1355  209.000  #c2c1c2  194 4  0.0000
1356  210.000  #c1c2c1  194 5  0.0048
1357  211.000  #c1c2c2  194 6  0.0048
1358  211.000  #c2c2c1  194 7  0.0000
1359  211.000  #c2c2c2  195 1  0.0000
1360  211.000  #c2c2c3  195 2  0.0000
1361  212.000  #c3c2c2  195 3  0.0047
1362  212.000  #c3c2c3  195 4  0.0000
1363  213.000  #c2c3c2  195 5  0.0047
1364  213.000  #c2c3c3  195 6  0.0000
1365  214.000  #c3c3c2  195 7  0.0047
1366  214.000  #c3c3c3  196 1  0.0000
1367  214.000  #c3c3c4  196 2  0.0000
1368  214.000  #c4c3c3  196 3  0.0000
1369  215.000  #c4c3c4  196 4  0.0047
1370  215.000  #c3c4c3  196 5  0.0000
1371  216.000  #c3c4c4  196 6  0.0046
1372  216.000  #c4c4c3  196 7  0.0000
1373  216.000  #c4c4c4  197 1  0.0000
1374  217.000  #c4c4c5  197 2  0.0046
1375  217.000  #c5c4c4  197 3  0.0000
1376  217.000  #c5c4c5  197 4  0.0000
1377  218.000  #c4c5c4  197 5  0.0046
1378  218.000  #c4c5c5  197 6  0.0000
1379  219.000  #c5c5c4  197 7  0.0046
1380  219.000  #c5c5c5  198 1  0.0000
1381  219.000  #c5c5c6  198 2  0.0000
1382  220.000  #c6c5c5  198 3  0.0046
1383  220.000  #c6c5c6  198 4  0.0000
1384  221.000  #c5c6c5  198 5  0.0045
1385  221.000  #c5c6c6  198 6  0.0000
1386  222.000  #c6c6c5  198 7  0.0045
1387  222.000  #c6c6c6  199 1  0.0000
1388  222.000  #c6c6c7  199 2  0.0000
1389  223.000  #c7c6c6  199 3  0.0045
1390  223.000  #c7c6c7  199 4  0.0000
1391  224.000  #c6c7c6  199 5  0.0045
1392  224.000  #c6c7c7  199 6  0.0000
1393  225.000  #c7c7c6  199 7  0.0045
1394  225.000  #c7c7c7  200 1  0.0000
1395  225.000  #c7c7c8  200 2  0.0000
1396  225.000  #c8c7c7  200 3  0.0000
1397  225.000  #c8c7c8  200 4  0.0000
1398  227.000  #c7c8c7  200 5  0.0088
1399  227.000  #c7c8c8  200 6  0.0000
1400  227.000  #c8c8c7  200 7  0.0000
1401  227.000  #c8c8c8  201 1  0.0000
1402  228.000  #c8c8c9  201 2  0.0044
1403  228.000  #c9c8c8  201 3  0.0000
1404  228.000  #c9c8c9  201 4  0.0000
1405  229.000  #c8c9c8  201 5  0.0044
1406  230.000  #c8c9c9  201 6  0.0044
1407  230.000  #c9c9c8  201 7  0.0000
1408  230.000  #c9c9c9  202 1  0.0000
1409  231.000  #c9c9ca  202 2  0.0043
1410  231.000  #cac9c9  202 3  0.0000
1411  231.000  #cac9ca  202 4  0.0000
1412  232.000  #c9cac9  202 5  0.0043
1413  232.000  #c9caca  202 6  0.0000
1414  233.000  #cacac9  202 7  0.0043
1415  233.000  #cacaca  203 1  0.0000
1416  233.000  #cacacb  203 2  0.0000
1417  234.000  #cbcaca  203 3  0.0043
1418  234.000  #cbcacb  203 4  0.0000
1419  235.000  #cacbca  203 5  0.0043
1420  235.000  #cacbcb  203 6  0.0000
1421  236.000  #cbcbca  203 7  0.0042
1422  236.000  #cbcbcb  204 1  0.0000
1423  236.000  #cbcbcc  204 2  0.0000
1424  237.000  #cccbcb  204 3  0.0042
1425  237.000  #cccbcc  204 4  0.0000
1426  238.000  #cbcccb  204 5  0.0042
1427  238.000  #cbcccc  204 6  0.0000
1428  238.000  #cccccb  204 7  0.0000
1429  239.000  #cccccc  205 1  0.0042
1430  239.000  #cccccd  205 2  0.0000
1431  239.000  #cdcccc  205 3  0.0000
1432  240.000  #cdcccd  205 4  0.0042
1433  240.000  #cccdcc  205 5  0.0000
1434  241.000  #cccdcd  205 6  0.0042
1435  241.000  #cdcdcc  205 7  0.0000
1436  242.000  #cdcdcd  206 1  0.0041
1437  242.000  #cdcdce  206 2  0.0000
1438  242.000  #cecdcd  206 3  0.0000
1439  242.000  #cecdce  206 4  0.0000
1440  243.000  #cdcecd  206 5  0.0041
1441  244.000  #cdcece  206 6  0.0041
1442  244.000  #cececd  206 7  0.0000
1443  244.000  #cecece  207 1  0.0000
1444  244.000  #cececf  207 2  0.0000
1445  245.000  #cfcece  207 3  0.0041
1446  245.000  #cfcecf  207 4  0.0000
1447  246.000  #cecfce  207 5  0.0041
1448  247.000  #cecfcf  207 6  0.0041
1449  247.000  #cfcfce  207 7  0.0000
1450  247.000  #cfcfcf  208 1  0.0000
1451  247.000  #cfcfd0  208 2  0.0000
1452  248.000  #d0cfcf  208 3  0.0040
1453  248.000  #d0cfd0  208 4  0.0000
1454  249.000  #cfd0cf  208 5  0.0040
1455  249.000  #cfd0d0  208 6  0.0000
1456  249.000  #d0d0cf  208 7  0.0000
1457  250.000  #d0d0d0  209 1  0.0040
1458  250.000  #d0d0d1  209 2  0.0000
1459  250.000  #d1d0d0  209 3  0.0000
1460  251.000  #d1d0d1  209 4  0.0040
1461  252.000  #d0d1d0  209 5  0.0040
1462  252.000  #d0d1d1  209 6  0.0000
1463  252.000  #d1d1d0  209 7  0.0000
1464  252.000  #d1d1d1  210 1  0.0000
1465  253.000  #d1d1d2  210 2  0.0040
1466  253.000  #d2d1d1  210 3  0.0000
1467  253.000  #d2d1d2  210 4  0.0000
1468  254.000  #d1d2d1  210 5  0.0039
1469  255.000  #d1d2d2  210 6  0.0039
1470  255.000  #d2d2d1  210 7  0.0000
1471  255.000  #d2d2d2  211 1  0.0000
1472  255.000  #d2d2d3  211 2  0.0000
1473  256.000  #d3d2d2  211 3  0.0039
1474  256.000  #d3d2d3  211 4  0.0000
1475  257.000  #d2d3d2  211 5  0.0039
1476  257.000  #d2d3d3  211 6  0.0000
1477  257.000  #d3d3d2  211 7  0.0000
1478  258.000  #d3d3d3  212 1  0.0039
1479  258.000  #d3d3d4  212 2  0.0000
1480  258.000  #d4d3d3  212 3  0.0000
1481  259.000  #d4d3d4  212 4  0.0039
1482  260.000  #d3d4d3  212 5  0.0039
1483  260.000  #d3d4d4  212 6  0.0000
1484  261.000  #d4d4d3  212 7  0.0038
1485  261.000  #d4d4d4  213 1  0.0000
1486  261.000  #d4d4d5  213 2  0.0000
1487  261.000  #d5d4d4  213 3  0.0000
1488  262.000  #d5d4d5  213 4  0.0038
1489  262.000  #d4d5d4  213 5  0.0000
1490  263.000  #d4d5d5  213 6  0.0038
1491  263.000  #d5d5d4  213 7  0.0000
1492  263.000  #d5d5d5  214 1  0.0000
1493  264.000  #d5d5d6  214 2  0.0038
1494  264.000  #d6d5d5  214 3  0.0000
1495  264.000  #d6d5d6  214 4  0.0000
1496  265.000  #d5d6d5  214 5  0.0038
1497  266.000  #d5d6d6  214 6  0.0038
1498  266.000  #d6d6d5  214 7  0.0000
1499  266.000  #d6d6d6  215 1  0.0000
1500  267.000  #d6d6d7  215 2  0.0038
1501  267.000  #d7d6d6  215 3  0.0000
1502  267.000  #d7d6d7  215 4  0.0000
1503  268.000  #d6d7d6  215 5  0.0037
1504  268.000  #d6d7d7  215 6  0.0000
1505  268.000  #d7d7d6  215 7  0.0000
1506  269.000  #d7d7d7  216 1  0.0037
1507  269.000  #d7d7d8  216 2  0.0000
1508  269.000  #d8d7d7  216 3  0.0000
1509  269.000  #d8d7d8  216 4  0.0000
1510  271.000  #d7d8d7  216 5  0.0074
1511  271.000  #d7d8d8  216 6  0.0000
1512  271.000  #d8d8d7  216 7  0.0000
1513  272.000  #d8d8d8  217 1  0.0037
1514  272.000  #d8d8d9  217 2  0.0000
1515  272.000  #d9d8d8  217 3  0.0000
1516  272.000  #d9d8d9  217 4  0.0000
1517  273.000  #d8d9d8  217 5  0.0037
1518  273.000  #d8d9d9  217 6  0.0000
1519  274.000  #d9d9d8  217 7  0.0037
1520  274.000  #d9d9d9  218 1  0.0000
1521  275.000  #d9d9da  218 2  0.0036
1522  275.000  #dad9d9  218 3  0.0000
1523  275.000  #dad9da  218 4  0.0000
1524  276.000  #d9dad9  218 5  0.0036
1525  276.000  #d9dada  218 6  0.0000
1526  277.000  #dadad9  218 7  0.0036
1527  277.000  #dadada  219 1  0.0000
1528  277.000  #dadadb  219 2  0.0000
1529  277.000  #dbdada  219 3  0.0000
1530  278.000  #dbdadb  219 4  0.0036
1531  279.000  #dadbda  219 5  0.0036
1532  279.000  #dadbdb  219 6  0.0000
1533  280.000  #dbdbda  219 7  0.0036
1534  279.000  #dbdbdb  220 1  -0.0036
1535  280.000  #dbdbdc  220 2  0.0036
1536  280.000  #dcdbdb  220 3  0.0000
1537  280.000  #dcdbdc  220 4  0.0000
1538  281.000  #dbdcdb  220 5  0.0036
1539  281.000  #dbdcdc  220 6  0.0000
1540  282.000  #dcdcdb  220 7  0.0036
1541  283.000  #dcdcdc  221 1  0.0035
1542  283.000  #dcdcdd  221 2  0.0000
1543  283.000  #dddcdc  221 3  0.0000
1544  283.000  #dddcdd  221 4  0.0000
1545  284.000  #dcdddc  221 5  0.0035
1546  284.000  #dcdddd  221 6  0.0000
1547  285.000  #dddddc  221 7  0.0035
1548  285.000  #dddddd  222 1  0.0000
1549  285.000  #ddddde  222 2  0.0000
1550  285.000  #dedddd  222 3  0.0000
1551  286.000  #deddde  222 4  0.0035
1552  287.000  #dddedd  222 5  0.0035
1553  287.000  #dddede  222 6  0.0000
1554  288.000  #dededd  222 7  0.0035
1555  288.000  #dedede  223 1  0.0000
1556  288.000  #dededf  223 2  0.0000
1557  288.000  #dfdede  223 3  0.0000
1558  288.000  #dfdedf  223 4  0.0000
1559  289.000  #dedfde  223 5  0.0035
1560  289.000  #dedfdf  223 6  0.0000
1561  289.000  #dfdfde  223 7  0.0000
1562  290.000  #dfdfdf  224 1  0.0035
1563  290.000  #dfdfe0  224 2  0.0000
1564  290.000  #e0dfdf  224 3  0.0000
1565  291.000  #e0dfe0  224 4  0.0034
1566  292.000  #dfe0df  224 5  0.0034
1567  292.000  #dfe0e0  224 6  0.0000
1568  292.000  #e0e0df  224 7  0.0000
1569  293.000  #e0e0e0  225 1  0.0034
1570  293.000  #e0e0e1  225 2  0.0000
1571  293.000  #e1e0e0  225 3  0.0000
1572  294.000  #e1e0e1  225 4  0.0034
1573  294.000  #e0e1e0  225 5  0.0000
1574  294.000  #e0e1e1  225 6  0.0000
1575  295.000  #e1e1e0  225 7  0.0034
1576  294.000  #e1e1e1  226 1  -0.0034
1577  295.000  #e1e1e2  226 2  0.0034
1578  296.000  #e2e1e1  226 3  0.0034
1579  296.000  #e2e1e2  226 4  0.0000
1580  297.000  #e1e2e1  226 5  0.0034
1581  297.000  #e1e2e2  226 6  0.0000
1582  297.000  #e2e2e1  226 7  0.0000
1583  298.000  #e2e2e2  227 1  0.0034
1584  297.000  #e2e2e3  227 2  -0.0034
1585  298.000  #e3e2e2  227 3  0.0034
1586  298.000  #e3e2e3  227 4  0.0000
1587  299.000  #e2e3e2  227 5  0.0034
1588  299.000  #e2e3e3  227 6  0.0000
1589  300.000  #e3e3e2  227 7  0.0033
1590  300.000  #e3e3e3  228 1  0.0000
1591  300.000  #e3e3e4  228 2  0.0000
1592  300.000  #e4e3e3  228 3  0.0000
1593  301.000  #e4e3e4  228 4  0.0033
1594  301.000  #e3e4e3  228 5  0.0000
1595  301.000  #e3e4e4  228 6  0.0000
1596  301.000  #e4e4e3  228 7  0.0000
1597  302.000  #e4e4e4  229 1  0.0033
1598  302.000  #e4e4e5  229 2  0.0000
1599  303.000  #e5e4e4  229 3  0.0033
1600  303.000  #e5e4e5  229 4  0.0000
1601  303.000  #e4e5e4  229 5  0.0000
1602  304.000  #e4e5e5  229 6  0.0033
1603  304.000  #e5e5e4  229 7  0.0000
1604  305.000  #e5e5e5  230 1  0.0033
1605  305.000  #e5e5e6  230 2  0.0000
1606  305.000  #e6e5e5  230 3  0.0000
1607  305.000  #e6e5e6  230 4  0.0000
1608  306.000  #e5e6e5  230 5  0.0033
1609  306.000  #e5e6e6  230 6  0.0000
1610  306.000  #e6e6e5  230 7  0.0000
1611  307.000  #e6e6e6  231 1  0.0033
1612  307.000  #e6e6e7  231 2  0.0000
1613  307.000  #e7e6e6  231 3  0.0000
1614  307.000  #e7e6e7  231 4  0.0000
1615  308.000  #e6e7e6  231 5  0.0033
1616  309.000  #e6e7e7  231 6  0.0032
1617  309.000  #e7e7e6  231 7  0.0000
1618  309.000  #e7e7e7  232 1  0.0000
1619  309.000  #e7e7e8  232 2  0.0000
1620  310.000  #e8e7e7  232 3  0.0032
1621  310.000  #e8e7e8  232 4  0.0000
1622  310.000  #e7e8e7  232 5  0.0000
1623  311.000  #e7e8e8  232 6  0.0032
1624  311.000  #e8e8e7  232 7  0.0000
1625  311.000  #e8e8e8  233 1  0.0000
1626  311.000  #e8e8e9  233 2  0.0000
1627  312.000  #e9e8e8  233 3  0.0032
1628  312.000  #e9e8e9  233 4  0.0000
1629  313.000  #e8e9e8  233 5  0.0032
1630  313.000  #e8e9e9  233 6  0.0000
1631  314.000  #e9e9e8  233 7  0.0032
1632  314.000  #e9e9e9  234 1  0.0000
1633  314.000  #e9e9ea  234 2  0.0000
1634  314.000  #eae9e9  234 3  0.0000
1635  315.000  #eae9ea  234 4  0.0032
1636  316.000  #e9eae9  234 5  0.0032
1637  316.000  #e9eaea  234 6  0.0000
1638  316.000  #eaeae9  234 7  0.0000
1639  316.000  #eaeaea  235 1  0.0000
1640  316.000  #eaeaeb  235 2  0.0000
1641  317.000  #ebeaea  235 3  0.0032
1642  316.000  #ebeaeb  235 4  -0.0032
1643  318.000  #eaebea  235 5  0.0063
1644  318.000  #eaebeb  235 6  0.0000
1645  318.000  #ebebea  235 7  0.0000
1646  318.000  #ebebeb  236 1  0.0000
1647  319.000  #ebebec  236 2  0.0031
1648  319.000  #ecebeb  236 3  0.0000
1649  319.000  #ecebec  236 4  0.0000
1650  320.000  #ebeceb  236 5  0.0031
1651  320.000  #ebecec  236 6  0.0000
1652  320.000  #ececeb  236 7  0.0000
1653  320.000  #ececec  237 1  0.0000
1654  321.000  #ececed  237 2  0.0031
1655  321.000  #edecec  237 3  0.0000
1656  321.000  #edeced  237 4  0.0000
1657  322.000  #ecedec  237 5  0.0031
1658  322.000  #eceded  237 6  0.0000
1659  323.000  #ededec  237 7  0.0031
1660  323.000  #ededed  238 1  0.0000
1661  323.000  #ededee  238 2  0.0000
1662  323.000  #eeeded  238 3  0.0000
1663  323.000  #eeedee  238 4  0.0000
1664  325.000  #edeeed  238 5  0.0062
1665  324.000  #edeeee  238 6  -0.0031
1666  324.000  #eeeeed  238 7  0.0000
1667  325.000  #eeeeee  239 1  0.0031
1668  325.000  #eeeeef  239 2  0.0000
1669  325.000  #efeeee  239 3  0.0000
1670  325.000  #efeeef  239 4  0.0000
1671  326.000  #eeefee  239 5  0.0031
1672  326.000  #eeefef  239 6  0.0000
1673  327.000  #efefee  239 7  0.0031
1674  327.000  #efefef  240 1  0.0000
1675  327.000  #efeff0  240 2  0.0000
1676  327.000  #f0efef  240 3  0.0000
1677  327.000  #f0eff0  240 4  0.0000
1678  328.000  #eff0ef  240 5  0.0031
1679  328.000  #eff0f0  240 6  0.0000
1680  329.000  #f0f0ef  240 7  0.0030
1681  329.000  #f0f0f0  241 1  0.0000
1682  329.000  #f0f0f1  241 2  0.0000
1683  329.000  #f1f0f0  241 3  0.0000
1684  330.000  #f1f0f1  241 4  0.0030
1685  330.000  #f0f1f0  241 5  0.0000
1686  331.000  #f0f1f1  241 6  0.0030
1687  330.000  #f1f1f0  241 7  -0.0030
1688  331.000  #f1f1f1  242 1  0.0030
1689  331.000  #f1f1f2  242 2  0.0000
1690  331.000  #f2f1f1  242 3  0.0000
1691  332.000  #f2f1f2  242 4  0.0030
1692  332.000  #f1f2f1  242 5  0.0000
1693  333.000  #f1f2f2  242 6  0.0030
1694  332.000  #f2f2f1  242 7  -0.0030
1695  333.000  #f2f2f2  243 1  0.0030
1696  333.000  #f2f2f3  243 2  0.0000
1697  333.000  #f3f2f2  243 3  0.0000
1698  333.000  #f3f2f3  243 4  0.0000
1699  334.000  #f2f3f2  243 5  0.0030
1700  334.000  #f2f3f3  243 6  0.0000
1701  334.000  #f3f3f2  243 7  0.0000
1702  335.000  #f3f3f3  244 1  0.0030
1703  335.000  #f3f3f4  244 2  0.0000
1704  335.000  #f4f3f3  244 3  0.0000
1705  335.000  #f4f3f4  244 4  0.0000
1706  336.000  #f3f4f3  244 5  0.0030
1707  337.000  #f3f4f4  244 6  0.0030
1708  336.000  #f4f4f3  244 7  -0.0030
1709  336.000  #f4f4f4  245 1  0.0000
1710  337.000  #f4f4f5  245 2  0.0030
1711  337.000  #f5f4f4  245 3  0.0000
1712  337.000  #f5f4f5  245 4  0.0000
1713  337.000  #f4f5f4  245 5  0.0000
1714  338.000  #f4f5f5  245 6  0.0030
1715  338.000  #f5f5f4  245 7  0.0000
1716  338.000  #f5f5f5  246 1  0.0000
1717  338.000  #f5f5f6  246 2  0.0000
1718  339.000  #f6f5f5  246 3  0.0030
1719  339.000  #f6f5f6  246 4  0.0000
1720  340.000  #f5f6f5  246 5  0.0029
1721  340.000  #f5f6f6  246 6  0.0000
1722  340.000  #f6f6f5  246 7  0.0000
1723  340.000  #f6f6f6  247 1  0.0000
1724  340.000  #f6f6f7  247 2  0.0000
1725  340.000  #f7f6f6  247 3  0.0000
1726  340.000  #f7f6f7  247 4  0.0000
1727  341.000  #f6f7f6  247 5  0.0029
1728  341.000  #f6f7f7  247 6  0.0000
1729  341.000  #f7f7f6  247 7  0.0000
1730  342.000  #f7f7f7  248 1  0.0029
1731  342.000  #f7f7f8  248 2  0.0000
1732  342.000  #f8f7f7  248 3  0.0000
1733  342.000  #f8f7f8  248 4  0.0000
1734  343.000  #f7f8f7  248 5  0.0029
1735  343.000  #f7f8f8  248 6  0.0000
1736  344.000  #f8f8f7  248 7  0.0029
1737  343.000  #f8f8f8  249 1  -0.0029
1738  343.000  #f8f8f9  249 2  0.0000
1739  344.000  #f9f8f8  249 3  0.0029
1740  344.000  #f9f8f9  249 4  0.0000
1741  344.000  #f8f9f8  249 5  0.0000
1742  345.000  #f8f9f9  249 6  0.0029
1743  345.000  #f9f9f8  249 7  0.0000
1744  345.000  #f9f9f9  250 1  0.0000
1745  345.000  #f9f9fa  250 2  0.0000
1746  345.000  #faf9f9  250 3  0.0000
1747  345.000  #faf9fa  250 4  0.0000
1748  345.000  #f9faf9  250 5  0.0000
1749  346.000  #f9fafa  250 6  0.0029
1750  346.000  #fafaf9  250 7  0.0000
1751  346.000  #fafafa  251 1  0.0000
1752  346.000  #fafafb  251 2  0.0000
1753  346.000  #fbfafa  251 3  0.0000
1754  347.000  #fbfafb  251 4  0.0029
1755  347.000  #fafbfa  251 5  0.0000
1756  347.000  #fafbfb  251 6  0.0000
1757  347.000  #fbfbfa  251 7  0.0000
1758  347.000  #fbfbfb  252 1  0.0000
1759  348.000  #fbfbfc  252 2  0.0029
1760  347.000  #fcfbfb  252 3  -0.0029
1761  348.000  #fcfbfc  252 4  0.0029
1762  348.000  #fbfcfb  252 5  0.0000
1763  348.000  #fbfcfc  252 6  0.0000
1764  348.000  #fcfcfb  252 7  0.0000
1765  349.000  #fcfcfc  253 1  0.0029
1766  349.000  #fcfcfd  253 2  0.0000
1767  349.000  #fdfcfc  253 3  0.0000
1768  349.000  #fdfcfd  253 4  0.0000
1769  349.000  #fcfdfc  253 5  0.0000
1770  350.000  #fcfdfd  253 6  0.0029
1771  350.000  #fdfdfc  253 7  0.0000
1772  350.000  #fdfdfd  254 1  0.0000
1773  350.000  #fdfdfe  254 2  0.0000
1774  350.000  #fefdfd  254 3  0.0000
1775  350.000  #fefdfe  254 4  0.0000
1776  351.000  #fdfefd  254 5  0.0029
1777  351.000  #fdfefe  254 6  0.0000
1778  352.000  #fefefd  254 7  0.0028
1779  351.000  #fefefe  255 1  -0.0028
1780  351.000  #fefeff  255 2  0.0000
1781  351.000  #fffefe  255 3  0.0000
1782  351.000  #fffeff  255 4  0.0000
1783  351.000  #fefffe  255 5  0.0000
1784  351.000  #feffff  255 6  0.0000
1785  351.000  #fffffe  255 7  0.0000
1786  351.000  #ffffff  256 1  0.0000
