#  lumResponse vers. 1.6 - 01/09/07 14:28:13
#  Display ID: DELL_3007WFP_FK28569SG485
#  iLdelay=1  avgN=1  ILlimit_plus=0.20 ILlimit_minus=-0.05  R=23.3% G=68.2% B=8.5%
#  81.7  #ff0000
#  239.0  #00ff00
#  29.7  #0000ff
   1    0.514  #000000    1 1  0.0000
   2    0.511  #000001    1 2  -0.0059
   3    0.507  #010000    1 3  -0.0079
   4    0.509  #010001    1 4  0.0039
   5    0.508  #000100    1 5  -0.0020
   6    0.508  #000101    1 6  0.0000
   7    0.507  #010100    1 7  -0.0020
   8    0.508  #010101    2 1  0.0020
   9    0.508  #010102    2 2  0.0000
  10    0.510  #020101    2 3  0.0039
  11    0.509  #020102    2 4  -0.0020
  12    0.510  #010201    2 5  0.0020
  13    0.510  #010202    2 6  0.0000
  14    0.511  #020201    2 7  0.0020
  15    0.511  #020202    3 1  0.0000
  16    0.512  #020203    3 2  0.0020
  17    0.512  #030202    3 3  0.0000
  18    0.512  #030203    3 4  0.0000
  19    0.515  #020302    3 5  0.0058
  20    0.515  #020303    3 6  0.0000
  21    0.515  #030302    3 7  0.0000
  22    0.516  #030303    4 1  0.0019
  23    0.516  #030304    4 2  0.0000
  24    0.517  #040303    4 3  0.0019
  25    0.518  #040304    4 4  0.0019
  26    0.520  #030403    4 5  0.0039
  27    0.521  #030404    4 6  0.0019
  28    0.522  #040403    4 7  0.0019
  29    0.523  #040404    5 1  0.0019
  30    0.523  #040405    5 2  0.0000
  31    0.525  #050404    5 3  0.0038
  32    0.526  #050405    5 4  0.0019
  33    0.529  #040504    5 5  0.0057
  34    0.531  #040505    5 6  0.0038
  35    0.532  #050504    5 7  0.0019
  36    0.533  #050505    6 1  0.0019
  37    0.534  #050506    6 2  0.0019
  38    0.537  #060505    6 3  0.0056
  39    0.538  #060506    6 4  0.0019
  40    0.543  #050605    6 5  0.0093
  41    0.544  #050606    6 6  0.0018
  42    0.546  #060605    6 7  0.0037
  43    0.548  #060606    7 1  0.0037
  44    0.550  #060607    7 2  0.0036
  45    0.553  #070606    7 3  0.0054
  46    0.554  #070607    7 4  0.0018
  47    0.561  #060706    7 5  0.0126
  48    0.563  #060707    7 6  0.0036
  49    0.566  #070706    7 7  0.0053
  50    0.567  #070707    8 1  0.0018
  51    0.569  #070708    8 2  0.0035
  52    0.572  #080707    8 3  0.0053
  53    0.574  #080708    8 4  0.0035
  54    0.584  #070807    8 5  0.0173
  55    0.586  #070808    8 6  0.0034
  56    0.590  #080807    8 7  0.0068
  57    0.591  #080808    9 1  0.0017
  58    0.594  #080809    9 2  0.0051
  59    0.598  #090808    9 3  0.0067
  60    0.601  #090809    9 4  0.0050
  61    0.611  #080908    9 5  0.0165
  62    0.614  #080909    9 6  0.0049
  63    0.618  #090908    9 7  0.0065
  64    0.620  #090909   10 1  0.0032
  65    0.623  #09090a   10 2  0.0048
  66    0.628  #0a0909   10 3  0.0080
  67    0.630  #0a090a   10 4  0.0032
  68    0.643  #090a09   10 5  0.0204
  69    0.646  #090a0a   10 6  0.0047
  70    0.651  #0a0a09   10 7  0.0077
  71    0.654  #0a0a0a   11 1  0.0046
  72    0.657  #0a0a0b   11 2  0.0046
  73    0.662  #0b0a0a   11 3  0.0076
  74    0.665  #0b0a0b   11 4  0.0045
  75    0.680  #0a0b0a   11 5  0.0223
  76    0.683  #0a0b0b   11 6  0.0044
  77    0.688  #0b0b0a   11 7  0.0073
  78    0.691  #0b0b0b   12 1  0.0044
  79    0.696  #0b0b0c   12 2  0.0072
  80    0.701  #0c0b0b   12 3  0.0072
  81    0.705  #0c0b0c   12 4  0.0057
  82    0.722  #0b0c0b   12 5  0.0238
  83    0.726  #0b0c0c   12 6  0.0055
  84    0.732  #0c0c0b   12 7  0.0082
  85    0.735  #0c0c0c   13 1  0.0041
  86    0.740  #0c0c0d   13 2  0.0068
  87    0.747  #0d0c0c   13 3  0.0094
  88    0.751  #0d0c0d   13 4  0.0053
  89    0.770  #0c0d0c   13 5  0.0250
  90    0.774  #0c0d0d   13 6  0.0052
  91    0.781  #0d0d0c   13 7  0.0090
  92    0.785  #0d0d0d   14 1  0.0051
  93    0.790  #0d0d0e   14 2  0.0063
  94    0.798  #0e0d0d   14 3  0.0101
  95    0.802  #0e0d0e   14 4  0.0050
  96    0.825  #0d0e0d   14 5  0.0283
  97    0.830  #0d0e0e   14 6  0.0060
  98    0.838  #0e0e0d   14 7  0.0096
  99    0.842  #0e0e0e   15 1  0.0048
 100    0.847  #0e0e0f   15 2  0.0059
 101    0.857  #0f0e0e   15 3  0.0117
 102    0.863  #0f0e0f   15 4  0.0070
 103    0.889  #0e0f0e   15 5  0.0297
 104    0.894  #0e0f0f   15 6  0.0056
 105    0.903  #0f0f0e   15 7  0.0100
 106    0.908  #0f0f0f   16 1  0.0055
 107    0.915  #0f0f10   16 2  0.0077
 108    0.927  #100f0f   16 3  0.0130
 109    0.932  #100f10   16 4  0.0054
 110    0.962  #0f100f   16 5  0.0317
 111    0.969  #0f1010   16 6  0.0073
 112    0.980  #10100f   16 7  0.0113
 113    0.987  #101010   17 1  0.0071
 114    0.993  #101011   17 2  0.0061
 115    1.005  #111010   17 3  0.0120
 116    1.012  #111011   17 4  0.0069
 117    1.045  #101110   17 5  0.0321
 118    1.052  #101111   17 6  0.0067
 119    1.064  #111110   17 7  0.0113
 120    1.070  #111111   18 1  0.0056
 121    1.077  #111112   18 2  0.0065
 122    1.091  #121111   18 3  0.0129
 123    1.097  #121112   18 4  0.0055
 124    1.131  #111211   18 5  0.0305
 125    1.138  #111212   18 6  0.0062
 126    1.150  #121211   18 7  0.0105
 127    1.158  #121212   19 1  0.0069
 128    1.165  #121213   19 2  0.0060
 129    1.178  #131212   19 3  0.0111
 130    1.184  #131213   19 4  0.0051
 131    1.220  #121312   19 5  0.0300
 132    1.228  #121313   19 6  0.0065
 133    1.241  #131312   19 7  0.0105
 134    1.247  #131313   20 1  0.0048
 135    1.255  #131314   20 2  0.0064
 136    1.269  #141313   20 3  0.0111
 137    1.277  #141314   20 4  0.0063
 138    1.313  #131413   20 5  0.0278
 139    1.321  #131414   20 6  0.0061
 140    1.335  #141413   20 7  0.0105
 141    1.342  #141414   21 1  0.0052
 142    1.349  #141415   21 2  0.0052
 143    1.365  #151414   21 3  0.0118
 144    1.372  #151415   21 4  0.0051
 145    1.412  #141514   21 5  0.0287
 146    1.421  #141515   21 6  0.0064
 147    1.436  #151514   21 7  0.0105
 148    1.443  #151515   22 1  0.0049
 149    1.452  #151516   22 2  0.0062
 150    1.469  #161515   22 3  0.0116
 151    1.478  #161516   22 4  0.0061
 152    1.523  #151615   22 5  0.0300
 153    1.532  #151616   22 6  0.0059
 154    1.549  #161615   22 7  0.0110
 155    1.557  #161616   23 1  0.0052
 156    1.568  #161617   23 2  0.0070
 157    1.587  #171616   23 3  0.0120
 158    1.597  #171617   23 4  0.0063
 159    1.648  #161716   23 5  0.0314
 160    1.659  #161717   23 6  0.0067
 161    1.678  #171716   23 7  0.0114
 162    1.687  #171717   24 1  0.0053
 163    1.697  #171718   24 2  0.0059
 164    1.719  #181717   24 3  0.0129
 165    1.730  #181718   24 4  0.0064
 166    1.786  #171817   24 5  0.0319
 167    1.790  #171818   24 6  0.0022
 168    1.810  #181817   24 7  0.0111
 169    1.830  #181818   25 1  0.0110
 170    1.840  #181819   25 2  0.0054
 171    1.860  #191818   25 3  0.0108
 172    1.870  #191819   25 4  0.0054
 173    1.940  #181918   25 5  0.0367
 174    1.950  #181919   25 6  0.0051
 175    1.970  #191918   25 7  0.0102
 176    1.980  #191919   26 1  0.0051
 177    2.000  #19191a   26 2  0.0101
 178    2.020  #1a1919   26 3  0.0100
 179    2.040  #1a191a   26 4  0.0099
 180    2.100  #191a19   26 5  0.0290
 181    2.120  #191a1a   26 6  0.0095
 182    2.140  #1a1a19   26 7  0.0094
 183    2.160  #1a1a1a   27 1  0.0093
 184    2.170  #1a1a1b   27 2  0.0046
 185    2.200  #1b1a1a   27 3  0.0137
 186    2.210  #1b1a1b   27 4  0.0045
 187    2.280  #1a1b1a   27 5  0.0312
 188    2.290  #1a1b1b   27 6  0.0044
 189    2.320  #1b1b1a   27 7  0.0130
 190    2.330  #1b1b1b   28 1  0.0043
 191    2.350  #1b1b1c   28 2  0.0085
 192    2.380  #1c1b1b   28 3  0.0127
 193    2.390  #1c1b1c   28 4  0.0042
 194    2.470  #1b1c1b   28 5  0.0329
 195    2.480  #1b1c1c   28 6  0.0040
 196    2.510  #1c1c1b   28 7  0.0120
 197    2.520  #1c1c1c   29 1  0.0040
 198    2.540  #1c1c1d   29 2  0.0079
 199    2.570  #1d1c1c   29 3  0.0117
 200    2.580  #1d1c1d   29 4  0.0039
 201    2.660  #1c1d1c   29 5  0.0305
 202    2.670  #1c1d1d   29 6  0.0038
 203    2.700  #1d1d1c   29 7  0.0112
 204    2.720  #1d1d1d   30 1  0.0074
 205    2.730  #1d1d1e   30 2  0.0037
 206    2.760  #1e1d1d   30 3  0.0109
 207    2.780  #1e1d1e   30 4  0.0072
 208    2.860  #1d1e1d   30 5  0.0284
 209    2.880  #1d1e1e   30 6  0.0070
 210    2.910  #1e1e1d   30 7  0.0104
 211    2.930  #1e1e1e   31 1  0.0068
 212    2.940  #1e1e1f   31 2  0.0034
 213    2.980  #1f1e1e   31 3  0.0135
 214    3.000  #1f1e1f   31 4  0.0067
 215    3.090  #1e1f1e   31 5  0.0296
 216    3.100  #1e1f1f   31 6  0.0032
 217    3.140  #1f1f1e   31 7  0.0128
 218    3.160  #1f1f1f   32 1  0.0063
 219    3.170  #1f1f20   32 2  0.0032
 220    3.210  #201f1f   32 3  0.0125
 221    3.230  #201f20   32 4  0.0062
 222    3.330  #1f201f   32 5  0.0305
 223    3.350  #1f2020   32 6  0.0060
 224    3.390  #20201f   32 7  0.0119
 225    3.410  #202020   33 1  0.0059
 226    3.430  #202021   33 2  0.0058
 227    3.470  #212020   33 3  0.0116
 228    3.490  #212021   33 4  0.0057
 229    3.590  #202120   33 5  0.0282
 230    3.610  #202121   33 6  0.0056
 231    3.650  #212120   33 7  0.0110
 232    3.670  #212121   34 1  0.0055
 233    3.690  #212122   34 2  0.0054
 234    3.730  #222121   34 3  0.0108
 235    3.750  #222122   34 4  0.0053
 236    3.860  #212221   34 5  0.0289
 237    3.880  #212222   34 6  0.0052
 238    3.920  #222221   34 7  0.0103
 239    3.940  #222222   35 1  0.0051
 240    3.960  #222223   35 2  0.0051
 241    4.010  #232222   35 3  0.0125
 242    4.030  #232223   35 4  0.0050
 243    4.140  #222322   35 5  0.0269
 244    4.160  #222323   35 6  0.0048
 245    4.210  #232322   35 7  0.0119
 246    4.230  #232323   36 1  0.0047
 247    4.250  #232324   36 2  0.0047
 248    4.290  #242323   36 3  0.0094
 249    4.320  #242324   36 4  0.0070
 250    4.430  #232423   36 5  0.0251
 251    4.450  #232424   36 6  0.0045
 252    4.500  #242423   36 7  0.0112
 253    4.520  #242424   37 1  0.0044
 254    4.540  #242425   37 2  0.0044
 255    4.590  #252424   37 3  0.0110
 256    4.610  #252425   37 4  0.0043
 257    4.730  #242524   37 5  0.0257
 258    4.750  #242525   37 6  0.0042
 259    4.800  #252524   37 7  0.0105
 260    4.830  #252525   38 1  0.0062
 261    4.850  #252526   38 2  0.0041
 262    4.890  #262525   38 3  0.0082
 263    4.920  #262526   38 4  0.0061
 264    5.040  #252625   38 5  0.0241
 265    5.070  #252626   38 6  0.0059
 266    5.110  #262625   38 7  0.0079
 267    5.140  #262626   39 1  0.0059
 268    5.160  #262627   39 2  0.0039
 269    5.210  #272626   39 3  0.0096
 270    5.230  #272627   39 4  0.0038
 271    5.370  #262726   39 5  0.0264
 272    5.390  #262727   39 6  0.0037
 273    5.430  #272726   39 7  0.0074
 274    5.460  #272727   40 1  0.0055
 275    5.490  #272728   40 2  0.0055
 276    5.530  #282727   40 3  0.0073
 277    5.560  #282728   40 4  0.0054
 278    5.700  #272827   40 5  0.0249
 279    5.720  #272828   40 6  0.0035
 280    5.770  #282827   40 7  0.0087
 281    5.800  #282828   41 1  0.0052
 282    5.830  #282829   41 2  0.0052
 283    5.880  #292828   41 3  0.0085
 284    5.910  #292829   41 4  0.0051
 285    6.050  #282928   41 5  0.0234
 286    6.080  #282929   41 6  0.0049
 287    6.130  #292928   41 7  0.0082
 288    6.160  #292929   42 1  0.0049
 289    6.180  #29292a   42 2  0.0032
 290    6.240  #2a2929   42 3  0.0097
 291    6.270  #2a292a   42 4  0.0048
 292    6.430  #292a29   42 5  0.0252
 293    6.450  #292a2a   42 6  0.0031
 294    6.510  #2a2a29   42 7  0.0093
 295    6.540  #2a2a2a   43 1  0.0046
 296    6.570  #2a2a2b   43 2  0.0046
 297    6.620  #2b2a2a   43 3  0.0076
 298    6.660  #2b2a2b   43 4  0.0060
 299    6.820  #2a2b2a   43 5  0.0237
 300    6.850  #2a2b2b   43 6  0.0044
 301    6.900  #2b2b2a   43 7  0.0073
 302    6.940  #2b2b2b   44 1  0.0058
 303    6.970  #2b2b2c   44 2  0.0043
 304    7.030  #2c2b2b   44 3  0.0086
 305    7.060  #2c2b2c   44 4  0.0043
 306    7.230  #2b2c2b   44 5  0.0238
 307    7.270  #2b2c2c   44 6  0.0055
 308    7.330  #2c2c2b   44 7  0.0082
 309    7.370  #2c2c2c   45 1  0.0054
 310    7.400  #2c2c2d   45 2  0.0041
 311    7.460  #2d2c2c   45 3  0.0081
 312    7.490  #2d2c2d   45 4  0.0040
 313    7.670  #2c2d2c   45 5  0.0237
 314    7.700  #2c2d2d   45 6  0.0039
 315    7.760  #2d2d2c   45 7  0.0078
 316    7.800  #2d2d2d   46 1  0.0051
 317    7.840  #2d2d2e   46 2  0.0051
 318    7.900  #2e2d2d   46 3  0.0076
 319    7.930  #2e2d2e   46 4  0.0038
 320    8.120  #2d2e2d   46 5  0.0237
 321    8.150  #2d2e2e   46 6  0.0037
 322    8.220  #2e2e2d   46 7  0.0086
 323    8.260  #2e2e2e   47 1  0.0049
 324    8.300  #2e2e2f   47 2  0.0048
 325    8.360  #2f2e2e   47 3  0.0072
 326    8.400  #2f2e2f   47 4  0.0048
 327    8.600  #2e2f2e   47 5  0.0235
 328    8.630  #2e2f2f   47 6  0.0035
 329    8.700  #2f2f2e   47 7  0.0081
 330    8.740  #2f2f2f   48 1  0.0046
 331    8.780  #2f2f30   48 2  0.0046
 332    8.840  #302f2f   48 3  0.0068
 333    8.880  #302f30   48 4  0.0045
 334    9.090  #2f302f   48 5  0.0234
 335    9.130  #2f3030   48 6  0.0044
 336    9.200  #30302f   48 7  0.0076
 337    9.240  #303030   49 1  0.0043
 338    9.280  #303031   49 2  0.0043
 339    9.350  #313030   49 3  0.0075
 340    9.390  #313031   49 4  0.0043
 341    9.610  #303130   49 5  0.0232
 342    9.640  #303131   49 6  0.0031
 343    9.710  #313130   49 7  0.0072
 344    9.750  #313131   50 1  0.0041
 345    9.800  #313132   50 2  0.0051
 346    9.870  #323131   50 3  0.0071
 347    9.910  #323132   50 4  0.0040
 348   10.120  #313231   50 5  0.0210
 349   10.160  #313232   50 6  0.0039
 350   10.230  #323231   50 7  0.0069
 351   10.280  #323232   51 1  0.0049
 352   10.320  #323233   51 2  0.0039
 353   10.390  #333232   51 3  0.0068
 354   10.440  #333233   51 4  0.0048
 355   10.660  #323332   51 5  0.0209
 356   10.710  #323333   51 6  0.0047
 357   10.770  #333332   51 7  0.0056
 358   10.820  #333333   52 1  0.0046
 359   10.870  #333334   52 2  0.0046
 360   10.940  #343333   52 3  0.0064
 361   10.980  #343334   52 4  0.0036
 362   11.210  #333433   52 5  0.0207
 363   11.260  #333434   52 6  0.0045
 364   11.340  #343433   52 7  0.0071
 365   11.390  #343434   53 1  0.0044
 366   11.430  #343435   53 2  0.0035
 367   11.510  #353434   53 3  0.0070
 368   11.550  #353435   53 4  0.0035
 369   11.800  #343534   53 5  0.0214
 370   11.850  #343535   53 6  0.0042
 371   11.930  #353534   53 7  0.0067
 372   11.980  #353535   54 1  0.0042
 373   12.030  #353536   54 2  0.0042
 374   12.100  #363535   54 3  0.0058
 375   12.150  #363536   54 4  0.0041
 376   12.390  #353635   54 5  0.0196
 377   12.440  #353636   54 6  0.0040
 378   12.520  #363635   54 7  0.0064
 379   12.560  #363636   55 1  0.0032
 380   12.610  #363637   55 2  0.0040
 381   12.700  #373636   55 3  0.0071
 382   12.740  #373637   55 4  0.0031
 383   13.010  #363736   55 5  0.0210
 384   13.060  #363737   55 6  0.0038
 385   13.130  #373736   55 7  0.0053
 386   13.180  #373737   56 1  0.0038
 387   13.230  #373738   56 2  0.0038
 388   13.320  #383737   56 3  0.0068
 389   13.370  #383738   56 4  0.0037
 390   13.620  #373837   56 5  0.0185
 391   13.670  #373838   56 6  0.0037
 392   13.760  #383837   56 7  0.0066
 393   13.810  #383838   57 1  0.0036
 394   13.870  #383839   57 2  0.0043
 395   13.960  #393838   57 3  0.0065
 396   14.010  #393839   57 4  0.0036
 397   14.270  #383938   57 5  0.0184
 398   14.330  #383939   57 6  0.0042
 399   14.410  #393938   57 7  0.0056
 400   14.470  #393939   58 1  0.0042
 401   14.520  #39393a   58 2  0.0034
 402   14.620  #3a3939   58 3  0.0069
 403   14.670  #3a393a   58 4  0.0034
 404   14.940  #393a39   58 5  0.0182
 405   15.010  #393a3a   58 6  0.0047
 406   15.100  #3a3a39   58 7  0.0060
 407   15.160  #3a3a3a   59 1  0.0040
 408   15.220  #3a3a3b   59 2  0.0039
 409   15.320  #3b3a3a   59 3  0.0065
 410   15.360  #3b3a3b   59 4  0.0026
 411   15.650  #3a3b3a   59 5  0.0187
 412   15.710  #3a3b3b   59 6  0.0038
 413   15.800  #3b3b3a   59 7  0.0057
 414   15.850  #3b3b3b   60 1  0.0032
 415   15.910  #3b3b3c   60 2  0.0038
 416   16.010  #3c3b3b   60 3  0.0063
 417   16.060  #3c3b3c   60 4  0.0031
 418   16.350  #3b3c3b   60 5  0.0179
 419   16.420  #3b3c3c   60 6  0.0043
 420   16.520  #3c3c3b   60 7  0.0061
 421   16.580  #3c3c3c   61 1  0.0036
 422   16.630  #3c3c3d   61 2  0.0030
 423   16.730  #3d3c3c   61 3  0.0060
 424   16.790  #3d3c3d   61 4  0.0036
 425   17.090  #3c3d3c   61 5  0.0177
 426   17.150  #3c3d3d   61 6  0.0035
 427   17.250  #3d3d3c   61 7  0.0058
 428   17.300  #3d3d3d   62 1  0.0029
 429   17.360  #3d3d3e   62 2  0.0035
 430   17.480  #3e3d3d   62 3  0.0069
 431   17.540  #3e3d3e   62 4  0.0034
 432   17.850  #3d3e3d   62 5  0.0175
 433   17.900  #3d3e3e   62 6  0.0028
 434   18.000  #3e3e3d   62 7  0.0056
 435   18.000  #3e3e3e   63 1  0.0000
 436   18.100  #3e3e3f   63 2  0.0055
 437   18.200  #3f3e3e   63 3  0.0055
 438   18.300  #3f3e3f   63 4  0.0055
 439   18.600  #3e3f3e   63 5  0.0163
 440   18.700  #3e3f3f   63 6  0.0054
 441   18.800  #3f3f3e   63 7  0.0053
 442   18.800  #3f3f3f   64 1  0.0000
 443   18.900  #3f3f40   64 2  0.0053
 444   19.000  #403f3f   64 3  0.0053
 445   19.100  #403f40   64 4  0.0052
 446   19.400  #3f403f   64 5  0.0156
 447   19.400  #3f4040   64 6  0.0000
 448   19.500  #40403f   64 7  0.0051
 449   19.600  #404040   65 1  0.0051
 450   19.700  #404041   65 2  0.0051
 451   19.800  #414040   65 3  0.0051
 452   19.800  #414041   65 4  0.0000
 453   20.100  #404140   65 5  0.0150
 454   20.200  #404141   65 6  0.0050
 455   20.300  #414140   65 7  0.0049
 456   20.300  #414141   66 1  0.0000
 457   20.400  #414142   66 2  0.0049
 458   20.500  #424141   66 3  0.0049
 459   20.600  #424142   66 4  0.0049
 460   20.900  #414241   66 5  0.0145
 461   20.900  #414242   66 6  0.0000
 462   21.000  #424241   66 7  0.0048
 463   21.100  #424242   67 1  0.0048
 464   21.100  #424243   67 2  0.0000
 465   21.300  #434242   67 3  0.0094
 466   21.300  #434243   67 4  0.0000
 467   21.600  #424342   67 5  0.0140
 468   21.700  #424343   67 6  0.0046
 469   21.800  #434342   67 7  0.0046
 470   21.900  #434343   68 1  0.0046
 471   21.900  #434344   68 2  0.0000
 472   22.000  #444343   68 3  0.0046
 473   22.100  #444344   68 4  0.0045
 474   22.400  #434443   68 5  0.0135
 475   22.400  #434444   68 6  0.0000
 476   22.600  #444443   68 7  0.0089
 477   22.600  #444444   69 1  0.0000
 478   22.700  #444445   69 2  0.0044
 479   22.800  #454444   69 3  0.0044
 480   22.800  #454445   69 4  0.0000
 481   23.200  #444544   69 5  0.0174
 482   23.200  #444545   69 6  0.0000
 483   23.300  #454544   69 7  0.0043
 484   23.400  #454545   70 1  0.0043
 485   23.400  #454546   70 2  0.0000
 486   23.500  #464545   70 3  0.0043
 487   23.600  #464546   70 4  0.0042
 488   23.900  #454645   70 5  0.0126
 489   24.000  #454646   70 6  0.0042
 490   24.100  #464645   70 7  0.0042
 491   24.200  #464646   71 1  0.0041
 492   24.200  #464647   71 2  0.0000
 493   24.300  #474646   71 3  0.0041
 494   24.400  #474647   71 4  0.0041
 495   24.700  #464746   71 5  0.0122
 496   24.800  #464747   71 6  0.0040
 497   24.900  #474746   71 7  0.0040
 498   25.000  #474747   72 1  0.0040
 499   25.000  #474748   72 2  0.0000
 500   25.100  #484747   72 3  0.0040
 501   25.200  #484748   72 4  0.0040
 502   25.500  #474847   72 5  0.0118
 503   25.600  #474848   72 6  0.0039
 504   25.700  #484847   72 7  0.0039
 505   25.700  #484848   73 1  0.0000
 506   25.800  #484849   73 2  0.0039
 507   25.900  #494848   73 3  0.0039
 508   26.000  #494849   73 4  0.0039
 509   26.300  #484948   73 5  0.0115
 510   26.400  #484949   73 6  0.0038
 511   26.500  #494948   73 7  0.0038
 512   26.600  #494949   74 1  0.0038
 513   26.600  #49494a   74 2  0.0000
 514   26.700  #4a4949   74 3  0.0038
 515   26.800  #4a494a   74 4  0.0037
 516   27.100  #494a49   74 5  0.0111
 517   27.500  #494a4a   74 6  0.0147
 518   27.600  #4a4a49   74 7  0.0036
 519   27.600  #4a4a4a   75 1  0.0000
 520   27.700  #4a4a4b   75 2  0.0036
 521   27.800  #4b4a4a   75 3  0.0036
 522   27.900  #4b4a4b   75 4  0.0036
 523   28.300  #4a4b4a   75 5  0.0142
 524   28.400  #4a4b4b   75 6  0.0035
 525   28.500  #4b4b4a   75 7  0.0035
 526   28.500  #4b4b4b   76 1  0.0000
 527   28.700  #4b4b4c   76 2  0.0070
 528   28.800  #4c4b4b   76 3  0.0035
 529   28.900  #4c4b4c   76 4  0.0035
 530   29.300  #4b4c4b   76 5  0.0137
 531   29.300  #4b4c4c   76 6  0.0000
 532   29.500  #4c4c4b   76 7  0.0068
 533   29.600  #4c4c4c   77 1  0.0034
 534   29.700  #4c4c4d   77 2  0.0034
 535   29.800  #4d4c4c   77 3  0.0034
 536   29.900  #4d4c4d   77 4  0.0034
 537   30.300  #4c4d4c   77 5  0.0133
 538   30.400  #4c4d4d   77 6  0.0033
 539   30.500  #4d4d4c   77 7  0.0033
 540   30.500  #4d4d4d   78 1  0.0000
 541   30.600  #4d4d4e   78 2  0.0033
 542   30.800  #4e4d4d   78 3  0.0065
 543   30.900  #4e4d4e   78 4  0.0032
 544   31.200  #4d4e4d   78 5  0.0097
 545   31.400  #4d4e4e   78 6  0.0064
 546   31.500  #4e4e4d   78 7  0.0032
 547   31.600  #4e4e4e   79 1  0.0032
 548   31.600  #4e4e4f   79 2  0.0000
 549   31.800  #4f4e4e   79 3  0.0063
 550   31.800  #4f4e4f   79 4  0.0000
 551   32.200  #4e4f4e   79 5  0.0125
 552   32.300  #4e4f4f   79 6  0.0031
 553   32.500  #4f4f4e   79 7  0.0062
 554   32.600  #4f4f4f   80 1  0.0031
 555   32.700  #4f4f50   80 2  0.0031
 556   32.800  #504f4f   80 3  0.0031
 557   32.800  #504f50   80 4  0.0000
 558   33.300  #4f504f   80 5  0.0151
 559   33.400  #4f5050   80 6  0.0030
 560   33.600  #50504f   80 7  0.0060
 561   33.600  #505050   81 1  0.0000
 562   33.700  #505051   81 2  0.0030
 563   33.800  #515050   81 3  0.0030
 564   33.900  #515051   81 4  0.0030
 565   34.400  #505150   81 5  0.0146
 566   34.500  #505151   81 6  0.0029
 567   34.600  #515150   81 7  0.0029
 568   34.700  #515151   82 1  0.0029
 569   34.700  #515152   82 2  0.0000
 570   34.900  #525151   82 3  0.0057
 571   35.000  #525152   82 4  0.0029
 572   35.500  #515251   82 5  0.0142
 573   35.500  #515252   82 6  0.0000
 574   35.600  #525251   82 7  0.0028
 575   35.700  #525252   83 1  0.0028
 576   35.800  #525253   83 2  0.0028
 577   36.000  #535252   83 3  0.0056
 578   36.000  #535253   83 4  0.0000
 579   36.500  #525352   83 5  0.0138
 580   36.600  #525353   83 6  0.0027
 581   36.700  #535352   83 7  0.0027
 582   36.700  #535353   84 1  0.0000
 583   36.900  #535354   84 2  0.0054
 584   37.000  #545353   84 3  0.0027
 585   37.000  #545354   84 4  0.0000
 586   37.600  #535453   84 5  0.0161
 587   37.600  #535454   84 6  0.0000
 588   37.700  #545453   84 7  0.0027
 589   37.800  #545454   85 1  0.0026
 590   38.000  #545455   85 2  0.0053
 591   38.000  #555454   85 3  0.0000
 592   38.300  #555455   85 4  0.0079
 593   38.600  #545554   85 5  0.0078
 594   38.600  #545555   85 6  0.0000
 595   38.800  #555554   85 7  0.0052
 596   39.000  #555555   86 1  0.0051
 597   39.100  #555556   86 2  0.0026
 598   39.100  #565555   86 3  0.0000
 599   39.200  #565556   86 4  0.0026
 600   39.700  #555655   86 5  0.0127
 601   39.700  #555656   86 6  0.0000
 602   39.900  #565655   86 7  0.0050
 603   40.000  #565656   87 1  0.0025
 604   40.000  #565657   87 2  0.0000
 605   40.200  #575656   87 3  0.0050
 606   40.200  #575657   87 4  0.0000
 607   40.700  #565756   87 5  0.0124
 608   40.800  #565757   87 6  0.0025
 609   41.000  #575756   87 7  0.0049
 610   41.100  #575757   88 1  0.0024
 611   41.100  #575758   88 2  0.0000
 612   41.300  #585757   88 3  0.0049
 613   41.300  #585758   88 4  0.0000
 614   41.700  #575857   88 5  0.0096
 615   41.900  #575858   88 6  0.0048
 616   42.000  #585857   88 7  0.0024
 617   42.100  #585858   89 1  0.0024
 618   42.200  #585859   89 2  0.0024
 619   42.400  #595858   89 3  0.0047
 620   42.500  #595859   89 4  0.0024
 621   42.900  #585958   89 5  0.0094
 622   43.000  #585959   89 6  0.0023
 623   43.200  #595958   89 7  0.0046
 624   43.200  #595959   90 1  0.0000
 625   43.300  #59595a   90 2  0.0023
 626   43.400  #5a5959   90 3  0.0023
 627   43.500  #5a595a   90 4  0.0023
 628   44.000  #595a59   90 5  0.0114
 629   44.100  #595a5a   90 6  0.0023
 630   44.200  #5a5a59   90 7  0.0023
 631   44.300  #5a5a5a   91 1  0.0023
 632   44.500  #5a5a5b   91 2  0.0045
 633   44.600  #5b5a5a   91 3  0.0022
 634   44.700  #5b5a5b   91 4  0.0022
 635   45.100  #5a5b5a   91 5  0.0089
 636   45.200  #5a5b5b   91 6  0.0022
 637   45.400  #5b5b5a   91 7  0.0044
 638   45.500  #5b5b5b   92 1  0.0022
 639   45.700  #5b5b5c   92 2  0.0044
 640   45.800  #5c5b5b   92 3  0.0022
 641   45.900  #5c5b5c   92 4  0.0022
 642   46.300  #5b5c5b   92 5  0.0087
 643   46.300  #5b5c5c   92 6  0.0000
 644   46.600  #5c5c5b   92 7  0.0065
 645   46.600  #5c5c5c   93 1  0.0000
 646   46.800  #5c5c5d   93 2  0.0043
 647   46.900  #5d5c5c   93 3  0.0021
 648   47.000  #5d5c5d   93 4  0.0021
 649   47.500  #5c5d5c   93 5  0.0106
 650   47.600  #5c5d5d   93 6  0.0021
 651   47.700  #5d5d5c   93 7  0.0021
 652   47.700  #5d5d5d   94 1  0.0000
 653   47.900  #5d5d5e   94 2  0.0042
 654   47.900  #5e5d5d   94 3  0.0000
 655   48.200  #5e5d5e   94 4  0.0062
 656   48.600  #5d5e5d   94 5  0.0083
 657   48.600  #5d5e5e   94 6  0.0000
 658   48.800  #5e5e5d   94 7  0.0041
 659   49.000  #5e5e5e   95 1  0.0041
 660   49.000  #5e5e5f   95 2  0.0000
 661   49.200  #5f5e5e   95 3  0.0041
 662   49.300  #5f5e5f   95 4  0.0020
 663   49.700  #5e5f5e   95 5  0.0081
 664   49.900  #5e5f5f   95 6  0.0040
 665   50.100  #5f5f5e   95 7  0.0040
 666   50.000  #5f5f5f   96 1  -0.0020
 667   50.200  #5f5f60   96 2  0.0040
 668   50.400  #605f5f   96 3  0.0040
 669   50.500  #605f60   96 4  0.0020
 670   50.900  #5f605f   96 5  0.0079
 671   51.000  #5f6060   96 6  0.0020
 672   51.300  #60605f   96 7  0.0059
 673   51.200  #606060   97 1  -0.0020
 674   51.400  #606061   97 2  0.0039
 675   51.600  #616060   97 3  0.0039
 676   51.700  #616061   97 4  0.0019
 677   52.200  #606160   97 5  0.0096
 678   52.300  #606161   97 6  0.0019
 679   52.400  #616160   97 7  0.0019
 680   52.500  #616161   98 1  0.0019
 681   52.700  #616162   98 2  0.0038
 682   52.700  #626161   98 3  0.0000
 683   52.900  #626162   98 4  0.0038
 684   53.300  #616261   98 5  0.0075
 685   53.500  #616262   98 6  0.0037
 686   53.500  #626261   98 7  0.0000
 687   53.700  #626262   99 1  0.0037
 688   53.800  #626263   99 2  0.0019
 689   54.000  #636262   99 3  0.0037
 690   54.000  #636263   99 4  0.0000
 691   54.600  #626362   99 5  0.0110
 692   54.700  #626363   99 6  0.0018
 693   54.700  #636362   99 7  0.0000
 694   54.900  #636363  100 1  0.0036
 695   55.000  #636364  100 2  0.0018
 696   55.200  #646363  100 3  0.0036
 697   55.300  #646364  100 4  0.0018
 698   55.700  #636463  100 5  0.0072
 699   55.700  #636464  100 6  0.0000
 700   56.000  #646463  100 7  0.0054
 701   56.100  #646464  101 1  0.0018
 702   56.100  #646465  101 2  0.0000
 703   56.200  #656464  101 3  0.0018
 704   56.500  #656465  101 4  0.0053
 705   56.900  #646564  101 5  0.0071
 706   57.000  #646565  101 6  0.0018
 707   57.200  #656564  101 7  0.0035
 708   57.300  #656565  102 1  0.0017
 709   57.400  #656566  102 2  0.0017
 710   57.600  #666565  102 3  0.0035
 711   57.600  #666566  102 4  0.0000
 712   58.100  #656665  102 5  0.0086
 713   58.300  #656666  102 6  0.0034
 714   58.400  #666665  102 7  0.0017
 715   58.500  #666666  103 1  0.0017
 716   58.600  #666667  103 2  0.0017
 717   58.700  #676666  103 3  0.0017
 718   58.900  #676667  103 4  0.0034
 719   59.400  #666766  103 5  0.0085
 720   59.500  #666767  103 6  0.0017
 721   59.600  #676766  103 7  0.0017
 722   59.700  #676767  104 1  0.0017
 723   59.800  #676768  104 2  0.0017
 724   60.000  #686767  104 3  0.0033
 725   60.100  #686768  104 4  0.0017
 726   60.500  #676867  104 5  0.0066
 727   60.500  #676868  104 6  0.0000
 728   60.900  #686867  104 7  0.0066
 729   61.000  #686868  105 1  0.0016
 730   61.100  #686869  105 2  0.0016
 731   61.200  #696868  105 3  0.0016
 732   61.300  #696869  105 4  0.0016
 733   61.700  #686968  105 5  0.0065
 734   61.700  #686969  105 6  0.0000
 735   61.900  #696968  105 7  0.0032
 736   62.100  #696969  106 1  0.0032
 737   62.200  #69696a  106 2  0.0016
 738   62.400  #6a6969  106 3  0.0032
 739   62.500  #6a696a  106 4  0.0016
 740   63.000  #696a69  106 5  0.0080
 741   63.000  #696a6a  106 6  0.0000
 742   63.200  #6a6a69  106 7  0.0032
 743   63.300  #6a6a6a  107 1  0.0016
 744   63.400  #6a6a6b  107 2  0.0016
 745   63.500  #6b6a6a  107 3  0.0016
 746   63.700  #6b6a6b  107 4  0.0031
 747   64.200  #6a6b6a  107 5  0.0078
 748   64.300  #6a6b6b  107 6  0.0016
 749   64.500  #6b6b6a  107 7  0.0031
 750   64.500  #6b6b6b  108 1  0.0000
 751   64.600  #6b6b6c  108 2  0.0015
 752   64.900  #6c6b6b  108 3  0.0046
 753   64.900  #6c6b6c  108 4  0.0000
 754   65.400  #6b6c6b  108 5  0.0077
 755   65.500  #6b6c6c  108 6  0.0015
 756   65.700  #6c6c6b  108 7  0.0030
 757   65.800  #6c6c6c  109 1  0.0015
 758   65.900  #6c6c6d  109 2  0.0015
 759   66.100  #6d6c6c  109 3  0.0030
 760   66.200  #6d6c6d  109 4  0.0015
 761   66.600  #6c6d6c  109 5  0.0060
 762   66.700  #6c6d6d  109 6  0.0015
 763   66.900  #6d6d6c  109 7  0.0030
 764   67.000  #6d6d6d  110 1  0.0015
 765   67.100  #6d6d6e  110 2  0.0015
 766   67.300  #6e6d6d  110 3  0.0030
 767   67.400  #6e6d6e  110 4  0.0015
 768   67.900  #6d6e6d  110 5  0.0074
 769   67.900  #6d6e6e  110 6  0.0000
 770   68.200  #6e6e6d  110 7  0.0044
 771   68.300  #6e6e6e  111 1  0.0015
 772   68.400  #6e6e6f  111 2  0.0015
 773   68.500  #6f6e6e  111 3  0.0015
 774   68.600  #6f6e6f  111 4  0.0015
 775   69.000  #6e6f6e  111 5  0.0058
 776   69.100  #6e6f6f  111 6  0.0014
 777   69.400  #6f6f6e  111 7  0.0043
 778   69.400  #6f6f6f  112 1  0.0000
 779   69.600  #6f6f70  112 2  0.0029
 780   69.700  #706f6f  112 3  0.0014
 781   69.900  #706f70  112 4  0.0029
 782   70.300  #6f706f  112 5  0.0057
 783   70.400  #6f7070  112 6  0.0014
 784   70.600  #70706f  112 7  0.0028
 785   70.700  #707070  113 1  0.0014
 786   70.800  #707071  113 2  0.0014
 787   71.000  #717070  113 3  0.0028
 788   71.100  #717071  113 4  0.0014
 789   71.600  #707170  113 5  0.0070
 790   71.700  #707171  113 6  0.0014
 791   71.800  #717170  113 7  0.0014
 792   72.000  #717171  114 1  0.0028
 793   72.000  #717172  114 2  0.0000
 794   72.200  #727171  114 3  0.0028
 795   72.300  #727172  114 4  0.0014
 796   72.800  #717271  114 5  0.0069
 797   72.900  #717272  114 6  0.0014
 798   73.100  #727271  114 7  0.0027
 799   73.100  #727272  115 1  0.0000
 800   73.300  #727273  115 2  0.0027
 801   73.500  #737272  115 3  0.0027
 802   73.600  #737273  115 4  0.0014
 803   74.000  #727372  115 5  0.0054
 804   74.200  #727373  115 6  0.0027
 805   74.300  #737372  115 7  0.0013
 806   74.400  #737373  116 1  0.0013
 807   74.500  #737374  116 2  0.0013
 808   74.700  #747373  116 3  0.0027
 809   74.800  #747374  116 4  0.0013
 810   75.300  #737473  116 5  0.0067
 811   75.400  #737474  116 6  0.0013
 812   75.500  #747473  116 7  0.0013
 813   75.700  #747474  117 1  0.0026
 814   75.800  #747475  117 2  0.0013
 815   76.000  #757474  117 3  0.0026
 816   76.100  #757475  117 4  0.0013
 817   76.600  #747574  117 5  0.0065
 818   76.700  #747575  117 6  0.0013
 819   76.800  #757574  117 7  0.0013
 820   76.900  #757575  118 1  0.0013
 821   77.000  #757576  118 2  0.0013
 822   77.200  #767575  118 3  0.0026
 823   77.300  #767576  118 4  0.0013
 824   77.700  #757675  118 5  0.0052
 825   77.900  #757676  118 6  0.0026
 826   78.100  #767675  118 7  0.0026
 827   78.300  #767676  119 1  0.0026
 828   78.300  #767677  119 2  0.0000
 829   78.500  #777676  119 3  0.0026
 830   78.600  #777677  119 4  0.0013
 831   79.100  #767776  119 5  0.0063
 832   79.200  #767777  119 6  0.0013
 833   79.300  #777776  119 7  0.0013
 834   79.500  #777777  120 1  0.0025
 835   79.600  #777778  120 2  0.0013
 836   79.700  #787777  120 3  0.0013
 837   79.800  #787778  120 4  0.0013
 838   80.300  #777877  120 5  0.0062
 839   80.400  #777878  120 6  0.0012
 840   80.600  #787877  120 7  0.0025
 841   80.700  #787878  121 1  0.0012
 842   80.800  #787879  121 2  0.0012
 843   80.900  #797878  121 3  0.0012
 844   81.100  #797879  121 4  0.0025
 845   81.500  #787978  121 5  0.0049
 846   81.800  #787979  121 6  0.0037
 847   81.900  #797978  121 7  0.0012
 848   82.000  #797979  122 1  0.0012
 849   82.100  #79797a  122 2  0.0012
 850   82.200  #7a7979  122 3  0.0012
 851   82.300  #7a797a  122 4  0.0012
 852   82.800  #797a79  122 5  0.0061
 853   83.000  #797a7a  122 6  0.0024
 854   83.200  #7a7a79  122 7  0.0024
 855   83.200  #7a7a7a  123 1  0.0000
 856   83.300  #7a7a7b  123 2  0.0012
 857   83.500  #7b7a7a  123 3  0.0024
 858   83.600  #7b7a7b  123 4  0.0012
 859   84.100  #7a7b7a  123 5  0.0060
 860   84.300  #7a7b7b  123 6  0.0024
 861   84.400  #7b7b7a  123 7  0.0012
 862   84.500  #7b7b7b  124 1  0.0012
 863   84.500  #7b7b7c  124 2  0.0000
 864   84.700  #7c7b7b  124 3  0.0024
 865   84.900  #7c7b7c  124 4  0.0024
 866   85.300  #7b7c7b  124 5  0.0047
 867   85.500  #7b7c7c  124 6  0.0023
 868   85.500  #7c7c7b  124 7  0.0000
 869   85.800  #7c7c7c  125 1  0.0035
 870   85.900  #7c7c7d  125 2  0.0012
 871   86.100  #7d7c7c  125 3  0.0023
 872   86.200  #7d7c7d  125 4  0.0012
 873   86.700  #7c7d7c  125 5  0.0058
 874   86.700  #7c7d7d  125 6  0.0000
 875   86.900  #7d7d7c  125 7  0.0023
 876   87.100  #7d7d7d  126 1  0.0023
 877   87.100  #7d7d7e  126 2  0.0000
 878   87.300  #7e7d7d  126 3  0.0023
 879   87.400  #7e7d7e  126 4  0.0011
 880   88.000  #7d7e7d  126 5  0.0068
 881   88.100  #7d7e7e  126 6  0.0011
 882   88.200  #7e7e7d  126 7  0.0011
 883   88.500  #7e7e7e  127 1  0.0034
 884   88.500  #7e7e7f  127 2  0.0000
 885   88.800  #7f7e7e  127 3  0.0034
 886   88.900  #7f7e7f  127 4  0.0011
 887   89.400  #7e7f7e  127 5  0.0056
 888   89.600  #7e7f7f  127 6  0.0022
 889   89.700  #7f7f7e  127 7  0.0011
 890   89.900  #7f7f7f  128 1  0.0022
 891   90.000  #7f7f80  128 2  0.0011
 892   90.300  #807f7f  128 3  0.0033
 893   90.400  #807f80  128 4  0.0011
 894   91.200  #7f807f  128 5  0.0088
 895   91.300  #7f8080  128 6  0.0011
 896   91.500  #80807f  128 7  0.0022
 897   91.700  #808080  129 1  0.0022
 898   91.900  #808081  129 2  0.0022
 899   92.100  #818080  129 3  0.0022
 900   92.200  #818081  129 4  0.0011
 901   92.900  #808180  129 5  0.0076
 902   93.100  #808181  129 6  0.0022
 903   93.300  #818180  129 7  0.0021
 904   93.500  #818181  130 1  0.0021
 905   93.600  #818182  130 2  0.0011
 906   93.900  #828181  130 3  0.0032
 907   94.000  #828182  130 4  0.0011
 908   94.600  #818281  130 5  0.0064
 909   94.800  #818282  130 6  0.0021
 910   95.200  #828281  130 7  0.0042
 911   95.200  #828282  131 1  0.0000
 912   95.300  #828283  131 2  0.0010
 913   95.600  #838282  131 3  0.0031
 914   95.700  #838283  131 4  0.0010
 915   96.400  #828382  131 5  0.0073
 916   96.700  #828383  131 6  0.0031
 917   96.800  #838382  131 7  0.0010
 918   97.100  #838383  132 1  0.0031
 919   97.100  #838384  132 2  0.0000
 920   97.300  #848383  132 3  0.0021
 921   97.600  #848384  132 4  0.0031
 922   98.200  #838483  132 5  0.0061
 923   98.400  #838484  132 6  0.0020
 924   98.600  #848483  132 7  0.0020
 925   98.700  #848484  133 1  0.0010
 926   98.900  #848485  133 2  0.0020
 927   99.100  #858484  133 3  0.0020
 928   99.200  #858485  133 4  0.0010
 929   99.900  #848584  133 5  0.0070
 930  100.200  #848585  133 6  0.0030
 931  100.200  #858584  133 7  0.0000
 932  100.500  #858585  134 1  0.0030
 933  100.600  #858586  134 2  0.0010
 934  101.000  #868585  134 3  0.0040
 935  101.000  #868586  134 4  0.0000
 936  101.600  #858685  134 5  0.0059
 937  101.800  #858686  134 6  0.0020
 938  102.000  #868685  134 7  0.0020
 939  102.300  #868686  135 1  0.0029
 940  102.400  #868687  135 2  0.0010
 941  102.700  #878686  135 3  0.0029
 942  102.900  #878687  135 4  0.0019
 943  103.300  #868786  135 5  0.0039
 944  103.500  #868787  135 6  0.0019
 945  103.700  #878786  135 7  0.0019
 946  104.100  #878787  136 1  0.0038
 947  104.100  #878788  136 2  0.0000
 948  104.500  #888787  136 3  0.0038
 949  104.500  #888788  136 4  0.0000
 950  105.100  #878887  136 5  0.0057
 951  105.400  #878888  136 6  0.0029
 952  105.600  #888887  136 7  0.0019
 953  105.700  #888888  137 1  0.0009
 954  106.000  #888889  137 2  0.0028
 955  106.300  #898888  137 3  0.0028
 956  106.300  #898889  137 4  0.0000
 957  106.900  #888988  137 5  0.0056
 958  107.300  #888989  137 6  0.0037
 959  107.400  #898988  137 7  0.0009
 960  107.500  #898989  138 1  0.0009
 961  107.900  #89898a  138 2  0.0037
 962  108.000  #8a8989  138 3  0.0009
 963  108.000  #8a898a  138 4  0.0000
 964  108.700  #898a89  138 5  0.0065
 965  109.000  #898a8a  138 6  0.0028
 966  109.400  #8a8a89  138 7  0.0037
 967  109.300  #8a8a8a  139 1  -0.0009
 968  109.400  #8a8a8b  139 2  0.0009
 969  109.900  #8b8a8a  139 3  0.0046
 970  110.000  #8b8a8b  139 4  0.0009
 971  110.700  #8a8b8a  139 5  0.0063
 972  110.700  #8a8b8b  139 6  0.0000
 973  110.900  #8b8b8a  139 7  0.0018
 974  111.000  #8b8b8b  140 1  0.0009
 975  111.200  #8b8b8c  140 2  0.0018
 976  111.500  #8c8b8b  140 3  0.0027
 977  111.700  #8c8b8c  140 4  0.0018
 978  112.300  #8b8c8b  140 5  0.0054
 979  112.500  #8b8c8c  140 6  0.0018
 980  113.000  #8c8c8b  140 7  0.0044
 981  113.100  #8c8c8c  141 1  0.0009
 982  113.000  #8c8c8d  141 2  -0.0009
 983  113.600  #8d8c8c  141 3  0.0053
 984  113.500  #8d8c8d  141 4  -0.0009
 985  114.400  #8c8d8c  141 5  0.0079
 986  114.400  #8c8d8d  141 6  0.0000
 987  114.800  #8d8d8c  141 7  0.0035
 988  114.800  #8d8d8d  142 1  0.0000
 989  115.100  #8d8d8e  142 2  0.0026
 990  115.500  #8e8d8d  142 3  0.0035
 991  115.400  #8e8d8e  142 4  -0.0009
 992  116.200  #8d8e8d  142 5  0.0069
 993  116.200  #8d8e8e  142 6  0.0000
 994  116.700  #8e8e8d  142 7  0.0043
 995  116.800  #8e8e8e  143 1  0.0009
 996  117.000  #8e8e8f  143 2  0.0017
 997  117.300  #8f8e8e  143 3  0.0026
 998  117.400  #8f8e8f  143 4  0.0009
 999  117.900  #8e8f8e  143 5  0.0042
1000  118.100  #8e8f8f  143 6  0.0017
1001  118.600  #8f8f8e  143 7  0.0042
1002  118.500  #8f8f8f  144 1  -0.0008
1003  118.700  #8f8f90  144 2  0.0017
1004  119.300  #908f8f  144 3  0.0050
1005  119.200  #908f90  144 4  -0.0008
1006  119.900  #8f908f  144 5  0.0059
1007  120.200  #8f9090  144 6  0.0025
1008  120.400  #90908f  144 7  0.0017
1009  120.500  #909090  145 1  0.0008
1010  120.800  #909091  145 2  0.0025
1011  121.100  #919090  145 3  0.0025
1012  121.300  #919091  145 4  0.0017
1013  121.700  #909190  145 5  0.0033
1014  121.900  #909191  145 6  0.0016
1015  122.300  #919190  145 7  0.0033
1016  122.700  #919191  146 1  0.0033
1017  122.800  #919192  146 2  0.0008
1018  122.800  #929191  146 3  0.0000
1019  123.000  #929192  146 4  0.0016
1020  124.000  #919291  146 5  0.0081
1021  124.000  #919292  146 6  0.0000
1022  124.200  #929291  146 7  0.0016
1023  124.500  #929292  147 1  0.0024
1024  124.400  #929293  147 2  -0.0008
1025  125.000  #939292  147 3  0.0048
1026  125.100  #939293  147 4  0.0008
1027  125.700  #929392  147 5  0.0048
1028  125.800  #929393  147 6  0.0008
1029  126.300  #939392  147 7  0.0040
1030  126.400  #939393  148 1  0.0008
1031  126.600  #939394  148 2  0.0016
1032  126.700  #949393  148 3  0.0008
1033  127.100  #949394  148 4  0.0032
1034  127.800  #939493  148 5  0.0055
1035  127.900  #939494  148 6  0.0008
1036  128.300  #949493  148 7  0.0031
1037  128.400  #949494  149 1  0.0008
1038  128.600  #949495  149 2  0.0016
1039  128.800  #959494  149 3  0.0016
1040  129.200  #959495  149 4  0.0031
1041  129.900  #949594  149 5  0.0054
1042  129.900  #949595  149 6  0.0000
1043  130.100  #959594  149 7  0.0015
1044  130.500  #959595  150 1  0.0031
1045  130.600  #959596  150 2  0.0008
1046  130.600  #969595  150 3  0.0000
1047  131.100  #969596  150 4  0.0038
1048  131.800  #959695  150 5  0.0053
1049  132.000  #959696  150 6  0.0015
1050  132.300  #969695  150 7  0.0023
1051  132.300  #969696  151 1  0.0000
1052  132.400  #969697  151 2  0.0008
1053  132.700  #979696  151 3  0.0023
1054  132.900  #979697  151 4  0.0015
1055  133.700  #969796  151 5  0.0060
1056  133.800  #969797  151 6  0.0007
1057  134.200  #979796  151 7  0.0030
1058  134.400  #979797  152 1  0.0015
1059  134.500  #979798  152 2  0.0007
1060  134.800  #989797  152 3  0.0022
1061  134.900  #989798  152 4  0.0007
1062  135.700  #979897  152 5  0.0059
1063  135.700  #979898  152 6  0.0000
1064  136.100  #989897  152 7  0.0029
1065  136.300  #989898  153 1  0.0015
1066  136.400  #989899  153 2  0.0007
1067  136.800  #999898  153 3  0.0029
1068  137.000  #999899  153 4  0.0015
1069  137.800  #989998  153 5  0.0058
1070  137.900  #989999  153 6  0.0007
1071  138.200  #999998  153 7  0.0022
1072  138.400  #999999  154 1  0.0014
1073  138.500  #99999a  154 2  0.0007
1074  138.900  #9a9999  154 3  0.0029
1075  139.000  #9a999a  154 4  0.0007
1076  139.800  #999a99  154 5  0.0057
1077  139.900  #999a9a  154 6  0.0007
1078  140.200  #9a9a99  154 7  0.0021
1079  140.500  #9a9a9a  155 1  0.0021
1080  140.600  #9a9a9b  155 2  0.0007
1081  140.800  #9b9a9a  155 3  0.0014
1082  141.000  #9b9a9b  155 4  0.0014
1083  141.800  #9a9b9a  155 5  0.0057
1084  142.000  #9a9b9b  155 6  0.0014
1085  142.300  #9b9b9a  155 7  0.0021
1086  142.500  #9b9b9b  156 1  0.0014
1087  142.600  #9b9b9c  156 2  0.0007
1088  143.000  #9c9b9b  156 3  0.0028
1089  143.100  #9c9b9c  156 4  0.0007
1090  143.800  #9b9c9b  156 5  0.0049
1091  144.000  #9b9c9c  156 6  0.0014
1092  144.400  #9c9c9b  156 7  0.0028
1093  144.600  #9c9c9c  157 1  0.0014
1094  144.700  #9c9c9d  157 2  0.0007
1095  145.000  #9d9c9c  157 3  0.0021
1096  145.300  #9d9c9d  157 4  0.0021
1097  146.000  #9c9d9c  157 5  0.0048
1098  146.200  #9c9d9d  157 6  0.0014
1099  146.500  #9d9d9c  157 7  0.0020
1100  146.700  #9d9d9d  158 1  0.0014
1101  146.800  #9d9d9e  158 2  0.0007
1102  147.100  #9e9d9d  158 3  0.0020
1103  147.300  #9e9d9e  158 4  0.0014
1104  148.000  #9d9e9d  158 5  0.0047
1105  148.200  #9d9e9e  158 6  0.0014
1106  148.600  #9e9e9d  158 7  0.0027
1107  148.800  #9e9e9e  159 1  0.0013
1108  148.800  #9e9e9f  159 2  0.0000
1109  149.300  #9f9e9e  159 3  0.0034
1110  149.400  #9f9e9f  159 4  0.0007
1111  150.100  #9e9f9e  159 5  0.0047
1112  150.400  #9e9f9f  159 6  0.0020
1113  150.700  #9f9f9e  159 7  0.0020
1114  150.700  #9f9f9f  160 1  0.0000
1115  150.900  #9f9fa0  160 2  0.0013
1116  151.300  #a09f9f  160 3  0.0026
1117  151.500  #a09fa0  160 4  0.0013
1118  152.300  #9fa09f  160 5  0.0053
1119  152.400  #9fa0a0  160 6  0.0007
1120  152.700  #a0a09f  160 7  0.0020
1121  152.900  #a0a0a0  161 1  0.0013
1122  153.100  #a0a0a1  161 2  0.0013
1123  153.500  #a1a0a0  161 3  0.0026
1124  153.700  #a1a0a1  161 4  0.0013
1125  154.500  #a0a1a0  161 5  0.0052
1126  154.600  #a0a1a1  161 6  0.0006
1127  154.800  #a1a1a0  161 7  0.0013
1128  155.100  #a1a1a1  162 1  0.0019
1129  155.400  #a1a1a2  162 2  0.0019
1130  155.600  #a2a1a1  162 3  0.0013
1131  155.700  #a2a1a2  162 4  0.0006
1132  156.600  #a1a2a1  162 5  0.0058
1133  156.700  #a1a2a2  162 6  0.0006
1134  157.000  #a2a2a1  162 7  0.0019
1135  157.300  #a2a2a2  163 1  0.0019
1136  157.400  #a2a2a3  163 2  0.0006
1137  157.800  #a3a2a2  163 3  0.0025
1138  158.100  #a3a2a3  163 4  0.0019
1139  158.700  #a2a3a2  163 5  0.0038
1140  158.800  #a2a3a3  163 6  0.0006
1141  159.200  #a3a3a2  163 7  0.0025
1142  159.400  #a3a3a3  164 1  0.0013
1143  159.600  #a3a3a4  164 2  0.0013
1144  159.800  #a4a3a3  164 3  0.0013
1145  160.100  #a4a3a4  164 4  0.0019
1146  160.700  #a3a4a3  164 5  0.0037
1147  161.100  #a3a4a4  164 6  0.0025
1148  161.400  #a4a4a3  164 7  0.0019
1149  161.800  #a4a4a4  165 1  0.0025
1150  161.900  #a4a4a5  165 2  0.0006
1151  162.100  #a5a4a4  165 3  0.0012
1152  162.200  #a5a4a5  165 4  0.0006
1153  163.000  #a4a5a4  165 5  0.0049
1154  163.200  #a4a5a5  165 6  0.0012
1155  163.600  #a5a5a4  165 7  0.0024
1156  163.700  #a5a5a5  166 1  0.0006
1157  164.000  #a5a5a6  166 2  0.0018
1158  164.300  #a6a5a5  166 3  0.0018
1159  164.400  #a6a5a6  166 4  0.0006
1160  165.100  #a5a6a5  166 5  0.0042
1161  165.400  #a5a6a6  166 6  0.0018
1162  165.700  #a6a6a5  166 7  0.0018
1163  165.900  #a6a6a6  167 1  0.0012
1164  166.100  #a6a6a7  167 2  0.0012
1165  166.400  #a7a6a6  167 3  0.0018
1166  166.700  #a7a6a7  167 4  0.0018
1167  167.400  #a6a7a6  167 5  0.0042
1168  167.600  #a6a7a7  167 6  0.0012
1169  168.000  #a7a7a6  167 7  0.0024
1170  168.000  #a7a7a7  168 1  0.0000
1171  168.300  #a7a7a8  168 2  0.0018
1172  168.700  #a8a7a7  168 3  0.0024
1173  168.700  #a8a7a8  168 4  0.0000
1174  169.600  #a7a8a7  168 5  0.0053
1175  169.900  #a7a8a8  168 6  0.0018
1176  170.000  #a8a8a7  168 7  0.0006
1177  170.200  #a8a8a8  169 1  0.0012
1178  170.500  #a8a8a9  169 2  0.0018
1179  170.700  #a9a8a8  169 3  0.0012
1180  171.000  #a9a8a9  169 4  0.0018
1181  171.800  #a8a9a8  169 5  0.0047
1182  171.900  #a8a9a9  169 6  0.0006
1183  172.200  #a9a9a8  169 7  0.0017
1184  172.300  #a9a9a9  170 1  0.0006
1185  172.700  #a9a9aa  170 2  0.0023
1186  173.000  #aaa9a9  170 3  0.0017
1187  173.100  #aaa9aa  170 4  0.0006
1188  174.000  #a9aaa9  170 5  0.0052
1189  174.200  #a9aaaa  170 6  0.0011
1190  174.400  #aaaaa9  170 7  0.0011
1191  174.500  #aaaaaa  171 1  0.0006
1192  174.800  #aaaaab  171 2  0.0017
1193  175.400  #abaaaa  171 3  0.0034
1194  175.400  #abaaab  171 4  0.0000
1195  176.300  #aaabaa  171 5  0.0051
1196  176.200  #aaabab  171 6  -0.0006
1197  176.600  #ababaa  171 7  0.0023
1198  176.900  #ababab  172 1  0.0017
1199  177.400  #ababac  172 2  0.0028
1200  177.400  #acabab  172 3  0.0000
1201  177.600  #acabac  172 4  0.0011
1202  178.300  #abacab  172 5  0.0039
1203  178.400  #abacac  172 6  0.0006
1204  178.000  #acacab  172 7  -0.0022
1205  178.000  #acacac  173 1  0.0000
1206  179.000  #acacad  173 2  0.0056
1207  179.000  #adacac  173 3  0.0000
1208  179.000  #adacad  173 4  0.0000
1209  180.000  #acadac  173 5  0.0056
1210  180.000  #acadad  173 6  0.0000
1211  181.000  #adadac  173 7  0.0055
1212  181.000  #adadad  174 1  0.0000
1213  181.000  #adadae  174 2  0.0000
1214  181.000  #aeadad  174 3  0.0000
1215  182.000  #aeadae  174 4  0.0055
1216  182.000  #adaead  174 5  0.0000
1217  183.000  #adaeae  174 6  0.0055
1218  183.000  #aeaead  174 7  0.0000
1219  183.000  #aeaeae  175 1  0.0000
1220  183.000  #aeaeaf  175 2  0.0000
1221  183.000  #afaeae  175 3  0.0000
1222  184.000  #afaeaf  175 4  0.0054
1223  184.000  #aeafae  175 5  0.0000
1224  185.000  #aeafaf  175 6  0.0054
1225  185.000  #afafae  175 7  0.0000
1226  185.000  #afafaf  176 1  0.0000
1227  186.000  #afafb0  176 2  0.0054
1228  186.000  #b0afaf  176 3  0.0000
1229  186.000  #b0afb0  176 4  0.0000
1230  187.000  #afb0af  176 5  0.0054
1231  187.000  #afb0b0  176 6  0.0000
1232  188.000  #b0b0af  176 7  0.0053
1233  188.000  #b0b0b0  177 1  0.0000
1234  188.000  #b0b0b1  177 2  0.0000
1235  188.000  #b1b0b0  177 3  0.0000
1236  188.000  #b1b0b1  177 4  0.0000
1237  189.000  #b0b1b0  177 5  0.0053
1238  189.000  #b0b1b1  177 6  0.0000
1239  189.000  #b1b1b0  177 7  0.0000
1240  190.000  #b1b1b1  178 1  0.0053
1241  190.000  #b1b1b2  178 2  0.0000
1242  190.000  #b2b1b1  178 3  0.0000
1243  191.000  #b2b1b2  178 4  0.0052
1244  191.000  #b1b2b1  178 5  0.0000
1245  191.000  #b1b2b2  178 6  0.0000
1246  192.000  #b2b2b1  178 7  0.0052
1247  192.000  #b2b2b2  179 1  0.0000
1248  192.000  #b2b2b3  179 2  0.0000
1249  193.000  #b3b2b2  179 3  0.0052
1250  193.000  #b3b2b3  179 4  0.0000
1251  194.000  #b2b3b2  179 5  0.0052
1252  193.000  #b2b3b3  179 6  -0.0052
1253  194.000  #b3b3b2  179 7  0.0052
1254  194.000  #b3b3b3  180 1  0.0000
1255  194.000  #b3b3b4  180 2  0.0000
1256  194.000  #b4b3b3  180 3  0.0000
1257  195.000  #b4b3b4  180 4  0.0051
1258  196.000  #b3b4b3  180 5  0.0051
1259  195.000  #b3b4b4  180 6  -0.0051
1260  196.000  #b4b4b3  180 7  0.0051
1261  196.000  #b4b4b4  181 1  0.0000
1262  197.000  #b4b4b5  181 2  0.0051
1263  197.000  #b5b4b4  181 3  0.0000
1264  197.000  #b5b4b5  181 4  0.0000
1265  198.000  #b4b5b4  181 5  0.0051
1266  198.000  #b4b5b5  181 6  0.0000
1267  199.000  #b5b5b4  181 7  0.0050
1268  199.000  #b5b5b5  182 1  0.0000
1269  199.000  #b5b5b6  182 2  0.0000
1270  199.000  #b6b5b5  182 3  0.0000
1271  200.000  #b6b5b6  182 4  0.0050
1272  200.000  #b5b6b5  182 5  0.0000
1273  201.000  #b5b6b6  182 6  0.0050
1274  201.000  #b6b6b5  182 7  0.0000
1275  201.000  #b6b6b6  183 1  0.0000
1276  201.000  #b6b6b7  183 2  0.0000
1277  201.000  #b7b6b6  183 3  0.0000
1278  202.000  #b7b6b7  183 4  0.0050
1279  202.000  #b6b7b6  183 5  0.0000
1280  203.000  #b6b7b7  183 6  0.0049
1281  203.000  #b7b7b6  183 7  0.0000
1282  203.000  #b7b7b7  184 1  0.0000
1283  203.000  #b7b7b8  184 2  0.0000
1284  203.000  #b8b7b7  184 3  0.0000
1285  203.000  #b8b7b8  184 4  0.0000
1286  205.000  #b7b8b7  184 5  0.0098
1287  205.000  #b7b8b8  184 6  0.0000
1288  205.000  #b8b8b7  184 7  0.0000
1289  205.000  #b8b8b8  185 1  0.0000
1290  205.000  #b8b8b9  185 2  0.0000
1291  206.000  #b9b8b8  185 3  0.0049
1292  206.000  #b9b8b9  185 4  0.0000
1293  206.000  #b8b9b8  185 5  0.0000
1294  207.000  #b8b9b9  185 6  0.0048
1295  207.000  #b9b9b8  185 7  0.0000
1296  207.000  #b9b9b9  186 1  0.0000
1297  207.000  #b9b9ba  186 2  0.0000
1298  208.000  #bab9b9  186 3  0.0048
1299  208.000  #bab9ba  186 4  0.0000
1300  209.000  #b9bab9  186 5  0.0048
1301  209.000  #b9baba  186 6  0.0000
1302  209.000  #babab9  186 7  0.0000
1303  210.000  #bababa  187 1  0.0048
1304  210.000  #bababb  187 2  0.0000
1305  210.000  #bbbaba  187 3  0.0000
1306  210.000  #bbbabb  187 4  0.0000
1307  211.000  #babbba  187 5  0.0048
1308  211.000  #babbbb  187 6  0.0000
1309  211.000  #bbbbba  187 7  0.0000
1310  212.000  #bbbbbb  188 1  0.0047
1311  212.000  #bbbbbc  188 2  0.0000
1312  212.000  #bcbbbb  188 3  0.0000
1313  212.000  #bcbbbc  188 4  0.0000
1314  213.000  #bbbcbb  188 5  0.0047
1315  213.000  #bbbcbc  188 6  0.0000
1316  213.000  #bcbcbb  188 7  0.0000
1317  214.000  #bcbcbc  189 1  0.0047
1318  214.000  #bcbcbd  189 2  0.0000
1319  214.000  #bdbcbc  189 3  0.0000
1320  214.000  #bdbcbd  189 4  0.0000
1321  215.000  #bcbdbc  189 5  0.0047
1322  215.000  #bcbdbd  189 6  0.0000
1323  216.000  #bdbdbc  189 7  0.0046
1324  216.000  #bdbdbd  190 1  0.0000
1325  216.000  #bdbdbe  190 2  0.0000
1326  216.000  #bebdbd  190 3  0.0000
1327  217.000  #bebdbe  190 4  0.0046
1328  218.000  #bdbebd  190 5  0.0046
1329  218.000  #bdbebe  190 6  0.0000
1330  218.000  #bebebd  190 7  0.0000
1331  218.000  #bebebe  191 1  0.0000
1332  218.000  #bebebf  191 2  0.0000
1333  219.000  #bfbebe  191 3  0.0046
1334  219.000  #bfbebf  191 4  0.0000
1335  220.000  #bebfbe  191 5  0.0046
1336  220.000  #bebfbf  191 6  0.0000
1337  220.000  #bfbfbe  191 7  0.0000
1338  220.000  #bfbfbf  192 1  0.0000
1339  221.000  #bfbfc0  192 2  0.0045
1340  221.000  #c0bfbf  192 3  0.0000
1341  221.000  #c0bfc0  192 4  0.0000
1342  222.000  #bfc0bf  192 5  0.0045
1343  223.000  #bfc0c0  192 6  0.0045
1344  223.000  #c0c0bf  192 7  0.0000
1345  223.000  #c0c0c0  193 1  0.0000
1346  223.000  #c0c0c1  193 2  0.0000
1347  224.000  #c1c0c0  193 3  0.0045
1348  224.000  #c1c0c1  193 4  0.0000
1349  225.000  #c0c1c0  193 5  0.0045
1350  225.000  #c0c1c1  193 6  0.0000
1351  226.000  #c1c1c0  193 7  0.0044
1352  226.000  #c1c1c1  194 1  0.0000
1353  226.000  #c1c1c2  194 2  0.0000
1354  227.000  #c2c1c1  194 3  0.0044
1355  227.000  #c2c1c2  194 4  0.0000
1356  228.000  #c1c2c1  194 5  0.0044
1357  228.000  #c1c2c2  194 6  0.0000
1358  228.000  #c2c2c1  194 7  0.0000
1359  228.000  #c2c2c2  195 1  0.0000
1360  229.000  #c2c2c3  195 2  0.0044
1361  229.000  #c3c2c2  195 3  0.0000
1362  229.000  #c3c2c3  195 4  0.0000
1363  230.000  #c2c3c2  195 5  0.0044
1364  231.000  #c2c3c3  195 6  0.0043
1365  231.000  #c3c3c2  195 7  0.0000
1366  231.000  #c3c3c3  196 1  0.0000
1367  232.000  #c3c3c4  196 2  0.0043
1368  232.000  #c4c3c3  196 3  0.0000
1369  232.000  #c4c3c4  196 4  0.0000
1370  233.000  #c3c4c3  196 5  0.0043
1371  233.000  #c3c4c4  196 6  0.0000
1372  234.000  #c4c4c3  196 7  0.0043
1373  234.000  #c4c4c4  197 1  0.0000
1374  234.000  #c4c4c5  197 2  0.0000
1375  235.000  #c5c4c4  197 3  0.0043
1376  235.000  #c5c4c5  197 4  0.0000
1377  236.000  #c4c5c4  197 5  0.0042
1378  236.000  #c4c5c5  197 6  0.0000
1379  237.000  #c5c5c4  197 7  0.0042
1380  237.000  #c5c5c5  198 1  0.0000
1381  237.000  #c5c5c6  198 2  0.0000
1382  237.000  #c6c5c5  198 3  0.0000
1383  238.000  #c6c5c6  198 4  0.0042
1384  239.000  #c5c6c5  198 5  0.0042
1385  239.000  #c5c6c6  198 6  0.0000
1386  240.000  #c6c6c5  198 7  0.0042
1387  240.000  #c6c6c6  199 1  0.0000
1388  240.000  #c6c6c7  199 2  0.0000
1389  240.000  #c7c6c6  199 3  0.0000
1390  241.000  #c7c6c7  199 4  0.0042
1391  241.000  #c6c7c6  199 5  0.0000
1392  242.000  #c6c7c7  199 6  0.0041
1393  242.000  #c7c7c6  199 7  0.0000
1394  242.000  #c7c7c7  200 1  0.0000
1395  243.000  #c7c7c8  200 2  0.0041
1396  243.000  #c8c7c7  200 3  0.0000
1397  243.000  #c8c7c8  200 4  0.0000
1398  244.000  #c7c8c7  200 5  0.0041
1399  245.000  #c7c8c8  200 6  0.0041
1400  245.000  #c8c8c7  200 7  0.0000
1401  245.000  #c8c8c8  201 1  0.0000
1402  246.000  #c8c8c9  201 2  0.0041
1403  246.000  #c9c8c8  201 3  0.0000
1404  246.000  #c9c8c9  201 4  0.0000
1405  247.000  #c8c9c8  201 5  0.0041
1406  247.000  #c8c9c9  201 6  0.0000
1407  248.000  #c9c9c8  201 7  0.0040
1408  248.000  #c9c9c9  202 1  0.0000
1409  248.000  #c9c9ca  202 2  0.0000
1410  249.000  #cac9c9  202 3  0.0040
1411  249.000  #cac9ca  202 4  0.0000
1412  250.000  #c9cac9  202 5  0.0040
1413  250.000  #c9caca  202 6  0.0000
1414  250.000  #cacac9  202 7  0.0000
1415  251.000  #cacaca  203 1  0.0040
1416  251.000  #cacacb  203 2  0.0000
1417  251.000  #cbcaca  203 3  0.0000
1418  252.000  #cbcacb  203 4  0.0040
1419  253.000  #cacbca  203 5  0.0040
1420  253.000  #cacbcb  203 6  0.0000
1421  253.000  #cbcbca  203 7  0.0000
1422  254.000  #cbcbcb  204 1  0.0039
1423  254.000  #cbcbcc  204 2  0.0000
1424  254.000  #cccbcb  204 3  0.0000
1425  254.000  #cccbcc  204 4  0.0000
1426  255.000  #cbcccb  204 5  0.0039
1427  255.000  #cbcccc  204 6  0.0000
1428  256.000  #cccccb  204 7  0.0039
1429  256.000  #cccccc  205 1  0.0000
1430  257.000  #cccccd  205 2  0.0039
1431  257.000  #cdcccc  205 3  0.0000
1432  257.000  #cdcccd  205 4  0.0000
1433  258.000  #cccdcc  205 5  0.0039
1434  258.000  #cccdcd  205 6  0.0000
1435  259.000  #cdcdcc  205 7  0.0039
1436  259.000  #cdcdcd  206 1  0.0000
1437  259.000  #cdcdce  206 2  0.0000
1438  260.000  #cecdcd  206 3  0.0039
1439  260.000  #cecdce  206 4  0.0000
1440  261.000  #cdcecd  206 5  0.0038
1441  261.000  #cdcece  206 6  0.0000
1442  262.000  #cececd  206 7  0.0038
1443  262.000  #cecece  207 1  0.0000
1444  262.000  #cececf  207 2  0.0000
1445  263.000  #cfcece  207 3  0.0038
1446  262.000  #cfcecf  207 4  -0.0038
1447  263.000  #cecfce  207 5  0.0038
1448  264.000  #cecfcf  207 6  0.0038
1449  264.000  #cfcfce  207 7  0.0000
1450  264.000  #cfcfcf  208 1  0.0000
1451  265.000  #cfcfd0  208 2  0.0038
1452  265.000  #d0cfcf  208 3  0.0000
1453  265.000  #d0cfd0  208 4  0.0000
1454  266.000  #cfd0cf  208 5  0.0038
1455  267.000  #cfd0d0  208 6  0.0038
1456  267.000  #d0d0cf  208 7  0.0000
1457  267.000  #d0d0d0  209 1  0.0000
1458  268.000  #d0d0d1  209 2  0.0037
1459  268.000  #d1d0d0  209 3  0.0000
1460  268.000  #d1d0d1  209 4  0.0000
1461  269.000  #d0d1d0  209 5  0.0037
1462  269.000  #d0d1d1  209 6  0.0000
1463  270.000  #d1d1d0  209 7  0.0037
1464  270.000  #d1d1d1  210 1  0.0000
1465  271.000  #d1d1d2  210 2  0.0037
1466  271.000  #d2d1d1  210 3  0.0000
1467  271.000  #d2d1d2  210 4  0.0000
1468  272.000  #d1d2d1  210 5  0.0037
1469  272.000  #d1d2d2  210 6  0.0000
1470  273.000  #d2d2d1  210 7  0.0037
1471  272.000  #d2d2d2  211 1  -0.0037
1472  273.000  #d2d2d3  211 2  0.0037
1473  273.000  #d3d2d2  211 3  0.0000
1474  274.000  #d3d2d3  211 4  0.0037
1475  274.000  #d2d3d2  211 5  0.0000
1476  275.000  #d2d3d3  211 6  0.0036
1477  275.000  #d3d3d2  211 7  0.0000
1478  275.000  #d3d3d3  212 1  0.0000
1479  275.000  #d3d3d4  212 2  0.0000
1480  276.000  #d4d3d3  212 3  0.0036
1481  276.000  #d4d3d4  212 4  0.0000
1482  277.000  #d3d4d3  212 5  0.0036
1483  277.000  #d3d4d4  212 6  0.0000
1484  277.000  #d4d4d3  212 7  0.0000
1485  278.000  #d4d4d4  213 1  0.0036
1486  278.000  #d4d4d5  213 2  0.0000
1487  278.000  #d5d4d4  213 3  0.0000
1488  279.000  #d5d4d5  213 4  0.0036
1489  279.000  #d4d5d4  213 5  0.0000
1490  280.000  #d4d5d5  213 6  0.0036
1491  280.000  #d5d5d4  213 7  0.0000
1492  280.000  #d5d5d5  214 1  0.0000
1493  281.000  #d5d5d6  214 2  0.0036
1494  281.000  #d6d5d5  214 3  0.0000
1495  281.000  #d6d5d6  214 4  0.0000
1496  282.000  #d5d6d5  214 5  0.0036
1497  282.000  #d5d6d6  214 6  0.0000
1498  283.000  #d6d6d5  214 7  0.0035
1499  283.000  #d6d6d6  215 1  0.0000
1500  283.000  #d6d6d7  215 2  0.0000
1501  284.000  #d7d6d6  215 3  0.0035
1502  284.000  #d7d6d7  215 4  0.0000
1503  284.000  #d6d7d6  215 5  0.0000
1504  285.000  #d6d7d7  215 6  0.0035
1505  285.000  #d7d7d6  215 7  0.0000
1506  286.000  #d7d7d7  216 1  0.0035
1507  286.000  #d7d7d8  216 2  0.0000
1508  286.000  #d8d7d7  216 3  0.0000
1509  287.000  #d8d7d8  216 4  0.0035
1510  287.000  #d7d8d7  216 5  0.0000
1511  288.000  #d7d8d8  216 6  0.0035
1512  288.000  #d8d8d7  216 7  0.0000
1513  288.000  #d8d8d8  217 1  0.0000
1514  289.000  #d8d8d9  217 2  0.0035
1515  289.000  #d9d8d8  217 3  0.0000
1516  289.000  #d9d8d9  217 4  0.0000
1517  290.000  #d8d9d8  217 5  0.0035
1518  290.000  #d8d9d9  217 6  0.0000
1519  291.000  #d9d9d8  217 7  0.0034
1520  291.000  #d9d9d9  218 1  0.0000
1521  291.000  #d9d9da  218 2  0.0000
1522  291.000  #dad9d9  218 3  0.0000
1523  291.000  #dad9da  218 4  0.0000
1524  293.000  #d9dad9  218 5  0.0068
1525  293.000  #d9dada  218 6  0.0000
1526  293.000  #dadad9  218 7  0.0000
1527  293.000  #dadada  219 1  0.0000
1528  294.000  #dadadb  219 2  0.0034
1529  294.000  #dbdada  219 3  0.0000
1530  294.000  #dbdadb  219 4  0.0000
1531  295.000  #dadbda  219 5  0.0034
1532  295.000  #dadbdb  219 6  0.0000
1533  296.000  #dbdbda  219 7  0.0034
1534  296.000  #dbdbdb  220 1  0.0000
1535  296.000  #dbdbdc  220 2  0.0000
1536  296.000  #dcdbdb  220 3  0.0000
1537  297.000  #dcdbdc  220 4  0.0034
1538  298.000  #dbdcdb  220 5  0.0034
1539  298.000  #dbdcdc  220 6  0.0000
1540  298.000  #dcdcdb  220 7  0.0000
1541  298.000  #dcdcdc  221 1  0.0000
1542  299.000  #dcdcdd  221 2  0.0034
1543  299.000  #dddcdc  221 3  0.0000
1544  300.000  #dddcdd  221 4  0.0033
1545  300.000  #dcdddc  221 5  0.0000
1546  301.000  #dcdddd  221 6  0.0033
1547  301.000  #dddddc  221 7  0.0000
1548  301.000  #dddddd  222 1  0.0000
1549  301.000  #ddddde  222 2  0.0000
1550  302.000  #dedddd  222 3  0.0033
1551  302.000  #deddde  222 4  0.0000
1552  303.000  #dddedd  222 5  0.0033
1553  303.000  #dddede  222 6  0.0000
1554  303.000  #dededd  222 7  0.0000
1555  303.000  #dedede  223 1  0.0000
1556  304.000  #dededf  223 2  0.0033
1557  304.000  #dfdede  223 3  0.0000
1558  304.000  #dfdedf  223 4  0.0000
1559  305.000  #dedfde  223 5  0.0033
1560  305.000  #dedfdf  223 6  0.0000
1561  305.000  #dfdfde  223 7  0.0000
1562  306.000  #dfdfdf  224 1  0.0033
1563  306.000  #dfdfe0  224 2  0.0000
1564  306.000  #e0dfdf  224 3  0.0000
1565  306.000  #e0dfe0  224 4  0.0000
1566  307.000  #dfe0df  224 5  0.0033
1567  307.000  #dfe0e0  224 6  0.0000
1568  308.000  #e0e0df  224 7  0.0033
1569  308.000  #e0e0e0  225 1  0.0000
1570  308.000  #e0e0e1  225 2  0.0000
1571  308.000  #e1e0e0  225 3  0.0000
1572  308.000  #e1e0e1  225 4  0.0000
1573  310.000  #e0e1e0  225 5  0.0065
1574  310.000  #e0e1e1  225 6  0.0000
1575  310.000  #e1e1e0  225 7  0.0000
1576  310.000  #e1e1e1  226 1  0.0000
1577  310.000  #e1e1e2  226 2  0.0000
1578  311.000  #e2e1e1  226 3  0.0032
1579  311.000  #e2e1e2  226 4  0.0000
1580  311.000  #e1e2e1  226 5  0.0000
1581  312.000  #e1e2e2  226 6  0.0032
1582  312.000  #e2e2e1  226 7  0.0000
1583  312.000  #e2e2e2  227 1  0.0000
1584  312.000  #e2e2e3  227 2  0.0000
1585  313.000  #e3e2e2  227 3  0.0032
1586  313.000  #e3e2e3  227 4  0.0000
1587  313.000  #e2e3e2  227 5  0.0000
1588  314.000  #e2e3e3  227 6  0.0032
1589  314.000  #e3e3e2  227 7  0.0000
1590  314.000  #e3e3e3  228 1  0.0000
1591  315.000  #e3e3e4  228 2  0.0032
1592  315.000  #e4e3e3  228 3  0.0000
1593  315.000  #e4e3e4  228 4  0.0000
1594  315.000  #e3e4e3  228 5  0.0000
1595  316.000  #e3e4e4  228 6  0.0032
1596  316.000  #e4e4e3  228 7  0.0000
1597  317.000  #e4e4e4  229 1  0.0032
1598  317.000  #e4e4e5  229 2  0.0000
1599  317.000  #e5e4e4  229 3  0.0000
1600  317.000  #e5e4e5  229 4  0.0000
1601  318.000  #e4e5e4  229 5  0.0031
1602  318.000  #e4e5e5  229 6  0.0000
1603  319.000  #e5e5e4  229 7  0.0031
1604  319.000  #e5e5e5  230 1  0.0000
1605  319.000  #e5e5e6  230 2  0.0000
1606  319.000  #e6e5e5  230 3  0.0000
1607  319.000  #e6e5e6  230 4  0.0000
1608  320.000  #e5e6e5  230 5  0.0031
1609  320.000  #e5e6e6  230 6  0.0000
1610  321.000  #e6e6e5  230 7  0.0031
1611  321.000  #e6e6e6  231 1  0.0000
1612  321.000  #e6e6e7  231 2  0.0000
1613  321.000  #e7e6e6  231 3  0.0000
1614  321.000  #e7e6e7  231 4  0.0000
1615  322.000  #e6e7e6  231 5  0.0031
1616  323.000  #e6e7e7  231 6  0.0031
1617  323.000  #e7e7e6  231 7  0.0000
1618  323.000  #e7e7e7  232 1  0.0000
1619  323.000  #e7e7e8  232 2  0.0000
1620  323.000  #e8e7e7  232 3  0.0000
1621  323.000  #e8e7e8  232 4  0.0000
1622  325.000  #e7e8e7  232 5  0.0062
1623  325.000  #e7e8e8  232 6  0.0000
1624  325.000  #e8e8e7  232 7  0.0000
1625  325.000  #e8e8e8  233 1  0.0000
1626  325.000  #e8e8e9  233 2  0.0000
1627  325.000  #e9e8e8  233 3  0.0000
1628  326.000  #e9e8e9  233 4  0.0031
1629  327.000  #e8e9e8  233 5  0.0031
1630  327.000  #e8e9e9  233 6  0.0000
1631  327.000  #e9e9e8  233 7  0.0000
1632  327.000  #e9e9e9  234 1  0.0000
1633  327.000  #e9e9ea  234 2  0.0000
1634  328.000  #eae9e9  234 3  0.0031
1635  328.000  #eae9ea  234 4  0.0000
1636  329.000  #e9eae9  234 5  0.0030
1637  329.000  #e9eaea  234 6  0.0000
1638  329.000  #eaeae9  234 7  0.0000
1639  329.000  #eaeaea  235 1  0.0000
1640  329.000  #eaeaeb  235 2  0.0000
1641  330.000  #ebeaea  235 3  0.0030
1642  330.000  #ebeaeb  235 4  0.0000
1643  331.000  #eaebea  235 5  0.0030
1644  331.000  #eaebeb  235 6  0.0000
1645  331.000  #ebebea  235 7  0.0000
1646  331.000  #ebebeb  236 1  0.0000
1647  331.000  #ebebec  236 2  0.0000
1648  332.000  #ecebeb  236 3  0.0030
1649  332.000  #ecebec  236 4  0.0000
1650  333.000  #ebeceb  236 5  0.0030
1651  333.000  #ebecec  236 6  0.0000
1652  333.000  #ececeb  236 7  0.0000
1653  333.000  #ececec  237 1  0.0000
1654  333.000  #ececed  237 2  0.0000
1655  334.000  #edecec  237 3  0.0030
1656  334.000  #edeced  237 4  0.0000
1657  335.000  #ecedec  237 5  0.0030
1658  335.000  #eceded  237 6  0.0000
1659  335.000  #ededec  237 7  0.0000
1660  335.000  #ededed  238 1  0.0000
1661  335.000  #ededee  238 2  0.0000
1662  336.000  #eeeded  238 3  0.0030
1663  336.000  #eeedee  238 4  0.0000
1664  337.000  #edeeed  238 5  0.0030
1665  337.000  #edeeee  238 6  0.0000
1666  337.000  #eeeeed  238 7  0.0000
1667  337.000  #eeeeee  239 1  0.0000
1668  337.000  #eeeeef  239 2  0.0000
1669  338.000  #efeeee  239 3  0.0030
1670  338.000  #efeeef  239 4  0.0000
1671  339.000  #eeefee  239 5  0.0030
1672  339.000  #eeefef  239 6  0.0000
1673  339.000  #efefee  239 7  0.0000
1674  339.000  #efefef  240 1  0.0000
1675  339.000  #efeff0  240 2  0.0000
1676  340.000  #f0efef  240 3  0.0029
1677  339.000  #f0eff0  240 4  -0.0029
1678  340.000  #eff0ef  240 5  0.0029
1679  340.000  #eff0f0  240 6  0.0000
1680  340.000  #f0f0ef  240 7  0.0000
1681  341.000  #f0f0f0  241 1  0.0029
1682  340.000  #f0f0f1  241 2  -0.0029
1683  341.000  #f1f0f0  241 3  0.0029
1684  341.000  #f1f0f1  241 4  0.0000
1685  342.000  #f0f1f0  241 5  0.0029
1686  342.000  #f0f1f1  241 6  0.0000
1687  342.000  #f1f1f0  241 7  0.0000
1688  342.000  #f1f1f1  242 1  0.0000
1689  342.000  #f1f1f2  242 2  0.0000
1690  342.000  #f2f1f1  242 3  0.0000
1691  344.000  #f2f1f2  242 4  0.0058
1692  344.000  #f1f2f1  242 5  0.0000
1693  344.000  #f1f2f2  242 6  0.0000
1694  344.000  #f2f2f1  242 7  0.0000
1695  344.000  #f2f2f2  243 1  0.0000
1696  344.000  #f2f2f3  243 2  0.0000
1697  344.000  #f3f2f2  243 3  0.0000
1698  344.000  #f3f2f3  243 4  0.0000
1699  345.000  #f2f3f2  243 5  0.0029
1700  345.000  #f2f3f3  243 6  0.0000
1701  345.000  #f3f3f2  243 7  0.0000
1702  345.000  #f3f3f3  244 1  0.0000
1703  346.000  #f3f3f4  244 2  0.0029
1704  346.000  #f4f3f3  244 3  0.0000
1705  347.000  #f4f3f4  244 4  0.0029
1706  347.000  #f3f4f3  244 5  0.0000
1707  347.000  #f3f4f4  244 6  0.0000
1708  347.000  #f4f4f3  244 7  0.0000
1709  347.000  #f4f4f4  245 1  0.0000
1710  347.000  #f4f4f5  245 2  0.0000
1711  347.000  #f5f4f4  245 3  0.0000
1712  348.000  #f5f4f5  245 4  0.0029
1713  348.000  #f4f5f4  245 5  0.0000
1714  348.000  #f4f5f5  245 6  0.0000
1715  348.000  #f5f5f4  245 7  0.0000
1716  349.000  #f5f5f5  246 1  0.0029
1717  349.000  #f5f5f6  246 2  0.0000
1718  349.000  #f6f5f5  246 3  0.0000
1719  349.000  #f6f5f6  246 4  0.0000
1720  350.000  #f5f6f5  246 5  0.0029
1721  350.000  #f5f6f6  246 6  0.0000
1722  350.000  #f6f6f5  246 7  0.0000
1723  350.000  #f6f6f6  247 1  0.0000
1724  350.000  #f6f6f7  247 2  0.0000
1725  350.000  #f7f6f6  247 3  0.0000
1726  350.000  #f7f6f7  247 4  0.0000
1727  351.000  #f6f7f6  247 5  0.0029
1728  351.000  #f6f7f7  247 6  0.0000
1729  351.000  #f7f7f6  247 7  0.0000
1730  351.000  #f7f7f7  248 1  0.0000
1731  351.000  #f7f7f8  248 2  0.0000
1732  352.000  #f8f7f7  248 3  0.0028
1733  351.000  #f8f7f8  248 4  -0.0028
1734  352.000  #f7f8f7  248 5  0.0028
1735  352.000  #f7f8f8  248 6  0.0000
1736  352.000  #f8f8f7  248 7  0.0000
1737  352.000  #f8f8f8  249 1  0.0000
1738  352.000  #f8f8f9  249 2  0.0000
1739  352.000  #f9f8f8  249 3  0.0000
1740  353.000  #f9f8f9  249 4  0.0028
1741  353.000  #f8f9f8  249 5  0.0000
1742  353.000  #f8f9f9  249 6  0.0000
1743  353.000  #f9f9f8  249 7  0.0000
1744  354.000  #f9f9f9  250 1  0.0028
1745  354.000  #f9f9fa  250 2  0.0000
1746  354.000  #faf9f9  250 3  0.0000
1747  354.000  #faf9fa  250 4  0.0000
1748  354.000  #f9faf9  250 5  0.0000
1749  354.000  #f9fafa  250 6  0.0000
1750  355.000  #fafaf9  250 7  0.0028
1751  354.000  #fafafa  251 1  -0.0028
1752  355.000  #fafafb  251 2  0.0028
1753  355.000  #fbfafa  251 3  0.0000
1754  355.000  #fbfafb  251 4  0.0000
1755  355.000  #fafbfa  251 5  0.0000
1756  355.000  #fafbfb  251 6  0.0000
1757  356.000  #fbfbfa  251 7  0.0028
1758  355.000  #fbfbfb  252 1  -0.0028
1759  355.000  #fbfbfc  252 2  0.0000
1760  356.000  #fcfbfb  252 3  0.0028
1761  355.000  #fcfbfc  252 4  -0.0028
1762  356.000  #fbfcfb  252 5  0.0028
1763  356.000  #fbfcfc  252 6  0.0000
1764  356.000  #fcfcfb  252 7  0.0000
1765  356.000  #fcfcfc  253 1  0.0000
1766  356.000  #fcfcfd  253 2  0.0000
1767  356.000  #fdfcfc  253 3  0.0000
1768  356.000  #fdfcfd  253 4  0.0000
1769  357.000  #fcfdfc  253 5  0.0028
1770  357.000  #fcfdfd  253 6  0.0000
1771  357.000  #fdfdfc  253 7  0.0000
1772  357.000  #fdfdfd  254 1  0.0000
1773  357.000  #fdfdfe  254 2  0.0000
1774  357.000  #fefdfd  254 3  0.0000
1775  357.000  #fefdfe  254 4  0.0000
1776  357.000  #fdfefd  254 5  0.0000
1777  357.000  #fdfefe  254 6  0.0000
1778  357.000  #fefefd  254 7  0.0000
1779  358.000  #fefefe  255 1  0.0028
1780  357.000  #fefeff  255 2  -0.0028
1781  358.000  #fffefe  255 3  0.0028
1782  358.000  #fffeff  255 4  0.0000
1783  358.000  #fefffe  255 5  0.0000
1784  358.000  #feffff  255 6  0.0000
1785  358.000  #fffffe  255 7  0.0000
1786  358.000  #ffffff  256 1  0.0000
