#  lumResponse vers. 1.6 - 01/15/07 14:27:57
#  Display ID: DELL_3007WFP_FK28569QG3VM
#  iLdelay=1  avgN=1  ILlimit_plus=0.20 ILlimit_minus=-0.05  R=22.9% G=68.8% B=8.3%
#  77.1  #ff0000
#  231.0  #00ff00
#  27.9  #0000ff
   1    0.389  #000000    1 1  0.0000
   2    0.388  #000001    1 2  -0.0026
   3    0.388  #010000    1 3  0.0000
   4    0.387  #010001    1 4  -0.0026
   5    0.388  #000100    1 5  0.0026
   6    0.387  #000101    1 6  -0.0026
   7    0.387  #010100    1 7  0.0000
   8    0.386  #010101    2 1  -0.0026
   9    0.388  #010102    2 2  0.0052
  10    0.387  #020101    2 3  -0.0026
  11    0.386  #020102    2 4  -0.0026
  12    0.387  #010201    2 5  0.0026
  13    0.388  #010202    2 6  0.0026
  14    0.386  #020201    2 7  -0.0052
  15    0.387  #020202    3 1  0.0026
  16    0.386  #020203    3 2  -0.0026
  17    0.386  #030202    3 3  0.0000
  18    0.386  #030203    3 4  0.0000
  19    0.388  #020302    3 5  0.0052
  20    0.387  #020303    3 6  -0.0026
  21    0.386  #030302    3 7  -0.0026
  22    0.387  #030303    4 1  0.0026
  23    0.387  #030304    4 2  0.0000
  24    0.388  #040303    4 3  0.0026
  25    0.387  #040304    4 4  -0.0026
  26    0.388  #030403    4 5  0.0026
  27    0.388  #030404    4 6  0.0000
  28    0.388  #040403    4 7  0.0000
  29    0.388  #040404    5 1  0.0000
  30    0.388  #040405    5 2  0.0000
  31    0.389  #050404    5 3  0.0026
  32    0.390  #050405    5 4  0.0026
  33    0.390  #040504    5 5  0.0000
  34    0.390  #040505    5 6  0.0000
  35    0.392  #050504    5 7  0.0051
  36    0.391  #050505    6 1  -0.0026
  37    0.392  #050506    6 2  0.0026
  38    0.392  #060505    6 3  0.0000
  39    0.393  #060506    6 4  0.0025
  40    0.394  #050605    6 5  0.0025
  41    0.396  #050606    6 6  0.0051
  42    0.396  #060605    6 7  0.0000
  43    0.397  #060606    7 1  0.0025
  44    0.397  #060607    7 2  0.0000
  45    0.398  #070606    7 3  0.0025
  46    0.400  #070607    7 4  0.0050
  47    0.402  #060706    7 5  0.0050
  48    0.403  #060707    7 6  0.0025
  49    0.404  #070706    7 7  0.0025
  50    0.404  #070707    8 1  0.0000
  51    0.406  #070708    8 2  0.0049
  52    0.407  #080707    8 3  0.0025
  53    0.408  #080708    8 4  0.0025
  54    0.411  #070807    8 5  0.0073
  55    0.412  #070808    8 6  0.0024
  56    0.414  #080807    8 7  0.0048
  57    0.415  #080808    9 1  0.0024
  58    0.415  #080809    9 2  0.0000
  59    0.418  #090808    9 3  0.0072
  60    0.419  #090809    9 4  0.0024
  61    0.424  #080908    9 5  0.0119
  62    0.426  #080909    9 6  0.0047
  63    0.427  #090908    9 7  0.0023
  64    0.429  #090909   10 1  0.0047
  65    0.431  #09090a   10 2  0.0047
  66    0.432  #0a0909   10 3  0.0023
  67    0.433  #0a090a   10 4  0.0023
  68    0.441  #090a09   10 5  0.0183
  69    0.442  #090a0a   10 6  0.0023
  70    0.444  #0a0a09   10 7  0.0045
  71    0.445  #0a0a0a   11 1  0.0022
  72    0.447  #0a0a0b   11 2  0.0045
  73    0.450  #0b0a0a   11 3  0.0067
  74    0.453  #0b0a0b   11 4  0.0066
  75    0.460  #0a0b0a   11 5  0.0153
  76    0.461  #0a0b0b   11 6  0.0022
  77    0.465  #0b0b0a   11 7  0.0086
  78    0.466  #0b0b0b   12 1  0.0021
  79    0.467  #0b0b0c   12 2  0.0021
  80    0.472  #0c0b0b   12 3  0.0106
  81    0.474  #0c0b0c   12 4  0.0042
  82    0.483  #0b0c0b   12 5  0.0188
  83    0.485  #0b0c0c   12 6  0.0041
  84    0.488  #0c0c0b   12 7  0.0062
  85    0.490  #0c0c0c   13 1  0.0041
  86    0.492  #0c0c0d   13 2  0.0041
  87    0.497  #0d0c0c   13 3  0.0101
  88    0.499  #0d0c0d   13 4  0.0040
  89    0.510  #0c0d0c   13 5  0.0218
  90    0.512  #0c0d0d   13 6  0.0039
  91    0.516  #0d0d0c   13 7  0.0078
  92    0.519  #0d0d0d   14 1  0.0058
  93    0.522  #0d0d0e   14 2  0.0058
  94    0.527  #0e0d0d   14 3  0.0095
  95    0.530  #0e0d0e   14 4  0.0057
  96    0.542  #0d0e0d   14 5  0.0224
  97    0.545  #0d0e0e   14 6  0.0055
  98    0.551  #0e0e0d   14 7  0.0109
  99    0.553  #0e0e0e   15 1  0.0036
 100    0.557  #0e0e0f   15 2  0.0072
 101    0.562  #0f0e0e   15 3  0.0089
 102    0.565  #0f0e0f   15 4  0.0053
 103    0.581  #0e0f0e   15 5  0.0279
 104    0.584  #0e0f0f   15 6  0.0052
 105    0.591  #0f0f0e   15 7  0.0119
 106    0.594  #0f0f0f   16 1  0.0051
 107    0.597  #0f0f10   16 2  0.0050
 108    0.606  #100f0f   16 3  0.0150
 109    0.608  #100f10   16 4  0.0033
 110    0.627  #0f100f   16 5  0.0308
 111    0.630  #0f1010   16 6  0.0048
 112    0.639  #10100f   16 7  0.0142
 113    0.643  #101010   17 1  0.0062
 114    0.647  #101011   17 2  0.0062
 115    0.655  #111010   17 3  0.0123
 116    0.659  #111011   17 4  0.0061
 117    0.679  #101110   17 5  0.0299
 118    0.684  #101111   17 6  0.0073
 119    0.691  #111110   17 7  0.0102
 120    0.696  #111111   18 1  0.0072
 121    0.701  #111112   18 2  0.0072
 122    0.709  #121111   18 3  0.0113
 123    0.713  #121112   18 4  0.0056
 124    0.734  #111211   18 5  0.0290
 125    0.739  #111212   18 6  0.0068
 126    0.748  #121211   18 7  0.0121
 127    0.752  #121212   19 1  0.0053
 128    0.757  #121213   19 2  0.0066
 129    0.765  #131212   19 3  0.0105
 130    0.770  #131213   19 4  0.0065
 131    0.792  #121312   19 5  0.0282
 132    0.797  #121313   19 6  0.0063
 133    0.806  #131312   19 7  0.0112
 134    0.810  #131313   20 1  0.0050
 135    0.815  #131314   20 2  0.0062
 136    0.825  #141313   20 3  0.0122
 137    0.830  #141314   20 4  0.0060
 138    0.853  #131413   20 5  0.0273
 139    0.858  #131414   20 6  0.0058
 140    0.867  #141413   20 7  0.0104
 141    0.872  #141414   21 1  0.0058
 142    0.878  #141415   21 2  0.0069
 143    0.888  #151414   21 3  0.0113
 144    0.893  #151415   21 4  0.0056
 145    0.918  #141514   21 5  0.0276
 146    0.924  #141515   21 6  0.0065
 147    0.934  #151514   21 7  0.0108
 148    0.939  #151515   22 1  0.0053
 149    0.946  #151516   22 2  0.0074
 150    0.957  #161515   22 3  0.0116
 151    0.964  #161516   22 4  0.0073
 152    0.993  #151615   22 5  0.0296
 153    0.999  #151616   22 6  0.0060
 154    1.010  #161615   22 7  0.0110
 155    1.017  #161616   23 1  0.0069
 156    1.023  #161617   23 2  0.0059
 157    1.036  #171616   23 3  0.0126
 158    1.043  #171617   23 4  0.0067
 159    1.076  #161716   23 5  0.0311
 160    1.083  #161717   23 6  0.0065
 161    1.096  #171716   23 7  0.0119
 162    1.102  #171717   24 1  0.0055
 163    1.110  #171718   24 2  0.0072
 164    1.125  #181717   24 3  0.0134
 165    1.133  #181718   24 4  0.0071
 166    1.170  #171817   24 5  0.0321
 167    1.178  #171818   24 6  0.0068
 168    1.193  #181817   24 7  0.0127
 169    1.201  #181818   25 1  0.0067
 170    1.210  #181819   25 2  0.0075
 171    1.227  #191818   25 3  0.0140
 172    1.236  #191819   25 4  0.0073
 173    1.277  #181918   25 5  0.0326
 174    1.285  #181919   25 6  0.0062
 175    1.302  #191918   25 7  0.0131
 176    1.311  #191919   26 1  0.0069
 177    1.320  #19191a   26 2  0.0068
 178    1.337  #1a1919   26 3  0.0128
 179    1.348  #1a191a   26 4  0.0082
 180    1.392  #191a19   26 5  0.0321
 181    1.401  #191a1a   26 6  0.0064
 182    1.419  #1a1a19   26 7  0.0128
 183    1.429  #1a1a1a   27 1  0.0070
 184    1.439  #1a1a1b   27 2  0.0070
 185    1.458  #1b1a1a   27 3  0.0131
 186    1.468  #1b1a1b   27 4  0.0068
 187    1.515  #1a1b1a   27 5  0.0315
 188    1.526  #1a1b1b   27 6  0.0072
 189    1.545  #1b1b1a   27 7  0.0124
 190    1.555  #1b1b1b   28 1  0.0065
 191    1.565  #1b1b1c   28 2  0.0064
 192    1.584  #1c1b1b   28 3  0.0121
 193    1.595  #1c1b1c   28 4  0.0069
 194    1.645  #1b1c1b   28 5  0.0309
 195    1.656  #1b1c1c   28 6  0.0067
 196    1.675  #1c1c1b   28 7  0.0114
 197    1.686  #1c1c1c   29 1  0.0065
 198    1.696  #1c1c1d   29 2  0.0059
 199    1.717  #1d1c1c   29 3  0.0123
 200    1.728  #1d1c1d   29 4  0.0064
 201    1.781  #1c1d1c   29 5  0.0302
 202    1.790  #1c1d1d   29 6  0.0050
 203    1.810  #1d1d1c   29 7  0.0111
 204    1.820  #1d1d1d   30 1  0.0055
 205    1.830  #1d1d1e   30 2  0.0055
 206    1.850  #1e1d1d   30 3  0.0109
 207    1.860  #1e1d1e   30 4  0.0054
 208    1.920  #1d1e1d   30 5  0.0317
 209    1.930  #1d1e1e   30 6  0.0052
 210    1.960  #1e1e1d   30 7  0.0154
 211    1.970  #1e1e1e   31 1  0.0051
 212    1.980  #1e1e1f   31 2  0.0051
 213    2.010  #1f1e1e   31 3  0.0150
 214    2.020  #1f1e1f   31 4  0.0050
 215    2.080  #1e1f1e   31 5  0.0293
 216    2.090  #1e1f1f   31 6  0.0048
 217    2.120  #1f1f1e   31 7  0.0143
 218    2.130  #1f1f1f   32 1  0.0047
 219    2.140  #1f1f20   32 2  0.0047
 220    2.170  #201f1f   32 3  0.0139
 221    2.190  #201f20   32 4  0.0092
 222    2.260  #1f201f   32 5  0.0315
 223    2.270  #1f2020   32 6  0.0044
 224    2.300  #20201f   32 7  0.0131
 225    2.320  #202020   33 1  0.0087
 226    2.330  #202021   33 2  0.0043
 227    2.360  #212020   33 3  0.0128
 228    2.370  #212021   33 4  0.0042
 229    2.440  #202120   33 5  0.0291
 230    2.460  #202121   33 6  0.0082
 231    2.490  #212120   33 7  0.0121
 232    2.500  #212121   34 1  0.0040
 233    2.520  #212122   34 2  0.0080
 234    2.550  #222121   34 3  0.0118
 235    2.560  #222122   34 4  0.0039
 236    2.640  #212221   34 5  0.0308
 237    2.660  #212222   34 6  0.0075
 238    2.680  #222221   34 7  0.0075
 239    2.700  #222222   35 1  0.0074
 240    2.720  #222223   35 2  0.0074
 241    2.750  #232222   35 3  0.0110
 242    2.760  #232223   35 4  0.0036
 243    2.840  #222322   35 5  0.0286
 244    2.860  #222323   35 6  0.0070
 245    2.890  #232322   35 7  0.0104
 246    2.900  #232323   36 1  0.0035
 247    2.920  #232324   36 2  0.0069
 248    2.950  #242323   36 3  0.0102
 249    2.970  #242324   36 4  0.0068
 250    3.050  #232423   36 5  0.0266
 251    3.070  #232424   36 6  0.0065
 252    3.100  #242423   36 7  0.0097
 253    3.110  #242424   37 1  0.0032
 254    3.130  #242425   37 2  0.0064
 255    3.160  #252424   37 3  0.0095
 256    3.180  #252425   37 4  0.0063
 257    3.270  #242524   37 5  0.0279
 258    3.290  #242525   37 6  0.0061
 259    3.320  #252524   37 7  0.0091
 260    3.340  #252525   38 1  0.0060
 261    3.350  #252526   38 2  0.0030
 262    3.390  #262525   38 3  0.0119
 263    3.410  #262526   38 4  0.0059
 264    3.500  #252625   38 5  0.0260
 265    3.520  #252626   38 6  0.0057
 266    3.550  #262625   38 7  0.0085
 267    3.570  #262626   39 1  0.0056
 268    3.590  #262627   39 2  0.0056
 269    3.620  #272626   39 3  0.0083
 270    3.640  #272627   39 4  0.0055
 271    3.730  #262726   39 5  0.0244
 272    3.750  #262727   39 6  0.0053
 273    3.790  #272726   39 7  0.0106
 274    3.810  #272727   40 1  0.0053
 275    3.830  #272728   40 2  0.0052
 276    3.860  #282727   40 3  0.0078
 277    3.880  #282728   40 4  0.0052
 278    3.980  #272827   40 5  0.0254
 279    4.000  #272828   40 6  0.0050
 280    4.040  #282827   40 7  0.0100
 281    4.060  #282828   41 1  0.0049
 282    4.080  #282829   41 2  0.0049
 283    4.120  #292828   41 3  0.0098
 284    4.140  #292829   41 4  0.0048
 285    4.240  #282928   41 5  0.0239
 286    4.260  #282929   41 6  0.0047
 287    4.300  #292928   41 7  0.0093
 288    4.320  #292929   42 1  0.0046
 289    4.340  #29292a   42 2  0.0046
 290    4.380  #2a2929   42 3  0.0092
 291    4.400  #2a292a   42 4  0.0046
 292    4.510  #292a29   42 5  0.0247
 293    4.540  #292a2a   42 6  0.0066
 294    4.580  #2a2a29   42 7  0.0088
 295    4.600  #2a2a2a   43 1  0.0044
 296    4.630  #2a2a2b   43 2  0.0065
 297    4.670  #2b2a2a   43 3  0.0086
 298    4.690  #2b2a2b   43 4  0.0043
 299    4.810  #2a2b2a   43 5  0.0253
 300    4.830  #2a2b2b   43 6  0.0041
 301    4.880  #2b2b2a   43 7  0.0103
 302    4.900  #2b2b2b   44 1  0.0041
 303    4.930  #2b2b2c   44 2  0.0061
 304    4.970  #2c2b2b   44 3  0.0081
 305    5.000  #2c2b2c   44 4  0.0060
 306    5.120  #2b2c2b   44 5  0.0237
 307    5.140  #2b2c2c   44 6  0.0039
 308    5.190  #2c2c2b   44 7  0.0097
 309    5.210  #2c2c2c   45 1  0.0038
 310    5.240  #2c2c2d   45 2  0.0057
 311    5.290  #2d2c2c   45 3  0.0095
 312    5.310  #2d2c2d   45 4  0.0038
 313    5.440  #2c2d2c   45 5  0.0242
 314    5.470  #2c2d2d   45 6  0.0055
 315    5.520  #2d2d2c   45 7  0.0091
 316    5.540  #2d2d2d   46 1  0.0036
 317    5.570  #2d2d2e   46 2  0.0054
 318    5.620  #2e2d2d   46 3  0.0089
 319    5.650  #2e2d2e   46 4  0.0053
 320    5.780  #2d2e2d   46 5  0.0227
 321    5.810  #2d2e2e   46 6  0.0052
 322    5.860  #2e2e2d   46 7  0.0086
 323    5.890  #2e2e2e   47 1  0.0051
 324    5.920  #2e2e2f   47 2  0.0051
 325    5.970  #2f2e2e   47 3  0.0084
 326    6.000  #2f2e2f   47 4  0.0050
 327    6.140  #2e2f2e   47 5  0.0231
 328    6.170  #2e2f2f   47 6  0.0049
 329    6.220  #2f2f2e   47 7  0.0081
 330    6.250  #2f2f2f   48 1  0.0048
 331    6.280  #2f2f30   48 2  0.0048
 332    6.330  #302f2f   48 3  0.0079
 333    6.360  #302f30   48 4  0.0047
 334    6.510  #2f302f   48 5  0.0233
 335    6.540  #2f3030   48 6  0.0046
 336    6.600  #30302f   48 7  0.0091
 337    6.630  #303030   49 1  0.0045
 338    6.660  #303031   49 2  0.0045
 339    6.710  #313030   49 3  0.0075
 340    6.750  #313031   49 4  0.0059
 341    6.900  #303130   49 5  0.0220
 342    6.930  #303131   49 6  0.0043
 343    6.990  #313130   49 7  0.0086
 344    7.020  #313131   50 1  0.0043
 345    7.050  #313132   50 2  0.0043
 346    7.110  #323131   50 3  0.0085
 347    7.140  #323132   50 4  0.0042
 348    7.300  #313231   50 5  0.0222
 349    7.330  #313232   50 6  0.0041
 350    7.390  #323231   50 7  0.0082
 351    7.420  #323232   51 1  0.0041
 352    7.460  #323233   51 2  0.0054
 353    7.520  #333232   51 3  0.0080
 354    7.550  #333233   51 4  0.0040
 355    7.710  #323332   51 5  0.0210
 356    7.740  #323333   51 6  0.0039
 357    7.810  #333332   51 7  0.0090
 358    7.840  #333333   52 1  0.0038
 359    7.870  #333334   52 2  0.0038
 360    7.940  #343333   52 3  0.0089
 361    7.970  #343334   52 4  0.0038
 362    8.130  #333433   52 5  0.0199
 363    8.170  #333434   52 6  0.0049
 364    8.230  #343433   52 7  0.0073
 365    8.270  #343434   53 1  0.0048
 366    8.300  #343435   53 2  0.0036
 367    8.370  #353434   53 3  0.0084
 368    8.400  #353435   53 4  0.0036
 369    8.580  #343534   53 5  0.0212
 370    8.620  #343535   53 6  0.0047
 371    8.680  #353534   53 7  0.0069
 372    8.720  #353535   54 1  0.0046
 373    8.760  #353536   54 2  0.0046
 374    8.830  #363535   54 3  0.0080
 375    8.860  #363536   54 4  0.0034
 376    9.040  #353635   54 5  0.0201
 377    9.080  #353636   54 6  0.0044
 378    9.150  #363635   54 7  0.0077
 379    9.180  #363636   55 1  0.0033
 380    9.220  #363637   55 2  0.0043
 381    9.290  #373636   55 3  0.0076
 382    9.330  #373637   55 4  0.0043
 383    9.520  #363736   55 5  0.0202
 384    9.560  #363737   55 6  0.0042
 385    9.620  #373736   55 7  0.0063
 386    9.670  #373737   56 1  0.0052
 387    9.700  #373738   56 2  0.0031
 388    9.770  #383737   56 3  0.0072
 389    9.810  #383738   56 4  0.0041
 390   10.010  #373837   56 5  0.0202
 391   10.050  #373838   56 6  0.0040
 392   10.120  #383837   56 7  0.0069
 393   10.160  #383838   57 1  0.0039
 394   10.200  #383839   57 2  0.0039
 395   10.280  #393838   57 3  0.0078
 396   10.320  #393839   57 4  0.0039
 397   10.520  #383938   57 5  0.0192
 398   10.560  #383939   57 6  0.0038
 399   10.630  #393938   57 7  0.0066
 400   10.670  #393939   58 1  0.0038
 401   10.720  #39393a   58 2  0.0047
 402   10.790  #3a3939   58 3  0.0065
 403   10.840  #3a393a   58 4  0.0046
 404   11.050  #393a39   58 5  0.0192
 405   11.090  #393a3a   58 6  0.0036
 406   11.170  #3a3a39   58 7  0.0072
 407   11.220  #3a3a3a   59 1  0.0045
 408   11.260  #3a3a3b   59 2  0.0036
 409   11.340  #3b3a3a   59 3  0.0071
 410   11.390  #3b3a3b   59 4  0.0044
 411   11.600  #3a3b3a   59 5  0.0183
 412   11.650  #3a3b3b   59 6  0.0043
 413   11.720  #3b3b3a   59 7  0.0060
 414   11.770  #3b3b3b   60 1  0.0043
 415   11.810  #3b3b3c   60 2  0.0034
 416   11.900  #3c3b3b   60 3  0.0076
 417   11.940  #3c3b3c   60 4  0.0034
 418   12.170  #3b3c3b   60 5  0.0191
 419   12.220  #3b3c3c   60 6  0.0041
 420   12.300  #3c3c3b   60 7  0.0065
 421   12.350  #3c3c3c   61 1  0.0041
 422   12.390  #3c3c3d   61 2  0.0032
 423   12.480  #3d3c3c   61 3  0.0072
 424   12.520  #3d3c3d   61 4  0.0032
 425   12.750  #3c3d3c   61 5  0.0182
 426   12.790  #3c3d3d   61 6  0.0031
 427   12.880  #3d3d3c   61 7  0.0070
 428   12.930  #3d3d3d   62 1  0.0039
 429   12.980  #3d3d3e   62 2  0.0039
 430   13.070  #3e3d3d   62 3  0.0069
 431   13.120  #3e3d3e   62 4  0.0038
 432   13.360  #3d3e3d   62 5  0.0181
 433   13.410  #3d3e3e   62 6  0.0037
 434   13.500  #3e3e3d   62 7  0.0067
 435   13.550  #3e3e3e   63 1  0.0037
 436   13.600  #3e3e3f   63 2  0.0037
 437   13.700  #3f3e3e   63 3  0.0073
 438   13.750  #3f3e3f   63 4  0.0036
 439   14.010  #3e3f3e   63 5  0.0187
 440   14.050  #3e3f3f   63 6  0.0029
 441   14.150  #3f3f3e   63 7  0.0071
 442   14.210  #3f3f3f   64 1  0.0042
 443   14.240  #3f3f40   64 2  0.0021
 444   14.340  #403f3f   64 3  0.0070
 445   14.380  #403f40   64 4  0.0028
 446   14.610  #3f403f   64 5  0.0159
 447   14.660  #3f4040   64 6  0.0034
 448   14.740  #40403f   64 7  0.0054
 449   14.800  #404040   65 1  0.0041
 450   14.850  #404041   65 2  0.0034
 451   14.920  #414040   65 3  0.0047
 452   14.970  #414041   65 4  0.0033
 453   15.200  #404140   65 5  0.0152
 454   15.240  #404141   65 6  0.0026
 455   15.320  #414140   65 7  0.0052
 456   15.380  #414141   66 1  0.0039
 457   15.420  #414142   66 2  0.0026
 458   15.500  #424141   66 3  0.0052
 459   15.560  #424142   66 4  0.0039
 460   15.790  #414241   66 5  0.0147
 461   15.830  #414242   66 6  0.0025
 462   15.920  #424241   66 7  0.0057
 463   15.980  #424242   67 1  0.0038
 464   16.020  #424243   67 2  0.0025
 465   16.110  #434242   67 3  0.0056
 466   16.160  #434243   67 4  0.0031
 467   16.400  #424342   67 5  0.0147
 468   16.450  #424343   67 6  0.0030
 469   16.540  #434342   67 7  0.0055
 470   16.590  #434343   68 1  0.0030
 471   16.630  #434344   68 2  0.0024
 472   16.720  #444343   68 3  0.0054
 473   16.770  #444344   68 4  0.0030
 474   17.020  #434443   68 5  0.0148
 475   17.070  #434444   68 6  0.0029
 476   17.150  #444443   68 7  0.0047
 477   17.210  #444444   69 1  0.0035
 478   17.260  #444445   69 2  0.0029
 479   17.350  #454444   69 3  0.0052
 480   17.400  #454445   69 4  0.0029
 481   17.650  #444544   69 5  0.0143
 482   17.690  #444545   69 6  0.0023
 483   17.780  #454544   69 7  0.0051
 484   17.840  #454545   70 1  0.0034
 485   17.800  #454546   70 2  -0.0022
 486   17.900  #464545   70 3  0.0056
 487   18.000  #464546   70 4  0.0056
 488   18.200  #454645   70 5  0.0110
 489   18.300  #454646   70 6  0.0055
 490   18.400  #464645   70 7  0.0054
 491   18.400  #464646   71 1  0.0000
 492   18.500  #464647   71 2  0.0054
 493   18.600  #474646   71 3  0.0054
 494   18.600  #474647   71 4  0.0000
 495   18.900  #464746   71 5  0.0160
 496   18.900  #464747   71 6  0.0000
 497   19.000  #474746   71 7  0.0053
 498   19.100  #474747   72 1  0.0052
 499   19.200  #474748   72 2  0.0052
 500   19.300  #484747   72 3  0.0052
 501   19.300  #484748   72 4  0.0000
 502   19.600  #474847   72 5  0.0154
 503   19.600  #474848   72 6  0.0000
 504   19.700  #484847   72 7  0.0051
 505   19.800  #484848   73 1  0.0051
 506   19.800  #484849   73 2  0.0000
 507   19.900  #494848   73 3  0.0050
 508   20.000  #494849   73 4  0.0050
 509   20.300  #484948   73 5  0.0149
 510   20.300  #484949   73 6  0.0000
 511   20.400  #494948   73 7  0.0049
 512   20.500  #494949   74 1  0.0049
 513   20.500  #49494a   74 2  0.0000
 514   20.600  #4a4949   74 3  0.0049
 515   20.700  #4a494a   74 4  0.0048
 516   21.000  #494a49   74 5  0.0144
 517   21.000  #494a4a   74 6  0.0000
 518   21.100  #4a4a49   74 7  0.0048
 519   21.200  #4a4a4a   75 1  0.0047
 520   21.200  #4a4a4b   75 2  0.0000
 521   21.300  #4b4a4a   75 3  0.0047
 522   21.400  #4b4a4b   75 4  0.0047
 523   21.700  #4a4b4a   75 5  0.0139
 524   21.700  #4a4b4b   75 6  0.0000
 525   21.800  #4b4b4a   75 7  0.0046
 526   21.900  #4b4b4b   76 1  0.0046
 527   22.000  #4b4b4c   76 2  0.0046
 528   22.100  #4c4b4b   76 3  0.0045
 529   22.100  #4c4b4c   76 4  0.0000
 530   22.400  #4b4c4b   76 5  0.0135
 531   22.500  #4b4c4c   76 6  0.0045
 532   22.600  #4c4c4b   76 7  0.0044
 533   22.600  #4c4c4c   77 1  0.0000
 534   22.700  #4c4c4d   77 2  0.0044
 535   22.800  #4d4c4c   77 3  0.0044
 536   22.900  #4d4c4d   77 4  0.0044
 537   23.200  #4c4d4c   77 5  0.0130
 538   23.200  #4c4d4d   77 6  0.0000
 539   23.300  #4d4d4c   77 7  0.0043
 540   23.400  #4d4d4d   78 1  0.0043
 541   23.400  #4d4d4e   78 2  0.0000
 542   23.500  #4e4d4d   78 3  0.0043
 543   23.600  #4e4d4e   78 4  0.0042
 544   23.900  #4d4e4d   78 5  0.0126
 545   24.000  #4d4e4e   78 6  0.0042
 546   24.100  #4e4e4d   78 7  0.0042
 547   24.100  #4e4e4e   79 1  0.0000
 548   24.200  #4e4e4f   79 2  0.0041
 549   24.300  #4f4e4e   79 3  0.0041
 550   24.400  #4f4e4f   79 4  0.0041
 551   24.700  #4e4f4e   79 5  0.0122
 552   24.700  #4e4f4f   79 6  0.0000
 553   24.800  #4f4f4e   79 7  0.0040
 554   24.900  #4f4f4f   80 1  0.0040
 555   24.900  #4f4f50   80 2  0.0000
 556   25.000  #504f4f   80 3  0.0040
 557   25.100  #504f50   80 4  0.0040
 558   25.400  #4f504f   80 5  0.0119
 559   25.500  #4f5050   80 6  0.0039
 560   25.600  #50504f   80 7  0.0039
 561   25.600  #505050   81 1  0.0000
 562   25.700  #505051   81 2  0.0039
 563   25.800  #515050   81 3  0.0039
 564   25.900  #515051   81 4  0.0039
 565   26.200  #505150   81 5  0.0115
 566   26.200  #505151   81 6  0.0000
 567   26.400  #515150   81 7  0.0076
 568   26.400  #515151   82 1  0.0000
 569   26.500  #515152   82 2  0.0038
 570   26.600  #525151   82 3  0.0038
 571   26.700  #525152   82 4  0.0038
 572   27.000  #515251   82 5  0.0112
 573   27.300  #515252   82 6  0.0110
 574   27.400  #525251   82 7  0.0037
 575   27.400  #525252   83 1  0.0000
 576   27.500  #525253   83 2  0.0036
 577   27.600  #535252   83 3  0.0036
 578   27.700  #535253   83 4  0.0036
 579   28.000  #525352   83 5  0.0108
 580   28.100  #525353   83 6  0.0036
 581   28.200  #535352   83 7  0.0036
 582   28.400  #535353   84 1  0.0071
 583   28.400  #535354   84 2  0.0000
 584   28.500  #545353   84 3  0.0035
 585   28.600  #545354   84 4  0.0035
 586   29.000  #535453   84 5  0.0139
 587   29.000  #535454   84 6  0.0000
 588   29.100  #545453   84 7  0.0034
 589   29.200  #545454   85 1  0.0034
 590   29.300  #545455   85 2  0.0034
 591   29.500  #555454   85 3  0.0068
 592   29.400  #555455   85 4  -0.0034
 593   29.800  #545554   85 5  0.0135
 594   29.900  #545555   85 6  0.0034
 595   30.000  #555554   85 7  0.0033
 596   30.100  #555555   86 1  0.0033
 597   30.200  #555556   86 2  0.0033
 598   30.300  #565555   86 3  0.0033
 599   30.400  #565556   86 4  0.0033
 600   30.700  #555655   86 5  0.0098
 601   30.800  #555656   86 6  0.0033
 602   30.900  #565655   86 7  0.0032
 603   31.000  #565656   87 1  0.0032
 604   31.100  #565657   87 2  0.0032
 605   31.200  #575656   87 3  0.0032
 606   31.300  #575657   87 4  0.0032
 607   31.700  #565756   87 5  0.0127
 608   31.800  #565757   87 6  0.0031
 609   31.900  #575756   87 7  0.0031
 610   31.900  #575757   88 1  0.0000
 611   32.000  #575758   88 2  0.0031
 612   32.200  #585757   88 3  0.0062
 613   32.200  #585758   88 4  0.0000
 614   32.600  #575857   88 5  0.0123
 615   32.700  #575858   88 6  0.0031
 616   32.700  #585857   88 7  0.0000
 617   32.900  #585858   89 1  0.0061
 618   33.000  #585859   89 2  0.0030
 619   33.000  #595858   89 3  0.0000
 620   33.200  #595859   89 4  0.0060
 621   33.500  #585958   89 5  0.0090
 622   33.500  #585959   89 6  0.0000
 623   33.700  #595958   89 7  0.0060
 624   33.800  #595959   90 1  0.0030
 625   33.800  #59595a   90 2  0.0000
 626   34.000  #5a5959   90 3  0.0059
 627   34.100  #5a595a   90 4  0.0029
 628   34.400  #595a59   90 5  0.0088
 629   34.500  #595a5a   90 6  0.0029
 630   34.600  #5a5a59   90 7  0.0029
 631   34.700  #5a5a5a   91 1  0.0029
 632   34.700  #5a5a5b   91 2  0.0000
 633   34.900  #5b5a5a   91 3  0.0057
 634   35.000  #5b5a5b   91 4  0.0029
 635   35.300  #5a5b5a   91 5  0.0085
 636   35.500  #5a5b5b   91 6  0.0056
 637   35.600  #5b5b5a   91 7  0.0028
 638   35.700  #5b5b5b   92 1  0.0028
 639   35.700  #5b5b5c   92 2  0.0000
 640   35.900  #5c5b5b   92 3  0.0056
 641   36.000  #5c5b5c   92 4  0.0028
 642   36.300  #5b5c5b   92 5  0.0083
 643   36.400  #5b5c5c   92 6  0.0028
 644   36.500  #5c5c5b   92 7  0.0027
 645   36.600  #5c5c5c   93 1  0.0027
 646   36.700  #5c5c5d   93 2  0.0027
 647   36.800  #5d5c5c   93 3  0.0027
 648   36.900  #5d5c5d   93 4  0.0027
 649   37.300  #5c5d5c   93 5  0.0108
 650   37.300  #5c5d5d   93 6  0.0000
 651   37.500  #5d5d5c   93 7  0.0053
 652   37.500  #5d5d5d   94 1  0.0000
 653   37.600  #5d5d5e   94 2  0.0027
 654   37.800  #5e5d5d   94 3  0.0053
 655   37.800  #5e5d5e   94 4  0.0000
 656   38.200  #5d5e5d   94 5  0.0105
 657   38.300  #5d5e5e   94 6  0.0026
 658   38.400  #5e5e5d   94 7  0.0026
 659   38.600  #5e5e5e   95 1  0.0052
 660   38.600  #5e5e5f   95 2  0.0000
 661   38.800  #5f5e5e   95 3  0.0052
 662   38.900  #5f5e5f   95 4  0.0026
 663   39.100  #5e5f5e   95 5  0.0051
 664   39.300  #5e5f5f   95 6  0.0051
 665   39.400  #5f5f5e   95 7  0.0025
 666   39.500  #5f5f5f   96 1  0.0025
 667   39.600  #5f5f60   96 2  0.0025
 668   39.700  #605f5f   96 3  0.0025
 669   39.800  #605f60   96 4  0.0025
 670   40.200  #5f605f   96 5  0.0100
 671   40.200  #5f6060   96 6  0.0000
 672   40.400  #60605f   96 7  0.0050
 673   40.500  #606060   97 1  0.0025
 674   40.600  #606061   97 2  0.0025
 675   40.700  #616060   97 3  0.0025
 676   40.900  #616061   97 4  0.0049
 677   41.300  #606160   97 5  0.0097
 678   41.300  #606161   97 6  0.0000
 679   41.400  #616160   97 7  0.0024
 680   41.500  #616161   98 1  0.0024
 681   41.700  #616162   98 2  0.0048
 682   41.800  #626161   98 3  0.0024
 683   41.800  #626162   98 4  0.0000
 684   42.200  #616261   98 5  0.0095
 685   42.400  #616262   98 6  0.0047
 686   42.500  #626261   98 7  0.0024
 687   42.500  #626262   99 1  0.0000
 688   42.600  #626263   99 2  0.0024
 689   42.800  #636262   99 3  0.0047
 690   42.900  #636263   99 4  0.0023
 691   43.300  #626362   99 5  0.0093
 692   43.400  #626363   99 6  0.0023
 693   43.500  #636362   99 7  0.0023
 694   43.500  #636363  100 1  0.0000
 695   43.700  #636364  100 2  0.0046
 696   43.800  #646363  100 3  0.0023
 697   44.000  #646364  100 4  0.0046
 698   44.300  #636463  100 5  0.0068
 699   44.400  #636464  100 6  0.0023
 700   44.600  #646463  100 7  0.0045
 701   44.600  #646464  101 1  0.0000
 702   44.700  #646465  101 2  0.0022
 703   44.900  #656464  101 3  0.0045
 704   44.900  #656465  101 4  0.0000
 705   45.200  #646564  101 5  0.0067
 706   45.400  #646565  101 6  0.0044
 707   45.600  #656564  101 7  0.0044
 708   45.700  #656565  102 1  0.0022
 709   45.800  #656566  102 2  0.0022
 710   45.900  #666565  102 3  0.0022
 711   45.900  #666566  102 4  0.0000
 712   46.400  #656665  102 5  0.0108
 713   46.500  #656666  102 6  0.0022
 714   46.600  #666665  102 7  0.0021
 715   46.700  #666666  103 1  0.0021
 716   46.800  #666667  103 2  0.0021
 717   47.000  #676666  103 3  0.0043
 718   47.100  #676667  103 4  0.0021
 719   47.500  #666766  103 5  0.0085
 720   47.600  #666767  103 6  0.0021
 721   47.800  #676766  103 7  0.0042
 722   47.800  #676767  104 1  0.0000
 723   47.800  #676768  104 2  0.0000
 724   48.000  #686767  104 3  0.0042
 725   48.100  #686768  104 4  0.0021
 726   48.400  #676867  104 5  0.0062
 727   48.500  #676868  104 6  0.0021
 728   48.800  #686867  104 7  0.0062
 729   48.900  #686868  105 1  0.0020
 730   48.900  #686869  105 2  0.0000
 731   49.000  #696868  105 3  0.0020
 732   49.200  #696869  105 4  0.0041
 733   49.500  #686968  105 5  0.0061
 734   49.600  #686969  105 6  0.0020
 735   49.800  #696968  105 7  0.0040
 736   49.900  #696969  106 1  0.0020
 737   50.000  #69696a  106 2  0.0020
 738   50.200  #6a6969  106 3  0.0040
 739   50.300  #6a696a  106 4  0.0020
 740   50.700  #696a69  106 5  0.0079
 741   50.600  #696a6a  106 6  -0.0020
 742   50.900  #6a6a69  106 7  0.0059
 743   51.000  #6a6a6a  107 1  0.0020
 744   51.100  #6a6a6b  107 2  0.0020
 745   51.100  #6b6a6a  107 3  0.0000
 746   51.300  #6b6a6b  107 4  0.0039
 747   51.700  #6a6b6a  107 5  0.0078
 748   51.900  #6a6b6b  107 6  0.0039
 749   52.100  #6b6b6a  107 7  0.0038
 750   52.100  #6b6b6b  108 1  0.0000
 751   52.000  #6b6b6c  108 2  -0.0019
 752   52.300  #6c6b6b  108 3  0.0058
 753   52.500  #6c6b6c  108 4  0.0038
 754   52.800  #6b6c6b  108 5  0.0057
 755   53.000  #6b6c6c  108 6  0.0038
 756   53.000  #6c6c6b  108 7  0.0000
 757   53.200  #6c6c6c  109 1  0.0038
 758   53.300  #6c6c6d  109 2  0.0019
 759   53.400  #6d6c6c  109 3  0.0019
 760   53.500  #6d6c6d  109 4  0.0019
 761   53.900  #6c6d6c  109 5  0.0074
 762   54.000  #6c6d6d  109 6  0.0019
 763   54.200  #6d6d6c  109 7  0.0037
 764   54.300  #6d6d6d  110 1  0.0018
 765   54.300  #6d6d6e  110 2  0.0000
 766   54.400  #6e6d6d  110 3  0.0018
 767   54.500  #6e6d6e  110 4  0.0018
 768   54.900  #6d6e6d  110 5  0.0073
 769   55.100  #6d6e6e  110 6  0.0036
 770   55.200  #6e6e6d  110 7  0.0018
 771   55.400  #6e6e6e  111 1  0.0036
 772   55.400  #6e6e6f  111 2  0.0000
 773   55.500  #6f6e6e  111 3  0.0018
 774   55.600  #6f6e6f  111 4  0.0018
 775   56.100  #6e6f6e  111 5  0.0090
 776   56.200  #6e6f6f  111 6  0.0018
 777   56.300  #6f6f6e  111 7  0.0018
 778   56.400  #6f6f6f  112 1  0.0018
 779   56.500  #6f6f70  112 2  0.0018
 780   56.600  #706f6f  112 3  0.0018
 781   56.800  #706f70  112 4  0.0035
 782   57.100  #6f706f  112 5  0.0053
 783   57.200  #6f7070  112 6  0.0017
 784   57.400  #70706f  112 7  0.0035
 785   57.500  #707070  113 1  0.0017
 786   57.600  #707071  113 2  0.0017
 787   57.800  #717070  113 3  0.0035
 788   57.900  #717071  113 4  0.0017
 789   58.200  #707170  113 5  0.0052
 790   58.400  #707171  113 6  0.0034
 791   58.500  #717170  113 7  0.0017
 792   58.600  #717171  114 1  0.0017
 793   58.700  #717172  114 2  0.0017
 794   58.900  #727171  114 3  0.0034
 795   59.000  #727172  114 4  0.0017
 796   59.400  #717271  114 5  0.0068
 797   59.400  #717272  114 6  0.0000
 798   59.600  #727271  114 7  0.0034
 799   59.700  #727272  115 1  0.0017
 800   59.800  #727273  115 2  0.0017
 801   60.000  #737272  115 3  0.0033
 802   60.100  #737273  115 4  0.0017
 803   60.400  #727372  115 5  0.0050
 804   60.600  #727373  115 6  0.0033
 805   60.800  #737372  115 7  0.0033
 806   60.800  #737373  116 1  0.0000
 807   60.900  #737374  116 2  0.0016
 808   61.000  #747373  116 3  0.0016
 809   61.100  #747374  116 4  0.0016
 810   61.400  #737473  116 5  0.0049
 811   61.600  #737474  116 6  0.0033
 812   61.700  #747473  116 7  0.0016
 813   61.700  #747474  117 1  0.0000
 814   61.900  #747475  117 2  0.0032
 815   62.000  #757474  117 3  0.0016
 816   62.200  #757475  117 4  0.0032
 817   62.600  #747574  117 5  0.0064
 818   62.600  #747575  117 6  0.0000
 819   62.800  #757574  117 7  0.0032
 820   62.900  #757575  118 1  0.0016
 821   63.000  #757576  118 2  0.0016
 822   63.100  #767575  118 3  0.0016
 823   63.200  #767576  118 4  0.0016
 824   63.600  #757675  118 5  0.0063
 825   63.700  #757676  118 6  0.0016
 826   63.900  #767675  118 7  0.0031
 827   64.000  #767676  119 1  0.0016
 828   64.100  #767677  119 2  0.0016
 829   64.200  #777676  119 3  0.0016
 830   64.300  #777677  119 4  0.0016
 831   64.800  #767776  119 5  0.0077
 832   64.800  #767777  119 6  0.0000
 833   65.000  #777776  119 7  0.0031
 834   65.100  #777777  120 1  0.0015
 835   65.200  #777778  120 2  0.0015
 836   65.300  #787777  120 3  0.0015
 837   65.400  #787778  120 4  0.0015
 838   65.800  #777877  120 5  0.0061
 839   65.900  #777878  120 6  0.0015
 840   66.000  #787877  120 7  0.0015
 841   66.100  #787878  121 1  0.0015
 842   66.200  #787879  121 2  0.0015
 843   66.400  #797878  121 3  0.0030
 844   66.500  #797879  121 4  0.0015
 845   66.900  #787978  121 5  0.0060
 846   67.000  #787979  121 6  0.0015
 847   67.200  #797978  121 7  0.0030
 848   67.200  #797979  122 1  0.0000
 849   67.300  #79797a  122 2  0.0015
 850   67.500  #7a7979  122 3  0.0030
 851   67.500  #7a797a  122 4  0.0000
 852   68.000  #797a79  122 5  0.0074
 853   68.000  #797a7a  122 6  0.0000
 854   68.200  #7a7a79  122 7  0.0029
 855   68.300  #7a7a7a  123 1  0.0015
 856   68.400  #7a7a7b  123 2  0.0015
 857   68.600  #7b7a7a  123 3  0.0029
 858   68.800  #7b7a7b  123 4  0.0029
 859   69.100  #7a7b7a  123 5  0.0044
 860   69.200  #7a7b7b  123 6  0.0014
 861   69.300  #7b7b7a  123 7  0.0014
 862   69.500  #7b7b7b  124 1  0.0029
 863   69.600  #7b7b7c  124 2  0.0014
 864   69.700  #7c7b7b  124 3  0.0014
 865   69.800  #7c7b7c  124 4  0.0014
 866   70.300  #7b7c7b  124 5  0.0071
 867   70.300  #7b7c7c  124 6  0.0000
 868   70.500  #7c7c7b  124 7  0.0028
 869   70.600  #7c7c7c  125 1  0.0014
 870   70.700  #7c7c7d  125 2  0.0014
 871   70.900  #7d7c7c  125 3  0.0028
 872   71.000  #7d7c7d  125 4  0.0014
 873   71.400  #7c7d7c  125 5  0.0056
 874   71.400  #7c7d7d  125 6  0.0000
 875   71.700  #7d7d7c  125 7  0.0042
 876   71.700  #7d7d7d  126 1  0.0000
 877   71.800  #7d7d7e  126 2  0.0014
 878   72.000  #7e7d7d  126 3  0.0028
 879   72.100  #7e7d7e  126 4  0.0014
 880   72.500  #7d7e7d  126 5  0.0055
 881   72.700  #7d7e7e  126 6  0.0028
 882   72.900  #7e7e7d  126 7  0.0027
 883   72.900  #7e7e7e  127 1  0.0000
 884   73.100  #7e7e7f  127 2  0.0027
 885   73.300  #7f7e7e  127 3  0.0027
 886   73.400  #7f7e7f  127 4  0.0014
 887   73.900  #7e7f7e  127 5  0.0068
 888   74.000  #7e7f7f  127 6  0.0014
 889   74.200  #7f7f7e  127 7  0.0027
 890   74.400  #7f7f7f  128 1  0.0027
 891   74.400  #7f7f80  128 2  0.0000
 892   74.700  #807f7f  128 3  0.0040
 893   74.800  #807f80  128 4  0.0013
 894   75.400  #7f807f  128 5  0.0080
 895   75.500  #7f8080  128 6  0.0013
 896   75.700  #80807f  128 7  0.0026
 897   75.900  #808080  129 1  0.0026
 898   76.100  #808081  129 2  0.0026
 899   76.200  #818080  129 3  0.0013
 900   76.500  #818081  129 4  0.0039
 901   77.100  #808180  129 5  0.0078
 902   77.200  #808181  129 6  0.0013
 903   77.400  #818180  129 7  0.0026
 904   77.600  #818181  130 1  0.0026
 905   77.700  #818182  130 2  0.0013
 906   78.000  #828181  130 3  0.0039
 907   78.100  #828182  130 4  0.0013
 908   78.700  #818281  130 5  0.0077
 909   78.800  #818282  130 6  0.0013
 910   79.000  #828281  130 7  0.0025
 911   79.200  #828282  131 1  0.0025
 912   79.300  #828283  131 2  0.0013
 913   79.600  #838282  131 3  0.0038
 914   79.800  #838283  131 4  0.0025
 915   80.300  #828382  131 5  0.0062
 916   80.500  #828383  131 6  0.0025
 917   80.800  #838382  131 7  0.0037
 918   80.900  #838383  132 1  0.0012
 919   81.100  #838384  132 2  0.0025
 920   81.300  #848383  132 3  0.0025
 921   81.300  #848384  132 4  0.0000
 922   82.000  #838483  132 5  0.0086
 923   82.200  #838484  132 6  0.0024
 924   82.400  #848483  132 7  0.0024
 925   82.600  #848484  133 1  0.0024
 926   82.800  #848485  133 2  0.0024
 927   82.900  #858484  133 3  0.0012
 928   83.200  #858485  133 4  0.0036
 929   83.700  #848584  133 5  0.0060
 930   83.700  #848585  133 6  0.0000
 931   84.000  #858584  133 7  0.0036
 932   84.100  #858585  134 1  0.0012
 933   84.300  #858586  134 2  0.0024
 934   84.400  #868585  134 3  0.0012
 935   84.700  #868586  134 4  0.0035
 936   85.200  #858685  134 5  0.0059
 937   85.400  #858686  134 6  0.0023
 938   85.600  #868685  134 7  0.0023
 939   85.800  #868686  135 1  0.0023
 940   86.000  #868687  135 2  0.0023
 941   86.200  #878686  135 3  0.0023
 942   86.300  #878687  135 4  0.0012
 943   86.900  #868786  135 5  0.0069
 944   87.000  #868787  135 6  0.0012
 945   87.200  #878786  135 7  0.0023
 946   87.600  #878787  136 1  0.0046
 947   87.600  #878788  136 2  0.0000
 948   87.900  #888787  136 3  0.0034
 949   88.000  #888788  136 4  0.0011
 950   88.600  #878887  136 5  0.0068
 951   88.800  #878888  136 6  0.0023
 952   89.000  #888887  136 7  0.0022
 953   89.100  #888888  137 1  0.0011
 954   89.200  #888889  137 2  0.0011
 955   89.600  #898888  137 3  0.0045
 956   89.600  #898889  137 4  0.0000
 957   90.200  #888988  137 5  0.0067
 958   90.400  #888989  137 6  0.0022
 959   90.700  #898988  137 7  0.0033
 960   90.900  #898989  138 1  0.0022
 961   91.100  #89898a  138 2  0.0022
 962   91.200  #8a8989  138 3  0.0011
 963   91.300  #8a898a  138 4  0.0011
 964   92.000  #898a89  138 5  0.0076
 965   92.200  #898a8a  138 6  0.0022
 966   92.400  #8a8a89  138 7  0.0022
 967   92.600  #8a8a8a  139 1  0.0022
 968   92.700  #8a8a8b  139 2  0.0011
 969   92.900  #8b8a8a  139 3  0.0022
 970   93.100  #8b8a8b  139 4  0.0022
 971   93.600  #8a8b8a  139 5  0.0054
 972   93.700  #8a8b8b  139 6  0.0011
 973   94.100  #8b8b8a  139 7  0.0043
 974   94.300  #8b8b8b  140 1  0.0021
 975   94.500  #8b8b8c  140 2  0.0021
 976   94.500  #8c8b8b  140 3  0.0000
 977   94.900  #8c8b8c  140 4  0.0042
 978   95.500  #8b8c8b  140 5  0.0063
 979   95.500  #8b8c8c  140 6  0.0000
 980   95.800  #8c8c8b  140 7  0.0031
 981   96.000  #8c8c8c  141 1  0.0021
 982   96.200  #8c8c8d  141 2  0.0021
 983   96.400  #8d8c8c  141 3  0.0021
 984   96.700  #8d8c8d  141 4  0.0031
 985   97.300  #8c8d8c  141 5  0.0062
 986   97.400  #8c8d8d  141 6  0.0010
 987   97.700  #8d8d8c  141 7  0.0031
 988   97.600  #8d8d8d  142 1  -0.0010
 989   97.900  #8d8d8e  142 2  0.0031
 990   98.000  #8e8d8d  142 3  0.0010
 991   98.400  #8e8d8e  142 4  0.0041
 992   99.100  #8d8e8d  142 5  0.0071
 993   99.100  #8d8e8e  142 6  0.0000
 994   99.300  #8e8e8d  142 7  0.0020
 995   99.600  #8e8e8e  143 1  0.0030
 996   99.800  #8e8e8f  143 2  0.0020
 997   99.900  #8f8e8e  143 3  0.0010
 998  100.000  #8f8e8f  143 4  0.0010
 999  100.600  #8e8f8e  143 5  0.0060
1000  101.000  #8e8f8f  143 6  0.0040
1001  101.300  #8f8f8e  143 7  0.0030
1002  101.400  #8f8f8f  144 1  0.0010
1003  101.500  #8f8f90  144 2  0.0010
1004  101.700  #908f8f  144 3  0.0020
1005  102.000  #908f90  144 4  0.0029
1006  102.500  #8f908f  144 5  0.0049
1007  102.800  #8f9090  144 6  0.0029
1008  103.100  #90908f  144 7  0.0029
1009  103.200  #909090  145 1  0.0010
1010  103.400  #909091  145 2  0.0019
1011  103.700  #919090  145 3  0.0029
1012  103.900  #919091  145 4  0.0019
1013  104.400  #909190  145 5  0.0048
1014  104.700  #909191  145 6  0.0029
1015  105.000  #919190  145 7  0.0029
1016  105.100  #919191  146 1  0.0010
1017  105.400  #919192  146 2  0.0029
1018  105.500  #929191  146 3  0.0009
1019  105.700  #929192  146 4  0.0019
1020  106.300  #919291  146 5  0.0057
1021  106.400  #919292  146 6  0.0009
1022  106.800  #929291  146 7  0.0038
1023  107.000  #929292  147 1  0.0019
1024  107.200  #929293  147 2  0.0019
1025  107.600  #939292  147 3  0.0037
1026  107.500  #939293  147 4  -0.0009
1027  108.100  #929392  147 5  0.0056
1028  108.500  #929393  147 6  0.0037
1029  108.700  #939392  147 7  0.0018
1030  108.700  #939393  148 1  0.0000
1031  109.100  #939394  148 2  0.0037
1032  109.100  #949393  148 3  0.0000
1033  109.300  #949394  148 4  0.0018
1034  110.000  #939493  148 5  0.0064
1035  110.200  #939494  148 6  0.0018
1036  110.600  #949493  148 7  0.0036
1037  110.800  #949494  149 1  0.0018
1038  110.800  #949495  149 2  0.0000
1039  111.200  #959494  149 3  0.0036
1040  111.500  #959495  149 4  0.0027
1041  112.100  #949594  149 5  0.0054
1042  112.200  #949595  149 6  0.0009
1043  112.300  #959594  149 7  0.0009
1044  112.400  #959595  150 1  0.0009
1045  112.700  #959596  150 2  0.0027
1046  113.100  #969595  150 3  0.0035
1047  113.300  #969596  150 4  0.0018
1048  113.900  #959695  150 5  0.0053
1049  114.100  #959696  150 6  0.0018
1050  114.400  #969695  150 7  0.0026
1051  114.400  #969696  151 1  0.0000
1052  114.900  #969697  151 2  0.0044
1053  115.100  #979696  151 3  0.0017
1054  115.000  #979697  151 4  -0.0009
1055  116.100  #969796  151 5  0.0095
1056  115.900  #969797  151 6  -0.0017
1057  116.400  #979796  151 7  0.0043
1058  116.600  #979797  152 1  0.0017
1059  116.800  #979798  152 2  0.0017
1060  117.000  #989797  152 3  0.0017
1061  117.200  #989798  152 4  0.0017
1062  117.900  #979897  152 5  0.0060
1063  118.100  #979898  152 6  0.0017
1064  118.400  #989897  152 7  0.0025
1065  118.400  #989898  153 1  0.0000
1066  118.800  #989899  153 2  0.0034
1067  119.000  #999898  153 3  0.0017
1068  119.200  #999899  153 4  0.0017
1069  120.000  #989998  153 5  0.0067
1070  119.900  #989999  153 6  -0.0008
1071  120.400  #999998  153 7  0.0042
1072  120.500  #999999  154 1  0.0008
1073  120.700  #99999a  154 2  0.0017
1074  121.000  #9a9999  154 3  0.0025
1075  121.000  #9a999a  154 4  0.0000
1076  122.000  #999a99  154 5  0.0082
1077  122.200  #999a9a  154 6  0.0016
1078  122.400  #9a9a99  154 7  0.0016
1079  122.700  #9a9a9a  155 1  0.0024
1080  122.700  #9a9a9b  155 2  0.0000
1081  122.800  #9b9a9a  155 3  0.0008
1082  123.300  #9b9a9b  155 4  0.0041
1083  123.800  #9a9b9a  155 5  0.0040
1084  123.900  #9a9b9b  155 6  0.0008
1085  124.400  #9b9b9a  155 7  0.0040
1086  124.700  #9b9b9b  156 1  0.0024
1087  124.800  #9b9b9c  156 2  0.0008
1088  125.100  #9c9b9b  156 3  0.0024
1089  125.400  #9c9b9c  156 4  0.0024
1090  125.900  #9b9c9b  156 5  0.0040
1091  126.300  #9b9c9c  156 6  0.0032
1092  126.200  #9c9c9b  156 7  -0.0008
1093  126.700  #9c9c9c  157 1  0.0040
1094  126.900  #9c9c9d  157 2  0.0016
1095  127.200  #9d9c9c  157 3  0.0024
1096  127.300  #9d9c9d  157 4  0.0008
1097  128.200  #9c9d9c  157 5  0.0070
1098  128.400  #9c9d9d  157 6  0.0016
1099  128.400  #9d9d9c  157 7  0.0000
1100  128.900  #9d9d9d  158 1  0.0039
1101  129.000  #9d9d9e  158 2  0.0008
1102  129.300  #9e9d9d  158 3  0.0023
1103  129.400  #9e9d9e  158 4  0.0008
1104  130.100  #9d9e9d  158 5  0.0054
1105  130.400  #9d9e9e  158 6  0.0023
1106  130.700  #9e9e9d  158 7  0.0023
1107  130.800  #9e9e9e  159 1  0.0008
1108  130.700  #9e9e9f  159 2  -0.0008
1109  131.100  #9f9e9e  159 3  0.0031
1110  131.500  #9f9e9f  159 4  0.0030
1111  132.300  #9e9f9e  159 5  0.0061
1112  132.400  #9e9f9f  159 6  0.0008
1113  132.700  #9f9f9e  159 7  0.0023
1114  133.000  #9f9f9f  160 1  0.0023
1115  132.900  #9f9fa0  160 2  -0.0008
1116  133.400  #a09f9f  160 3  0.0038
1117  133.700  #a09fa0  160 4  0.0022
1118  134.500  #9fa09f  160 5  0.0060
1119  134.500  #9fa0a0  160 6  0.0000
1120  134.700  #a0a09f  160 7  0.0015
1121  134.900  #a0a0a0  161 1  0.0015
1122  135.100  #a0a0a1  161 2  0.0015
1123  135.400  #a1a0a0  161 3  0.0022
1124  135.500  #a1a0a1  161 4  0.0007
1125  136.500  #a0a1a0  161 5  0.0074
1126  136.500  #a0a1a1  161 6  0.0000
1127  136.800  #a1a1a0  161 7  0.0022
1128  137.100  #a1a1a1  162 1  0.0022
1129  137.200  #a1a1a2  162 2  0.0007
1130  137.500  #a2a1a1  162 3  0.0022
1131  137.700  #a2a1a2  162 4  0.0015
1132  138.600  #a1a2a1  162 5  0.0065
1133  138.600  #a1a2a2  162 6  0.0000
1134  138.800  #a2a2a1  162 7  0.0014
1135  139.200  #a2a2a2  163 1  0.0029
1136  139.300  #a2a2a3  163 2  0.0007
1137  139.600  #a3a2a2  163 3  0.0022
1138  139.700  #a3a2a3  163 4  0.0007
1139  140.500  #a2a3a2  163 5  0.0057
1140  140.800  #a2a3a3  163 6  0.0021
1141  141.100  #a3a3a2  163 7  0.0021
1142  141.200  #a3a3a3  164 1  0.0007
1143  141.400  #a3a3a4  164 2  0.0014
1144  141.600  #a4a3a3  164 3  0.0014
1145  141.800  #a4a3a4  164 4  0.0014
1146  142.500  #a3a4a3  164 5  0.0049
1147  142.900  #a3a4a4  164 6  0.0028
1148  143.000  #a4a4a3  164 7  0.0007
1149  143.200  #a4a4a4  165 1  0.0014
1150  143.400  #a4a4a5  165 2  0.0014
1151  143.900  #a5a4a4  165 3  0.0035
1152  143.900  #a5a4a5  165 4  0.0000
1153  144.700  #a4a5a4  165 5  0.0055
1154  144.900  #a4a5a5  165 6  0.0014
1155  145.200  #a5a5a4  165 7  0.0021
1156  145.500  #a5a5a5  166 1  0.0021
1157  145.600  #a5a5a6  166 2  0.0007
1158  145.900  #a6a5a5  166 3  0.0021
1159  146.100  #a6a5a6  166 4  0.0014
1160  147.000  #a5a6a5  166 5  0.0061
1161  147.100  #a5a6a6  166 6  0.0007
1162  147.400  #a6a6a5  166 7  0.0020
1163  147.600  #a6a6a6  167 1  0.0014
1164  147.700  #a6a6a7  167 2  0.0007
1165  148.000  #a7a6a6  167 3  0.0020
1166  148.300  #a7a6a7  167 4  0.0020
1167  149.200  #a6a7a6  167 5  0.0061
1168  149.200  #a6a7a7  167 6  0.0000
1169  149.600  #a7a7a6  167 7  0.0027
1170  149.700  #a7a7a7  168 1  0.0007
1171  150.000  #a7a7a8  168 2  0.0020
1172  150.200  #a8a7a7  168 3  0.0013
1173  150.500  #a8a7a8  168 4  0.0020
1174  151.100  #a7a8a7  168 5  0.0040
1175  151.400  #a7a8a8  168 6  0.0020
1176  151.700  #a8a8a7  168 7  0.0020
1177  151.900  #a8a8a8  169 1  0.0013
1178  152.000  #a8a8a9  169 2  0.0007
1179  152.400  #a9a8a8  169 3  0.0026
1180  152.600  #a9a8a9  169 4  0.0013
1181  153.300  #a8a9a8  169 5  0.0046
1182  153.600  #a8a9a9  169 6  0.0020
1183  153.700  #a9a9a8  169 7  0.0007
1184  154.000  #a9a9a9  170 1  0.0019
1185  154.200  #a9a9aa  170 2  0.0013
1186  154.500  #aaa9a9  170 3  0.0019
1187  154.700  #aaa9aa  170 4  0.0013
1188  155.500  #a9aaa9  170 5  0.0052
1189  155.800  #a9aaaa  170 6  0.0019
1190  156.100  #aaaaa9  170 7  0.0019
1191  156.200  #aaaaaa  171 1  0.0006
1192  156.600  #aaaaab  171 2  0.0026
1193  156.800  #abaaaa  171 3  0.0013
1194  156.900  #abaaab  171 4  0.0006
1195  157.800  #aaabaa  171 5  0.0057
1196  158.100  #aaabab  171 6  0.0019
1197  158.300  #ababaa  171 7  0.0013
1198  158.400  #ababab  172 1  0.0006
1199  158.600  #ababac  172 2  0.0013
1200  158.900  #acabab  172 3  0.0019
1201  159.200  #acabac  172 4  0.0019
1202  159.800  #abacab  172 5  0.0038
1203  160.300  #abacac  172 6  0.0031
1204  160.400  #acacab  172 7  0.0006
1205  160.500  #acacac  173 1  0.0006
1206  160.800  #acacad  173 2  0.0019
1207  161.300  #adacac  173 3  0.0031
1208  161.300  #adacad  173 4  0.0000
1209  162.100  #acadac  173 5  0.0049
1210  162.300  #acadad  173 6  0.0012
1211  162.600  #adadac  173 7  0.0018
1212  162.800  #adadad  174 1  0.0012
1213  162.900  #adadae  174 2  0.0006
1214  163.400  #aeadad  174 3  0.0031
1215  163.500  #aeadae  174 4  0.0006
1216  164.500  #adaead  174 5  0.0061
1217  164.500  #adaeae  174 6  0.0000
1218  164.800  #aeaead  174 7  0.0018
1219  165.300  #aeaeae  175 1  0.0030
1220  165.300  #aeaeaf  175 2  0.0000
1221  165.500  #afaeae  175 3  0.0012
1222  165.700  #afaeaf  175 4  0.0012
1223  166.400  #aeafae  175 5  0.0042
1224  166.600  #aeafaf  175 6  0.0012
1225  167.000  #afafae  175 7  0.0024
1226  167.300  #afafaf  176 1  0.0018
1227  167.500  #afafb0  176 2  0.0012
1228  167.800  #b0afaf  176 3  0.0018
1229  167.900  #b0afb0  176 4  0.0006
1230  168.600  #afb0af  176 5  0.0042
1231  169.000  #afb0b0  176 6  0.0024
1232  169.300  #b0b0af  176 7  0.0018
1233  169.400  #b0b0b0  177 1  0.0006
1234  169.600  #b0b0b1  177 2  0.0012
1235  170.100  #b1b0b0  177 3  0.0029
1236  170.100  #b1b0b1  177 4  0.0000
1237  171.000  #b0b1b0  177 5  0.0053
1238  171.100  #b0b1b1  177 6  0.0006
1239  171.500  #b1b1b0  177 7  0.0023
1240  171.800  #b1b1b1  178 1  0.0017
1241  171.900  #b1b1b2  178 2  0.0006
1242  172.300  #b2b1b1  178 3  0.0023
1243  172.700  #b2b1b2  178 4  0.0023
1244  173.100  #b1b2b1  178 5  0.0023
1245  173.500  #b1b2b2  178 6  0.0023
1246  173.900  #b2b2b1  178 7  0.0023
1247  173.800  #b2b2b2  179 1  -0.0006
1248  174.300  #b2b2b3  179 2  0.0029
1249  174.700  #b3b2b2  179 3  0.0023
1250  174.800  #b3b2b3  179 4  0.0006
1251  175.600  #b2b3b2  179 5  0.0046
1252  175.700  #b2b3b3  179 6  0.0006
1253  176.000  #b3b3b2  179 7  0.0017
1254  176.000  #b3b3b3  180 1  0.0000
1255  176.400  #b3b3b4  180 2  0.0023
1256  177.000  #b4b3b3  180 3  0.0034
1257  177.000  #b4b3b4  180 4  0.0000
1258  177.700  #b3b4b3  180 5  0.0039
1259  178.100  #b3b4b4  180 6  0.0022
1260  178.200  #b4b4b3  180 7  0.0006
1261  178.800  #b4b4b4  181 1  0.0034
1262  178.000  #b4b4b5  181 2  -0.0045
1263  179.000  #b5b4b4  181 3  0.0056
1264  178.000  #b5b4b5  181 4  -0.0056
1265  179.000  #b4b5b4  181 5  0.0056
1266  180.000  #b4b5b5  181 6  0.0056
1267  180.000  #b5b5b4  181 7  0.0000
1268  180.000  #b5b5b5  182 1  0.0000
1269  181.000  #b5b5b6  182 2  0.0055
1270  181.000  #b6b5b5  182 3  0.0000
1271  181.000  #b6b5b6  182 4  0.0000
1272  182.000  #b5b6b5  182 5  0.0055
1273  182.000  #b5b6b6  182 6  0.0000
1274  182.000  #b6b6b5  182 7  0.0000
1275  182.000  #b6b6b6  183 1  0.0000
1276  183.000  #b6b6b7  183 2  0.0055
1277  183.000  #b7b6b6  183 3  0.0000
1278  184.000  #b7b6b7  183 4  0.0054
1279  184.000  #b6b7b6  183 5  0.0000
1280  184.000  #b6b7b7  183 6  0.0000
1281  184.000  #b7b7b6  183 7  0.0000
1282  185.000  #b7b7b7  184 1  0.0054
1283  185.000  #b7b7b8  184 2  0.0000
1284  185.000  #b8b7b7  184 3  0.0000
1285  185.000  #b8b7b8  184 4  0.0000
1286  186.000  #b7b8b7  184 5  0.0054
1287  187.000  #b7b8b8  184 6  0.0054
1288  187.000  #b8b8b7  184 7  0.0000
1289  187.000  #b8b8b8  185 1  0.0000
1290  187.000  #b8b8b9  185 2  0.0000
1291  187.000  #b9b8b8  185 3  0.0000
1292  188.000  #b9b8b9  185 4  0.0053
1293  188.000  #b8b9b8  185 5  0.0000
1294  189.000  #b8b9b9  185 6  0.0053
1295  189.000  #b9b9b8  185 7  0.0000
1296  189.000  #b9b9b9  186 1  0.0000
1297  189.000  #b9b9ba  186 2  0.0000
1298  190.000  #bab9b9  186 3  0.0053
1299  190.000  #bab9ba  186 4  0.0000
1300  191.000  #b9bab9  186 5  0.0052
1301  191.000  #b9baba  186 6  0.0000
1302  191.000  #babab9  186 7  0.0000
1303  191.000  #bababa  187 1  0.0000
1304  192.000  #bababb  187 2  0.0052
1305  192.000  #bbbaba  187 3  0.0000
1306  192.000  #bbbabb  187 4  0.0000
1307  193.000  #babbba  187 5  0.0052
1308  193.000  #babbbb  187 6  0.0000
1309  194.000  #bbbbba  187 7  0.0052
1310  194.000  #bbbbbb  188 1  0.0000
1311  194.000  #bbbbbc  188 2  0.0000
1312  194.000  #bcbbbb  188 3  0.0000
1313  195.000  #bcbbbc  188 4  0.0051
1314  195.000  #bbbcbb  188 5  0.0000
1315  196.000  #bbbcbc  188 6  0.0051
1316  196.000  #bcbcbb  188 7  0.0000
1317  196.000  #bcbcbc  189 1  0.0000
1318  196.000  #bcbcbd  189 2  0.0000
1319  197.000  #bdbcbc  189 3  0.0051
1320  197.000  #bdbcbd  189 4  0.0000
1321  197.000  #bcbdbc  189 5  0.0000
1322  198.000  #bcbdbd  189 6  0.0051
1323  198.000  #bdbdbc  189 7  0.0000
1324  198.000  #bdbdbd  190 1  0.0000
1325  199.000  #bdbdbe  190 2  0.0050
1326  199.000  #bebdbd  190 3  0.0000
1327  199.000  #bebdbe  190 4  0.0000
1328  200.000  #bdbebd  190 5  0.0050
1329  200.000  #bdbebe  190 6  0.0000
1330  201.000  #bebebd  190 7  0.0050
1331  201.000  #bebebe  191 1  0.0000
1332  201.000  #bebebf  191 2  0.0000
1333  201.000  #bfbebe  191 3  0.0000
1334  202.000  #bfbebf  191 4  0.0050
1335  202.000  #bebfbe  191 5  0.0000
1336  202.000  #bebfbf  191 6  0.0000
1337  203.000  #bfbfbe  191 7  0.0049
1338  203.000  #bfbfbf  192 1  0.0000
1339  203.000  #bfbfc0  192 2  0.0000
1340  203.000  #c0bfbf  192 3  0.0000
1341  204.000  #c0bfc0  192 4  0.0049
1342  205.000  #bfc0bf  192 5  0.0049
1343  205.000  #bfc0c0  192 6  0.0000
1344  206.000  #c0c0bf  192 7  0.0049
1345  206.000  #c0c0c0  193 1  0.0000
1346  206.000  #c0c0c1  193 2  0.0000
1347  207.000  #c1c0c0  193 3  0.0048
1348  207.000  #c1c0c1  193 4  0.0000
1349  208.000  #c0c1c0  193 5  0.0048
1350  208.000  #c0c1c1  193 6  0.0000
1351  208.000  #c1c1c0  193 7  0.0000
1352  208.000  #c1c1c1  194 1  0.0000
1353  209.000  #c1c1c2  194 2  0.0048
1354  210.000  #c2c1c1  194 3  0.0048
1355  210.000  #c2c1c2  194 4  0.0000
1356  211.000  #c1c2c1  194 5  0.0048
1357  211.000  #c1c2c2  194 6  0.0000
1358  211.000  #c2c2c1  194 7  0.0000
1359  211.000  #c2c2c2  195 1  0.0000
1360  211.000  #c2c2c3  195 2  0.0000
1361  212.000  #c3c2c2  195 3  0.0047
1362  212.000  #c3c2c3  195 4  0.0000
1363  213.000  #c2c3c2  195 5  0.0047
1364  214.000  #c2c3c3  195 6  0.0047
1365  214.000  #c3c3c2  195 7  0.0000
1366  214.000  #c3c3c3  196 1  0.0000
1367  215.000  #c3c3c4  196 2  0.0047
1368  215.000  #c4c3c3  196 3  0.0000
1369  215.000  #c4c3c4  196 4  0.0000
1370  216.000  #c3c4c3  196 5  0.0046
1371  216.000  #c3c4c4  196 6  0.0000
1372  217.000  #c4c4c3  196 7  0.0046
1373  217.000  #c4c4c4  197 1  0.0000
1374  217.000  #c4c4c5  197 2  0.0000
1375  218.000  #c5c4c4  197 3  0.0046
1376  218.000  #c5c4c5  197 4  0.0000
1377  219.000  #c4c5c4  197 5  0.0046
1378  219.000  #c4c5c5  197 6  0.0000
1379  220.000  #c5c5c4  197 7  0.0046
1380  220.000  #c5c5c5  198 1  0.0000
1381  220.000  #c5c5c6  198 2  0.0000
1382  221.000  #c6c5c5  198 3  0.0045
1383  221.000  #c6c5c6  198 4  0.0000
1384  222.000  #c5c6c5  198 5  0.0045
1385  222.000  #c5c6c6  198 6  0.0000
1386  223.000  #c6c6c5  198 7  0.0045
1387  223.000  #c6c6c6  199 1  0.0000
1388  223.000  #c6c6c7  199 2  0.0000
1389  223.000  #c7c6c6  199 3  0.0000
1390  223.000  #c7c6c7  199 4  0.0000
1391  225.000  #c6c7c6  199 5  0.0089
1392  225.000  #c6c7c7  199 6  0.0000
1393  225.000  #c7c7c6  199 7  0.0000
1394  226.000  #c7c7c7  200 1  0.0044
1395  226.000  #c7c7c8  200 2  0.0000
1396  226.000  #c8c7c7  200 3  0.0000
1397  227.000  #c8c7c8  200 4  0.0044
1398  228.000  #c7c8c7  200 5  0.0044
1399  228.000  #c7c8c8  200 6  0.0000
1400  228.000  #c8c8c7  200 7  0.0000
1401  228.000  #c8c8c8  201 1  0.0000
1402  229.000  #c8c8c9  201 2  0.0044
1403  229.000  #c9c8c8  201 3  0.0000
1404  230.000  #c9c8c9  201 4  0.0044
1405  231.000  #c8c9c8  201 5  0.0043
1406  231.000  #c8c9c9  201 6  0.0000
1407  231.000  #c9c9c8  201 7  0.0000
1408  232.000  #c9c9c9  202 1  0.0043
1409  232.000  #c9c9ca  202 2  0.0000
1410  232.000  #cac9c9  202 3  0.0000
1411  232.000  #cac9ca  202 4  0.0000
1412  233.000  #c9cac9  202 5  0.0043
1413  234.000  #c9caca  202 6  0.0043
1414  234.000  #cacac9  202 7  0.0000
1415  234.000  #cacaca  203 1  0.0000
1416  235.000  #cacacb  203 2  0.0043
1417  235.000  #cbcaca  203 3  0.0000
1418  235.000  #cbcacb  203 4  0.0000
1419  236.000  #cacbca  203 5  0.0042
1420  237.000  #cacbcb  203 6  0.0042
1421  237.000  #cbcbca  203 7  0.0000
1422  237.000  #cbcbcb  204 1  0.0000
1423  237.000  #cbcbcc  204 2  0.0000
1424  238.000  #cccbcb  204 3  0.0042
1425  238.000  #cccbcc  204 4  0.0000
1426  239.000  #cbcccb  204 5  0.0042
1427  239.000  #cbcccc  204 6  0.0000
1428  240.000  #cccccb  204 7  0.0042
1429  241.000  #cccccc  205 1  0.0042
1430  240.000  #cccccd  205 2  -0.0042
1431  241.000  #cdcccc  205 3  0.0042
1432  241.000  #cdcccd  205 4  0.0000
1433  242.000  #cccdcc  205 5  0.0041
1434  242.000  #cccdcd  205 6  0.0000
1435  243.000  #cdcdcc  205 7  0.0041
1436  243.000  #cdcdcd  206 1  0.0000
1437  243.000  #cdcdce  206 2  0.0000
1438  244.000  #cecdcd  206 3  0.0041
1439  244.000  #cecdce  206 4  0.0000
1440  245.000  #cdcecd  206 5  0.0041
1441  245.000  #cdcece  206 6  0.0000
1442  245.000  #cececd  206 7  0.0000
1443  246.000  #cecece  207 1  0.0041
1444  246.000  #cececf  207 2  0.0000
1445  246.000  #cfcece  207 3  0.0000
1446  247.000  #cfcecf  207 4  0.0041
1447  248.000  #cecfce  207 5  0.0040
1448  248.000  #cecfcf  207 6  0.0000
1449  248.000  #cfcfce  207 7  0.0000
1450  249.000  #cfcfcf  208 1  0.0040
1451  249.000  #cfcfd0  208 2  0.0000
1452  249.000  #d0cfcf  208 3  0.0000
1453  249.000  #d0cfd0  208 4  0.0000
1454  250.000  #cfd0cf  208 5  0.0040
1455  251.000  #cfd0d0  208 6  0.0040
1456  251.000  #d0d0cf  208 7  0.0000
1457  252.000  #d0d0d0  209 1  0.0040
1458  252.000  #d0d0d1  209 2  0.0000
1459  253.000  #d1d0d0  209 3  0.0040
1460  252.000  #d1d0d1  209 4  -0.0040
1461  253.000  #d0d1d0  209 5  0.0040
1462  254.000  #d0d1d1  209 6  0.0039
1463  254.000  #d1d1d0  209 7  0.0000
1464  255.000  #d1d1d1  210 1  0.0039
1465  255.000  #d1d1d2  210 2  0.0000
1466  255.000  #d2d1d1  210 3  0.0000
1467  255.000  #d2d1d2  210 4  0.0000
1468  256.000  #d1d2d1  210 5  0.0039
1469  257.000  #d1d2d2  210 6  0.0039
1470  257.000  #d2d2d1  210 7  0.0000
1471  257.000  #d2d2d2  211 1  0.0000
1472  258.000  #d2d2d3  211 2  0.0039
1473  258.000  #d3d2d2  211 3  0.0000
1474  258.000  #d3d2d3  211 4  0.0000
1475  260.000  #d2d3d2  211 5  0.0077
1476  259.000  #d2d3d3  211 6  -0.0039
1477  260.000  #d3d3d2  211 7  0.0039
1478  260.000  #d3d3d3  212 1  0.0000
1479  261.000  #d3d3d4  212 2  0.0038
1480  261.000  #d4d3d3  212 3  0.0000
1481  261.000  #d4d3d4  212 4  0.0000
1482  262.000  #d3d4d3  212 5  0.0038
1483  262.000  #d3d4d4  212 6  0.0000
1484  263.000  #d4d4d3  212 7  0.0038
1485  263.000  #d4d4d4  213 1  0.0000
1486  263.000  #d4d4d5  213 2  0.0000
1487  263.000  #d5d4d4  213 3  0.0000
1488  264.000  #d5d4d5  213 4  0.0038
1489  265.000  #d4d5d4  213 5  0.0038
1490  265.000  #d4d5d5  213 6  0.0000
1491  266.000  #d5d5d4  213 7  0.0038
1492  266.000  #d5d5d5  214 1  0.0000
1493  266.000  #d5d5d6  214 2  0.0000
1494  266.000  #d6d5d5  214 3  0.0000
1495  267.000  #d6d5d6  214 4  0.0038
1496  268.000  #d5d6d5  214 5  0.0037
1497  268.000  #d5d6d6  214 6  0.0000
1498  269.000  #d6d6d5  214 7  0.0037
1499  269.000  #d6d6d6  215 1  0.0000
1500  269.000  #d6d6d7  215 2  0.0000
1501  269.000  #d7d6d6  215 3  0.0000
1502  270.000  #d7d6d7  215 4  0.0037
1503  271.000  #d6d7d6  215 5  0.0037
1504  271.000  #d6d7d7  215 6  0.0000
1505  272.000  #d7d7d6  215 7  0.0037
1506  272.000  #d7d7d7  216 1  0.0000
1507  272.000  #d7d7d8  216 2  0.0000
1508  272.000  #d8d7d7  216 3  0.0000
1509  273.000  #d8d7d8  216 4  0.0037
1510  274.000  #d7d8d7  216 5  0.0037
1511  274.000  #d7d8d8  216 6  0.0000
1512  274.000  #d8d8d7  216 7  0.0000
1513  275.000  #d8d8d8  217 1  0.0036
1514  275.000  #d8d8d9  217 2  0.0000
1515  275.000  #d9d8d8  217 3  0.0000
1516  276.000  #d9d8d9  217 4  0.0036
1517  277.000  #d8d9d8  217 5  0.0036
1518  277.000  #d8d9d9  217 6  0.0000
1519  277.000  #d9d9d8  217 7  0.0000
1520  278.000  #d9d9d9  218 1  0.0036
1521  278.000  #d9d9da  218 2  0.0000
1522  278.000  #dad9d9  218 3  0.0000
1523  279.000  #dad9da  218 4  0.0036
1524  279.000  #d9dad9  218 5  0.0000
1525  280.000  #d9dada  218 6  0.0036
1526  280.000  #dadad9  218 7  0.0000
1527  280.000  #dadada  219 1  0.0000
1528  281.000  #dadadb  219 2  0.0036
1529  281.000  #dbdada  219 3  0.0000
1530  282.000  #dbdadb  219 4  0.0036
1531  283.000  #dadbda  219 5  0.0035
1532  283.000  #dadbdb  219 6  0.0000
1533  284.000  #dbdbda  219 7  0.0035
1534  284.000  #dbdbdb  220 1  0.0000
1535  284.000  #dbdbdc  220 2  0.0000
1536  284.000  #dcdbdb  220 3  0.0000
1537  284.000  #dcdbdc  220 4  0.0000
1538  285.000  #dbdcdb  220 5  0.0035
1539  286.000  #dbdcdc  220 6  0.0035
1540  286.000  #dcdcdb  220 7  0.0000
1541  286.000  #dcdcdc  221 1  0.0000
1542  287.000  #dcdcdd  221 2  0.0035
1543  287.000  #dddcdc  221 3  0.0000
1544  288.000  #dddcdd  221 4  0.0035
1545  288.000  #dcdddc  221 5  0.0000
1546  288.000  #dcdddd  221 6  0.0000
1547  289.000  #dddddc  221 7  0.0035
1548  289.000  #dddddd  222 1  0.0000
1549  290.000  #ddddde  222 2  0.0035
1550  290.000  #dedddd  222 3  0.0000
1551  290.000  #deddde  222 4  0.0000
1552  291.000  #dddedd  222 5  0.0034
1553  291.000  #dddede  222 6  0.0000
1554  291.000  #dededd  222 7  0.0000
1555  292.000  #dedede  223 1  0.0034
1556  293.000  #dededf  223 2  0.0034
1557  293.000  #dfdede  223 3  0.0000
1558  292.000  #dfdedf  223 4  -0.0034
1559  294.000  #dedfde  223 5  0.0068
1560  294.000  #dedfdf  223 6  0.0000
1561  294.000  #dfdfde  223 7  0.0000
1562  295.000  #dfdfdf  224 1  0.0034
1563  294.000  #dfdfe0  224 2  -0.0034
1564  295.000  #e0dfdf  224 3  0.0034
1565  296.000  #e0dfe0  224 4  0.0034
1566  296.000  #dfe0df  224 5  0.0000
1567  296.000  #dfe0e0  224 6  0.0000
1568  297.000  #e0e0df  224 7  0.0034
1569  297.000  #e0e0e0  225 1  0.0000
1570  298.000  #e0e0e1  225 2  0.0034
1571  298.000  #e1e0e0  225 3  0.0000
1572  298.000  #e1e0e1  225 4  0.0000
1573  299.000  #e0e1e0  225 5  0.0034
1574  300.000  #e0e1e1  225 6  0.0033
1575  300.000  #e1e1e0  225 7  0.0000
1576  300.000  #e1e1e1  226 1  0.0000
1577  300.000  #e1e1e2  226 2  0.0000
1578  301.000  #e2e1e1  226 3  0.0033
1579  301.000  #e2e1e2  226 4  0.0000
1580  302.000  #e1e2e1  226 5  0.0033
1581  302.000  #e1e2e2  226 6  0.0000
1582  302.000  #e2e2e1  226 7  0.0000
1583  302.000  #e2e2e2  227 1  0.0000
1584  302.000  #e2e2e3  227 2  0.0000
1585  303.000  #e3e2e2  227 3  0.0033
1586  303.000  #e3e2e3  227 4  0.0000
1587  304.000  #e2e3e2  227 5  0.0033
1588  304.000  #e2e3e3  227 6  0.0000
1589  305.000  #e3e3e2  227 7  0.0033
1590  305.000  #e3e3e3  228 1  0.0000
1591  305.000  #e3e3e4  228 2  0.0000
1592  305.000  #e4e3e3  228 3  0.0000
1593  305.000  #e4e3e4  228 4  0.0000
1594  306.000  #e3e4e3  228 5  0.0033
1595  307.000  #e3e4e4  228 6  0.0033
1596  307.000  #e4e4e3  228 7  0.0000
1597  307.000  #e4e4e4  229 1  0.0000
1598  308.000  #e4e4e5  229 2  0.0033
1599  308.000  #e5e4e4  229 3  0.0000
1600  308.000  #e5e4e5  229 4  0.0000
1601  309.000  #e4e5e4  229 5  0.0032
1602  310.000  #e4e5e5  229 6  0.0032
1603  310.000  #e5e5e4  229 7  0.0000
1604  310.000  #e5e5e5  230 1  0.0000
1605  310.000  #e5e5e6  230 2  0.0000
1606  310.000  #e6e5e5  230 3  0.0000
1607  311.000  #e6e5e6  230 4  0.0032
1608  311.000  #e5e6e5  230 5  0.0000
1609  312.000  #e5e6e6  230 6  0.0032
1610  312.000  #e6e6e5  230 7  0.0000
1611  313.000  #e6e6e6  231 1  0.0032
1612  313.000  #e6e6e7  231 2  0.0000
1613  313.000  #e7e6e6  231 3  0.0000
1614  313.000  #e7e6e7  231 4  0.0000
1615  314.000  #e6e7e6  231 5  0.0032
1616  314.000  #e6e7e7  231 6  0.0000
1617  315.000  #e7e7e6  231 7  0.0032
1618  315.000  #e7e7e7  232 1  0.0000
1619  315.000  #e7e7e8  232 2  0.0000
1620  316.000  #e8e7e7  232 3  0.0032
1621  316.000  #e8e7e8  232 4  0.0000
1622  317.000  #e7e8e7  232 5  0.0032
1623  317.000  #e7e8e8  232 6  0.0000
1624  317.000  #e8e8e7  232 7  0.0000
1625  317.000  #e8e8e8  233 1  0.0000
1626  318.000  #e8e8e9  233 2  0.0031
1627  318.000  #e9e8e8  233 3  0.0000
1628  319.000  #e9e8e9  233 4  0.0031
1629  320.000  #e8e9e8  233 5  0.0031
1630  320.000  #e8e9e9  233 6  0.0000
1631  320.000  #e9e9e8  233 7  0.0000
1632  320.000  #e9e9e9  234 1  0.0000
1633  321.000  #e9e9ea  234 2  0.0031
1634  321.000  #eae9e9  234 3  0.0000
1635  321.000  #eae9ea  234 4  0.0000
1636  322.000  #e9eae9  234 5  0.0031
1637  322.000  #e9eaea  234 6  0.0000
1638  322.000  #eaeae9  234 7  0.0000
1639  323.000  #eaeaea  235 1  0.0031
1640  323.000  #eaeaeb  235 2  0.0000
1641  323.000  #ebeaea  235 3  0.0000
1642  323.000  #ebeaeb  235 4  0.0000
1643  325.000  #eaebea  235 5  0.0062
1644  325.000  #eaebeb  235 6  0.0000
1645  325.000  #ebebea  235 7  0.0000
1646  325.000  #ebebeb  236 1  0.0000
1647  326.000  #ebebec  236 2  0.0031
1648  326.000  #ecebeb  236 3  0.0000
1649  326.000  #ecebec  236 4  0.0000
1650  327.000  #ebeceb  236 5  0.0031
1651  327.000  #ebecec  236 6  0.0000
1652  328.000  #ececeb  236 7  0.0031
1653  328.000  #ececec  237 1  0.0000
1654  328.000  #ececed  237 2  0.0000
1655  328.000  #edecec  237 3  0.0000
1656  329.000  #edeced  237 4  0.0030
1657  330.000  #ecedec  237 5  0.0030
1658  330.000  #eceded  237 6  0.0000
1659  331.000  #ededec  237 7  0.0030
1660  331.000  #ededed  238 1  0.0000
1661  330.000  #ededee  238 2  -0.0030
1662  331.000  #eeeded  238 3  0.0030
1663  331.000  #eeedee  238 4  0.0000
1664  332.000  #edeeed  238 5  0.0030
1665  332.000  #edeeee  238 6  0.0000
1666  332.000  #eeeeed  238 7  0.0000
1667  333.000  #eeeeee  239 1  0.0030
1668  333.000  #eeeeef  239 2  0.0000
1669  333.000  #efeeee  239 3  0.0000
1670  333.000  #efeeef  239 4  0.0000
1671  334.000  #eeefee  239 5  0.0030
1672  334.000  #eeefef  239 6  0.0000
1673  335.000  #efefee  239 7  0.0030
1674  335.000  #efefef  240 1  0.0000
1675  335.000  #efeff0  240 2  0.0000
1676  335.000  #f0efef  240 3  0.0000
1677  335.000  #f0eff0  240 4  0.0000
1678  337.000  #eff0ef  240 5  0.0060
1679  337.000  #eff0f0  240 6  0.0000
1680  337.000  #f0f0ef  240 7  0.0000
1681  337.000  #f0f0f0  241 1  0.0000
1682  337.000  #f0f0f1  241 2  0.0000
1683  338.000  #f1f0f0  241 3  0.0030
1684  338.000  #f1f0f1  241 4  0.0000
1685  339.000  #f0f1f0  241 5  0.0030
1686  339.000  #f0f1f1  241 6  0.0000
1687  339.000  #f1f1f0  241 7  0.0000
1688  339.000  #f1f1f1  242 1  0.0000
1689  339.000  #f1f1f2  242 2  0.0000
1690  340.000  #f2f1f1  242 3  0.0029
1691  340.000  #f2f1f2  242 4  0.0000
1692  341.000  #f1f2f1  242 5  0.0029
1693  341.000  #f1f2f2  242 6  0.0000
1694  341.000  #f2f2f1  242 7  0.0000
1695  341.000  #f2f2f2  243 1  0.0000
1696  342.000  #f2f2f3  243 2  0.0029
1697  342.000  #f3f2f2  243 3  0.0000
1698  342.000  #f3f2f3  243 4  0.0000
1699  343.000  #f2f3f2  243 5  0.0029
1700  343.000  #f2f3f3  243 6  0.0000
1701  344.000  #f3f3f2  243 7  0.0029
1702  344.000  #f3f3f3  244 1  0.0000
1703  344.000  #f3f3f4  244 2  0.0000
1704  344.000  #f4f3f3  244 3  0.0000
1705  344.000  #f4f3f4  244 4  0.0000
1706  345.000  #f3f4f3  244 5  0.0029
1707  345.000  #f3f4f4  244 6  0.0000
1708  346.000  #f4f4f3  244 7  0.0029
1709  345.000  #f4f4f4  245 1  -0.0029
1710  345.000  #f4f4f5  245 2  0.0000
1711  346.000  #f5f4f4  245 3  0.0029
1712  346.000  #f5f4f5  245 4  0.0000
1713  347.000  #f4f5f4  245 5  0.0029
1714  347.000  #f4f5f5  245 6  0.0000
1715  347.000  #f5f5f4  245 7  0.0000
1716  348.000  #f5f5f5  246 1  0.0029
1717  348.000  #f5f5f6  246 2  0.0000
1718  348.000  #f6f5f5  246 3  0.0000
1719  349.000  #f6f5f6  246 4  0.0029
1720  349.000  #f5f6f5  246 5  0.0000
1721  349.000  #f5f6f6  246 6  0.0000
1722  349.000  #f6f6f5  246 7  0.0000
1723  350.000  #f6f6f6  247 1  0.0029
1724  350.000  #f6f6f7  247 2  0.0000
1725  350.000  #f7f6f6  247 3  0.0000
1726  350.000  #f7f6f7  247 4  0.0000
1727  351.000  #f6f7f6  247 5  0.0029
1728  352.000  #f6f7f7  247 6  0.0028
1729  351.000  #f7f7f6  247 7  -0.0028
1730  352.000  #f7f7f7  248 1  0.0028
1731  352.000  #f7f7f8  248 2  0.0000
1732  352.000  #f8f7f7  248 3  0.0000
1733  353.000  #f8f7f8  248 4  0.0028
1734  353.000  #f7f8f7  248 5  0.0000
1735  354.000  #f7f8f8  248 6  0.0028
1736  354.000  #f8f8f7  248 7  0.0000
1737  354.000  #f8f8f8  249 1  0.0000
1738  354.000  #f8f8f9  249 2  0.0000
1739  354.000  #f9f8f8  249 3  0.0000
1740  354.000  #f9f8f9  249 4  0.0000
1741  355.000  #f8f9f8  249 5  0.0028
1742  355.000  #f8f9f9  249 6  0.0000
1743  356.000  #f9f9f8  249 7  0.0028
1744  356.000  #f9f9f9  250 1  0.0000
1745  356.000  #f9f9fa  250 2  0.0000
1746  356.000  #faf9f9  250 3  0.0000
1747  356.000  #faf9fa  250 4  0.0000
1748  357.000  #f9faf9  250 5  0.0028
1749  356.000  #f9fafa  250 6  -0.0028
1750  357.000  #fafaf9  250 7  0.0028
1751  357.000  #fafafa  251 1  0.0000
1752  357.000  #fafafb  251 2  0.0000
1753  358.000  #fbfafa  251 3  0.0028
1754  358.000  #fbfafb  251 4  0.0000
1755  358.000  #fafbfa  251 5  0.0000
1756  359.000  #fafbfb  251 6  0.0028
1757  359.000  #fbfbfa  251 7  0.0000
1758  359.000  #fbfbfb  252 1  0.0000
1759  359.000  #fbfbfc  252 2  0.0000
1760  359.000  #fcfbfb  252 3  0.0000
1761  359.000  #fcfbfc  252 4  0.0000
1762  360.000  #fbfcfb  252 5  0.0028
1763  360.000  #fbfcfc  252 6  0.0000
1764  361.000  #fcfcfb  252 7  0.0028
1765  361.000  #fcfcfc  253 1  0.0000
1766  361.000  #fcfcfd  253 2  0.0000
1767  361.000  #fdfcfc  253 3  0.0000
1768  361.000  #fdfcfd  253 4  0.0000
1769  361.000  #fcfdfc  253 5  0.0000
1770  362.000  #fcfdfd  253 6  0.0028
1771  362.000  #fdfdfc  253 7  0.0000
1772  361.000  #fdfdfd  254 1  -0.0028
1773  362.000  #fdfdfe  254 2  0.0028
1774  363.000  #fefdfd  254 3  0.0028
1775  362.000  #fefdfe  254 4  -0.0028
1776  363.000  #fdfefd  254 5  0.0028
1777  364.000  #fdfefe  254 6  0.0028
1778  364.000  #fefefd  254 7  0.0000
1779  364.000  #fefefe  255 1  0.0000
1780  364.000  #fefeff  255 2  0.0000
1781  364.000  #fffefe  255 3  0.0000
1782  364.000  #fffeff  255 4  0.0000
1783  364.000  #fefffe  255 5  0.0000
1784  364.000  #feffff  255 6  0.0000
1785  365.000  #fffffe  255 7  0.0027
1786  364.000  #ffffff  256 1  -0.0027
