#  lumResponse vers. 1.6 - 01/09/07 20:14:51
#  Display ID: DELL_3007WFP_FK28569QG3TP
#  iLdelay=1  avgN=1  ILlimit_plus=0.20 ILlimit_minus=-0.05  R=22.9% G=68.3% B=8.8%
#  77.1  #ff0000
#  230.0  #00ff00
#  29.5  #0000ff
   1    0.401  #000000    1 1  0.0000
   2    0.401  #000001    1 2  0.0000
   3    0.401  #010000    1 3  0.0000
   4    0.401  #010001    1 4  0.0000
   5    0.402  #000100    1 5  0.0025
   6    0.402  #000101    1 6  0.0000
   7    0.401  #010100    1 7  -0.0025
   8    0.402  #010101    2 1  0.0025
   9    0.402  #010102    2 2  0.0000
  10    0.402  #020101    2 3  0.0000
  11    0.402  #020102    2 4  0.0000
  12    0.402  #010201    2 5  0.0000
  13    0.402  #010202    2 6  0.0000
  14    0.402  #020201    2 7  0.0000
  15    0.402  #020202    3 1  0.0000
  16    0.402  #020203    3 2  0.0000
  17    0.403  #030202    3 3  0.0025
  18    0.403  #030203    3 4  0.0000
  19    0.403  #020302    3 5  0.0000
  20    0.404  #020303    3 6  0.0025
  21    0.403  #030302    3 7  -0.0025
  22    0.403  #030303    4 1  0.0000
  23    0.404  #030304    4 2  0.0025
  24    0.404  #040303    4 3  0.0000
  25    0.404  #040304    4 4  0.0000
  26    0.405  #030403    4 5  0.0025
  27    0.405  #030404    4 6  0.0000
  28    0.406  #040403    4 7  0.0025
  29    0.405  #040404    5 1  -0.0025
  30    0.406  #040405    5 2  0.0025
  31    0.407  #050404    5 3  0.0025
  32    0.406  #050405    5 4  -0.0025
  33    0.408  #040504    5 5  0.0049
  34    0.408  #040505    5 6  0.0000
  35    0.408  #050504    5 7  0.0000
  36    0.409  #050505    6 1  0.0024
  37    0.409  #050506    6 2  0.0000
  38    0.410  #060505    6 3  0.0024
  39    0.410  #060506    6 4  0.0000
  40    0.412  #050605    6 5  0.0049
  41    0.412  #050606    6 6  0.0000
  42    0.413  #060605    6 7  0.0024
  43    0.414  #060606    7 1  0.0024
  44    0.414  #060607    7 2  0.0000
  45    0.415  #070606    7 3  0.0024
  46    0.416  #070607    7 4  0.0024
  47    0.419  #060706    7 5  0.0072
  48    0.419  #060707    7 6  0.0000
  49    0.420  #070706    7 7  0.0024
  50    0.422  #070707    8 1  0.0048
  51    0.422  #070708    8 2  0.0000
  52    0.423  #080707    8 3  0.0024
  53    0.424  #080708    8 4  0.0024
  54    0.428  #070807    8 5  0.0094
  55    0.429  #070808    8 6  0.0023
  56    0.430  #080807    8 7  0.0023
  57    0.431  #080808    9 1  0.0023
  58    0.432  #080809    9 2  0.0023
  59    0.433  #090808    9 3  0.0023
  60    0.435  #090809    9 4  0.0046
  61    0.440  #080908    9 5  0.0114
  62    0.440  #080909    9 6  0.0000
  63    0.442  #090908    9 7  0.0045
  64    0.443  #090909   10 1  0.0023
  65    0.444  #09090a   10 2  0.0023
  66    0.447  #0a0909   10 3  0.0067
  67    0.447  #0a090a   10 4  0.0000
  68    0.453  #090a09   10 5  0.0133
  69    0.455  #090a0a   10 6  0.0044
  70    0.457  #0a0a09   10 7  0.0044
  71    0.459  #0a0a0a   11 1  0.0044
  72    0.459  #0a0a0b   11 2  0.0000
  73    0.462  #0b0a0a   11 3  0.0065
  74    0.464  #0b0a0b   11 4  0.0043
  75    0.471  #0a0b0a   11 5  0.0150
  76    0.472  #0a0b0b   11 6  0.0021
  77    0.475  #0b0b0a   11 7  0.0063
  78    0.476  #0b0b0b   12 1  0.0021
  79    0.477  #0b0b0c   12 2  0.0021
  80    0.481  #0c0b0b   12 3  0.0084
  81    0.483  #0c0b0c   12 4  0.0041
  82    0.490  #0b0c0b   12 5  0.0144
  83    0.492  #0b0c0c   12 6  0.0041
  84    0.496  #0c0c0b   12 7  0.0081
  85    0.498  #0c0c0c   13 1  0.0040
  86    0.499  #0c0c0d   13 2  0.0020
  87    0.503  #0d0c0c   13 3  0.0080
  88    0.505  #0d0c0d   13 4  0.0040
  89    0.515  #0c0d0c   13 5  0.0196
  90    0.517  #0c0d0d   13 6  0.0039
  91    0.520  #0d0d0c   13 7  0.0058
  92    0.522  #0d0d0d   14 1  0.0038
  93    0.525  #0d0d0e   14 2  0.0057
  94    0.529  #0e0d0d   14 3  0.0076
  95    0.531  #0e0d0e   14 4  0.0038
  96    0.543  #0d0e0d   14 5  0.0223
  97    0.545  #0d0e0e   14 6  0.0037
  98    0.549  #0e0e0d   14 7  0.0073
  99    0.552  #0e0e0e   15 1  0.0054
 100    0.555  #0e0e0f   15 2  0.0054
 101    0.559  #0f0e0e   15 3  0.0072
 102    0.563  #0f0e0f   15 4  0.0071
 103    0.576  #0e0f0e   15 5  0.0228
 104    0.578  #0e0f0f   15 6  0.0035
 105    0.584  #0f0f0e   15 7  0.0103
 106    0.587  #0f0f0f   16 1  0.0051
 107    0.590  #0f0f10   16 2  0.0051
 108    0.596  #100f0f   16 3  0.0101
 109    0.600  #100f10   16 4  0.0067
 110    0.616  #0f100f   16 5  0.0263
 111    0.619  #0f1010   16 6  0.0049
 112    0.625  #10100f   16 7  0.0096
 113    0.629  #101010   17 1  0.0064
 114    0.632  #101011   17 2  0.0048
 115    0.640  #111010   17 3  0.0126
 116    0.643  #111011   17 4  0.0047
 117    0.661  #101110   17 5  0.0276
 118    0.664  #101111   17 6  0.0045
 119    0.671  #111110   17 7  0.0105
 120    0.675  #111111   18 1  0.0059
 121    0.679  #111112   18 2  0.0059
 122    0.686  #121111   18 3  0.0103
 123    0.689  #121112   18 4  0.0044
 124    0.708  #111211   18 5  0.0272
 125    0.712  #111212   18 6  0.0056
 126    0.719  #121211   18 7  0.0098
 127    0.723  #121212   19 1  0.0055
 128    0.727  #121213   19 2  0.0055
 129    0.734  #131212   19 3  0.0096
 130    0.738  #131213   19 4  0.0054
 131    0.757  #121312   19 5  0.0254
 132    0.761  #121313   19 6  0.0053
 133    0.769  #131312   19 7  0.0105
 134    0.773  #131313   20 1  0.0052
 135    0.777  #131314   20 2  0.0052
 136    0.785  #141313   20 3  0.0102
 137    0.789  #141314   20 4  0.0051
 138    0.810  #131413   20 5  0.0263
 139    0.814  #131414   20 6  0.0049
 140    0.822  #141413   20 7  0.0098
 141    0.826  #141414   21 1  0.0049
 142    0.831  #141415   21 2  0.0060
 143    0.839  #151414   21 3  0.0096
 144    0.844  #151415   21 4  0.0059
 145    0.866  #141514   21 5  0.0257
 146    0.871  #141515   21 6  0.0058
 147    0.879  #151514   21 7  0.0091
 148    0.884  #151515   22 1  0.0057
 149    0.889  #151516   22 2  0.0056
 150    0.898  #161515   22 3  0.0101
 151    0.904  #161516   22 4  0.0067
 152    0.929  #151615   22 5  0.0273
 153    0.934  #151616   22 6  0.0054
 154    0.944  #161615   22 7  0.0106
 155    0.949  #161616   23 1  0.0053
 156    0.955  #161617   23 2  0.0063
 157    0.966  #171616   23 3  0.0115
 158    0.972  #171617   23 4  0.0062
 159    1.000  #161716   23 5  0.0284
 160    1.006  #161717   23 6  0.0060
 161    1.017  #171716   23 7  0.0109
 162    1.023  #171717   24 1  0.0059
 163    1.030  #171718   24 2  0.0068
 164    1.042  #181717   24 3  0.0116
 165    1.049  #181718   24 4  0.0067
 166    1.081  #171817   24 5  0.0300
 167    1.088  #171818   24 6  0.0065
 168    1.100  #181817   24 7  0.0110
 169    1.108  #181818   25 1  0.0072
 170    1.115  #181819   25 2  0.0063
 171    1.128  #191818   25 3  0.0116
 172    1.136  #191819   25 4  0.0071
 173    1.172  #181918   25 5  0.0312
 174    1.180  #181919   25 6  0.0068
 175    1.193  #191918   25 7  0.0110
 176    1.200  #191919   26 1  0.0059
 177    1.209  #19191a   26 2  0.0075
 178    1.223  #1a1919   26 3  0.0115
 179    1.231  #1a191a   26 4  0.0065
 180    1.270  #191a19   26 5  0.0312
 181    1.278  #191a1a   26 6  0.0063
 182    1.292  #1a1a19   26 7  0.0109
 183    1.300  #1a1a1a   27 1  0.0062
 184    1.309  #1a1a1b   27 2  0.0069
 185    1.324  #1b1a1a   27 3  0.0114
 186    1.333  #1b1a1b   27 4  0.0068
 187    1.375  #1a1b1a   27 5  0.0310
 188    1.384  #1a1b1b   27 6  0.0065
 189    1.399  #1b1b1a   27 7  0.0108
 190    1.408  #1b1b1b   28 1  0.0064
 191    1.416  #1b1b1c   28 2  0.0057
 192    1.432  #1c1b1b   28 3  0.0112
 193    1.441  #1c1b1c   28 4  0.0063
 194    1.484  #1b1c1b   28 5  0.0294
 195    1.494  #1b1c1c   28 6  0.0067
 196    1.509  #1c1c1b   28 7  0.0100
 197    1.518  #1c1c1c   29 1  0.0059
 198    1.528  #1c1c1d   29 2  0.0066
 199    1.545  #1d1c1c   29 3  0.0111
 200    1.554  #1d1c1d   29 4  0.0058
 201    1.600  #1c1d1c   29 5  0.0292
 202    1.609  #1c1d1d   29 6  0.0056
 203    1.626  #1d1d1c   29 7  0.0105
 204    1.636  #1d1d1d   30 1  0.0061
 205    1.646  #1d1d1e   30 2  0.0061
 206    1.664  #1e1d1d   30 3  0.0109
 207    1.674  #1e1d1e   30 4  0.0060
 208    1.723  #1d1e1d   30 5  0.0288
 209    1.734  #1d1e1e   30 6  0.0064
 210    1.752  #1e1e1d   30 7  0.0103
 211    1.762  #1e1e1e   31 1  0.0057
 212    1.774  #1e1e1f   31 2  0.0068
 213    1.790  #1f1e1e   31 3  0.0090
 214    1.800  #1f1e1f   31 4  0.0056
 215    1.850  #1e1f1e   31 5  0.0274
 216    1.860  #1e1f1f   31 6  0.0054
 217    1.880  #1f1f1e   31 7  0.0107
 218    1.890  #1f1f1f   32 1  0.0053
 219    1.910  #1f1f20   32 2  0.0105
 220    1.930  #201f1f   32 3  0.0104
 221    1.940  #201f20   32 4  0.0052
 222    2.000  #1f201f   32 5  0.0305
 223    2.010  #1f2020   32 6  0.0050
 224    2.040  #20201f   32 7  0.0148
 225    2.050  #202020   33 1  0.0049
 226    2.060  #202021   33 2  0.0049
 227    2.090  #212020   33 3  0.0145
 228    2.100  #212021   33 4  0.0048
 229    2.160  #202120   33 5  0.0282
 230    2.180  #202121   33 6  0.0092
 231    2.200  #212120   33 7  0.0091
 232    2.210  #212121   34 1  0.0045
 233    2.220  #212122   34 2  0.0045
 234    2.250  #222121   34 3  0.0134
 235    2.260  #222122   34 4  0.0044
 236    2.330  #212221   34 5  0.0305
 237    2.340  #212222   34 6  0.0043
 238    2.360  #222221   34 7  0.0085
 239    2.380  #222222   35 1  0.0084
 240    2.390  #222223   35 2  0.0042
 241    2.410  #232222   35 3  0.0083
 242    2.430  #232223   35 4  0.0083
 243    2.500  #222322   35 5  0.0284
 244    2.510  #222323   35 6  0.0040
 245    2.540  #232322   35 7  0.0119
 246    2.550  #232323   36 1  0.0039
 247    2.560  #232324   36 2  0.0039
 248    2.590  #242323   36 3  0.0117
 249    2.600  #242324   36 4  0.0039
 250    2.670  #232423   36 5  0.0266
 251    2.690  #232424   36 6  0.0075
 252    2.710  #242423   36 7  0.0074
 253    2.730  #242424   37 1  0.0074
 254    2.740  #242425   37 2  0.0037
 255    2.770  #252424   37 3  0.0109
 256    2.780  #252425   37 4  0.0036
 257    2.860  #242524   37 5  0.0284
 258    2.870  #242525   37 6  0.0035
 259    2.900  #252524   37 7  0.0104
 260    2.910  #252525   38 1  0.0034
 261    2.930  #252526   38 2  0.0068
 262    2.960  #262525   38 3  0.0102
 263    2.970  #262526   38 4  0.0034
 264    3.050  #252625   38 5  0.0266
 265    3.060  #252626   38 6  0.0033
 266    3.090  #262625   38 7  0.0098
 267    3.110  #262626   39 1  0.0065
 268    3.120  #262627   39 2  0.0032
 269    3.150  #272626   39 3  0.0096
 270    3.170  #272627   39 4  0.0063
 271    3.250  #262726   39 5  0.0249
 272    3.260  #262727   39 6  0.0031
 273    3.290  #272726   39 7  0.0092
 274    3.310  #272727   40 1  0.0061
 275    3.320  #272728   40 2  0.0030
 276    3.350  #282727   40 3  0.0090
 277    3.370  #282728   40 4  0.0060
 278    3.450  #272827   40 5  0.0235
 279    3.470  #272828   40 6  0.0058
 280    3.500  #282827   40 7  0.0086
 281    3.520  #282828   41 1  0.0057
 282    3.540  #282829   41 2  0.0057
 283    3.570  #292828   41 3  0.0084
 284    3.590  #292829   41 4  0.0056
 285    3.670  #282928   41 5  0.0220
 286    3.690  #282929   41 6  0.0054
 287    3.720  #292928   41 7  0.0081
 288    3.740  #292929   42 1  0.0054
 289    3.760  #29292a   42 2  0.0053
 290    3.790  #2a2929   42 3  0.0079
 291    3.810  #2a292a   42 4  0.0053
 292    3.910  #292a29   42 5  0.0259
 293    3.930  #292a2a   42 6  0.0051
 294    3.960  #2a2a29   42 7  0.0076
 295    3.980  #2a2a2a   43 1  0.0050
 296    4.000  #2a2a2b   43 2  0.0050
 297    4.030  #2b2a2a   43 3  0.0075
 298    4.050  #2b2a2b   43 4  0.0050
 299    4.150  #2a2b2a   43 5  0.0244
 300    4.170  #2a2b2b   43 6  0.0048
 301    4.210  #2b2b2a   43 7  0.0095
 302    4.230  #2b2b2b   44 1  0.0047
 303    4.250  #2b2b2c   44 2  0.0047
 304    4.290  #2c2b2b   44 3  0.0094
 305    4.310  #2c2b2c   44 4  0.0047
 306    4.410  #2b2c2b   44 5  0.0229
 307    4.430  #2b2c2c   44 6  0.0045
 308    4.470  #2c2c2b   44 7  0.0090
 309    4.490  #2c2c2c   45 1  0.0045
 310    4.510  #2c2c2d   45 2  0.0044
 311    4.550  #2d2c2c   45 3  0.0088
 312    4.580  #2d2c2d   45 4  0.0066
 313    4.690  #2c2d2c   45 5  0.0237
 314    4.710  #2c2d2d   45 6  0.0043
 315    4.750  #2d2d2c   45 7  0.0085
 316    4.770  #2d2d2d   46 1  0.0042
 317    4.790  #2d2d2e   46 2  0.0042
 318    4.830  #2e2d2d   46 3  0.0083
 319    4.860  #2e2d2e   46 4  0.0062
 320    4.970  #2d2e2d   46 5  0.0224
 321    5.000  #2d2e2e   46 6  0.0060
 322    5.040  #2e2e2d   46 7  0.0080
 323    5.060  #2e2e2e   47 1  0.0040
 324    5.080  #2e2e2f   47 2  0.0039
 325    5.130  #2f2e2e   47 3  0.0098
 326    5.150  #2f2e2f   47 4  0.0039
 327    5.270  #2e2f2e   47 5  0.0230
 328    5.300  #2e2f2f   47 6  0.0057
 329    5.340  #2f2f2e   47 7  0.0075
 330    5.370  #2f2f2f   48 1  0.0056
 331    5.390  #2f2f30   48 2  0.0037
 332    5.440  #302f2f   48 3  0.0092
 333    5.460  #302f30   48 4  0.0037
 334    5.590  #2f302f   48 5  0.0235
 335    5.610  #2f3030   48 6  0.0036
 336    5.660  #30302f   48 7  0.0089
 337    5.680  #303030   49 1  0.0035
 338    5.710  #303031   49 2  0.0053
 339    5.760  #313030   49 3  0.0087
 340    5.780  #313031   49 4  0.0035
 341    5.920  #303130   49 5  0.0239
 342    5.940  #303131   49 6  0.0034
 343    5.990  #313130   49 7  0.0084
 344    6.010  #313131   50 1  0.0033
 345    6.040  #313132   50 2  0.0050
 346    6.090  #323131   50 3  0.0082
 347    6.110  #323132   50 4  0.0033
 348    6.250  #313231   50 5  0.0227
 349    6.280  #313232   50 6  0.0048
 350    6.330  #323231   50 7  0.0079
 351    6.350  #323232   51 1  0.0032
 352    6.380  #323233   51 2  0.0047
 353    6.430  #333232   51 3  0.0078
 354    6.460  #333233   51 4  0.0047
 355    6.600  #323332   51 5  0.0214
 356    6.620  #323333   51 6  0.0030
 357    6.670  #333332   51 7  0.0075
 358    6.700  #333333   52 1  0.0045
 359    6.730  #333334   52 2  0.0045
 360    6.780  #343333   52 3  0.0074
 361    6.810  #343334   52 4  0.0044
 362    6.960  #333433   52 5  0.0218
 363    6.980  #333434   52 6  0.0029
 364    7.040  #343433   52 7  0.0086
 365    7.060  #343434   53 1  0.0028
 366    7.090  #343435   53 2  0.0042
 367    7.150  #353434   53 3  0.0084
 368    7.180  #353435   53 4  0.0042
 369    7.330  #343534   53 5  0.0207
 370    7.370  #343535   53 6  0.0054
 371    7.420  #353534   53 7  0.0068
 372    7.450  #353535   54 1  0.0040
 373    7.480  #353536   54 2  0.0040
 374    7.530  #363535   54 3  0.0067
 375    7.560  #363536   54 4  0.0040
 376    7.720  #353635   54 5  0.0209
 377    7.750  #353636   54 6  0.0039
 378    7.800  #363635   54 7  0.0064
 379    7.840  #363636   55 1  0.0051
 380    7.870  #363637   55 2  0.0038
 381    7.930  #373636   55 3  0.0076
 382    7.960  #373637   55 4  0.0038
 383    8.120  #363736   55 5  0.0199
 384    8.150  #363737   55 6  0.0037
 385    8.210  #373736   55 7  0.0073
 386    8.240  #373737   56 1  0.0036
 387    8.270  #373738   56 2  0.0036
 388    8.330  #383737   56 3  0.0072
 389    8.360  #383738   56 4  0.0036
 390    8.530  #373837   56 5  0.0201
 391    8.560  #373838   56 6  0.0035
 392    8.620  #383837   56 7  0.0070
 393    8.660  #383838   57 1  0.0046
 394    8.690  #383839   57 2  0.0035
 395    8.750  #393838   57 3  0.0069
 396    8.780  #393839   57 4  0.0034
 397    8.960  #383938   57 5  0.0203
 398    8.990  #383939   57 6  0.0033
 399    9.050  #393938   57 7  0.0067
 400    9.080  #393939   58 1  0.0033
 401    9.120  #39393a   58 2  0.0044
 402    9.180  #3a3939   58 3  0.0066
 403    9.220  #3a393a   58 4  0.0043
 404    9.400  #393a39   58 5  0.0193
 405    9.440  #393a3a   58 6  0.0042
 406    9.500  #3a3a39   58 7  0.0063
 407    9.540  #3a3a3a   59 1  0.0042
 408    9.580  #3a3a3b   59 2  0.0042
 409    9.640  #3b3a3a   59 3  0.0062
 410    9.680  #3b3a3b   59 4  0.0041
 411    9.860  #3a3b3a   59 5  0.0184
 412    9.900  #3a3b3b   59 6  0.0040
 413    9.970  #3b3b3a   59 7  0.0070
 414   10.000  #3b3b3b   60 1  0.0030
 415   10.040  #3b3b3c   60 2  0.0040
 416   10.110  #3c3b3b   60 3  0.0069
 417   10.150  #3c3b3c   60 4  0.0039
 418   10.350  #3b3c3b   60 5  0.0195
 419   10.380  #3b3c3c   60 6  0.0029
 420   10.450  #3c3c3b   60 7  0.0067
 421   10.490  #3c3c3c   61 1  0.0038
 422   10.530  #3c3c3d   61 2  0.0038
 423   10.600  #3d3c3c   61 3  0.0066
 424   10.640  #3d3c3d   61 4  0.0038
 425   10.840  #3c3d3c   61 5  0.0186
 426   10.880  #3c3d3d   61 6  0.0037
 427   10.940  #3d3d3c   61 7  0.0055
 428   10.990  #3d3d3d   62 1  0.0046
 429   11.030  #3d3d3e   62 2  0.0036
 430   11.100  #3e3d3d   62 3  0.0063
 431   11.140  #3e3d3e   62 4  0.0036
 432   11.360  #3d3e3d   62 5  0.0196
 433   11.410  #3d3e3e   62 6  0.0044
 434   11.480  #3e3e3d   62 7  0.0061
 435   11.520  #3e3e3e   63 1  0.0035
 436   11.560  #3e3e3f   63 2  0.0035
 437   11.640  #3f3e3e   63 3  0.0069
 438   11.690  #3f3e3f   63 4  0.0043
 439   11.910  #3e3f3e   63 5  0.0186
 440   11.960  #3e3f3f   63 6  0.0042
 441   12.030  #3f3f3e   63 7  0.0058
 442   12.070  #3f3f3f   64 1  0.0033
 443   12.110  #3f3f40   64 2  0.0033
 444   12.180  #403f3f   64 3  0.0058
 445   12.230  #403f40   64 4  0.0041
 446   12.430  #3f403f   64 5  0.0162
 447   12.470  #3f4040   64 6  0.0032
 448   12.540  #40403f   64 7  0.0056
 449   12.580  #404040   65 1  0.0032
 450   12.630  #404041   65 2  0.0040
 451   12.690  #414040   65 3  0.0047
 452   12.740  #414041   65 4  0.0039
 453   12.930  #404140   65 5  0.0148
 454   12.970  #404141   65 6  0.0031
 455   13.040  #414140   65 7  0.0054
 456   13.080  #414141   66 1  0.0031
 457   13.130  #414142   66 2  0.0038
 458   13.190  #424141   66 3  0.0046
 459   13.240  #424142   66 4  0.0038
 460   13.440  #414241   66 5  0.0150
 461   13.490  #414242   66 6  0.0037
 462   13.550  #424241   66 7  0.0044
 463   13.600  #424242   67 1  0.0037
 464   13.640  #424243   67 2  0.0029
 465   13.710  #434242   67 3  0.0051
 466   13.750  #434243   67 4  0.0029
 467   13.970  #424342   67 5  0.0159
 468   14.010  #424343   67 6  0.0029
 469   14.080  #434342   67 7  0.0050
 470   14.130  #434343   68 1  0.0035
 471   14.160  #434344   68 2  0.0021
 472   14.240  #444343   68 3  0.0056
 473   14.280  #444344   68 4  0.0028
 474   14.500  #434443   68 5  0.0153
 475   14.530  #434444   68 6  0.0021
 476   14.610  #444443   68 7  0.0055
 477   14.650  #444444   69 1  0.0027
 478   14.700  #444445   69 2  0.0034
 479   14.770  #454444   69 3  0.0048
 480   14.810  #454445   69 4  0.0027
 481   15.030  #444544   69 5  0.0147
 482   15.070  #444545   69 6  0.0027
 483   15.140  #454544   69 7  0.0046
 484   15.190  #454545   70 1  0.0033
 485   15.230  #454546   70 2  0.0026
 486   15.310  #464545   70 3  0.0052
 487   15.350  #464546   70 4  0.0026
 488   15.580  #454645   70 5  0.0149
 489   15.620  #454646   70 6  0.0026
 490   15.700  #464645   70 7  0.0051
 491   15.740  #464646   71 1  0.0025
 492   15.790  #464647   71 2  0.0032
 493   15.860  #474646   71 3  0.0044
 494   15.910  #474647   71 4  0.0031
 495   16.150  #464746   71 5  0.0150
 496   16.190  #464747   71 6  0.0025
 497   16.270  #474746   71 7  0.0049
 498   16.320  #474747   72 1  0.0031
 499   16.360  #474748   72 2  0.0024
 500   16.440  #484747   72 3  0.0049
 501   16.490  #484748   72 4  0.0030
 502   16.730  #474847   72 5  0.0144
 503   16.770  #474848   72 6  0.0024
 504   16.850  #484847   72 7  0.0048
 505   16.900  #484848   73 1  0.0030
 506   16.950  #484849   73 2  0.0030
 507   17.030  #494848   73 3  0.0047
 508   17.080  #494849   73 4  0.0029
 509   17.320  #484948   73 5  0.0140
 510   17.370  #484949   73 6  0.0029
 511   17.450  #494948   73 7  0.0046
 512   17.500  #494949   74 1  0.0029
 513   17.550  #49494a   74 2  0.0029
 514   17.630  #4a4949   74 3  0.0045
 515   17.680  #4a494a   74 4  0.0028
 516   17.900  #494a49   74 5  0.0124
 517   17.900  #494a4a   74 6  0.0000
 518   18.000  #4a4a49   74 7  0.0056
 519   18.100  #4a4a4a   75 1  0.0055
 520   18.100  #4a4a4b   75 2  0.0000
 521   18.200  #4b4a4a   75 3  0.0055
 522   18.300  #4b4a4b   75 4  0.0055
 523   18.500  #4a4b4a   75 5  0.0109
 524   18.600  #4a4b4b   75 6  0.0054
 525   18.600  #4b4b4a   75 7  0.0000
 526   18.700  #4b4b4b   76 1  0.0054
 527   18.700  #4b4b4c   76 2  0.0000
 528   18.800  #4c4b4b   76 3  0.0053
 529   18.900  #4c4b4c   76 4  0.0053
 530   19.100  #4b4c4b   76 5  0.0105
 531   19.200  #4b4c4c   76 6  0.0052
 532   19.300  #4c4c4b   76 7  0.0052
 533   19.300  #4c4c4c   77 1  0.0000
 534   19.400  #4c4c4d   77 2  0.0052
 535   19.500  #4d4c4c   77 3  0.0051
 536   19.500  #4d4c4d   77 4  0.0000
 537   19.800  #4c4d4c   77 5  0.0153
 538   19.900  #4c4d4d   77 6  0.0050
 539   20.000  #4d4d4c   77 7  0.0050
 540   20.000  #4d4d4d   78 1  0.0000
 541   20.100  #4d4d4e   78 2  0.0050
 542   20.200  #4e4d4d   78 3  0.0050
 543   20.200  #4e4d4e   78 4  0.0000
 544   20.500  #4d4e4d   78 5  0.0147
 545   20.500  #4d4e4e   78 6  0.0000
 546   20.600  #4e4e4d   78 7  0.0049
 547   20.700  #4e4e4e   79 1  0.0048
 548   20.700  #4e4e4f   79 2  0.0000
 549   20.800  #4f4e4e   79 3  0.0048
 550   20.900  #4f4e4f   79 4  0.0048
 551   21.100  #4e4f4e   79 5  0.0095
 552   21.200  #4e4f4f   79 6  0.0047
 553   21.300  #4f4f4e   79 7  0.0047
 554   21.300  #4f4f4f   80 1  0.0000
 555   21.400  #4f4f50   80 2  0.0047
 556   21.500  #504f4f   80 3  0.0047
 557   21.600  #504f50   80 4  0.0046
 558   21.800  #4f504f   80 5  0.0092
 559   21.900  #4f5050   80 6  0.0046
 560   22.000  #50504f   80 7  0.0046
 561   22.000  #505050   81 1  0.0000
 562   22.100  #505051   81 2  0.0045
 563   22.200  #515050   81 3  0.0045
 564   22.300  #515051   81 4  0.0045
 565   22.500  #505150   81 5  0.0089
 566   22.600  #505151   81 6  0.0044
 567   22.700  #515150   81 7  0.0044
 568   22.700  #515151   82 1  0.0000
 569   22.800  #515152   82 2  0.0044
 570   22.900  #525151   82 3  0.0044
 571   23.000  #525152   82 4  0.0044
 572   23.200  #515251   82 5  0.0087
 573   23.300  #515252   82 6  0.0043
 574   23.400  #525251   82 7  0.0043
 575   23.400  #525252   83 1  0.0000
 576   23.500  #525253   83 2  0.0043
 577   23.600  #535252   83 3  0.0042
 578   23.600  #535253   83 4  0.0000
 579   23.900  #525352   83 5  0.0126
 580   24.000  #525353   83 6  0.0042
 581   24.100  #535352   83 7  0.0042
 582   24.100  #535353   84 1  0.0000
 583   24.200  #535354   84 2  0.0041
 584   24.300  #545353   84 3  0.0041
 585   24.300  #545354   84 4  0.0000
 586   24.600  #535453   84 5  0.0123
 587   24.700  #535454   84 6  0.0041
 588   24.700  #545453   84 7  0.0000
 589   24.800  #545454   85 1  0.0040
 590   24.900  #545455   85 2  0.0040
 591   25.000  #555454   85 3  0.0040
 592   25.000  #555455   85 4  0.0000
 593   25.300  #545554   85 5  0.0119
 594   25.400  #545555   85 6  0.0039
 595   25.400  #555554   85 7  0.0000
 596   25.500  #555555   86 1  0.0039
 597   25.500  #555556   86 2  0.0000
 598   25.700  #565555   86 3  0.0078
 599   25.700  #565556   86 4  0.0000
 600   26.000  #555655   86 5  0.0116
 601   26.100  #555656   86 6  0.0038
 602   26.200  #565655   86 7  0.0038
 603   26.200  #565656   87 1  0.0000
 604   26.300  #565657   87 2  0.0038
 605   26.400  #575656   87 3  0.0038
 606   26.400  #575657   87 4  0.0000
 607   26.700  #565756   87 5  0.0113
 608   26.800  #565757   87 6  0.0037
 609   26.900  #575756   87 7  0.0037
 610   26.900  #575757   88 1  0.0000
 611   27.200  #575758   88 2  0.0111
 612   27.300  #585757   88 3  0.0037
 613   27.400  #585758   88 4  0.0037
 614   27.600  #575857   88 5  0.0073
 615   27.700  #575858   88 6  0.0036
 616   27.900  #585857   88 7  0.0072
 617   27.900  #585858   89 1  0.0000
 618   28.000  #585859   89 2  0.0036
 619   28.100  #595858   89 3  0.0036
 620   28.200  #595859   89 4  0.0036
 621   28.500  #585958   89 5  0.0106
 622   28.500  #585959   89 6  0.0000
 623   28.700  #595958   89 7  0.0070
 624   28.800  #595959   90 1  0.0035
 625   28.800  #59595a   90 2  0.0000
 626   28.900  #5a5959   90 3  0.0035
 627   29.000  #5a595a   90 4  0.0035
 628   29.300  #595a59   90 5  0.0103
 629   29.400  #595a5a   90 6  0.0034
 630   29.400  #5a5a59   90 7  0.0000
 631   29.600  #5a5a5a   91 1  0.0068
 632   29.600  #5a5a5b   91 2  0.0000
 633   29.700  #5b5a5a   91 3  0.0034
 634   29.900  #5b5a5b   91 4  0.0067
 635   30.100  #5a5b5a   91 5  0.0067
 636   30.200  #5a5b5b   91 6  0.0033
 637   30.300  #5b5b5a   91 7  0.0033
 638   30.400  #5b5b5b   92 1  0.0033
 639   30.400  #5b5b5c   92 2  0.0000
 640   30.600  #5c5b5b   92 3  0.0066
 641   30.700  #5c5b5c   92 4  0.0033
 642   31.000  #5b5c5b   92 5  0.0097
 643   31.000  #5b5c5c   92 6  0.0000
 644   31.100  #5c5c5b   92 7  0.0032
 645   31.200  #5c5c5c   93 1  0.0032
 646   31.300  #5c5c5d   93 2  0.0032
 647   31.400  #5d5c5c   93 3  0.0032
 648   31.500  #5d5c5d   93 4  0.0032
 649   31.800  #5c5d5c   93 5  0.0095
 650   31.900  #5c5d5d   93 6  0.0031
 651   31.900  #5d5d5c   93 7  0.0000
 652   32.000  #5d5d5d   94 1  0.0031
 653   32.200  #5d5d5e   94 2  0.0062
 654   32.200  #5e5d5d   94 3  0.0000
 655   32.300  #5e5d5e   94 4  0.0031
 656   32.600  #5d5e5d   94 5  0.0092
 657   32.700  #5d5e5e   94 6  0.0031
 658   32.800  #5e5e5d   94 7  0.0031
 659   32.900  #5e5e5e   95 1  0.0030
 660   33.000  #5e5e5f   95 2  0.0030
 661   33.100  #5f5e5e   95 3  0.0030
 662   33.100  #5f5e5f   95 4  0.0000
 663   33.500  #5e5f5e   95 5  0.0120
 664   33.500  #5e5f5f   95 6  0.0000
 665   33.700  #5f5f5e   95 7  0.0060
 666   33.700  #5f5f5f   96 1  0.0000
 667   33.800  #5f5f60   96 2  0.0030
 668   34.000  #605f5f   96 3  0.0059
 669   34.000  #605f60   96 4  0.0000
 670   34.300  #5f605f   96 5  0.0088
 671   34.400  #5f6060   96 6  0.0029
 672   34.600  #60605f   96 7  0.0058
 673   34.600  #606060   97 1  0.0000
 674   34.700  #606061   97 2  0.0029
 675   34.800  #616060   97 3  0.0029
 676   34.900  #616061   97 4  0.0029
 677   35.300  #606160   97 5  0.0114
 678   35.300  #606161   97 6  0.0000
 679   35.400  #616160   97 7  0.0028
 680   35.500  #616161   98 1  0.0028
 681   35.600  #616162   98 2  0.0028
 682   35.700  #626161   98 3  0.0028
 683   35.700  #626162   98 4  0.0000
 684   36.200  #616261   98 5  0.0139
 685   36.200  #616262   98 6  0.0000
 686   36.300  #626261   98 7  0.0028
 687   36.400  #626262   99 1  0.0028
 688   36.500  #626263   99 2  0.0027
 689   36.600  #636262   99 3  0.0027
 690   36.600  #636263   99 4  0.0000
 691   37.000  #626362   99 5  0.0109
 692   37.100  #626363   99 6  0.0027
 693   37.100  #636362   99 7  0.0000
 694   37.200  #636363  100 1  0.0027
 695   37.300  #636364  100 2  0.0027
 696   37.400  #646363  100 3  0.0027
 697   37.500  #646364  100 4  0.0027
 698   37.800  #636463  100 5  0.0080
 699   37.900  #636464  100 6  0.0026
 700   38.000  #646463  100 7  0.0026
 701   38.200  #646464  101 1  0.0052
 702   38.300  #646465  101 2  0.0026
 703   38.400  #656464  101 3  0.0026
 704   38.400  #656465  101 4  0.0000
 705   38.800  #646564  101 5  0.0104
 706   38.800  #646565  101 6  0.0000
 707   39.000  #656564  101 7  0.0051
 708   39.000  #656565  102 1  0.0000
 709   39.100  #656566  102 2  0.0026
 710   39.200  #666565  102 3  0.0026
 711   39.300  #666566  102 4  0.0025
 712   39.700  #656665  102 5  0.0101
 713   39.800  #656666  102 6  0.0025
 714   39.800  #666665  102 7  0.0000
 715   40.000  #666666  103 1  0.0050
 716   40.100  #666667  103 2  0.0025
 717   40.200  #676666  103 3  0.0025
 718   40.200  #676667  103 4  0.0000
 719   40.600  #666766  103 5  0.0099
 720   40.700  #666767  103 6  0.0025
 721   40.800  #676766  103 7  0.0025
 722   40.900  #676767  104 1  0.0024
 723   40.900  #676768  104 2  0.0000
 724   41.100  #686767  104 3  0.0049
 725   41.000  #686768  104 4  -0.0024
 726   41.500  #676867  104 5  0.0121
 727   41.600  #676868  104 6  0.0024
 728   41.700  #686867  104 7  0.0024
 729   41.800  #686868  105 1  0.0024
 730   41.900  #686869  105 2  0.0024
 731   42.000  #696868  105 3  0.0024
 732   42.100  #696869  105 4  0.0024
 733   42.400  #686968  105 5  0.0071
 734   42.500  #686969  105 6  0.0024
 735   42.600  #696968  105 7  0.0024
 736   42.700  #696969  106 1  0.0023
 737   42.800  #69696a  106 2  0.0023
 738   42.900  #6a6969  106 3  0.0023
 739   43.100  #6a696a  106 4  0.0047
 740   43.300  #696a69  106 5  0.0046
 741   43.300  #696a6a  106 6  0.0000
 742   43.500  #6a6a69  106 7  0.0046
 743   43.700  #6a6a6a  107 1  0.0046
 744   43.600  #6a6a6b  107 2  -0.0023
 745   43.800  #6b6a6a  107 3  0.0046
 746   43.900  #6b6a6b  107 4  0.0023
 747   44.300  #6a6b6a  107 5  0.0091
 748   44.400  #6a6b6b  107 6  0.0023
 749   44.400  #6b6b6a  107 7  0.0000
 750   44.600  #6b6b6b  108 1  0.0045
 751   44.700  #6b6b6c  108 2  0.0022
 752   44.800  #6c6b6b  108 3  0.0022
 753   44.800  #6c6b6c  108 4  0.0000
 754   45.300  #6b6c6b  108 5  0.0111
 755   45.300  #6b6c6c  108 6  0.0000
 756   45.500  #6c6c6b  108 7  0.0044
 757   45.500  #6c6c6c  109 1  0.0000
 758   45.600  #6c6c6d  109 2  0.0022
 759   45.700  #6d6c6c  109 3  0.0022
 760   45.700  #6d6c6d  109 4  0.0000
 761   46.100  #6c6d6c  109 5  0.0087
 762   46.200  #6c6d6d  109 6  0.0022
 763   46.400  #6d6d6c  109 7  0.0043
 764   46.500  #6d6d6d  110 1  0.0022
 765   46.600  #6d6d6e  110 2  0.0021
 766   46.600  #6e6d6d  110 3  0.0000
 767   46.700  #6e6d6e  110 4  0.0021
 768   47.100  #6d6e6d  110 5  0.0085
 769   47.100  #6d6e6e  110 6  0.0000
 770   47.300  #6e6e6d  110 7  0.0042
 771   47.300  #6e6e6e  111 1  0.0000
 772   47.500  #6e6e6f  111 2  0.0042
 773   47.500  #6f6e6e  111 3  0.0000
 774   47.600  #6f6e6f  111 4  0.0021
 775   48.000  #6e6f6e  111 5  0.0084
 776   48.100  #6e6f6f  111 6  0.0021
 777   48.200  #6f6f6e  111 7  0.0021
 778   48.300  #6f6f6f  112 1  0.0021
 779   48.400  #6f6f70  112 2  0.0021
 780   48.600  #706f6f  112 3  0.0041
 781   48.600  #706f70  112 4  0.0000
 782   49.000  #6f706f  112 5  0.0082
 783   49.100  #6f7070  112 6  0.0020
 784   49.200  #70706f  112 7  0.0020
 785   49.300  #707070  113 1  0.0020
 786   49.400  #707071  113 2  0.0020
 787   49.400  #717070  113 3  0.0000
 788   49.600  #717071  113 4  0.0040
 789   49.900  #707170  113 5  0.0060
 790   50.000  #707171  113 6  0.0020
 791   50.100  #717170  113 7  0.0020
 792   50.200  #717171  114 1  0.0020
 793   50.300  #717172  114 2  0.0020
 794   50.300  #727171  114 3  0.0000
 795   50.500  #727172  114 4  0.0040
 796   50.800  #717271  114 5  0.0059
 797   50.900  #717272  114 6  0.0020
 798   51.000  #727271  114 7  0.0020
 799   51.100  #727272  115 1  0.0020
 800   51.100  #727273  115 2  0.0000
 801   51.400  #737272  115 3  0.0059
 802   51.500  #737273  115 4  0.0019
 803   51.700  #727372  115 5  0.0039
 804   51.800  #727373  115 6  0.0019
 805   52.000  #737372  115 7  0.0039
 806   52.100  #737373  116 1  0.0019
 807   52.100  #737374  116 2  0.0000
 808   52.200  #747373  116 3  0.0019
 809   52.400  #747374  116 4  0.0038
 810   52.700  #737473  116 5  0.0057
 811   52.800  #737474  116 6  0.0019
 812   53.000  #747473  116 7  0.0038
 813   53.100  #747474  117 1  0.0019
 814   53.100  #747475  117 2  0.0000
 815   53.300  #757474  117 3  0.0038
 816   53.400  #757475  117 4  0.0019
 817   53.700  #747574  117 5  0.0056
 818   53.800  #747575  117 6  0.0019
 819   53.900  #757574  117 7  0.0019
 820   54.100  #757575  118 1  0.0037
 821   54.000  #757576  118 2  -0.0019
 822   54.300  #767575  118 3  0.0055
 823   54.300  #767576  118 4  0.0000
 824   54.700  #757675  118 5  0.0073
 825   54.800  #757676  118 6  0.0018
 826   54.900  #767675  118 7  0.0018
 827   54.900  #767676  119 1  0.0000
 828   55.100  #767677  119 2  0.0036
 829   55.200  #777676  119 3  0.0018
 830   55.200  #777677  119 4  0.0000
 831   55.500  #767776  119 5  0.0054
 832   55.700  #767777  119 6  0.0036
 833   55.800  #777776  119 7  0.0018
 834   55.900  #777777  120 1  0.0018
 835   56.000  #777778  120 2  0.0018
 836   56.100  #787777  120 3  0.0018
 837   56.200  #787778  120 4  0.0018
 838   56.500  #777877  120 5  0.0053
 839   56.600  #777878  120 6  0.0018
 840   56.600  #787877  120 7  0.0000
 841   56.800  #787878  121 1  0.0035
 842   56.700  #787879  121 2  -0.0018
 843   57.000  #797878  121 3  0.0053
 844   57.000  #797879  121 4  0.0000
 845   57.500  #787978  121 5  0.0087
 846   57.600  #787979  121 6  0.0017
 847   57.600  #797978  121 7  0.0000
 848   57.800  #797979  122 1  0.0035
 849   57.800  #79797a  122 2  0.0000
 850   58.000  #7a7979  122 3  0.0035
 851   58.000  #7a797a  122 4  0.0000
 852   58.300  #797a79  122 5  0.0052
 853   58.500  #797a7a  122 6  0.0034
 854   58.700  #7a7a79  122 7  0.0034
 855   58.800  #7a7a7a  123 1  0.0017
 856   58.800  #7a7a7b  123 2  0.0000
 857   58.900  #7b7a7a  123 3  0.0017
 858   59.100  #7b7a7b  123 4  0.0034
 859   59.300  #7a7b7a  123 5  0.0034
 860   59.500  #7a7b7b  123 6  0.0034
 861   59.600  #7b7b7a  123 7  0.0017
 862   59.600  #7b7b7b  124 1  0.0000
 863   59.800  #7b7b7c  124 2  0.0034
 864   59.900  #7c7b7b  124 3  0.0017
 865   60.000  #7c7b7c  124 4  0.0017
 866   60.300  #7b7c7b  124 5  0.0050
 867   60.500  #7b7c7c  124 6  0.0033
 868   60.500  #7c7c7b  124 7  0.0000
 869   60.600  #7c7c7c  125 1  0.0017
 870   60.700  #7c7c7d  125 2  0.0016
 871   60.900  #7d7c7c  125 3  0.0033
 872   60.900  #7d7c7d  125 4  0.0000
 873   61.200  #7c7d7c  125 5  0.0049
 874   61.400  #7c7d7d  125 6  0.0033
 875   61.500  #7d7d7c  125 7  0.0016
 876   61.500  #7d7d7d  126 1  0.0000
 877   61.500  #7d7d7e  126 2  0.0000
 878   61.600  #7e7d7d  126 3  0.0016
 879   61.800  #7e7d7e  126 4  0.0032
 880   62.300  #7d7e7d  126 5  0.0081
 881   62.300  #7d7e7e  126 6  0.0000
 882   62.500  #7e7e7d  126 7  0.0032
 883   62.600  #7e7e7e  127 1  0.0016
 884   62.700  #7e7e7f  127 2  0.0016
 885   62.900  #7f7e7e  127 3  0.0032
 886   63.000  #7f7e7f  127 4  0.0016
 887   63.400  #7e7f7e  127 5  0.0063
 888   63.400  #7e7f7f  127 6  0.0000
 889   63.600  #7f7f7e  127 7  0.0031
 890   63.700  #7f7f7f  128 1  0.0016
 891   63.800  #7f7f80  128 2  0.0016
 892   64.000  #807f7f  128 3  0.0031
 893   64.200  #807f80  128 4  0.0031
 894   64.600  #7f807f  128 5  0.0062
 895   64.800  #7f8080  128 6  0.0031
 896   65.000  #80807f  128 7  0.0031
 897   65.200  #808080  129 1  0.0031
 898   65.200  #808081  129 2  0.0000
 899   65.500  #818080  129 3  0.0046
 900   65.500  #818081  129 4  0.0000
 901   66.100  #808180  129 5  0.0091
 902   66.200  #808181  129 6  0.0015
 903   66.400  #818180  129 7  0.0030
 904   66.500  #818181  130 1  0.0015
 905   66.700  #818182  130 2  0.0030
 906   66.800  #828181  130 3  0.0015
 907   67.000  #828182  130 4  0.0030
 908   67.400  #818281  130 5  0.0060
 909   67.600  #818282  130 6  0.0030
 910   67.800  #828281  130 7  0.0030
 911   67.900  #828282  131 1  0.0015
 912   68.100  #828283  131 2  0.0029
 913   68.200  #838282  131 3  0.0015
 914   68.300  #838283  131 4  0.0015
 915   68.800  #828382  131 5  0.0073
 916   68.900  #828383  131 6  0.0015
 917   69.200  #838382  131 7  0.0043
 918   69.300  #838383  132 1  0.0014
 919   69.500  #838384  132 2  0.0029
 920   69.600  #848383  132 3  0.0014
 921   69.800  #848384  132 4  0.0029
 922   70.300  #838483  132 5  0.0071
 923   70.400  #838484  132 6  0.0014
 924   70.500  #848483  132 7  0.0014
 925   70.800  #848484  133 1  0.0042
 926   70.700  #848485  133 2  -0.0014
 927   71.000  #858484  133 3  0.0042
 928   71.100  #858485  133 4  0.0014
 929   71.500  #848584  133 5  0.0056
 930   71.700  #848585  133 6  0.0028
 931   72.000  #858584  133 7  0.0042
 932   72.000  #858585  134 1  0.0000
 933   72.200  #858586  134 2  0.0028
 934   72.400  #868585  134 3  0.0028
 935   72.500  #868586  134 4  0.0014
 936   73.000  #858685  134 5  0.0069
 937   73.100  #858686  134 6  0.0014
 938   73.300  #868685  134 7  0.0027
 939   73.400  #868686  135 1  0.0014
 940   73.500  #868687  135 2  0.0014
 941   73.700  #878686  135 3  0.0027
 942   73.900  #878687  135 4  0.0027
 943   74.400  #868786  135 5  0.0067
 944   74.500  #868787  135 6  0.0013
 945   74.700  #878786  135 7  0.0027
 946   74.900  #878787  136 1  0.0027
 947   75.000  #878788  136 2  0.0013
 948   75.200  #888787  136 3  0.0027
 949   75.400  #888788  136 4  0.0027
 950   75.800  #878887  136 5  0.0053
 951   75.900  #878888  136 6  0.0013
 952   76.100  #888887  136 7  0.0026
 953   76.200  #888888  137 1  0.0013
 954   76.300  #888889  137 2  0.0013
 955   76.500  #898888  137 3  0.0026
 956   76.700  #898889  137 4  0.0026
 957   77.200  #888988  137 5  0.0065
 958   77.300  #888989  137 6  0.0013
 959   77.500  #898988  137 7  0.0026
 960   77.700  #898989  138 1  0.0026
 961   77.700  #89898a  138 2  0.0000
 962   78.000  #8a8989  138 3  0.0039
 963   78.100  #8a898a  138 4  0.0013
 964   78.700  #898a89  138 5  0.0077
 965   78.700  #898a8a  138 6  0.0000
 966   78.900  #8a8a89  138 7  0.0025
 967   79.000  #8a8a8a  139 1  0.0013
 968   79.200  #8a8a8b  139 2  0.0025
 969   79.300  #8b8a8a  139 3  0.0013
 970   79.500  #8b8a8b  139 4  0.0025
 971   80.000  #8a8b8a  139 5  0.0063
 972   80.200  #8a8b8b  139 6  0.0025
 973   80.500  #8b8b8a  139 7  0.0037
 974   80.600  #8b8b8b  140 1  0.0012
 975   80.700  #8b8b8c  140 2  0.0012
 976   80.800  #8c8b8b  140 3  0.0012
 977   81.000  #8c8b8c  140 4  0.0025
 978   81.500  #8b8c8b  140 5  0.0062
 979   81.700  #8b8c8c  140 6  0.0025
 980   81.900  #8c8c8b  140 7  0.0024
 981   82.100  #8c8c8c  141 1  0.0024
 982   82.200  #8c8c8d  141 2  0.0012
 983   82.400  #8d8c8c  141 3  0.0024
 984   82.500  #8d8c8d  141 4  0.0012
 985   83.000  #8c8d8c  141 5  0.0060
 986   83.200  #8c8d8d  141 6  0.0024
 987   83.400  #8d8d8c  141 7  0.0024
 988   83.600  #8d8d8d  142 1  0.0024
 989   83.700  #8d8d8e  142 2  0.0012
 990   83.900  #8e8d8d  142 3  0.0024
 991   84.000  #8e8d8e  142 4  0.0012
 992   84.600  #8d8e8d  142 5  0.0071
 993   84.600  #8d8e8e  142 6  0.0000
 994   84.900  #8e8e8d  142 7  0.0035
 995   85.000  #8e8e8e  143 1  0.0012
 996   85.200  #8e8e8f  143 2  0.0024
 997   85.400  #8f8e8e  143 3  0.0023
 998   85.500  #8f8e8f  143 4  0.0012
 999   86.100  #8e8f8e  143 5  0.0070
1000   86.200  #8e8f8f  143 6  0.0012
1001   86.500  #8f8f8e  143 7  0.0035
1002   86.600  #8f8f8f  144 1  0.0012
1003   86.700  #8f8f90  144 2  0.0012
1004   86.800  #908f8f  144 3  0.0012
1005   87.000  #908f90  144 4  0.0023
1006   87.600  #8f908f  144 5  0.0069
1007   87.800  #8f9090  144 6  0.0023
1008   88.000  #90908f  144 7  0.0023
1009   88.100  #909090  145 1  0.0011
1010   88.200  #909091  145 2  0.0011
1011   88.500  #919090  145 3  0.0034
1012   88.700  #919091  145 4  0.0023
1013   89.200  #909190  145 5  0.0056
1014   89.400  #909191  145 6  0.0022
1015   89.500  #919190  145 7  0.0011
1016   89.700  #919191  146 1  0.0022
1017   89.800  #919192  146 2  0.0011
1018   90.100  #929191  146 3  0.0033
1019   90.200  #929192  146 4  0.0011
1020   90.800  #919291  146 5  0.0066
1021   90.900  #919292  146 6  0.0011
1022   91.100  #929291  146 7  0.0022
1023   91.300  #929292  147 1  0.0022
1024   91.500  #929293  147 2  0.0022
1025   91.700  #939292  147 3  0.0022
1026   91.800  #939293  147 4  0.0011
1027   92.500  #929392  147 5  0.0076
1028   92.500  #929393  147 6  0.0000
1029   92.700  #939392  147 7  0.0022
1030   92.800  #939393  148 1  0.0011
1031   93.000  #939394  148 2  0.0022
1032   93.200  #949393  148 3  0.0021
1033   93.500  #949394  148 4  0.0032
1034   94.000  #939493  148 5  0.0053
1035   94.100  #939494  148 6  0.0011
1036   94.300  #949493  148 7  0.0021
1037   94.500  #949494  149 1  0.0021
1038   94.600  #949495  149 2  0.0011
1039   94.800  #959494  149 3  0.0021
1040   95.000  #959495  149 4  0.0021
1041   95.500  #949594  149 5  0.0052
1042   95.700  #949595  149 6  0.0021
1043   95.900  #959594  149 7  0.0021
1044   96.100  #959595  150 1  0.0021
1045   96.200  #959596  150 2  0.0010
1046   96.600  #969595  150 3  0.0041
1047   96.800  #969596  150 4  0.0021
1048   97.300  #959695  150 5  0.0052
1049   97.400  #959696  150 6  0.0010
1050   97.600  #969695  150 7  0.0021
1051   97.900  #969696  151 1  0.0031
1052   98.000  #969697  151 2  0.0010
1053   98.200  #979696  151 3  0.0020
1054   98.400  #979697  151 4  0.0020
1055   99.000  #969796  151 5  0.0061
1056   99.000  #969797  151 6  0.0000
1057   99.400  #979796  151 7  0.0040
1058   99.400  #979797  152 1  0.0000
1059   99.600  #979798  152 2  0.0020
1060   99.800  #989797  152 3  0.0020
1061  100.000  #989798  152 4  0.0020
1062  100.600  #979897  152 5  0.0060
1063  100.800  #979898  152 6  0.0020
1064  101.000  #989897  152 7  0.0020
1065  101.100  #989898  153 1  0.0010
1066  101.400  #989899  153 2  0.0030
1067  101.500  #999898  153 3  0.0010
1068  101.700  #999899  153 4  0.0020
1069  102.300  #989998  153 5  0.0059
1070  102.400  #989999  153 6  0.0010
1071  102.700  #999998  153 7  0.0029
1072  102.800  #999999  154 1  0.0010
1073  103.000  #99999a  154 2  0.0019
1074  103.200  #9a9999  154 3  0.0019
1075  103.400  #9a999a  154 4  0.0019
1076  104.000  #999a99  154 5  0.0058
1077  104.200  #999a9a  154 6  0.0019
1078  104.300  #9a9a99  154 7  0.0010
1079  104.600  #9a9a9a  155 1  0.0029
1080  104.700  #9a9a9b  155 2  0.0010
1081  104.900  #9b9a9a  155 3  0.0019
1082  105.000  #9b9a9b  155 4  0.0010
1083  105.900  #9a9b9a  155 5  0.0085
1084  105.900  #9a9b9b  155 6  0.0000
1085  106.100  #9b9b9a  155 7  0.0019
1086  106.400  #9b9b9b  156 1  0.0028
1087  106.600  #9b9b9c  156 2  0.0019
1088  106.700  #9c9b9b  156 3  0.0009
1089  106.900  #9c9b9c  156 4  0.0019
1090  107.500  #9b9c9b  156 5  0.0056
1091  107.600  #9b9c9c  156 6  0.0009
1092  107.900  #9c9c9b  156 7  0.0028
1093  108.000  #9c9c9c  157 1  0.0009
1094  108.300  #9c9c9d  157 2  0.0028
1095  108.400  #9d9c9c  157 3  0.0009
1096  108.600  #9d9c9d  157 4  0.0018
1097  109.300  #9c9d9c  157 5  0.0064
1098  109.400  #9c9d9d  157 6  0.0009
1099  109.800  #9d9d9c  157 7  0.0036
1100  109.800  #9d9d9d  158 1  0.0000
1101  110.100  #9d9d9e  158 2  0.0027
1102  110.200  #9e9d9d  158 3  0.0009
1103  110.400  #9e9d9e  158 4  0.0018
1104  110.900  #9d9e9d  158 5  0.0045
1105  111.100  #9d9e9e  158 6  0.0018
1106  111.400  #9e9e9d  158 7  0.0027
1107  111.500  #9e9e9e  159 1  0.0009
1108  111.700  #9e9e9f  159 2  0.0018
1109  111.900  #9f9e9e  159 3  0.0018
1110  112.300  #9f9e9f  159 4  0.0036
1111  112.700  #9e9f9e  159 5  0.0036
1112  112.900  #9e9f9f  159 6  0.0018
1113  113.200  #9f9f9e  159 7  0.0027
1114  113.400  #9f9f9f  160 1  0.0018
1115  113.300  #9f9fa0  160 2  -0.0009
1116  114.000  #a09f9f  160 3  0.0062
1117  114.000  #a09fa0  160 4  0.0000
1118  114.400  #9fa09f  160 5  0.0035
1119  114.800  #9fa0a0  160 6  0.0035
1120  114.900  #a0a09f  160 7  0.0009
1121  115.100  #a0a0a0  161 1  0.0017
1122  115.500  #a0a0a1  161 2  0.0035
1123  115.700  #a1a0a0  161 3  0.0017
1124  115.900  #a1a0a1  161 4  0.0017
1125  116.400  #a0a1a0  161 5  0.0043
1126  116.600  #a0a1a1  161 6  0.0017
1127  117.100  #a1a1a0  161 7  0.0043
1128  117.100  #a1a1a1  162 1  0.0000
1129  117.200  #a1a1a2  162 2  0.0009
1130  117.500  #a2a1a1  162 3  0.0026
1131  117.700  #a2a1a2  162 4  0.0017
1132  118.400  #a1a2a1  162 5  0.0059
1133  118.400  #a1a2a2  162 6  0.0000
1134  118.800  #a2a2a1  162 7  0.0034
1135  119.000  #a2a2a2  163 1  0.0017
1136  119.200  #a2a2a3  163 2  0.0017
1137  119.200  #a3a2a2  163 3  0.0000
1138  119.400  #a3a2a3  163 4  0.0017
1139  120.000  #a2a3a2  163 5  0.0050
1140  120.200  #a2a3a3  163 6  0.0017
1141  120.600  #a3a3a2  163 7  0.0033
1142  120.800  #a3a3a3  164 1  0.0017
1143  120.800  #a3a3a4  164 2  0.0000
1144  121.100  #a4a3a3  164 3  0.0025
1145  121.200  #a4a3a4  164 4  0.0008
1146  121.800  #a3a4a3  164 5  0.0049
1147  122.100  #a3a4a4  164 6  0.0025
1148  122.200  #a4a4a3  164 7  0.0008
1149  122.500  #a4a4a4  165 1  0.0025
1150  122.700  #a4a4a5  165 2  0.0016
1151  123.100  #a5a4a4  165 3  0.0033
1152  123.100  #a5a4a5  165 4  0.0000
1153  123.800  #a4a5a4  165 5  0.0057
1154  124.200  #a4a5a5  165 6  0.0032
1155  124.400  #a5a5a4  165 7  0.0016
1156  124.300  #a5a5a5  166 1  -0.0008
1157  124.800  #a5a5a6  166 2  0.0040
1158  124.900  #a6a5a5  166 3  0.0008
1159  125.000  #a6a5a6  166 4  0.0008
1160  125.900  #a5a6a5  166 5  0.0072
1161  126.000  #a5a6a6  166 6  0.0008
1162  126.300  #a6a6a5  166 7  0.0024
1163  126.400  #a6a6a6  167 1  0.0008
1164  126.400  #a6a6a7  167 2  0.0000
1165  127.000  #a7a6a6  167 3  0.0047
1166  126.900  #a7a6a7  167 4  -0.0008
1167  127.700  #a6a7a6  167 5  0.0063
1168  127.800  #a6a7a7  167 6  0.0008
1169  127.800  #a7a7a6  167 7  0.0000
1170  128.300  #a7a7a7  168 1  0.0039
1171  128.500  #a7a7a8  168 2  0.0016
1172  128.600  #a8a7a7  168 3  0.0008
1173  128.800  #a8a7a8  168 4  0.0016
1174  129.500  #a7a8a7  168 5  0.0054
1175  129.600  #a7a8a8  168 6  0.0008
1176  129.800  #a8a8a7  168 7  0.0015
1177  130.100  #a8a8a8  169 1  0.0023
1178  130.000  #a8a8a9  169 2  -0.0008
1179  130.500  #a9a8a8  169 3  0.0038
1180  130.600  #a9a8a9  169 4  0.0008
1181  131.300  #a8a9a8  169 5  0.0053
1182  131.500  #a8a9a9  169 6  0.0015
1183  131.600  #a9a9a8  169 7  0.0008
1184  131.900  #a9a9a9  170 1  0.0023
1185  132.000  #a9a9aa  170 2  0.0008
1186  132.300  #aaa9a9  170 3  0.0023
1187  132.500  #aaa9aa  170 4  0.0015
1188  133.100  #a9aaa9  170 5  0.0045
1189  133.300  #a9aaaa  170 6  0.0015
1190  133.600  #aaaaa9  170 7  0.0022
1191  133.900  #aaaaaa  171 1  0.0022
1192  134.000  #aaaaab  171 2  0.0007
1193  134.300  #abaaaa  171 3  0.0022
1194  134.400  #abaaab  171 4  0.0007
1195  135.100  #aaabaa  171 5  0.0052
1196  135.300  #aaabab  171 6  0.0015
1197  135.600  #ababaa  171 7  0.0022
1198  135.700  #ababab  172 1  0.0007
1199  135.800  #ababac  172 2  0.0007
1200  136.100  #acabab  172 3  0.0022
1201  136.400  #acabac  172 4  0.0022
1202  136.900  #abacab  172 5  0.0037
1203  137.100  #abacac  172 6  0.0015
1204  137.500  #acacab  172 7  0.0029
1205  137.600  #acacac  173 1  0.0007
1206  137.700  #acacad  173 2  0.0007
1207  138.100  #adacac  173 3  0.0029
1208  138.100  #adacad  173 4  0.0000
1209  138.700  #acadac  173 5  0.0043
1210  139.100  #acadad  173 6  0.0029
1211  139.300  #adadac  173 7  0.0014
1212  139.400  #adadad  174 1  0.0007
1213  139.600  #adadae  174 2  0.0014
1214  139.900  #aeadad  174 3  0.0021
1215  140.300  #aeadae  174 4  0.0029
1216  140.700  #adaead  174 5  0.0028
1217  141.000  #adaeae  174 6  0.0021
1218  141.200  #aeaead  174 7  0.0014
1219  141.300  #aeaeae  175 1  0.0007
1220  141.500  #aeaeaf  175 2  0.0014
1221  141.700  #afaeae  175 3  0.0014
1222  142.100  #afaeaf  175 4  0.0028
1223  142.700  #aeafae  175 5  0.0042
1224  142.800  #aeafaf  175 6  0.0007
1225  143.000  #afafae  175 7  0.0014
1226  143.300  #afafaf  176 1  0.0021
1227  143.400  #afafb0  176 2  0.0007
1228  143.700  #b0afaf  176 3  0.0021
1229  143.900  #b0afb0  176 4  0.0014
1230  144.500  #afb0af  176 5  0.0042
1231  144.800  #afb0b0  176 6  0.0021
1232  145.000  #b0b0af  176 7  0.0014
1233  145.300  #b0b0b0  177 1  0.0021
1234  145.300  #b0b0b1  177 2  0.0000
1235  145.800  #b1b0b0  177 3  0.0034
1236  145.900  #b1b0b1  177 4  0.0007
1237  146.600  #b0b1b0  177 5  0.0048
1238  146.600  #b0b1b1  177 6  0.0000
1239  146.900  #b1b1b0  177 7  0.0020
1240  147.100  #b1b1b1  178 1  0.0014
1241  147.200  #b1b1b2  178 2  0.0007
1242  147.500  #b2b1b1  178 3  0.0020
1243  147.700  #b2b1b2  178 4  0.0014
1244  148.400  #b1b2b1  178 5  0.0047
1245  148.700  #b1b2b2  178 6  0.0020
1246  148.900  #b2b2b1  178 7  0.0013
1247  149.000  #b2b2b2  179 1  0.0007
1248  149.300  #b2b2b3  179 2  0.0020
1249  149.400  #b3b2b2  179 3  0.0007
1250  149.600  #b3b2b3  179 4  0.0013
1251  150.400  #b2b3b2  179 5  0.0053
1252  150.500  #b2b3b3  179 6  0.0007
1253  150.900  #b3b3b2  179 7  0.0027
1254  151.000  #b3b3b3  180 1  0.0007
1255  151.300  #b3b3b4  180 2  0.0020
1256  151.400  #b4b3b3  180 3  0.0007
1257  151.700  #b4b3b4  180 4  0.0020
1258  152.300  #b3b4b3  180 5  0.0039
1259  152.500  #b3b4b4  180 6  0.0013
1260  152.700  #b4b4b3  180 7  0.0013
1261  152.800  #b4b4b4  181 1  0.0007
1262  153.000  #b4b4b5  181 2  0.0013
1263  153.300  #b5b4b4  181 3  0.0020
1264  153.600  #b5b4b5  181 4  0.0020
1265  154.300  #b4b5b4  181 5  0.0045
1266  154.500  #b4b5b5  181 6  0.0013
1267  154.800  #b5b5b4  181 7  0.0019
1268  155.000  #b5b5b5  182 1  0.0013
1269  155.000  #b5b5b6  182 2  0.0000
1270  155.400  #b6b5b5  182 3  0.0026
1271  155.500  #b6b5b6  182 4  0.0006
1272  156.200  #b5b6b5  182 5  0.0045
1273  156.400  #b5b6b6  182 6  0.0013
1274  156.600  #b6b6b5  182 7  0.0013
1275  156.800  #b6b6b6  183 1  0.0013
1276  157.000  #b6b6b7  183 2  0.0013
1277  157.500  #b7b6b6  183 3  0.0032
1278  157.500  #b7b6b7  183 4  0.0000
1279  158.300  #b6b7b6  183 5  0.0051
1280  158.200  #b6b7b7  183 6  -0.0006
1281  158.600  #b7b7b6  183 7  0.0025
1282  158.800  #b7b7b7  184 1  0.0013
1283  159.000  #b7b7b8  184 2  0.0013
1284  159.300  #b8b7b7  184 3  0.0019
1285  159.500  #b8b7b8  184 4  0.0013
1286  160.100  #b7b8b7  184 5  0.0038
1287  160.400  #b7b8b8  184 6  0.0019
1288  160.600  #b8b8b7  184 7  0.0012
1289  160.700  #b8b8b8  185 1  0.0006
1290  161.000  #b8b8b9  185 2  0.0019
1291  161.100  #b9b8b8  185 3  0.0006
1292  161.400  #b9b8b9  185 4  0.0019
1293  162.100  #b8b9b8  185 5  0.0043
1294  162.300  #b8b9b9  185 6  0.0012
1295  162.600  #b9b9b8  185 7  0.0018
1296  162.700  #b9b9b9  186 1  0.0006
1297  163.000  #b9b9ba  186 2  0.0018
1298  163.100  #bab9b9  186 3  0.0006
1299  163.400  #bab9ba  186 4  0.0018
1300  164.000  #b9bab9  186 5  0.0037
1301  164.200  #b9baba  186 6  0.0012
1302  164.500  #babab9  186 7  0.0018
1303  164.600  #bababa  187 1  0.0006
1304  164.900  #bababb  187 2  0.0018
1305  165.200  #bbbaba  187 3  0.0018
1306  165.400  #bbbabb  187 4  0.0012
1307  166.100  #babbba  187 5  0.0042
1308  166.200  #babbbb  187 6  0.0006
1309  166.400  #bbbbba  187 7  0.0012
1310  166.600  #bbbbbb  188 1  0.0012
1311  166.700  #bbbbbc  188 2  0.0006
1312  167.100  #bcbbbb  188 3  0.0024
1313  167.200  #bcbbbc  188 4  0.0006
1314  168.000  #bbbcbb  188 5  0.0048
1315  168.300  #bbbcbc  188 6  0.0018
1316  168.500  #bcbcbb  188 7  0.0012
1317  168.700  #bcbcbc  189 1  0.0012
1318  168.800  #bcbcbd  189 2  0.0006
1319  169.200  #bdbcbc  189 3  0.0024
1320  169.300  #bdbcbd  189 4  0.0006
1321  170.100  #bcbdbc  189 5  0.0047
1322  170.100  #bcbdbd  189 6  0.0000
1323  170.500  #bdbdbc  189 7  0.0023
1324  170.700  #bdbdbd  190 1  0.0012
1325  170.800  #bdbdbe  190 2  0.0006
1326  171.200  #bebdbd  190 3  0.0023
1327  171.300  #bebdbe  190 4  0.0006
1328  172.200  #bdbebd  190 5  0.0052
1329  172.100  #bdbebe  190 6  -0.0006
1330  172.600  #bebebd  190 7  0.0029
1331  172.500  #bebebe  191 1  -0.0006
1332  172.900  #bebebf  191 2  0.0023
1333  173.200  #bfbebe  191 3  0.0017
1334  173.500  #bfbebf  191 4  0.0017
1335  174.300  #bebfbe  191 5  0.0046
1336  174.300  #bebfbf  191 6  0.0000
1337  174.700  #bfbfbe  191 7  0.0023
1338  174.800  #bfbfbf  192 1  0.0006
1339  175.000  #bfbfc0  192 2  0.0011
1340  175.300  #c0bfbf  192 3  0.0017
1341  175.600  #c0bfc0  192 4  0.0017
1342  176.500  #bfc0bf  192 5  0.0051
1343  176.700  #bfc0c0  192 6  0.0011
1344  177.100  #c0c0bf  192 7  0.0023
1345  177.500  #c0c0c0  193 1  0.0023
1346  177.700  #c0c0c1  193 2  0.0011
1347  177.900  #c1c0c0  193 3  0.0011
1348  178.200  #c1c0c1  193 4  0.0017
1349  178.000  #c0c1c0  193 5  -0.0011
1350  179.000  #c0c1c1  193 6  0.0056
1351  179.000  #c1c1c0  193 7  0.0000
1352  179.000  #c1c1c1  194 1  0.0000
1353  179.000  #c1c1c2  194 2  0.0000
1354  180.000  #c2c1c1  194 3  0.0056
1355  180.000  #c2c1c2  194 4  0.0000
1356  181.000  #c1c2c1  194 5  0.0055
1357  181.000  #c1c2c2  194 6  0.0000
1358  182.000  #c2c2c1  194 7  0.0055
1359  182.000  #c2c2c2  195 1  0.0000
1360  182.000  #c2c2c3  195 2  0.0000
1361  182.000  #c3c2c2  195 3  0.0000
1362  183.000  #c3c2c3  195 4  0.0055
1363  184.000  #c2c3c2  195 5  0.0054
1364  184.000  #c2c3c3  195 6  0.0000
1365  184.000  #c3c3c2  195 7  0.0000
1366  184.000  #c3c3c3  196 1  0.0000
1367  185.000  #c3c3c4  196 2  0.0054
1368  185.000  #c4c3c3  196 3  0.0000
1369  185.000  #c4c3c4  196 4  0.0000
1370  186.000  #c3c4c3  196 5  0.0054
1371  187.000  #c3c4c4  196 6  0.0054
1372  187.000  #c4c4c3  196 7  0.0000
1373  187.000  #c4c4c4  197 1  0.0000
1374  187.000  #c4c4c5  197 2  0.0000
1375  188.000  #c5c4c4  197 3  0.0053
1376  188.000  #c5c4c5  197 4  0.0000
1377  189.000  #c4c5c4  197 5  0.0053
1378  189.000  #c4c5c5  197 6  0.0000
1379  189.000  #c5c5c4  197 7  0.0000
1380  190.000  #c5c5c5  198 1  0.0053
1381  190.000  #c5c5c6  198 2  0.0000
1382  190.000  #c6c5c5  198 3  0.0000
1383  191.000  #c6c5c6  198 4  0.0052
1384  192.000  #c5c6c5  198 5  0.0052
1385  192.000  #c5c6c6  198 6  0.0000
1386  192.000  #c6c6c5  198 7  0.0000
1387  192.000  #c6c6c6  199 1  0.0000
1388  193.000  #c6c6c7  199 2  0.0052
1389  193.000  #c7c6c6  199 3  0.0000
1390  193.000  #c7c6c7  199 4  0.0000
1391  194.000  #c6c7c6  199 5  0.0052
1392  195.000  #c6c7c7  199 6  0.0051
1393  195.000  #c7c7c6  199 7  0.0000
1394  195.000  #c7c7c7  200 1  0.0000
1395  195.000  #c7c7c8  200 2  0.0000
1396  196.000  #c8c7c7  200 3  0.0051
1397  196.000  #c8c7c8  200 4  0.0000
1398  197.000  #c7c8c7  200 5  0.0051
1399  197.000  #c7c8c8  200 6  0.0000
1400  197.000  #c8c8c7  200 7  0.0000
1401  198.000  #c8c8c8  201 1  0.0051
1402  198.000  #c8c8c9  201 2  0.0000
1403  198.000  #c9c8c8  201 3  0.0000
1404  199.000  #c9c8c9  201 4  0.0050
1405  200.000  #c8c9c8  201 5  0.0050
1406  200.000  #c8c9c9  201 6  0.0000
1407  200.000  #c9c9c8  201 7  0.0000
1408  201.000  #c9c9c9  202 1  0.0050
1409  201.000  #c9c9ca  202 2  0.0000
1410  201.000  #cac9c9  202 3  0.0000
1411  201.000  #cac9ca  202 4  0.0000
1412  203.000  #c9cac9  202 5  0.0099
1413  203.000  #c9caca  202 6  0.0000
1414  203.000  #cacac9  202 7  0.0000
1415  203.000  #cacaca  203 1  0.0000
1416  203.000  #cacacb  203 2  0.0000
1417  204.000  #cbcaca  203 3  0.0049
1418  204.000  #cbcacb  203 4  0.0000
1419  205.000  #cacbca  203 5  0.0049
1420  205.000  #cacbcb  203 6  0.0000
1421  206.000  #cbcbca  203 7  0.0049
1422  206.000  #cbcbcb  204 1  0.0000
1423  206.000  #cbcbcc  204 2  0.0000
1424  206.000  #cccbcb  204 3  0.0000
1425  207.000  #cccbcc  204 4  0.0048
1426  208.000  #cbcccb  204 5  0.0048
1427  208.000  #cbcccc  204 6  0.0000
1428  208.000  #cccccb  204 7  0.0000
1429  208.000  #cccccc  205 1  0.0000
1430  209.000  #cccccd  205 2  0.0048
1431  209.000  #cdcccc  205 3  0.0000
1432  209.000  #cdcccd  205 4  0.0000
1433  210.000  #cccdcc  205 5  0.0048
1434  210.000  #cccdcd  205 6  0.0000
1435  211.000  #cdcdcc  205 7  0.0048
1436  211.000  #cdcdcd  206 1  0.0000
1437  211.000  #cdcdce  206 2  0.0000
1438  212.000  #cecdcd  206 3  0.0047
1439  212.000  #cecdce  206 4  0.0000
1440  213.000  #cdcecd  206 5  0.0047
1441  213.000  #cdcece  206 6  0.0000
1442  214.000  #cececd  206 7  0.0047
1443  214.000  #cecece  207 1  0.0000
1444  214.000  #cececf  207 2  0.0000
1445  214.000  #cfcece  207 3  0.0000
1446  215.000  #cfcecf  207 4  0.0047
1447  215.000  #cecfce  207 5  0.0000
1448  216.000  #cecfcf  207 6  0.0046
1449  216.000  #cfcfce  207 7  0.0000
1450  216.000  #cfcfcf  208 1  0.0000
1451  217.000  #cfcfd0  208 2  0.0046
1452  217.000  #d0cfcf  208 3  0.0000
1453  217.000  #d0cfd0  208 4  0.0000
1454  218.000  #cfd0cf  208 5  0.0046
1455  218.000  #cfd0d0  208 6  0.0000
1456  219.000  #d0d0cf  208 7  0.0046
1457  219.000  #d0d0d0  209 1  0.0000
1458  219.000  #d0d0d1  209 2  0.0000
1459  220.000  #d1d0d0  209 3  0.0046
1460  220.000  #d1d0d1  209 4  0.0000
1461  221.000  #d0d1d0  209 5  0.0045
1462  221.000  #d0d1d1  209 6  0.0000
1463  221.000  #d1d1d0  209 7  0.0000
1464  222.000  #d1d1d1  210 1  0.0045
1465  222.000  #d1d1d2  210 2  0.0000
1466  222.000  #d2d1d1  210 3  0.0000
1467  222.000  #d2d1d2  210 4  0.0000
1468  223.000  #d1d2d1  210 5  0.0045
1469  224.000  #d1d2d2  210 6  0.0045
1470  224.000  #d2d2d1  210 7  0.0000
1471  224.000  #d2d2d2  211 1  0.0000
1472  225.000  #d2d2d3  211 2  0.0045
1473  225.000  #d3d2d2  211 3  0.0000
1474  225.000  #d3d2d3  211 4  0.0000
1475  226.000  #d2d3d2  211 5  0.0044
1476  226.000  #d2d3d3  211 6  0.0000
1477  227.000  #d3d3d2  211 7  0.0044
1478  227.000  #d3d3d3  212 1  0.0000
1479  227.000  #d3d3d4  212 2  0.0000
1480  227.000  #d4d3d3  212 3  0.0000
1481  228.000  #d4d3d4  212 4  0.0044
1482  229.000  #d3d4d3  212 5  0.0044
1483  229.000  #d3d4d4  212 6  0.0000
1484  230.000  #d4d4d3  212 7  0.0044
1485  229.000  #d4d4d4  213 1  -0.0044
1486  230.000  #d4d4d5  213 2  0.0044
1487  230.000  #d5d4d4  213 3  0.0000
1488  230.000  #d5d4d5  213 4  0.0000
1489  232.000  #d4d5d4  213 5  0.0087
1490  232.000  #d4d5d5  213 6  0.0000
1491  232.000  #d5d5d4  213 7  0.0000
1492  232.000  #d5d5d5  214 1  0.0000
1493  233.000  #d5d5d6  214 2  0.0043
1494  233.000  #d6d5d5  214 3  0.0000
1495  233.000  #d6d5d6  214 4  0.0000
1496  234.000  #d5d6d5  214 5  0.0043
1497  234.000  #d5d6d6  214 6  0.0000
1498  235.000  #d6d6d5  214 7  0.0043
1499  235.000  #d6d6d6  215 1  0.0000
1500  235.000  #d6d6d7  215 2  0.0000
1501  236.000  #d7d6d6  215 3  0.0042
1502  236.000  #d7d6d7  215 4  0.0000
1503  237.000  #d6d7d6  215 5  0.0042
1504  237.000  #d6d7d7  215 6  0.0000
1505  237.000  #d7d7d6  215 7  0.0000
1506  237.000  #d7d7d7  216 1  0.0000
1507  238.000  #d7d7d8  216 2  0.0042
1508  238.000  #d8d7d7  216 3  0.0000
1509  238.000  #d8d7d8  216 4  0.0000
1510  239.000  #d7d8d7  216 5  0.0042
1511  240.000  #d7d8d8  216 6  0.0042
1512  240.000  #d8d8d7  216 7  0.0000
1513  240.000  #d8d8d8  217 1  0.0000
1514  241.000  #d8d8d9  217 2  0.0042
1515  241.000  #d9d8d8  217 3  0.0000
1516  241.000  #d9d8d9  217 4  0.0000
1517  242.000  #d8d9d8  217 5  0.0041
1518  242.000  #d8d9d9  217 6  0.0000
1519  243.000  #d9d9d8  217 7  0.0041
1520  243.000  #d9d9d9  218 1  0.0000
1521  243.000  #d9d9da  218 2  0.0000
1522  244.000  #dad9d9  218 3  0.0041
1523  244.000  #dad9da  218 4  0.0000
1524  245.000  #d9dad9  218 5  0.0041
1525  245.000  #d9dada  218 6  0.0000
1526  245.000  #dadad9  218 7  0.0000
1527  246.000  #dadada  219 1  0.0041
1528  246.000  #dadadb  219 2  0.0000
1529  247.000  #dbdada  219 3  0.0041
1530  247.000  #dbdadb  219 4  0.0000
1531  248.000  #dadbda  219 5  0.0040
1532  248.000  #dadbdb  219 6  0.0000
1533  248.000  #dbdbda  219 7  0.0000
1534  249.000  #dbdbdb  220 1  0.0040
1535  249.000  #dbdbdc  220 2  0.0000
1536  249.000  #dcdbdb  220 3  0.0000
1537  249.000  #dcdbdc  220 4  0.0000
1538  251.000  #dbdcdb  220 5  0.0080
1539  250.000  #dbdcdc  220 6  -0.0040
1540  251.000  #dcdcdb  220 7  0.0040
1541  251.000  #dcdcdc  221 1  0.0000
1542  252.000  #dcdcdd  221 2  0.0040
1543  252.000  #dddcdc  221 3  0.0000
1544  252.000  #dddcdd  221 4  0.0000
1545  253.000  #dcdddc  221 5  0.0040
1546  254.000  #dcdddd  221 6  0.0039
1547  254.000  #dddddc  221 7  0.0000
1548  254.000  #dddddd  222 1  0.0000
1549  255.000  #ddddde  222 2  0.0039
1550  255.000  #dedddd  222 3  0.0000
1551  255.000  #deddde  222 4  0.0000
1552  256.000  #dddedd  222 5  0.0039
1553  256.000  #dddede  222 6  0.0000
1554  257.000  #dededd  222 7  0.0039
1555  257.000  #dedede  223 1  0.0000
1556  257.000  #dededf  223 2  0.0000
1557  258.000  #dfdede  223 3  0.0039
1558  258.000  #dfdedf  223 4  0.0000
1559  259.000  #dedfde  223 5  0.0039
1560  259.000  #dedfdf  223 6  0.0000
1561  260.000  #dfdfde  223 7  0.0039
1562  260.000  #dfdfdf  224 1  0.0000
1563  260.000  #dfdfe0  224 2  0.0000
1564  261.000  #e0dfdf  224 3  0.0038
1565  260.000  #e0dfe0  224 4  -0.0038
1566  261.000  #dfe0df  224 5  0.0038
1567  262.000  #dfe0e0  224 6  0.0038
1568  262.000  #e0e0df  224 7  0.0000
1569  262.000  #e0e0e0  225 1  0.0000
1570  262.000  #e0e0e1  225 2  0.0000
1571  263.000  #e1e0e0  225 3  0.0038
1572  263.000  #e1e0e1  225 4  0.0000
1573  264.000  #e0e1e0  225 5  0.0038
1574  264.000  #e0e1e1  225 6  0.0000
1575  265.000  #e1e1e0  225 7  0.0038
1576  265.000  #e1e1e1  226 1  0.0000
1577  265.000  #e1e1e2  226 2  0.0000
1578  265.000  #e2e1e1  226 3  0.0000
1579  265.000  #e2e1e2  226 4  0.0000
1580  266.000  #e1e2e1  226 5  0.0038
1581  267.000  #e1e2e2  226 6  0.0038
1582  267.000  #e2e2e1  226 7  0.0000
1583  267.000  #e2e2e2  227 1  0.0000
1584  267.000  #e2e2e3  227 2  0.0000
1585  267.000  #e3e2e2  227 3  0.0000
1586  268.000  #e3e2e3  227 4  0.0037
1587  269.000  #e2e3e2  227 5  0.0037
1588  269.000  #e2e3e3  227 6  0.0000
1589  269.000  #e3e3e2  227 7  0.0000
1590  269.000  #e3e3e3  228 1  0.0000
1591  269.000  #e3e3e4  228 2  0.0000
1592  270.000  #e4e3e3  228 3  0.0037
1593  270.000  #e4e3e4  228 4  0.0000
1594  271.000  #e3e4e3  228 5  0.0037
1595  271.000  #e3e4e4  228 6  0.0000
1596  272.000  #e4e4e3  228 7  0.0037
1597  272.000  #e4e4e4  229 1  0.0000
1598  272.000  #e4e4e5  229 2  0.0000
1599  273.000  #e5e4e4  229 3  0.0037
1600  273.000  #e5e4e5  229 4  0.0000
1601  274.000  #e4e5e4  229 5  0.0037
1602  274.000  #e4e5e5  229 6  0.0000
1603  275.000  #e5e5e4  229 7  0.0036
1604  275.000  #e5e5e5  230 1  0.0000
1605  275.000  #e5e5e6  230 2  0.0000
1606  275.000  #e6e5e5  230 3  0.0000
1607  276.000  #e6e5e6  230 4  0.0036
1608  276.000  #e5e6e5  230 5  0.0000
1609  277.000  #e5e6e6  230 6  0.0036
1610  277.000  #e6e6e5  230 7  0.0000
1611  277.000  #e6e6e6  231 1  0.0000
1612  277.000  #e6e6e7  231 2  0.0000
1613  278.000  #e7e6e6  231 3  0.0036
1614  278.000  #e7e6e7  231 4  0.0000
1615  279.000  #e6e7e6  231 5  0.0036
1616  279.000  #e6e7e7  231 6  0.0000
1617  280.000  #e7e7e6  231 7  0.0036
1618  280.000  #e7e7e7  232 1  0.0000
1619  280.000  #e7e7e8  232 2  0.0000
1620  281.000  #e8e7e7  232 3  0.0036
1621  281.000  #e8e7e8  232 4  0.0000
1622  282.000  #e7e8e7  232 5  0.0036
1623  282.000  #e7e8e8  232 6  0.0000
1624  282.000  #e8e8e7  232 7  0.0000
1625  283.000  #e8e8e8  233 1  0.0035
1626  283.000  #e8e8e9  233 2  0.0000
1627  283.000  #e9e8e8  233 3  0.0000
1628  283.000  #e9e8e9  233 4  0.0000
1629  284.000  #e8e9e8  233 5  0.0035
1630  285.000  #e8e9e9  233 6  0.0035
1631  285.000  #e9e9e8  233 7  0.0000
1632  285.000  #e9e9e9  234 1  0.0000
1633  285.000  #e9e9ea  234 2  0.0000
1634  286.000  #eae9e9  234 3  0.0035
1635  286.000  #eae9ea  234 4  0.0000
1636  288.000  #e9eae9  234 5  0.0070
1637  287.000  #e9eaea  234 6  -0.0035
1638  288.000  #eaeae9  234 7  0.0035
1639  288.000  #eaeaea  235 1  0.0000
1640  288.000  #eaeaeb  235 2  0.0000
1641  288.000  #ebeaea  235 3  0.0000
1642  289.000  #ebeaeb  235 4  0.0035
1643  290.000  #eaebea  235 5  0.0035
1644  290.000  #eaebeb  235 6  0.0000
1645  290.000  #ebebea  235 7  0.0000
1646  291.000  #ebebeb  236 1  0.0034
1647  291.000  #ebebec  236 2  0.0000
1648  291.000  #ecebeb  236 3  0.0000
1649  291.000  #ecebec  236 4  0.0000
1650  292.000  #ebeceb  236 5  0.0034
1651  292.000  #ebecec  236 6  0.0000
1652  293.000  #ececeb  236 7  0.0034
1653  293.000  #ececec  237 1  0.0000
1654  293.000  #ececed  237 2  0.0000
1655  293.000  #edecec  237 3  0.0000
1656  294.000  #edeced  237 4  0.0034
1657  294.000  #ecedec  237 5  0.0000
1658  295.000  #eceded  237 6  0.0034
1659  295.000  #ededec  237 7  0.0000
1660  295.000  #ededed  238 1  0.0000
1661  295.000  #ededee  238 2  0.0000
1662  296.000  #eeeded  238 3  0.0034
1663  296.000  #eeedee  238 4  0.0000
1664  297.000  #edeeed  238 5  0.0034
1665  297.000  #edeeee  238 6  0.0000
1666  298.000  #eeeeed  238 7  0.0034
1667  298.000  #eeeeee  239 1  0.0000
1668  298.000  #eeeeef  239 2  0.0000
1669  298.000  #efeeee  239 3  0.0000
1670  298.000  #efeeef  239 4  0.0000
1671  299.000  #eeefee  239 5  0.0034
1672  300.000  #eeefef  239 6  0.0033
1673  300.000  #efefee  239 7  0.0000
1674  300.000  #efefef  240 1  0.0000
1675  300.000  #efeff0  240 2  0.0000
1676  301.000  #f0efef  240 3  0.0033
1677  301.000  #f0eff0  240 4  0.0000
1678  302.000  #eff0ef  240 5  0.0033
1679  302.000  #eff0f0  240 6  0.0000
1680  302.000  #f0f0ef  240 7  0.0000
1681  302.000  #f0f0f0  241 1  0.0000
1682  303.000  #f0f0f1  241 2  0.0033
1683  303.000  #f1f0f0  241 3  0.0000
1684  303.000  #f1f0f1  241 4  0.0000
1685  304.000  #f0f1f0  241 5  0.0033
1686  304.000  #f0f1f1  241 6  0.0000
1687  305.000  #f1f1f0  241 7  0.0033
1688  305.000  #f1f1f1  242 1  0.0000
1689  305.000  #f1f1f2  242 2  0.0000
1690  305.000  #f2f1f1  242 3  0.0000
1691  305.000  #f2f1f2  242 4  0.0000
1692  306.000  #f1f2f1  242 5  0.0033
1693  306.000  #f1f2f2  242 6  0.0000
1694  306.000  #f2f2f1  242 7  0.0000
1695  307.000  #f2f2f2  243 1  0.0033
1696  307.000  #f2f2f3  243 2  0.0000
1697  308.000  #f3f2f2  243 3  0.0033
1698  308.000  #f3f2f3  243 4  0.0000
1699  308.000  #f2f3f2  243 5  0.0000
1700  309.000  #f2f3f3  243 6  0.0032
1701  309.000  #f3f3f2  243 7  0.0000
1702  309.000  #f3f3f3  244 1  0.0000
1703  310.000  #f3f3f4  244 2  0.0032
1704  310.000  #f4f3f3  244 3  0.0000
1705  310.000  #f4f3f4  244 4  0.0000
1706  311.000  #f3f4f3  244 5  0.0032
1707  311.000  #f3f4f4  244 6  0.0000
1708  311.000  #f4f4f3  244 7  0.0000
1709  311.000  #f4f4f4  245 1  0.0000
1710  311.000  #f4f4f5  245 2  0.0000
1711  312.000  #f5f4f4  245 3  0.0032
1712  312.000  #f5f4f5  245 4  0.0000
1713  313.000  #f4f5f4  245 5  0.0032
1714  313.000  #f4f5f5  245 6  0.0000
1715  314.000  #f5f5f4  245 7  0.0032
1716  314.000  #f5f5f5  246 1  0.0000
1717  314.000  #f5f5f6  246 2  0.0000
1718  314.000  #f6f5f5  246 3  0.0000
1719  314.000  #f6f5f6  246 4  0.0000
1720  315.000  #f5f6f5  246 5  0.0032
1721  316.000  #f5f6f6  246 6  0.0032
1722  316.000  #f6f6f5  246 7  0.0000
1723  316.000  #f6f6f6  247 1  0.0000
1724  316.000  #f6f6f7  247 2  0.0000
1725  316.000  #f7f6f6  247 3  0.0000
1726  316.000  #f7f6f7  247 4  0.0000
1727  317.000  #f6f7f6  247 5  0.0032
1728  318.000  #f6f7f7  247 6  0.0031
1729  318.000  #f7f7f6  247 7  0.0000
1730  318.000  #f7f7f7  248 1  0.0000
1731  318.000  #f7f7f8  248 2  0.0000
1732  319.000  #f8f7f7  248 3  0.0031
1733  319.000  #f8f7f8  248 4  0.0000
1734  320.000  #f7f8f7  248 5  0.0031
1735  320.000  #f7f8f8  248 6  0.0000
1736  320.000  #f8f8f7  248 7  0.0000
1737  320.000  #f8f8f8  249 1  0.0000
1738  321.000  #f8f8f9  249 2  0.0031
1739  321.000  #f9f8f8  249 3  0.0000
1740  321.000  #f9f8f9  249 4  0.0000
1741  322.000  #f8f9f8  249 5  0.0031
1742  322.000  #f8f9f9  249 6  0.0000
1743  322.000  #f9f9f8  249 7  0.0000
1744  323.000  #f9f9f9  250 1  0.0031
1745  323.000  #f9f9fa  250 2  0.0000
1746  323.000  #faf9f9  250 3  0.0000
1747  323.000  #faf9fa  250 4  0.0000
1748  324.000  #f9faf9  250 5  0.0031
1749  324.000  #f9fafa  250 6  0.0000
1750  324.000  #fafaf9  250 7  0.0000
1751  325.000  #fafafa  251 1  0.0031
1752  325.000  #fafafb  251 2  0.0000
1753  325.000  #fbfafa  251 3  0.0000
1754  325.000  #fbfafb  251 4  0.0000
1755  325.000  #fafbfa  251 5  0.0000
1756  326.000  #fafbfb  251 6  0.0031
1757  326.000  #fbfbfa  251 7  0.0000
1758  326.000  #fbfbfb  252 1  0.0000
1759  327.000  #fbfbfc  252 2  0.0031
1760  327.000  #fcfbfb  252 3  0.0000
1761  327.000  #fcfbfc  252 4  0.0000
1762  328.000  #fbfcfb  252 5  0.0031
1763  328.000  #fbfcfc  252 6  0.0000
1764  328.000  #fcfcfb  252 7  0.0000
1765  328.000  #fcfcfc  253 1  0.0000
1766  328.000  #fcfcfd  253 2  0.0000
1767  328.000  #fdfcfc  253 3  0.0000
1768  329.000  #fdfcfd  253 4  0.0030
1769  329.000  #fcfdfc  253 5  0.0000
1770  329.000  #fcfdfd  253 6  0.0000
1771  329.000  #fdfdfc  253 7  0.0000
1772  330.000  #fdfdfd  254 1  0.0030
1773  330.000  #fdfdfe  254 2  0.0000
1774  331.000  #fefdfd  254 3  0.0030
1775  331.000  #fefdfe  254 4  0.0000
1776  332.000  #fdfefd  254 5  0.0030
1777  332.000  #fdfefe  254 6  0.0000
1778  333.000  #fefefd  254 7  0.0030
1779  333.000  #fefefe  255 1  0.0000
1780  333.000  #fefeff  255 2  0.0000
1781  333.000  #fffefe  255 3  0.0000
1782  333.000  #fffeff  255 4  0.0000
1783  333.000  #fefffe  255 5  0.0000
1784  333.000  #feffff  255 6  0.0000
1785  333.000  #fffffe  255 7  0.0000
1786  333.000  #ffffff  256 1  0.0000
