# LutGenerate 2.0 - 06/30/03
#  Display ID: DELL_1900FP_AQCB
# Ambient = 0.10   Max. Luminence = 248.00   Luminence Ratio = 250.00
#  lumResponse vers. 1.5b - 04/29/03
#  iLdelay = 1   avgN = 1   ILlimit = 0.50
1:  050  051  051
2:  052  052  053
3:  055  054  055
4:  055  056  056
5:  057  057  058
6:  060  059  059
7:  061  060  061
8:  062  061  062
9:  063  062  063
10:  064  063  064
11:  065  064  065
12:  067  066  067
13:  068  067  067
14:  068  068  068
15:  068  069  069
16:  069  070  069
17:  071  070  071
18:  071  071  071
19:  071  072  072
20:  073  072  073
21:  074  074  075
22:  074  075  075
23:  076  075  076
24:  076  076  077
25:  076  077  077
26:  078  077  078
27:  078  078  077
28:  078  079  078
29:  080  079  079
30:  080  080  079
31:  081  080  081
32:  081  081  081
33:  081  082  081
34:  082  082  083
35:  082  083  083
36:  084  083  084
37:  084  084  083
38:  086  085  086
39:  086  086  086
40:  086  087  086
41:  087  087  088
42:  087  088  087
43:  089  088  089
44:  089  089  088
45:  090  089  090
46:  090  090  091
47:  090  091  091
48:  092  091  092
49:  092  092  092
50:  092  093  092
51:  093  093  094
52:  093  094  094
53:  095  094  095
54:  095  095  095
55:  095  096  095
56:  097  096  096
57:  097  097  096
58:  098  097  098
59:  098  098  098
60:  098  099  098
61:  100  099  099
62:  100  100  099
63:  100  101  100
64:  102  101  101
65:  101  102  102
66:  103  102  103
67:  103  103  104
68:  103  104  104
69:  105  104  105
70:  105  105  105
71:  105  106  105
72:  107  106  106
73:  107  107  106
74:  107  108  107
75:  109  108  108
76:  109  109  108
77:  109  110  109
78:  111  110  110
79:  111  111  110
80:  111  112  111
81:  113  112  112
82:  113  113  112
83:  113  114  113
84:  115  114  114
85:  115  115  114
86:  115  116  115
87:  117  116  116
88:  117  117  117
89:  117  118  117
90:  119  118  118
91:  119  119  119
92:  119  120  119
93:  121  120  121
94:  121  121  122
95:  121  122  122
96:  123  122  123
97:  123  123  124
98:  124  124  123
99:  125  124  125
100:  125  125  126
101:  125  126  126
102:  127  126  126
103:  127  127  128
104:  127  128  128
105:  128  129  128
106:  129  129  130
107:  130  130  129
108:  131  130  130
109:  130  131  130
110:  131  131  131
111:  131  132  131
112:  133  132  133
113:  133  134  133
114:  135  134  134
115:  135  135  135
116:  135  136  135
117:  137  136  137
118:  138  137  137
119:  138  138  137
120:  138  139  138
121:  140  139  140
122:  141  140  140
123:  141  141  140
124:  141  142  141
125:  143  142  142
126:  142  143  142
127:  143  143  143
128:  143  144  144
129:  145  144  145
130:  146  145  145
131:  146  146  146
132:  146  147  147
133:  147  148  147
134:  149  148  149
135:  149  149  150
136:  150  150  149
137:  150  151  150
138:  151  152  151
139:  153  152  152
140:  152  153  152
141:  153  153  153
142:  153  154  154
143:  154  155  154
144:  156  155  156
145:  156  156  157
146:  157  157  157
147:  157  158  158
148:  158  159  158
149:  160  159  160
150:  160  160  161
151:  160  161  160
152:  161  161  160
153:  161  162  161
154:  162  163  162
155:  163  164  163
156:  164  164  165
157:  165  165  165
158:  166  166  165
159:  166  167  167
160:  168  167  167
161:  167  168  168
162:  169  168  169
163:  170  169  169
164:  170  170  171
165:  171  171  171
166:  172  172  171
167:  172  173  173
168:  174  173  173
169:  173  174  174
170:  175  174  175
171:  176  175  175
172:  176  176  177
173:  177  177  177
174:  178  178  178
175:  179  179  178
176:  180  179  180
177:  179  180  180
178:  181  180  181
179:  182  181  182
180:  183  182  182
181:  183  183  184
182:  184  184  184
183:  185  185  184
184:  186  185  186
185:  186  186  185
186:  186  187  186
187:  187  188  187
188:  188  189  188
189:  190  189  190
190:  190  190  191
191:  190  191  190
192:  192  191  191
193:  192  192  193
194:  193  193  194
195:  194  194  195
196:  195  195  195
197:  195  196  195
198:  196  196  196
199:  197  197  197
200:  198  198  198
201:  199  199  199
202:  200  200  200
203:  201  200  201
204:  201  201  200
205:  201  202  202
206:  202  203  203
207:  203  204  204
208:  205  204  205
209:  205  205  205
210:  206  206  207
211:  208  207  207
212:  209  208  208
213:  208  209  209
214:  209  210  210
215:  211  211  211
216:  213  212  212
217:  214  213  213
218:  213  214  214
219:  214  215  215
220:  216  216  216
221:  217  217  218
222:  217  218  218
223:  218  219  218
224:  220  220  219
225:  221  221  221
226:  222  222  221
227:  222  223  223
228:  223  224  224
229:  225  225  226
230:  225  226  225
231:  227  227  226
232:  227  228  227
233:  229  229  229
234:  229  230  230
235:  230  231  231
236:  233  232  233
237:  233  234  233
238:  236  235  235
239:  237  236  236
240:  237  237  238
241:  238  239  239
242:  239  240  240
243:  241  241  241
244:  242  243  242
245:  243  244  243
246:  244  245  244
247:  247  246  246
248:  247  247  246
249:  248  248  249
250:  250  249  250
251:  251  250  251
252:  251  251  251
253:  253  252  252
254:  254  253  253
255:  253  254  253
256:  254  255  254
