# LutGenerate 2.0 - 06/30/03
#  Display ID: _DELL_1900FP_AR7D
# Ambient = 0.10   Max. Luminence = 282.00   Luminence Ratio = 250.00
#  lumResponse vers. 1.5b - 05/09/03
#  iLdelay = 1   avgN = 1   ILlimit = 0.50
1:  063  062  062
2:  064  063  064
3:  065  064  065
4:  067  066  067
5:  068  067  068
6:  069  068  069
7:  070  069  070
8:  070  070  071
9:  071  071  070
10:  071  072  071
11:  072  073  072
12:  075  074  075
13:  075  075  075
14:  075  076  076
15:  077  076  077
16:  077  077  078
17:  077  078  078
18:  079  078  079
19:  079  079  080
20:  079  080  080
21:  081  080  081
22:  081  081  081
23:  081  082  081
24:  082  082  083
25:  082  083  082
26:  084  083  084
27:  084  084  083
28:  086  085  086
29:  086  086  086
30:  086  087  086
31:  087  087  088
32:  087  088  087
33:  089  088  088
34:  089  089  088
35:  090  089  090
36:  090  090  090
37:  090  091  090
38:  092  091  092
39:  092  092  091
40:  093  092  093
41:  093  093  094
42:  093  094  093
43:  095  094  095
44:  095  095  094
45:  096  095  096
46:  096  096  097
47:  096  097  096
48:  098  097  097
49:  098  098  097
50:  099  098  099
51:  099  099  100
52:  099  100  099
53:  101  100  101
54:  101  101  100
55:  101  102  101
56:  102  102  103
57:  102  103  103
58:  104  103  104
59:  104  104  104
60:  104  105  104
61:  106  105  105
62:  106  106  105
63:  107  106  107
64:  107  107  108
65:  107  108  107
66:  109  108  109
67:  109  109  109
68:  109  110  109
69:  111  110  110
70:  111  111  110
71:  112  111  112
72:  112  112  113
73:  112  113  113
74:  114  113  114
75:  114  114  114
76:  114  115  114
77:  116  115  116
78:  116  116  116
79:  116  117  116
80:  118  117  118
81:  118  118  118
82:  118  119  118
83:  120  119  119
84:  120  120  119
85:  120  121  120
86:  121  121  122
87:  121  122  122
88:  123  122  122
89:  123  123  123
90:  123  124  123
91:  125  124  125
92:  124  125  125
93:  126  125  126
94:  126  126  126
95:  126  127  126
96:  128  127  128
97:  128  128  127
98:  129  128  129
99:  129  129  130
100:  129  130  130
101:  131  130  130
102:  130  131  130
103:  131  131  130
104:  132  131  132
105:  132  132  131
106:  132  133  132
107:  133  134  133
108:  135  134  135
109:  135  135  136
110:  135  136  135
111:  137  136  137
112:  137  137  138
113:  137  138  138
114:  139  138  139
115:  139  139  139
116:  139  140  140
117:  141  140  140
118:  141  141  142
119:  142  142  141
120:  143  142  143
121:  142  143  142
122:  143  143  143
123:  143  144  144
124:  145  144  144
125:  145  145  146
126:  145  146  146
127:  146  147  146
128:  148  147  147
129:  148  148  148
130:  148  149  149
131:  150  149  150
132:  150  150  151
133:  151  151  150
134:  151  152  151
135:  153  152  152
136:  152  153  152
137:  153  153  153
138:  153  154  153
139:  155  154  155
140:  155  155  156
141:  156  156  155
142:  156  157  156
143:  158  157  158
144:  158  158  159
145:  159  159  158
146:  159  160  159
147:  161  160  160
148:  160  161  160
149:  161  161  161
150:  161  162  161
151:  162  163  162
152:  164  163  163
153:  164  164  165
154:  165  165  164
155:  165  166  165
156:  166  167  166
157:  167  167  168
158:  167  168  167
159:  168  168  168
160:  168  169  169
161:  169  170  169
162:  171  170  171
163:  172  171  171
164:  172  172  173
165:  173  173  172
166:  174  173  174
167:  173  174  174
168:  175  174  175
169:  176  175  175
170:  176  176  177
171:  177  177  177
172:  178  178  177
173:  178  179  179
174:  180  179  179
175:  179  180  180
176:  181  180  180
177:  181  181  182
178:  182  182  182
179:  183  183  182
180:  183  184  184
181:  184  185  184
182:  186  185  185
183:  185  186  186
184:  187  186  187
185:  188  187  187
186:  188  188  189
187:  189  189  189
188:  190  190  189
189:  191  190  191
190:  191  191  190
191:  191  192  191
192:  192  193  192
193:  193  194  193
194:  194  195  194
195:  196  195  195
196:  195  196  195
197:  197  196  196
198:  198  197  197
199:  199  198  198
200:  200  199  199
201:  200  200  201
202:  200  201  200
203:  201  201  202
204:  202  202  203
205:  203  203  204
206:  204  204  204
207:  204  205  204
208:  206  205  205
209:  207  206  207
210:  208  207  208
211:  209  208  208
212:  209  209  208
213:  210  210  209
214:  211  211  211
215:  213  212  212
216:  213  213  214
217:  213  214  214
218:  214  215  214
219:  216  216  216
220:  217  217  216
221:  217  218  217
222:  218  219  218
223:  219  220  219
224:  220  221  220
225:  222  221  222
226:  222  222  222
227:  224  223  223
228:  224  225  224
229:  226  225  226
230:  226  226  226
231:  227  227  228
232:  229  228  229
233:  230  229  230
234:  230  230  230
235:  232  231  232
236:  232  233  232
237:  234  234  235
238:  235  236  235
239:  236  237  236
240:  237  238  237
241:  240  239  240
242:  240  240  240
243:  241  242  242
244:  243  243  243
245:  243  244  244
246:  244  245  244
247:  247  246  246
248:  247  247  247
249:  248  248  248
250:  249  250  249
251:  251  250  250
252:  251  251  252
253:  253  252  253
254:  254  253  254
255:  254  254  253
256:  255  255  254
