# LutGenerate 2.0 - 06/30/03
#  Display ID: DELL_1900FP_ARF0
# Ambient = 0.10   Max. Luminence = 243.00   Luminence Ratio = 250.00
#  lumResponse vers. 1.5b - 05/08/03
#  iLdelay = 1   avgN = 1   ILlimit = 0.50
1:  060  061  060
2:  061  062  062
3:  063  063  062
4:  064  064  064
5:  065  065  065
6:  067  067  067
7:  068  068  067
8:  068  069  069
9:  069  070  069
10:  071  070  071
11:  071  071  072
12:  072  072  071
13:  072  073  072
14:  074  075  074
15:  076  075  075
16:  075  076  076
17:  076  077  076
18:  078  077  077
19:  078  078  077
20:  078  079  078
21:  079  079  080
22:  079  080  080
23:  081  080  081
24:  081  081  081
25:  081  082  081
26:  083  082  082
27:  082  083  083
28:  084  083  084
29:  084  084  084
30:  086  085  086
31:  086  086  087
32:  086  087  086
33:  088  087  087
34:  087  088  088
35:  089  088  089
36:  089  089  089
37:  089  090  089
38:  091  090  090
39:  091  091  090
40:  092  091  092
41:  092  092  093
42:  092  093  093
43:  094  093  094
44:  094  094  093
45:  094  095  094
46:  095  095  096
47:  095  096  096
48:  097  096  097
49:  097  097  097
50:  097  098  097
51:  098  098  099
52:  098  099  099
53:  100  099  100
54:  100  100  100
55:  100  101  100
56:  102  101  101
57:  102  102  101
58:  102  103  102
59:  103  103  104
60:  103  104  104
61:  105  104  105
62:  105  105  106
63:  105  106  106
64:  107  106  107
65:  107  107  107
66:  107  108  107
67:  109  108  108
68:  109  109  108
69:  109  110  109
70:  111  110  110
71:  111  111  110
72:  112  111  112
73:  112  112  113
74:  112  113  113
75:  114  113  114
76:  114  114  115
77:  114  115  115
78:  116  115  116
79:  116  116  117
80:  116  117  117
81:  118  117  118
82:  118  118  119
83:  118  119  119
84:  120  119  120
85:  120  120  121
86:  120  121  120
87:  122  121  122
88:  122  122  122
89:  122  123  122
90:  124  123  123
91:  124  124  123
92:  125  124  125
93:  126  125  125
94:  125  126  126
95:  127  126  126
96:  127  127  127
97:  127  128  128
98:  129  128  128
99:  129  129  129
100:  129  130  129
101:  130  130  131
102:  130  131  130
103:  131  131  130
104:  132  131  132
105:  132  132  132
106:  132  133  132
107:  134  133  134
108:  134  134  135
109:  135  135  134
110:  136  135  136
111:  136  136  137
112:  137  137  136
113:  138  138  137
114:  138  139  138
115:  140  139  139
116:  140  140  140
117:  140  141  141
118:  142  141  142
119:  142  142  143
120:  143  142  143
121:  142  143  143
122:  144  143  143
123:  144  144  145
124:  144  145  145
125:  145  146  145
126:  147  146  146
127:  147  147  147
128:  147  148  148
129:  149  148  148
130:  150  149  149
131:  150  150  149
132:  150  151  150
133:  152  151  151
134:  152  152  153
135:  152  153  152
136:  153  153  152
137:  153  154  153
138:  155  154  154
139:  155  155  156
140:  156  156  155
141:  156  157  156
142:  158  157  158
143:  158  158  159
144:  159  159  159
145:  159  160  160
146:  161  160  160
147:  160  161  160
148:  161  161  162
149:  161  162  162
150:  162  163  162
151:  164  163  164
152:  165  164  164
153:  165  165  166
154:  166  166  165
155:  166  167  167
156:  168  167  167
157:  167  168  167
158:  168  168  169
159:  169  169  168
160:  169  170  170
161:  170  171  170
162:  172  171  172
163:  173  172  172
164:  173  173  174
165:  174  173  174
166:  174  174  173
167:  174  175  174
168:  175  176  175
169:  177  176  177
170:  178  177  177
171:  178  178  179
172:  179  179  178
173:  180  179  180
174:  179  180  180
175:  181  180  181
176:  182  181  182
177:  183  182  182
178:  183  183  183
179:  184  184  184
180:  185  185  184
181:  186  185  186
182:  185  186  186
183:  186  187  186
184:  188  187  188
185:  189  188  189
186:  190  189  189
187:  190  190  190
188:  191  190  191
189:  191  191  191
190:  191  192  192
191:  192  193  193
192:  193  194  194
193:  194  195  194
194:  196  195  195
195:  195  196  196
196:  196  197  196
197:  198  197  198
198:  199  198  199
199:  200  199  200
200:  200  200  201
201:  200  201  200
202:  202  201  201
203:  203  202  202
204:  203  203  204
205:  204  204  204
206:  204  205  204
207:  205  205  206
208:  207  206  206
209:  208  207  208
210:  209  208  208
211:  208  209  209
212:  209  210  210
213:  211  211  210
214:  212  212  212
215:  213  213  214
216:  213  214  213
217:  214  215  214
218:  215  216  215
219:  216  217  217
220:  218  217  218
221:  218  218  219
222:  220  219  219
223:  221  220  221
224:  222  221  222
225:  222  222  222
226:  223  223  224
227:  224  225  224
228:  226  225  225
229:  226  226  226
230:  227  227  227
231:  228  229  228
232:  230  229  229
233:  229  230  230
234:  230  231  231
235:  233  232  233
236:  233  234  233
237:  234  235  234
238:  237  236  236
239:  237  237  237
240:  238  239  239
241:  239  240  239
242:  240  241  240
243:  242  242  242
244:  244  243  243
245:  244  244  244
246:  246  245  246
247:  246  247  246
248:  247  247  247
249:  248  249  249
250:  250  250  250
251:  250  251  250
252:  251  251  252
253:  252  253  252
254:  254  253  253
255:  253  254  254
256:  254  255  254
