# LutGenerate 2.0 - 06/30/03
#  Display ID: DELL_1900FP_AQCG
# Ambient = 0.10   Max. Luminence = 256.00   Luminence Ratio = 250.00
#  lumResponse vers. 1.5b - 04/29/03
#  iLdelay = 1   avgN = 1   ILlimit = 0.50
1:  060  061  061
2:  062  062  062
3:  064  063  063
4:  065  064  065
5:  067  066  067
6:  068  067  068
7:  069  068  069
8:  070  069  069
9:  070  070  071
10:  071  071  070
11:  071  072  071
12:  072  073  072
13:  075  074  075
14:  075  075  076
15:  075  076  076
16:  076  077  076
17:  078  077  077
18:  078  078  077
19:  078  079  078
20:  080  079  079
21:  080  080  079
22:  080  081  080
23:  081  081  082
24:  081  082  082
25:  083  082  083
26:  083  083  082
27:  084  083  084
28:  085  085  086
29:  085  086  085
30:  087  086  086
31:  086  087  087
32:  088  087  088
33:  088  088  088
34:  088  089  088
35:  090  089  089
36:  090  090  089
37:  090  091  090
38:  091  091  092
39:  091  092  092
40:  093  092  093
41:  093  093  093
42:  093  094  093
43:  095  094  094
44:  095  095  094
45:  096  095  096
46:  096  096  097
47:  096  097  096
48:  098  097  098
49:  098  098  097
50:  099  098  099
51:  099  099  100
52:  099  100  100
53:  101  100  101
54:  101  101  101
55:  101  102  101
56:  103  102  103
57:  103  103  102
58:  103  104  103
59:  105  104  104
60:  105  105  104
61:  106  105  106
62:  106  106  107
63:  106  107  107
64:  108  107  108
65:  108  108  108
66:  108  109  108
67:  110  109  110
68:  110  110  110
69:  110  111  110
70:  112  111  111
71:  112  112  111
72:  112  113  112
73:  113  113  114
74:  113  114  114
75:  115  114  115
76:  115  115  116
77:  116  116  115
78:  116  117  116
79:  117  117  118
80:  118  118  117
81:  119  118  119
82:  120  119  119
83:  120  120  119
84:  121  120  121
85:  121  121  122
86:  121  122  121
87:  123  122  123
88:  123  123  122
89:  123  124  123
90:  125  124  124
91:  125  125  124
92:  126  125  126
93:  126  126  127
94:  126  127  126
95:  128  127  128
96:  128  128  129
97:  128  129  128
98:  130  129  129
99:  130  130  129
100:  131  130  131
101:  130  131  130
102:  131  131  131
103:  131  132  131
104:  133  132  132
105:  133  133  132
106:  133  134  133
107:  135  134  134
108:  135  135  135
109:  135  136  135
110:  137  136  137
111:  138  137  137
112:  138  138  138
113:  138  139  139
114:  140  139  139
115:  140  140  141
116:  141  141  140
117:  141  142  141
118:  142  142  143
119:  143  142  143
120:  143  143  142
121:  144  143  144
122:  144  144  144
123:  145  145  144
124:  145  146  145
125:  147  146  146
126:  147  147  146
127:  147  148  147
128:  149  148  149
129:  150  149  149
130:  150  150  149
131:  150  151  150
132:  152  151  152
133:  152  152  153
134:  153  152  153
135:  153  153  152
136:  153  154  153
137:  155  154  154
138:  155  155  155
139:  155  156  156
140:  157  156  157
141:  158  157  157
142:  158  158  158
143:  158  159  159
144:  159  160  159
145:  160  160  161
146:  160  161  160
147:  161  161  160
148:  161  162  161
149:  163  162  163
150:  164  163  163
151:  164  164  165
152:  165  165  164
153:  165  166  166
154:  167  166  167
155:  167  167  168
156:  167  168  167
157:  168  168  167
158:  168  169  168
159:  169  170  169
160:  171  170  171
161:  172  171  171
162:  172  172  172
163:  173  173  172
164:  174  173  174
165:  173  174  174
166:  175  174  175
167:  176  175  175
168:  176  176  177
169:  177  177  177
170:  177  178  178
171:  178  179  178
172:  180  179  179
173:  179  180  179
174:  181  180  180
175:  181  181  182
176:  182  182  181
177:  183  183  182
178:  183  184  183
179:  184  185  184
180:  186  185  185
181:  185  186  185
182:  187  186  186
183:  188  187  187
184:  188  188  189
185:  189  189  189
186:  190  190  189
187:  191  190  191
188:  191  191  190
189:  191  192  191
190:  192  193  192
191:  193  194  193
192:  195  194  195
193:  196  195  195
194:  195  196  195
195:  197  196  197
196:  198  197  198
197:  199  198  198
198:  200  199  199
199:  200  200  201
200:  200  201  200
201:  201  201  201
202:  202  202  201
203:  203  203  202
204:  204  204  203
205:  205  204  205
206:  205  205  205
207:  206  206  207
208:  208  207  207
209:  209  208  208
210:  208  209  209
211:  209  210  209
212:  210  211  211
213:  212  212  211
214:  213  213  213
215:  213  214  213
216:  215  214  215
217:  216  215  216
218:  216  217  216
219:  218  217  218
220:  218  218  218
221:  219  219  220
222:  221  220  221
223:  222  221  221
224:  222  222  222
225:  223  223  223
226:  224  224  224
227:  226  225  225
228:  225  226  226
229:  227  227  226
230:  228  228  228
231:  229  229  228
232:  229  230  229
233:  230  231  231
234:  232  232  232
235:  233  233  232
236:  234  235  234
237:  236  236  237
238:  237  237  236
239:  239  238  238
240:  239  239  240
241:  240  240  239
242:  241  242  241
243:  243  243  243
244:  243  244  244
245:  244  245  245
246:  246  246  246
247:  246  247  246
248:  248  248  247
249:  249  249  249
250:  251  250  250
251:  250  251  251
252:  252  251  252
253:  252  253  252
254:  254  253  254
255:  254  254  253
256:  255  255  254
