#  lumResponse vers. 1.6 - 02/02/07 08:48:16
#  Display ID: DELL_2407WFP_CC30265A1WDS
#  iLdelay=1  avgN=1  ILlimit_plus=0.20 ILlimit_minus=-0.05  R=18.7% G=73.9% B=7.4%
#  65.4  #ff0000
#  259.0  #00ff00
#  26.0  #0000ff
   1    0.582  #000000    1 1  0.0000
   2    0.581  #000001    1 2  -0.0017
   3    0.581  #010000    1 3  0.0000
   4    0.581  #010001    1 4  0.0000
   5    0.581  #000100    1 5  0.0000
   6    0.581  #000101    1 6  0.0000
   7    0.581  #010100    1 7  0.0000
   8    0.581  #010101    2 1  0.0000
   9    0.588  #010102    2 2  0.0120
  10    0.598  #020101    2 3  0.0169
  11    0.605  #020102    2 4  0.0116
  12    0.632  #010201    2 5  0.0437
  13    0.638  #010202    2 6  0.0094
  14    0.648  #020201    2 7  0.0156
  15    0.655  #020202    3 1  0.0107
  16    0.659  #020203    3 2  0.0061
  17    0.666  #030202    3 3  0.0106
  18    0.670  #030203    3 4  0.0060
  19    0.682  #020302    3 5  0.0178
  20    0.686  #020303    3 6  0.0058
  21    0.693  #030302    3 7  0.0102
  22    0.697  #030303    4 1  0.0058
  23    0.704  #030304    4 2  0.0100
  24    0.713  #040303    4 3  0.0127
  25    0.720  #040304    4 4  0.0098
  26    0.756  #030403    4 5  0.0488
  27    0.763  #030404    4 6  0.0092
  28    0.772  #040403    4 7  0.0117
  29    0.779  #040404    5 1  0.0090
  30    0.784  #040405    5 2  0.0064
  31    0.779  #050404    5 3  -0.0064
  32    0.784  #050405    5 4  0.0064
  33    0.811  #040504    5 5  0.0339
  34    0.816  #040505    5 6  0.0061
  35    0.811  #050504    5 7  -0.0061
  36    0.817  #050505    6 1  0.0074
  37    0.816  #050506    6 2  -0.0012
  38    0.830  #060505    6 3  0.0170
  39    0.829  #060506    6 4  -0.0012
  40    0.887  #050605    6 5  0.0676
  41    0.886  #050606    6 6  -0.0011
  42    0.899  #060605    6 7  0.0146
  43    0.899  #060606    7 1  0.0000
  44    0.907  #060607    7 2  0.0089
  45    0.918  #070606    7 3  0.0121
  46    0.926  #070607    7 4  0.0087
  47    0.937  #060706    7 5  0.0118
  48    0.945  #060707    7 6  0.0085
  49    0.956  #070706    7 7  0.0116
  50    0.964  #070707    8 1  0.0083
  51    0.970  #070708    8 2  0.0062
  52    0.978  #080707    8 3  0.0082
  53    0.984  #080708    8 4  0.0061
  54    1.026  #070807    8 5  0.0418
  55    1.032  #070808    8 6  0.0058
  56    1.039  #080807    8 7  0.0068
  57    1.045  #080808    9 1  0.0058
  58    1.053  #080809    9 2  0.0076
  59    1.067  #090808    9 3  0.0132
  60    1.075  #090809    9 4  0.0075
  61    1.112  #080908    9 5  0.0338
  62    1.120  #080909    9 6  0.0072
  63    1.135  #090908    9 7  0.0133
  64    1.142  #090909   10 1  0.0061
  65    1.150  #09090a   10 2  0.0070
  66    1.142  #0a0909   10 3  -0.0070
  67    1.150  #0a090a   10 4  0.0070
  68    1.189  #090a09   10 5  0.0333
  69    1.197  #090a0a   10 6  0.0067
  70    1.189  #0a0a09   10 7  -0.0067
  71    1.197  #0a0a0a   11 1  0.0067
  72    1.205  #0a0a0b   11 2  0.0067
  73    1.219  #0b0a0a   11 3  0.0116
  74    1.226  #0b0a0b   11 4  0.0057
  75    1.198  #0a0b0a   11 5  -0.0231
  76    1.205  #0a0b0b   11 6  0.0058
  77    1.220  #0b0b0a   11 7  0.0124
  78    1.227  #0b0b0b   12 1  0.0057
  79    1.227  #0b0b0c   12 2  0.0000
  80    1.244  #0c0b0b   12 3  0.0138
  81    1.244  #0c0b0c   12 4  0.0000
  82    1.305  #0b0c0b   12 5  0.0479
  83    1.305  #0b0c0c   12 6  0.0000
  84    1.322  #0c0c0b   12 7  0.0129
  85    1.322  #0c0c0c   13 1  0.0000
  86    1.331  #0c0c0d   13 2  0.0068
  87    1.348  #0d0c0c   13 3  0.0127
  88    1.357  #0d0c0d   13 4  0.0067
  89    1.405  #0c0d0c   13 5  0.0348
  90    1.413  #0c0d0d   13 6  0.0057
  91    1.432  #0d0d0c   13 7  0.0134
  92    1.440  #0d0d0d   14 1  0.0056
  93    1.449  #0d0d0e   14 2  0.0062
  94    1.440  #0e0d0d   14 3  -0.0062
  95    1.449  #0e0d0e   14 4  0.0062
  96    1.500  #0d0e0d   14 5  0.0346
  97    1.509  #0d0e0e   14 6  0.0060
  98    1.500  #0e0e0d   14 7  -0.0060
  99    1.509  #0e0e0e   15 1  0.0060
 100    1.517  #0e0e0f   15 2  0.0053
 101    1.536  #0f0e0e   15 3  0.0124
 102    1.543  #0f0e0f   15 4  0.0045
 103    1.596  #0e0f0e   15 5  0.0338
 104    1.604  #0e0f0f   15 6  0.0050
 105    1.623  #0f0f0e   15 7  0.0118
 106    1.631  #0f0f0f   16 1  0.0049
 107    1.642  #0f0f10   16 2  0.0067
 108    1.653  #100f0f   16 3  0.0067
 109    1.664  #100f10   16 4  0.0066
 110    1.721  #0f100f   16 5  0.0337
 111    1.733  #0f1010   16 6  0.0069
 112    1.743  #10100f   16 7  0.0058
 113    1.755  #101010   17 1  0.0069
 114    1.767  #101011   17 2  0.0068
 115    1.785  #111010   17 3  0.0101
 116    1.790  #111011   17 4  0.0028
 117    1.830  #101110   17 5  0.0221
 118    1.840  #101111   17 6  0.0054
 119    1.860  #111110   17 7  0.0108
 120    1.870  #111111   18 1  0.0054
 121    1.870  #111112   18 2  0.0000
 122    1.900  #121111   18 3  0.0159
 123    1.900  #121112   18 4  0.0000
 124    1.950  #111211   18 5  0.0260
 125    1.950  #111212   18 6  0.0000
 126    1.980  #121211   18 7  0.0153
 127    1.980  #121212   19 1  0.0000
 128    1.990  #121213   19 2  0.0050
 129    1.980  #131212   19 3  -0.0050
 130    2.000  #131213   19 4  0.0101
 131    2.090  #121312   19 5  0.0440
 132    2.100  #121313   19 6  0.0048
 133    2.090  #131312   19 7  -0.0048
 134    2.100  #131313   20 1  0.0048
 135    2.110  #131314   20 2  0.0048
 136    2.130  #141313   20 3  0.0094
 137    2.140  #141314   20 4  0.0047
 138    2.220  #131413   20 5  0.0367
 139    2.230  #131414   20 6  0.0045
 140    2.250  #141413   20 7  0.0089
 141    2.260  #141414   21 1  0.0044
 142    2.270  #141415   21 2  0.0044
 143    2.290  #151414   21 3  0.0088
 144    2.300  #151415   21 4  0.0044
 145    2.260  #141514   21 5  -0.0175
 146    2.270  #141515   21 6  0.0044
 147    2.290  #151514   21 7  0.0088
 148    2.300  #151515   22 1  0.0044
 149    2.310  #151516   22 2  0.0043
 150    2.340  #161515   22 3  0.0129
 151    2.350  #161516   22 4  0.0043
 152    2.410  #151615   22 5  0.0252
 153    2.420  #151616   22 6  0.0041
 154    2.450  #161615   22 7  0.0123
 155    2.460  #161616   23 1  0.0041
 156    2.460  #161617   23 2  0.0000
 157    2.460  #171616   23 3  0.0000
 158    2.470  #171617   23 4  0.0041
 159    2.590  #161716   23 5  0.0474
 160    2.590  #161717   23 6  0.0000
 161    2.590  #171716   23 7  0.0000
 162    2.590  #171717   24 1  0.0000
 163    2.610  #171718   24 2  0.0077
 164    2.640  #181717   24 3  0.0114
 165    2.660  #181718   24 4  0.0075
 166    2.770  #171817   24 5  0.0405
 167    2.780  #171818   24 6  0.0036
 168    2.820  #181817   24 7  0.0143
 169    2.830  #181818   25 1  0.0035
 170    2.840  #181819   25 2  0.0035
 171    2.880  #191818   25 3  0.0140
 172    2.890  #191819   25 4  0.0035
 173    3.020  #181918   25 5  0.0440
 174    3.030  #181919   25 6  0.0033
 175    3.070  #191918   25 7  0.0131
 176    3.080  #191919   26 1  0.0033
 177    3.100  #19191a   26 2  0.0065
 178    3.130  #1a1919   26 3  0.0096
 179    3.150  #1a191a   26 4  0.0064
 180    3.240  #191a19   26 5  0.0282
 181    3.260  #191a1a   26 6  0.0062
 182    3.280  #1a1a19   26 7  0.0061
 183    3.300  #1a1a1a   27 1  0.0061
 184    3.330  #1a1a1b   27 2  0.0090
 185    3.360  #1b1a1a   27 3  0.0090
 186    3.390  #1b1a1b   27 4  0.0089
 187    3.490  #1a1b1a   27 5  0.0291
 188    3.510  #1a1b1b   27 6  0.0057
 189    3.550  #1b1b1a   27 7  0.0113
 190    3.570  #1b1b1b   28 1  0.0056
 191    3.590  #1b1b1c   28 2  0.0056
 192    3.570  #1c1b1b   28 3  -0.0056
 193    3.590  #1c1b1c   28 4  0.0056
 194    3.770  #1b1c1b   28 5  0.0489
 195    3.780  #1b1c1c   28 6  0.0026
 196    3.770  #1c1c1b   28 7  -0.0026
 197    3.790  #1c1c1c   29 1  0.0053
 198    3.790  #1c1c1d   29 2  0.0000
 199    3.860  #1d1c1c   29 3  0.0183
 200    3.860  #1d1c1d   29 4  0.0000
 201    4.050  #1c1d1c   29 5  0.0480
 202    4.060  #1c1d1d   29 6  0.0025
 203    4.120  #1d1d1c   29 7  0.0147
 204    4.120  #1d1d1d   30 1  0.0000
 205    4.150  #1d1d1e   30 2  0.0073
 206    4.180  #1e1d1d   30 3  0.0072
 207    4.200  #1e1d1e   30 4  0.0048
 208    4.330  #1d1e1d   30 5  0.0305
 209    4.350  #1d1e1e   30 6  0.0046
 210    4.380  #1e1e1d   30 7  0.0069
 211    4.410  #1e1e1e   31 1  0.0068
 212    4.430  #1e1e1f   31 2  0.0045
 213    4.470  #1f1e1e   31 3  0.0090
 214    4.490  #1f1e1f   31 4  0.0045
 215    4.410  #1e1f1e   31 5  -0.0180
 216    4.430  #1e1f1f   31 6  0.0045
 217    4.480  #1f1f1e   31 7  0.0112
 218    4.490  #1f1f1f   32 1  0.0022
 219    4.520  #1f1f20   32 2  0.0067
 220    4.560  #201f1f   32 3  0.0088
 221    4.590  #201f20   32 4  0.0066
 222    4.800  #1f201f   32 5  0.0447
 223    4.830  #1f2020   32 6  0.0062
 224    4.870  #20201f   32 7  0.0082
 225    4.900  #202020   33 1  0.0061
 226    4.920  #202021   33 2  0.0041
 227    4.900  #212020   33 3  -0.0041
 228    4.930  #212021   33 4  0.0061
 229    5.170  #202120   33 5  0.0475
 230    5.190  #202121   33 6  0.0039
 231    5.170  #212120   33 7  -0.0039
 232    5.190  #212121   34 1  0.0039
 233    5.230  #212122   34 2  0.0077
 234    5.290  #222121   34 3  0.0114
 235    5.330  #222122   34 4  0.0075
 236    5.450  #212221   34 5  0.0223
 237    5.490  #212222   34 6  0.0073
 238    5.550  #222221   34 7  0.0109
 239    5.590  #222222   35 1  0.0072
 240    5.590  #222223   35 2  0.0000
 241    5.660  #232222   35 3  0.0124
 242    5.660  #232223   35 4  0.0000
 243    5.890  #222322   35 5  0.0398
 244    5.890  #222323   35 6  0.0000
 245    5.960  #232322   35 7  0.0118
 246    5.960  #232323   36 1  0.0000
 247    6.000  #232324   36 2  0.0067
 248    6.080  #242323   36 3  0.0132
 249    6.110  #242324   36 4  0.0049
 250    6.350  #232423   36 5  0.0385
 251    6.380  #232424   36 6  0.0047
 252    6.470  #242423   36 7  0.0140
 253    6.500  #242424   37 1  0.0046
 254    6.520  #242425   37 2  0.0031
 255    6.500  #252424   37 3  -0.0031
 256    6.520  #252425   37 4  0.0031
 257    6.780  #242524   37 5  0.0391
 258    6.800  #242525   37 6  0.0029
 259    6.780  #252524   37 7  -0.0029
 260    6.800  #252525   38 1  0.0029
 261    6.830  #252526   38 2  0.0044
 262    6.920  #262525   38 3  0.0131
 263    6.950  #262526   38 4  0.0043
 264    7.220  #252625   38 5  0.0381
 265    7.250  #252626   38 6  0.0041
 266    7.340  #262625   38 7  0.0123
 267    7.370  #262626   39 1  0.0041
 268    7.420  #262627   39 2  0.0068
 269    7.450  #272626   39 3  0.0040
 270    7.500  #272627   39 4  0.0067
 271    7.700  #262726   39 5  0.0263
 272    7.760  #262727   39 6  0.0078
 273    7.790  #272726   39 7  0.0039
 274    7.840  #272727   40 1  0.0064
 275    7.840  #272728   40 2  0.0000
 276    7.940  #282727   40 3  0.0127
 277    7.940  #282728   40 4  0.0000
 278    8.250  #272827   40 5  0.0383
 279    8.260  #272828   40 6  0.0012
 280    8.360  #282827   40 7  0.0120
 281    8.360  #282828   41 1  0.0000
 282    8.390  #282829   41 2  0.0036
 283    8.490  #292828   41 3  0.0118
 284    8.520  #292829   41 4  0.0035
 285    8.370  #282928   41 5  -0.0178
 286    8.400  #282929   41 6  0.0036
 287    8.500  #292928   41 7  0.0118
 288    8.530  #292929   42 1  0.0035
 289    8.580  #29292a   42 2  0.0058
 290    8.530  #2a2929   42 3  -0.0058
 291    8.590  #2a292a   42 4  0.0070
 292    8.900  #292a29   42 5  0.0354
 293    8.950  #292a2a   42 6  0.0056
 294    8.900  #2a2a29   42 7  -0.0056
 295    8.950  #2a2a2a   43 1  0.0056
 296    8.990  #2a2a2b   43 2  0.0045
 297    9.070  #2b2a2a   43 3  0.0089
 298    9.110  #2b2a2b   43 4  0.0044
 299    9.400  #2a2b2a   43 5  0.0313
 300    9.440  #2a2b2b   43 6  0.0042
 301    9.520  #2b2b2a   43 7  0.0084
 302    9.560  #2b2b2b   44 1  0.0042
 303    9.610  #2b2b2c   44 2  0.0052
 304    9.730  #2c2b2b   44 3  0.0124
 305    9.780  #2c2b2c   44 4  0.0051
 306    9.960  #2b2c2b   44 5  0.0182
 307   10.000  #2b2c2c   44 6  0.0040
 308   10.130  #2c2c2b   44 7  0.0129
 309   10.170  #2c2c2c   45 1  0.0039
 310   10.210  #2c2c2d   45 2  0.0039
 311   10.300  #2d2c2c   45 3  0.0088
 312   10.330  #2d2c2d   45 4  0.0029
 313   10.710  #2c2d2c   45 5  0.0361
 314   10.750  #2c2d2d   45 6  0.0037
 315   10.840  #2d2d2c   45 7  0.0083
 316   10.870  #2d2d2d   46 1  0.0028
 317   10.870  #2d2d2e   46 2  0.0000
 318   10.880  #2e2d2d   46 3  0.0009
 319   10.880  #2e2d2e   46 4  0.0000
 320   11.300  #2d2e2d   46 5  0.0379
 321   11.310  #2d2e2e   46 6  0.0009
 322   11.310  #2e2e2d   46 7  0.0000
 323   11.310  #2e2e2e   47 1  0.0000
 324   11.360  #2e2e2f   47 2  0.0044
 325   11.470  #2f2e2e   47 3  0.0096
 326   11.520  #2f2e2f   47 4  0.0043
 327   11.760  #2e2f2e   47 5  0.0206
 328   11.810  #2e2f2f   47 6  0.0042
 329   11.910  #2f2f2e   47 7  0.0084
 330   11.970  #2f2f2f   48 1  0.0050
 331   12.010  #2f2f30   48 2  0.0033
 332   12.100  #302f2f   48 3  0.0075
 333   12.150  #302f30   48 4  0.0041
 334   12.580  #2f302f   48 5  0.0348
 335   12.620  #2f3030   48 6  0.0032
 336   12.710  #30302f   48 7  0.0071
 337   12.760  #303030   49 1  0.0039
 338   12.820  #303031   49 2  0.0047
 339   12.950  #313030   49 3  0.0101
 340   13.010  #313031   49 4  0.0046
 341   13.240  #303130   49 5  0.0175
 342   13.300  #303131   49 6  0.0045
 343   13.440  #313130   49 7  0.0105
 344   13.500  #313131   50 1  0.0045
 345   13.540  #313132   50 2  0.0030
 346   13.630  #323131   50 3  0.0066
 347   13.670  #323132   50 4  0.0029
 348   14.100  #313231   50 5  0.0310
 349   14.150  #313232   50 6  0.0035
 350   14.240  #323231   50 7  0.0063
 351   14.280  #323232   51 1  0.0028
 352   14.340  #323233   51 2  0.0042
 353   14.290  #333232   51 3  -0.0035
 354   14.340  #333233   51 4  0.0035
 355   14.850  #323332   51 5  0.0349
 356   14.910  #323333   51 6  0.0040
 357   14.850  #333332   51 7  -0.0040
 358   14.910  #333333   52 1  0.0040
 359   14.910  #333334   52 2  0.0000
 360   15.120  #343333   52 3  0.0140
 361   15.120  #343334   52 4  0.0000
 362   14.920  #333433   52 5  -0.0133
 363   14.920  #333434   52 6  0.0000
 364   15.130  #343433   52 7  0.0140
 365   15.130  #343434   53 1  0.0000
 366   15.210  #343435   53 2  0.0053
 367   15.280  #353434   53 3  0.0046
 368   15.360  #353435   53 4  0.0052
 369   15.840  #343534   53 5  0.0308
 370   15.920  #343535   53 6  0.0050
 371   16.000  #353534   53 7  0.0050
 372   16.070  #353535   54 1  0.0044
 373   16.120  #353536   54 2  0.0031
 374   16.260  #363535   54 3  0.0086
 375   16.310  #363536   54 4  0.0031
 376   16.740  #353635   54 5  0.0260
 377   16.790  #353636   54 6  0.0030
 378   16.940  #363635   54 7  0.0089
 379   16.990  #363636   55 1  0.0029
 380   17.050  #363637   55 2  0.0035
 381   16.990  #373636   55 3  -0.0035
 382   17.050  #373637   55 4  0.0035
 383   17.580  #363736   55 5  0.0306
 384   17.640  #363737   55 6  0.0034
 385   17.580  #373736   55 7  -0.0034
 386   17.640  #373737   56 1  0.0034
 387   17.710  #373738   56 2  0.0040
 388   17.900  #383737   56 3  0.0107
 389   17.900  #383738   56 4  0.0000
 390   18.200  #373837   56 5  0.0166
 391   18.300  #373838   56 6  0.0055
 392   18.500  #383837   56 7  0.0109
 393   18.600  #383838   57 1  0.0054
 394   18.600  #383839   57 2  0.0000
 395   18.700  #393838   57 3  0.0054
 396   18.700  #393839   57 4  0.0000
 397   19.400  #383938   57 5  0.0367
 398   19.400  #383939   57 6  0.0000
 399   19.500  #393938   57 7  0.0051
 400   19.500  #393939   58 1  0.0000
 401   19.600  #39393a   58 2  0.0051
 402   19.700  #3a3939   58 3  0.0051
 403   19.800  #3a393a   58 4  0.0051
 404   20.200  #393a39   58 5  0.0200
 405   20.200  #393a3a   58 6  0.0000
 406   20.300  #3a3a39   58 7  0.0049
 407   20.400  #3a3a3a   59 1  0.0049
 408   20.500  #3a3a3b   59 2  0.0049
 409   20.600  #3b3a3a   59 3  0.0049
 410   20.600  #3b3a3b   59 4  0.0000
 411   21.000  #3a3b3a   59 5  0.0192
 412   21.100  #3a3b3b   59 6  0.0048
 413   21.200  #3b3b3a   59 7  0.0047
 414   21.300  #3b3b3b   60 1  0.0047
 415   21.300  #3b3b3c   60 2  0.0000
 416   21.300  #3c3b3b   60 3  0.0000
 417   21.400  #3c3b3c   60 4  0.0047
 418   21.900  #3b3c3b   60 5  0.0231
 419   22.000  #3b3c3c   60 6  0.0046
 420   22.000  #3c3c3b   60 7  0.0000
 421   22.000  #3c3c3c   61 1  0.0000
 422   22.100  #3c3c3d   61 2  0.0045
 423   22.200  #3d3c3c   61 3  0.0045
 424   22.300  #3d3c3d   61 4  0.0045
 425   22.900  #3c3d3c   61 5  0.0265
 426   23.000  #3c3d3d   61 6  0.0044
 427   23.100  #3d3d3c   61 7  0.0043
 428   23.200  #3d3d3d   62 1  0.0043
 429   23.200  #3d3d3e   62 2  0.0000
 430   23.400  #3e3d3d   62 3  0.0086
 431   23.400  #3e3d3e   62 4  0.0000
 432   23.200  #3d3e3d   62 5  -0.0086
 433   23.200  #3d3e3e   62 6  0.0000
 434   23.400  #3e3e3d   62 7  0.0086
 435   23.400  #3e3e3e   63 1  0.0000
 436   23.400  #3e3e3f   63 2  0.0000
 437   23.600  #3f3e3e   63 3  0.0085
 438   23.600  #3f3e3f   63 4  0.0000
 439   24.100  #3e3f3e   63 5  0.0210
 440   24.100  #3e3f3f   63 6  0.0000
 441   24.300  #3f3f3e   63 7  0.0083
 442   24.300  #3f3f3f   64 1  0.0000
 443   24.400  #3f3f40   64 2  0.0041
 444   24.500  #403f3f   64 3  0.0041
 445   24.500  #403f40   64 4  0.0000
 446   25.000  #3f403f   64 5  0.0202
 447   25.000  #3f4040   64 6  0.0000
 448   25.200  #40403f   64 7  0.0080
 449   25.200  #404040   65 1  0.0000
 450   25.300  #404041   65 2  0.0040
 451   25.200  #414040   65 3  -0.0040
 452   25.300  #414041   65 4  0.0040
 453   25.900  #404140   65 5  0.0234
 454   26.000  #404141   65 6  0.0039
 455   25.900  #414140   65 7  -0.0039
 456   26.000  #414141   66 1  0.0039
 457   26.100  #414142   66 2  0.0038
 458   26.300  #424141   66 3  0.0076
 459   26.400  #424142   66 4  0.0038
 460   26.800  #414241   66 5  0.0150
 461   26.900  #414242   66 6  0.0037
 462   27.100  #424241   66 7  0.0074
 463   27.200  #424242   67 1  0.0037
 464   27.300  #424243   67 2  0.0037
 465   27.400  #434242   67 3  0.0037
 466   27.500  #434243   67 4  0.0036
 467   27.900  #424342   67 5  0.0144
 468   28.000  #424343   67 6  0.0036
 469   28.100  #434342   67 7  0.0036
 470   28.200  #434343   68 1  0.0036
 471   28.300  #434344   68 2  0.0035
 472   28.500  #444343   68 3  0.0070
 473   28.600  #444344   68 4  0.0035
 474   28.900  #434443   68 5  0.0104
 475   29.000  #434444   68 6  0.0035
 476   29.200  #444443   68 7  0.0069
 477   29.300  #444444   69 1  0.0034
 478   29.300  #444445   69 2  0.0000
 479   29.300  #454444   69 3  0.0000
 480   29.300  #454445   69 4  0.0000
 481   30.100  #444544   69 5  0.0269
 482   30.100  #444545   69 6  0.0000
 483   30.100  #454544   69 7  0.0000
 484   30.100  #454545   70 1  0.0000
 485   30.100  #454546   70 2  0.0000
 486   30.300  #464545   70 3  0.0066
 487   30.400  #464546   70 4  0.0033
 488   30.800  #454645   70 5  0.0131
 489   30.900  #454646   70 6  0.0032
 490   31.100  #464645   70 7  0.0065
 491   31.100  #464646   71 1  0.0000
 492   31.200  #464647   71 2  0.0032
 493   31.500  #474646   71 3  0.0096
 494   31.600  #474647   71 4  0.0032
 495   31.900  #464746   71 5  0.0094
 496   32.000  #464747   71 6  0.0031
 497   32.200  #474746   71 7  0.0062
 498   32.300  #474747   72 1  0.0031
 499   32.400  #474748   72 2  0.0031
 500   32.500  #484747   72 3  0.0031
 501   32.600  #484748   72 4  0.0031
 502   32.300  #474847   72 5  -0.0092
 503   32.400  #474848   72 6  0.0031
 504   32.500  #484847   72 7  0.0031
 505   32.700  #484848   73 1  0.0061
 506   32.700  #484849   73 2  0.0000
 507   32.900  #494848   73 3  0.0061
 508   33.000  #494849   73 4  0.0030
 509   33.600  #484948   73 5  0.0180
 510   33.700  #484949   73 6  0.0030
 511   33.800  #494948   73 7  0.0030
 512   33.900  #494949   74 1  0.0030
 513   33.900  #49494a   74 2  0.0000
 514   33.900  #4a4949   74 3  0.0000
 515   33.900  #4a494a   74 4  0.0000
 516   34.700  #494a49   74 5  0.0233
 517   34.700  #494a4a   74 6  0.0000
 518   34.700  #4a4a49   74 7  0.0000
 519   34.700  #4a4a4a   75 1  0.0000
 520   34.800  #4a4a4b   75 2  0.0029
 521   34.900  #4b4a4a   75 3  0.0029
 522   35.000  #4b4a4b   75 4  0.0029
 523   35.500  #4a4b4a   75 5  0.0142
 524   35.600  #4a4b4b   75 6  0.0028
 525   35.700  #4b4b4a   75 7  0.0028
 526   35.800  #4b4b4b   76 1  0.0028
 527   35.900  #4b4b4c   76 2  0.0028
 528   36.100  #4c4b4b   76 3  0.0056
 529   36.200  #4c4b4c   76 4  0.0028
 530   36.600  #4b4c4b   76 5  0.0110
 531   36.700  #4b4c4c   76 6  0.0027
 532   36.900  #4c4c4b   76 7  0.0054
 533   37.000  #4c4c4c   77 1  0.0027
 534   37.100  #4c4c4d   77 2  0.0027
 535   37.200  #4d4c4c   77 3  0.0027
 536   37.400  #4d4c4d   77 4  0.0054
 537   37.800  #4c4d4c   77 5  0.0106
 538   37.900  #4c4d4d   77 6  0.0026
 539   38.100  #4d4d4c   77 7  0.0053
 540   38.200  #4d4d4d   78 1  0.0026
 541   38.300  #4d4d4e   78 2  0.0026
 542   38.200  #4e4d4d   78 3  -0.0026
 543   38.300  #4e4d4e   78 4  0.0026
 544   39.100  #4d4e4d   78 5  0.0207
 545   39.100  #4d4e4e   78 6  0.0000
 546   39.000  #4e4e4d   78 7  -0.0026
 547   39.100  #4e4e4e   79 1  0.0026
 548   39.300  #4e4e4f   79 2  0.0051
 549   39.400  #4f4e4e   79 3  0.0025
 550   39.500  #4f4e4f   79 4  0.0025
 551   39.800  #4e4f4e   79 5  0.0076
 552   39.900  #4e4f4f   79 6  0.0025
 553   40.100  #4f4f4e   79 7  0.0050
 554   40.200  #4f4f4f   80 1  0.0025
 555   40.200  #4f4f50   80 2  0.0000
 556   40.500  #504f4f   80 3  0.0074
 557   40.500  #504f50   80 4  0.0000
 558   41.000  #4f504f   80 5  0.0123
 559   41.000  #4f5050   80 6  0.0000
 560   41.300  #50504f   80 7  0.0073
 561   41.300  #505050   81 1  0.0000
 562   41.500  #505051   81 2  0.0048
 563   41.600  #515050   81 3  0.0024
 564   41.700  #515051   81 4  0.0024
 565   42.500  #505150   81 5  0.0190
 566   42.600  #505151   81 6  0.0024
 567   42.800  #515150   81 7  0.0047
 568   42.900  #515151   82 1  0.0023
 569   43.000  #515152   82 2  0.0023
 570   43.100  #525151   82 3  0.0023
 571   43.200  #525152   82 4  0.0023
 572   42.900  #515251   82 5  -0.0070
 573   43.000  #515252   82 6  0.0023
 574   43.100  #525251   82 7  0.0023
 575   43.200  #525252   83 1  0.0023
 576   43.300  #525253   83 2  0.0023
 577   43.200  #535252   83 3  -0.0023
 578   43.300  #535253   83 4  0.0023
 579   44.200  #525352   83 5  0.0206
 580   44.200  #525353   83 6  0.0000
 581   44.100  #535352   83 7  -0.0023
 582   44.200  #535353   84 1  0.0023
 583   44.400  #535354   84 2  0.0045
 584   44.500  #545353   84 3  0.0022
 585   44.700  #545354   84 4  0.0045
 586   45.200  #535453   84 5  0.0111
 587   45.300  #535454   84 6  0.0022
 588   45.500  #545453   84 7  0.0044
 589   45.600  #545454   85 1  0.0022
 590   45.700  #545455   85 2  0.0022
 591   45.900  #555454   85 3  0.0044
 592   46.000  #555455   85 4  0.0022
 593   46.500  #545554   85 5  0.0108
 594   46.600  #545555   85 6  0.0021
 595   46.800  #555554   85 7  0.0043
 596   46.900  #555555   86 1  0.0021
 597   46.900  #555556   86 2  0.0000
 598   47.100  #565555   86 3  0.0043
 599   47.200  #565556   86 4  0.0021
 600   47.800  #555655   86 5  0.0126
 601   47.800  #555656   86 6  0.0000
 602   48.100  #565655   86 7  0.0063
 603   48.100  #565656   87 1  0.0000
 604   48.100  #565657   87 2  0.0000
 605   48.100  #575656   87 3  0.0000
 606   48.200  #575657   87 4  0.0021
 607   49.000  #565756   87 5  0.0165
 608   49.100  #565757   87 6  0.0020
 609   49.100  #575756   87 7  0.0000
 610   49.100  #575757   88 1  0.0000
 611   49.200  #575758   88 2  0.0020
 612   49.400  #585757   88 3  0.0041
 613   49.500  #585758   88 4  0.0020
 614   50.000  #575857   88 5  0.0101
 615   50.100  #575858   88 6  0.0020
 616   50.300  #585857   88 7  0.0040
 617   50.400  #585858   89 1  0.0020
 618   50.600  #585859   89 2  0.0040
 619   50.700  #595858   89 3  0.0020
 620   50.900  #595859   89 4  0.0039
 621   51.400  #585958   89 5  0.0098
 622   51.500  #585959   89 6  0.0019
 623   51.600  #595958   89 7  0.0019
 624   51.800  #595959   90 1  0.0039
 625   51.900  #59595a   90 2  0.0019
 626   52.100  #5a5959   90 3  0.0038
 627   52.200  #5a595a   90 4  0.0019
 628   52.800  #595a59   90 5  0.0114
 629   52.900  #595a5a   90 6  0.0019
 630   53.100  #5a5a59   90 7  0.0038
 631   53.100  #5a5a5a   91 1  0.0000
 632   53.200  #5a5a5b   91 2  0.0019
 633   53.400  #5b5a5a   91 3  0.0038
 634   53.500  #5b5a5b   91 4  0.0019
 635   54.100  #5a5b5a   91 5  0.0112
 636   54.200  #5a5b5b   91 6  0.0018
 637   54.400  #5b5b5a   91 7  0.0037
 638   54.500  #5b5b5b   92 1  0.0018
 639   54.500  #5b5b5c   92 2  0.0000
 640   54.500  #5c5b5b   92 3  0.0000
 641   54.500  #5c5b5c   92 4  0.0000
 642   55.500  #5b5c5b   92 5  0.0182
 643   55.500  #5b5c5c   92 6  0.0000
 644   55.500  #5c5c5b   92 7  0.0000
 645   55.500  #5c5c5c   93 1  0.0000
 646   55.600  #5c5c5d   93 2  0.0018
 647   55.800  #5d5c5c   93 3  0.0036
 648   55.900  #5d5c5d   93 4  0.0018
 649   55.500  #5c5d5c   93 5  -0.0072
 650   55.600  #5c5d5d   93 6  0.0018
 651   55.800  #5d5d5c   93 7  0.0036
 652   55.900  #5d5d5d   94 1  0.0018
 653   56.000  #5d5d5e   94 2  0.0018
 654   56.300  #5e5d5d   94 3  0.0053
 655   56.400  #5e5d5e   94 4  0.0018
 656   56.900  #5d5e5d   94 5  0.0088
 657   57.000  #5d5e5e   94 6  0.0018
 658   57.400  #5e5e5d   94 7  0.0070
 659   57.500  #5e5e5e   95 1  0.0017
 660   57.600  #5e5e5f   95 2  0.0017
 661   57.800  #5f5e5e   95 3  0.0035
 662   57.900  #5f5e5f   95 4  0.0017
 663   58.500  #5e5f5e   95 5  0.0103
 664   58.600  #5e5f5f   95 6  0.0017
 665   58.800  #5f5f5e   95 7  0.0034
 666   58.900  #5f5f5f   96 1  0.0017
 667   59.000  #5f5f60   96 2  0.0017
 668   59.200  #605f5f   96 3  0.0034
 669   59.300  #605f60   96 4  0.0017
 670   60.000  #5f605f   96 5  0.0117
 671   60.000  #5f6060   96 6  0.0000
 672   60.200  #60605f   96 7  0.0033
 673   60.400  #606060   97 1  0.0033
 674   60.400  #606061   97 2  0.0000
 675   60.400  #616060   97 3  0.0000
 676   60.400  #616061   97 4  0.0000
 677   61.400  #606160   97 5  0.0164
 678   61.400  #606161   97 6  0.0000
 679   61.400  #616160   97 7  0.0000
 680   61.400  #616161   98 1  0.0000
 681   61.500  #616162   98 2  0.0016
 682   61.700  #626161   98 3  0.0032
 683   61.800  #626162   98 4  0.0016
 684   62.400  #616261   98 5  0.0097
 685   62.600  #616262   98 6  0.0032
 686   62.800  #626261   98 7  0.0032
 687   62.900  #626262   99 1  0.0016
 688   63.000  #626263   99 2  0.0016
 689   63.200  #636262   99 3  0.0032
 690   63.300  #636263   99 4  0.0016
 691   63.900  #626362   99 5  0.0094
 692   64.000  #626363   99 6  0.0016
 693   64.200  #636362   99 7  0.0031
 694   64.200  #636363  100 1  0.0000
 695   64.300  #636364  100 2  0.0016
 696   64.300  #646363  100 3  0.0000
 697   64.700  #646364  100 4  0.0062
 698   65.200  #636463  100 5  0.0077
 699   65.400  #636464  100 6  0.0031
 700   65.600  #646463  100 7  0.0031
 701   65.800  #646464  101 1  0.0030
 702   65.900  #646465  101 2  0.0015
 703   65.800  #656464  101 3  -0.0015
 704   65.900  #656465  101 4  0.0015
 705   66.800  #646564  101 5  0.0136
 706   66.900  #646565  101 6  0.0015
 707   66.800  #656564  101 7  -0.0015
 708   66.900  #656565  102 1  0.0015
 709   67.000  #656566  102 2  0.0015
 710   67.200  #666565  102 3  0.0030
 711   67.400  #666566  102 4  0.0030
 712   67.900  #656665  102 5  0.0074
 713   68.100  #656666  102 6  0.0029
 714   68.300  #666665  102 7  0.0029
 715   68.400  #666666  103 1  0.0015
 716   68.400  #666667  103 2  0.0000
 717   68.700  #676666  103 3  0.0044
 718   68.700  #676667  103 4  0.0000
 719   68.400  #666766  103 5  -0.0044
 720   68.400  #666767  103 6  0.0000
 721   68.700  #676766  103 7  0.0044
 722   68.700  #676767  104 1  0.0000
 723   68.800  #676768  104 2  0.0015
 724   69.000  #686767  104 3  0.0029
 725   69.100  #686768  104 4  0.0014
 726   69.700  #676867  104 5  0.0086
 727   69.900  #676868  104 6  0.0029
 728   70.100  #686867  104 7  0.0029
 729   70.200  #686868  105 1  0.0014
 730   70.300  #686869  105 2  0.0014
 731   70.500  #696868  105 3  0.0028
 732   70.600  #696869  105 4  0.0014
 733   71.200  #686968  105 5  0.0085
 734   71.300  #686969  105 6  0.0014
 735   71.500  #696968  105 7  0.0028
 736   71.700  #696969  106 1  0.0028
 737   71.800  #69696a  106 2  0.0014
 738   71.700  #6a6969  106 3  -0.0014
 739   71.800  #6a696a  106 4  0.0014
 740   72.600  #696a69  106 5  0.0111
 741   72.700  #696a6a  106 6  0.0014
 742   72.500  #6a6a69  106 7  -0.0028
 743   72.700  #6a6a6a  107 1  0.0028
 744   72.800  #6a6a6b  107 2  0.0014
 745   73.000  #6b6a6a  107 3  0.0027
 746   73.100  #6b6a6b  107 4  0.0014
 747   73.800  #6a6b6a  107 5  0.0095
 748   73.900  #6a6b6b  107 6  0.0014
 749   74.100  #6b6b6a  107 7  0.0027
 750   74.200  #6b6b6b  108 1  0.0013
 751   74.300  #6b6b6c  108 2  0.0013
 752   74.500  #6c6b6b  108 3  0.0027
 753   74.700  #6c6b6c  108 4  0.0027
 754   75.300  #6b6c6b  108 5  0.0080
 755   75.400  #6b6c6c  108 6  0.0013
 756   75.700  #6c6c6b  108 7  0.0040
 757   75.800  #6c6c6c  109 1  0.0013
 758   75.800  #6c6c6d  109 2  0.0000
 759   76.100  #6d6c6c  109 3  0.0039
 760   76.100  #6d6c6d  109 4  0.0000
 761   76.900  #6c6d6c  109 5  0.0105
 762   76.900  #6c6d6d  109 6  0.0000
 763   77.200  #6d6d6c  109 7  0.0039
 764   77.200  #6d6d6d  110 1  0.0000
 765   77.400  #6d6d6e  110 2  0.0026
 766   77.300  #6e6d6d  110 3  -0.0013
 767   77.400  #6e6d6e  110 4  0.0013
 768   78.400  #6d6e6d  110 5  0.0128
 769   78.500  #6d6e6e  110 6  0.0013
 770   78.400  #6e6e6d  110 7  -0.0013
 771   78.500  #6e6e6e  111 1  0.0013
 772   78.600  #6e6e6f  111 2  0.0013
 773   78.900  #6f6e6e  111 3  0.0038
 774   79.000  #6f6e6f  111 4  0.0013
 775   79.600  #6e6f6e  111 5  0.0076
 776   79.700  #6e6f6f  111 6  0.0013
 777   80.000  #6f6f6e  111 7  0.0038
 778   80.100  #6f6f6f  112 1  0.0012
 779   80.300  #6f6f70  112 2  0.0025
 780   80.500  #706f6f  112 3  0.0025
 781   80.600  #706f70  112 4  0.0012
 782   81.200  #6f706f  112 5  0.0074
 783   81.400  #6f7070  112 6  0.0025
 784   81.600  #70706f  112 7  0.0025
 785   81.700  #707070  113 1  0.0012
 786   81.800  #707071  113 2  0.0012
 787   82.000  #717070  113 3  0.0024
 788   82.200  #717071  113 4  0.0024
 789   81.700  #707170  113 5  -0.0061
 790   81.900  #707171  113 6  0.0024
 791   82.000  #717170  113 7  0.0012
 792   82.200  #717171  114 1  0.0024
 793   82.200  #717172  114 2  0.0000
 794   82.600  #727171  114 3  0.0049
 795   82.500  #727172  114 4  -0.0012
 796   83.400  #717271  114 5  0.0108
 797   83.400  #717272  114 6  0.0000
 798   83.700  #727271  114 7  0.0036
 799   83.700  #727272  115 1  0.0000
 800   83.800  #727273  115 2  0.0012
 801   83.800  #737272  115 3  0.0000
 802   83.900  #737273  115 4  0.0012
 803   85.000  #727372  115 5  0.0130
 804   85.100  #727373  115 6  0.0012
 805   85.000  #737372  115 7  -0.0012
 806   85.100  #737373  116 1  0.0012
 807   85.200  #737374  116 2  0.0012
 808   85.500  #747373  116 3  0.0035
 809   85.500  #747374  116 4  0.0000
 810   86.300  #737473  116 5  0.0093
 811   86.400  #737474  116 6  0.0012
 812   86.700  #747473  116 7  0.0035
 813   86.700  #747474  117 1  0.0000
 814   86.900  #747475  117 2  0.0023
 815   87.100  #757474  117 3  0.0023
 816   87.200  #757475  117 4  0.0011
 817   87.800  #747574  117 5  0.0069
 818   87.900  #747575  117 6  0.0011
 819   88.100  #757574  117 7  0.0023
 820   88.200  #757575  118 1  0.0011
 821   88.400  #757576  118 2  0.0023
 822   88.600  #767575  118 3  0.0023
 823   88.700  #767576  118 4  0.0011
 824   89.500  #757675  118 5  0.0090
 825   89.600  #757676  118 6  0.0011
 826   89.900  #767675  118 7  0.0033
 827   90.000  #767676  119 1  0.0011
 828   90.100  #767677  119 2  0.0011
 829   90.000  #777676  119 3  -0.0011
 830   90.100  #777677  119 4  0.0011
 831   91.200  #767776  119 5  0.0121
 832   91.400  #767777  119 6  0.0022
 833   91.200  #777776  119 7  -0.0022
 834   91.400  #777777  120 1  0.0022
 835   91.400  #777778  120 2  0.0000
 836   91.800  #787777  120 3  0.0044
 837   91.800  #787778  120 4  0.0000
 838   92.600  #777877  120 5  0.0087
 839   92.700  #777878  120 6  0.0011
 840   93.100  #787877  120 7  0.0043
 841   93.000  #787878  121 1  -0.0011
 842   93.200  #787879  121 2  0.0021
 843   93.500  #797878  121 3  0.0032
 844   93.500  #797879  121 4  0.0000
 845   94.400  #787978  121 5  0.0096
 846   94.500  #787979  121 6  0.0011
 847   94.800  #797978  121 7  0.0032
 848   94.900  #797979  122 1  0.0011
 849   95.100  #79797a  122 2  0.0021
 850   95.200  #7a7979  122 3  0.0011
 851   95.300  #7a797a  122 4  0.0010
 852   96.400  #797a79  122 5  0.0115
 853   96.600  #797a7a  122 6  0.0021
 854   96.600  #7a7a79  122 7  0.0000
 855   96.800  #7a7a7a  123 1  0.0021
 856   96.900  #7a7a7b  123 2  0.0010
 857   97.200  #7b7a7a  123 3  0.0031
 858   97.200  #7b7a7b  123 4  0.0000
 859   96.800  #7a7b7a  123 5  -0.0041
 860   96.900  #7a7b7b  123 6  0.0010
 861   97.100  #7b7b7a  123 7  0.0021
 862   97.300  #7b7b7b  124 1  0.0021
 863   97.400  #7b7b7c  124 2  0.0010
 864   97.300  #7c7b7b  124 3  -0.0010
 865   97.400  #7c7b7c  124 4  0.0010
 866   98.100  #7b7c7b  124 5  0.0072
 867   98.300  #7b7c7c  124 6  0.0020
 868   98.100  #7c7c7b  124 7  -0.0020
 869   98.300  #7c7c7c  125 1  0.0020
 870   98.300  #7c7c7d  125 2  0.0000
 871   98.800  #7d7c7c  125 3  0.0051
 872   98.800  #7d7c7d  125 4  0.0000
 873   99.100  #7c7d7c  125 5  0.0030
 874   99.200  #7c7d7d  125 6  0.0010
 875   99.500  #7d7d7c  125 7  0.0030
 876   99.600  #7d7d7d  126 1  0.0010
 877   99.600  #7d7d7e  126 2  0.0000
 878  100.000  #7e7d7d  126 3  0.0040
 879  100.000  #7e7d7e  126 4  0.0000
 880  100.700  #7d7e7d  126 5  0.0070
 881  100.700  #7d7e7e  126 6  0.0000
 882  101.100  #7e7e7d  126 7  0.0040
 883  101.100  #7e7e7e  127 1  0.0000
 884  101.200  #7e7e7f  127 2  0.0010
 885  101.500  #7f7e7e  127 3  0.0030
 886  101.700  #7f7e7f  127 4  0.0020
 887  102.200  #7e7f7e  127 5  0.0049
 888  102.300  #7e7f7f  127 6  0.0010
 889  102.600  #7f7f7e  127 7  0.0029
 890  102.800  #7f7f7f  128 1  0.0019
 891  102.900  #7f7f80  128 2  0.0010
 892  103.200  #807f7f  128 3  0.0029
 893  103.300  #807f80  128 4  0.0010
 894  103.800  #7f807f  128 5  0.0048
 895  104.000  #7f8080  128 6  0.0019
 896  104.200  #80807f  128 7  0.0019
 897  104.400  #808080  129 1  0.0019
 898  104.500  #808081  129 2  0.0010
 899  104.400  #818080  129 3  -0.0010
 900  104.500  #818081  129 4  0.0010
 901  105.500  #808180  129 5  0.0095
 902  105.600  #808181  129 6  0.0009
 903  105.500  #818180  129 7  -0.0009
 904  105.600  #818181  130 1  0.0009
 905  105.800  #818182  130 2  0.0019
 906  106.100  #828181  130 3  0.0028
 907  106.200  #828182  130 4  0.0009
 908  106.400  #818281  130 5  0.0019
 909  106.500  #818282  130 6  0.0009
 910  106.700  #828281  130 7  0.0019
 911  107.000  #828282  131 1  0.0028
 912  106.900  #828283  131 2  -0.0009
 913  107.400  #838282  131 3  0.0047
 914  107.300  #838283  131 4  -0.0009
 915  108.000  #828382  131 5  0.0065
 916  108.200  #828383  131 6  0.0019
 917  108.500  #838382  131 7  0.0028
 918  108.500  #838383  132 1  0.0000
 919  108.600  #838384  132 2  0.0009
 920  108.900  #848383  132 3  0.0028
 921  109.000  #848384  132 4  0.0009
 922  109.600  #838483  132 5  0.0055
 923  109.800  #838484  132 6  0.0018
 924  110.100  #848483  132 7  0.0027
 925  110.200  #848484  133 1  0.0009
 926  110.300  #848485  133 2  0.0009
 927  110.200  #858484  133 3  -0.0009
 928  110.400  #858485  133 4  0.0018
 929  111.400  #848584  133 5  0.0090
 930  111.600  #848585  133 6  0.0018
 931  111.400  #858584  133 7  -0.0018
 932  111.500  #858585  134 1  0.0009
 933  111.700  #858586  134 2  0.0018
 934  111.900  #868585  134 3  0.0018
 935  112.000  #868586  134 4  0.0009
 936  111.600  #858685  134 5  -0.0036
 937  111.700  #858686  134 6  0.0009
 938  111.900  #868685  134 7  0.0018
 939  112.100  #868686  135 1  0.0018
 940  112.200  #868687  135 2  0.0009
 941  112.300  #878686  135 3  0.0009
 942  112.500  #878687  135 4  0.0018
 943  113.200  #868786  135 5  0.0062
 944  113.300  #868787  135 6  0.0009
 945  113.500  #878786  135 7  0.0018
 946  113.500  #878787  136 1  0.0000
 947  113.700  #878788  136 2  0.0018
 948  114.000  #888787  136 3  0.0026
 949  114.200  #888788  136 4  0.0018
 950  114.400  #878887  136 5  0.0017
 951  114.600  #878888  136 6  0.0017
 952  114.800  #888887  136 7  0.0017
 953  115.000  #888888  137 1  0.0017
 954  115.000  #888889  137 2  0.0000
 955  115.300  #898888  137 3  0.0026
 956  115.400  #898889  137 4  0.0009
 957  116.200  #888988  137 5  0.0069
 958  116.200  #888989  137 6  0.0000
 959  116.600  #898988  137 7  0.0034
 960  116.600  #898989  138 1  0.0000
 961  116.700  #89898a  138 2  0.0009
 962  116.600  #8a8989  138 3  -0.0009
 963  116.800  #8a898a  138 4  0.0017
 964  117.700  #898a89  138 5  0.0077
 965  117.900  #898a8a  138 6  0.0017
 966  117.800  #8a8a89  138 7  -0.0008
 967  117.900  #8a8a8a  139 1  0.0008
 968  118.100  #8a8a8b  139 2  0.0017
 969  118.200  #8b8a8a  139 3  0.0008
 970  118.400  #8b8a8b  139 4  0.0017
 971  119.100  #8a8b8a  139 5  0.0059
 972  119.300  #8a8b8b  139 6  0.0017
 973  119.600  #8b8b8a  139 7  0.0025
 974  119.600  #8b8b8b  140 1  0.0000
 975  119.800  #8b8b8c  140 2  0.0017
 976  119.900  #8c8b8b  140 3  0.0008
 977  120.200  #8c8b8c  140 4  0.0025
 978  120.800  #8b8c8b  140 5  0.0050
 979  121.000  #8b8c8c  140 6  0.0017
 980  121.200  #8c8c8b  140 7  0.0017
 981  121.400  #8c8c8c  141 1  0.0016
 982  121.600  #8c8c8d  141 2  0.0016
 983  121.800  #8d8c8c  141 3  0.0016
 984  121.900  #8d8c8d  141 4  0.0008
 985  122.300  #8c8d8c  141 5  0.0033
 986  122.500  #8c8d8d  141 6  0.0016
 987  122.800  #8d8d8c  141 7  0.0024
 988  123.000  #8d8d8d  142 1  0.0016
 989  123.100  #8d8d8e  142 2  0.0008
 990  122.900  #8e8d8d  142 3  -0.0016
 991  123.200  #8e8d8e  142 4  0.0024
 992  124.200  #8d8e8d  142 5  0.0081
 993  124.400  #8d8e8e  142 6  0.0016
 994  124.200  #8e8e8d  142 7  -0.0016
 995  124.400  #8e8e8e  143 1  0.0016
 996  124.300  #8e8e8f  143 2  -0.0008
 997  124.700  #8f8e8e  143 3  0.0032
 998  124.700  #8f8e8f  143 4  0.0000
 999  125.600  #8e8f8e  143 5  0.0072
1000  125.600  #8e8f8f  143 6  0.0000
1001  126.000  #8f8f8e  143 7  0.0032
1002  126.000  #8f8f8f  144 1  0.0000
1003  125.800  #8f8f90  144 2  -0.0016
1004  126.300  #908f8f  144 3  0.0040
1005  126.200  #908f90  144 4  -0.0008
1006  126.000  #8f908f  144 5  -0.0016
1007  125.800  #8f9090  144 6  -0.0016
1008  126.300  #90908f  144 7  0.0040
1009  126.200  #909090  145 1  -0.0008
1010  126.200  #909091  145 2  0.0000
1011  126.500  #919090  145 3  0.0024
1012  126.600  #919091  145 4  0.0008
1013  127.400  #909190  145 5  0.0063
1014  127.400  #909191  145 6  0.0000
1015  127.700  #919190  145 7  0.0024
1016  127.800  #919191  146 1  0.0008
1017  127.900  #919192  146 2  0.0008
1018  128.100  #929191  146 3  0.0016
1019  128.400  #929192  146 4  0.0023
1020  128.800  #919291  146 5  0.0031
1021  128.900  #919292  146 6  0.0008
1022  129.200  #929291  146 7  0.0023
1023  129.300  #929292  147 1  0.0008
1024  129.500  #929293  147 2  0.0015
1025  129.300  #939292  147 3  -0.0015
1026  129.500  #939293  147 4  0.0015
1027  130.600  #929392  147 5  0.0085
1028  130.700  #929393  147 6  0.0008
1029  130.600  #939392  147 7  -0.0008
1030  130.700  #939393  148 1  0.0008
1031  130.800  #939394  148 2  0.0008
1032  131.100  #949393  148 3  0.0023
1033  131.100  #949394  148 4  0.0000
1034  132.000  #939493  148 5  0.0068
1035  132.100  #939494  148 6  0.0008
1036  132.400  #949493  148 7  0.0023
1037  132.400  #949494  149 1  0.0000
1038  132.500  #949495  149 2  0.0008
1039  132.800  #959494  149 3  0.0023
1040  132.900  #959495  149 4  0.0008
1041  133.700  #949594  149 5  0.0060
1042  133.800  #949595  149 6  0.0007
1043  134.000  #959594  149 7  0.0015
1044  134.200  #959595  150 1  0.0015
1045  134.300  #959596  150 2  0.0007
1046  134.500  #969595  150 3  0.0015
1047  134.500  #969596  150 4  0.0000
1048  135.100  #959695  150 5  0.0045
1049  135.200  #959696  150 6  0.0007
1050  135.400  #969695  150 7  0.0015
1051  135.400  #969696  151 1  0.0000
1052  135.600  #969697  151 2  0.0015
1053  135.400  #979696  151 3  -0.0015
1054  135.600  #979697  151 4  0.0015
1055  136.400  #969796  151 5  0.0059
1056  137.100  #969797  151 6  0.0051
1057  136.900  #979796  151 7  -0.0015
1058  137.100  #979797  152 1  0.0015
1059  137.200  #979798  152 2  0.0007
1060  137.500  #989797  152 3  0.0022
1061  137.700  #989798  152 4  0.0015
1062  138.200  #979897  152 5  0.0036
1063  138.300  #979898  152 6  0.0007
1064  138.600  #989897  152 7  0.0022
1065  138.700  #989898  153 1  0.0007
1066  138.900  #989899  153 2  0.0014
1067  139.200  #999898  153 3  0.0022
1068  139.300  #999899  153 4  0.0007
1069  139.800  #989998  153 5  0.0036
1070  139.900  #989999  153 6  0.0007
1071  140.100  #999998  153 7  0.0014
1072  140.300  #999999  154 1  0.0014
1073  140.300  #99999a  154 2  0.0000
1074  140.600  #9a9999  154 3  0.0021
1075  140.600  #9a999a  154 4  0.0000
1076  140.300  #999a99  154 5  -0.0021
1077  140.200  #999a9a  154 6  -0.0007
1078  140.600  #9a9a99  154 7  0.0028
1079  140.600  #9a9a9a  155 1  0.0000
1080  140.700  #9a9a9b  155 2  0.0007
1081  141.000  #9b9a9a  155 3  0.0021
1082  141.100  #9b9a9b  155 4  0.0007
1083  142.000  #9a9b9a  155 5  0.0064
1084  142.100  #9a9b9b  155 6  0.0007
1085  142.300  #9b9b9a  155 7  0.0014
1086  142.500  #9b9b9b  156 1  0.0014
1087  142.600  #9b9b9c  156 2  0.0007
1088  142.500  #9c9b9b  156 3  -0.0007
1089  142.600  #9c9b9c  156 4  0.0007
1090  143.800  #9b9c9b  156 5  0.0084
1091  144.000  #9b9c9c  156 6  0.0014
1092  143.800  #9c9c9b  156 7  -0.0014
1093  144.000  #9c9c9c  157 1  0.0014
1094  144.100  #9c9c9d  157 2  0.0007
1095  144.200  #9d9c9c  157 3  0.0007
1096  144.400  #9d9c9d  157 4  0.0014
1097  145.300  #9c9d9c  157 5  0.0062
1098  145.500  #9c9d9d  157 6  0.0014
1099  145.600  #9d9d9c  157 7  0.0007
1100  145.700  #9d9d9d  158 1  0.0007
1101  145.900  #9d9d9e  158 2  0.0014
1102  146.200  #9e9d9d  158 3  0.0021
1103  146.300  #9e9d9e  158 4  0.0007
1104  146.900  #9d9e9d  158 5  0.0041
1105  147.000  #9d9e9e  158 6  0.0007
1106  147.300  #9e9e9d  158 7  0.0020
1107  147.400  #9e9e9e  159 1  0.0007
1108  147.500  #9e9e9f  159 2  0.0007
1109  147.800  #9f9e9e  159 3  0.0020
1110  147.900  #9f9e9f  159 4  0.0007
1111  148.800  #9e9f9e  159 5  0.0061
1112  148.900  #9e9f9f  159 6  0.0007
1113  149.200  #9f9f9e  159 7  0.0020
1114  149.300  #9f9f9f  160 1  0.0007
1115  149.300  #9f9fa0  160 2  0.0000
1116  149.700  #a09f9f  160 3  0.0027
1117  149.700  #a09fa0  160 4  0.0000
1118  150.700  #9fa09f  160 5  0.0067
1119  150.700  #9fa0a0  160 6  0.0000
1120  151.200  #a0a09f  160 7  0.0033
1121  151.100  #a0a0a0  161 1  -0.0007
1122  151.300  #a0a0a1  161 2  0.0013
1123  151.200  #a1a0a0  161 3  -0.0007
1124  151.300  #a1a0a1  161 4  0.0007
1125  152.300  #a0a1a0  161 5  0.0066
1126  152.500  #a0a1a1  161 6  0.0013
1127  152.300  #a1a1a0  161 7  -0.0013
1128  152.500  #a1a1a1  162 1  0.0013
1129  152.600  #a1a1a2  162 2  0.0007
1130  152.900  #a2a1a1  162 3  0.0020
1131  153.000  #a2a1a2  162 4  0.0007
1132  153.900  #a1a2a1  162 5  0.0059
1133  154.000  #a1a2a2  162 6  0.0006
1134  154.300  #a2a2a1  162 7  0.0019
1135  154.500  #a2a2a2  163 1  0.0013
1136  154.600  #a2a2a3  163 2  0.0006
1137  154.800  #a3a2a2  163 3  0.0013
1138  155.000  #a3a2a3  163 4  0.0013
1139  155.900  #a2a3a2  163 5  0.0058
1140  156.000  #a2a3a3  163 6  0.0006
1141  156.200  #a3a3a2  163 7  0.0013
1142  156.400  #a3a3a3  164 1  0.0013
1143  156.500  #a3a3a4  164 2  0.0006
1144  156.700  #a4a3a3  164 3  0.0013
1145  156.800  #a4a3a4  164 4  0.0006
1146  156.400  #a3a4a3  164 5  -0.0026
1147  156.500  #a3a4a4  164 6  0.0006
1148  156.700  #a4a4a3  164 7  0.0013
1149  156.800  #a4a4a4  165 1  0.0006
1150  156.800  #a4a4a5  165 2  0.0000
1151  156.900  #a5a4a4  165 3  0.0006
1152  156.900  #a5a4a5  165 4  0.0000
1153  157.700  #a4a5a4  165 5  0.0051
1154  157.800  #a4a5a5  165 6  0.0006
1155  157.800  #a5a5a4  165 7  0.0000
1156  157.700  #a5a5a5  166 1  -0.0006
1157  158.000  #a5a5a6  166 2  0.0019
1158  158.200  #a6a5a5  166 3  0.0013
1159  158.400  #a6a5a6  166 4  0.0013
1160  159.200  #a5a6a5  166 5  0.0050
1161  159.400  #a5a6a6  166 6  0.0013
1162  159.700  #a6a6a5  166 7  0.0019
1163  159.800  #a6a6a6  167 1  0.0006
1164  159.900  #a6a6a7  167 2  0.0006
1165  160.300  #a7a6a6  167 3  0.0025
1166  160.400  #a7a6a7  167 4  0.0006
1167  161.300  #a6a7a6  167 5  0.0056
1168  161.500  #a6a7a7  167 6  0.0012
1169  161.800  #a7a7a6  167 7  0.0019
1170  161.900  #a7a7a7  168 1  0.0006
1171  162.000  #a7a7a8  168 2  0.0006
1172  162.200  #a8a7a7  168 3  0.0012
1173  162.400  #a8a7a8  168 4  0.0012
1174  163.000  #a7a8a7  168 5  0.0037
1175  163.100  #a7a8a8  168 6  0.0006
1176  163.300  #a8a8a7  168 7  0.0012
1177  163.400  #a8a8a8  169 1  0.0006
1178  163.600  #a8a8a9  169 2  0.0012
1179  163.900  #a9a8a8  169 3  0.0018
1180  164.100  #a9a8a9  169 4  0.0012
1181  164.900  #a8a9a8  169 5  0.0049
1182  165.100  #a8a9a9  169 6  0.0012
1183  165.400  #a9a9a8  169 7  0.0018
1184  165.500  #a9a9a9  170 1  0.0006
1185  165.700  #a9a9aa  170 2  0.0012
1186  165.600  #aaa9a9  170 3  -0.0006
1187  165.700  #aaa9aa  170 4  0.0006
1188  167.100  #a9aaa9  170 5  0.0084
1189  167.200  #a9aaaa  170 6  0.0006
1190  167.100  #aaaaa9  170 7  -0.0006
1191  167.200  #aaaaaa  171 1  0.0006
1192  167.200  #aaaaab  171 2  0.0000
1193  167.600  #abaaaa  171 3  0.0024
1194  167.600  #abaaab  171 4  0.0000
1195  168.500  #aaabaa  171 5  0.0054
1196  168.400  #aaabab  171 6  -0.0006
1197  168.900  #ababaa  171 7  0.0030
1198  168.900  #ababab  172 1  0.0000
1199  169.000  #ababac  172 2  0.0006
1200  169.300  #acabab  172 3  0.0018
1201  169.500  #acabac  172 4  0.0012
1202  170.400  #abacab  172 5  0.0053
1203  170.600  #abacac  172 6  0.0012
1204  170.800  #acacab  172 7  0.0012
1205  171.000  #acacac  173 1  0.0012
1206  171.100  #acacad  173 2  0.0006
1207  171.300  #adacac  173 3  0.0012
1208  171.400  #adacad  173 4  0.0006
1209  172.500  #acadac  173 5  0.0064
1210  172.700  #acadad  173 6  0.0012
1211  172.800  #adadac  173 7  0.0006
1212  173.000  #adadad  174 1  0.0012
1213  173.100  #adadae  174 2  0.0006
1214  173.000  #aeadad  174 3  -0.0006
1215  173.100  #aeadae  174 4  0.0006
1216  174.300  #adaead  174 5  0.0069
1217  174.400  #adaeae  174 6  0.0006
1218  174.200  #aeaead  174 7  -0.0011
1219  174.400  #aeaeae  175 1  0.0011
1220  174.600  #aeaeaf  175 2  0.0011
1221  174.800  #afaeae  175 3  0.0011
1222  175.000  #afaeaf  175 4  0.0011
1223  174.400  #aeafae  175 5  -0.0034
1224  174.600  #aeafaf  175 6  0.0011
1225  174.800  #afafae  175 7  0.0011
1226  175.000  #afafaf  176 1  0.0011
1227  175.100  #afafb0  176 2  0.0006
1228  175.400  #b0afaf  176 3  0.0017
1229  175.500  #b0afb0  176 4  0.0006
1230  176.600  #afb0af  176 5  0.0062
1231  176.700  #afb0b0  176 6  0.0006
1232  177.000  #b0b0af  176 7  0.0017
1233  177.100  #b0b0b0  177 1  0.0006
1234  177.100  #b0b0b1  177 2  0.0000
1235  177.400  #b1b0b0  177 3  0.0017
1236  177.400  #b1b0b1  177 4  0.0000
1237  178.600  #b0b1b0  177 5  0.0067
1238  178.600  #b0b1b1  177 6  0.0000
1239  178.000  #b1b1b0  177 7  -0.0034
1240  178.000  #b1b1b1  178 1  0.0000
1241  179.000  #b1b1b2  178 2  0.0056
1242  179.000  #b2b1b1  178 3  0.0000
1243  179.000  #b2b1b2  178 4  0.0000
1244  179.000  #b1b2b1  178 5  0.0000
1245  180.000  #b1b2b2  178 6  0.0056
1246  180.000  #b2b2b1  178 7  0.0000
1247  180.000  #b2b2b2  179 1  0.0000
1248  180.000  #b2b2b3  179 2  0.0000
1249  180.000  #b3b2b2  179 3  0.0000
1250  180.000  #b3b2b3  179 4  0.0000
1251  182.000  #b2b3b2  179 5  0.0110
1252  182.000  #b2b3b3  179 6  0.0000
1253  182.000  #b3b3b2  179 7  0.0000
1254  182.000  #b3b3b3  180 1  0.0000
1255  182.000  #b3b3b4  180 2  0.0000
1256  182.000  #b4b3b3  180 3  0.0000
1257  183.000  #b4b3b4  180 4  0.0055
1258  184.000  #b3b4b3  180 5  0.0054
1259  184.000  #b3b4b4  180 6  0.0000
1260  184.000  #b4b4b3  180 7  0.0000
1261  184.000  #b4b4b4  181 1  0.0000
1262  184.000  #b4b4b5  181 2  0.0000
1263  185.000  #b5b4b4  181 3  0.0054
1264  185.000  #b5b4b5  181 4  0.0000
1265  185.000  #b4b5b4  181 5  0.0000
1266  186.000  #b4b5b5  181 6  0.0054
1267  186.000  #b5b5b4  181 7  0.0000
1268  186.000  #b5b5b5  182 1  0.0000
1269  186.000  #b5b5b6  182 2  0.0000
1270  186.000  #b6b5b5  182 3  0.0000
1271  186.000  #b6b5b6  182 4  0.0000
1272  188.000  #b5b6b5  182 5  0.0107
1273  188.000  #b5b6b6  182 6  0.0000
1274  188.000  #b6b6b5  182 7  0.0000
1275  188.000  #b6b6b6  183 1  0.0000
1276  188.000  #b6b6b7  183 2  0.0000
1277  188.000  #b7b6b6  183 3  0.0000
1278  188.000  #b7b6b7  183 4  0.0000
1279  189.000  #b6b7b6  183 5  0.0053
1280  189.000  #b6b7b7  183 6  0.0000
1281  189.000  #b7b7b6  183 7  0.0000
1282  189.000  #b7b7b7  184 1  0.0000
1283  190.000  #b7b7b8  184 2  0.0053
1284  190.000  #b8b7b7  184 3  0.0000
1285  190.000  #b8b7b8  184 4  0.0000
1286  191.000  #b7b8b7  184 5  0.0052
1287  191.000  #b7b8b8  184 6  0.0000
1288  192.000  #b8b8b7  184 7  0.0052
1289  192.000  #b8b8b8  185 1  0.0000
1290  192.000  #b8b8b9  185 2  0.0000
1291  192.000  #b9b8b8  185 3  0.0000
1292  192.000  #b9b8b9  185 4  0.0000
1293  192.000  #b8b9b8  185 5  0.0000
1294  192.000  #b8b9b9  185 6  0.0000
1295  192.000  #b9b9b8  185 7  0.0000
1296  192.000  #b9b9b9  186 1  0.0000
1297  193.000  #b9b9ba  186 2  0.0052
1298  193.000  #bab9b9  186 3  0.0000
1299  193.000  #bab9ba  186 4  0.0000
1300  194.000  #b9bab9  186 5  0.0052
1301  194.000  #b9baba  186 6  0.0000
1302  194.000  #babab9  186 7  0.0000
1303  195.000  #bababa  187 1  0.0051
1304  195.000  #bababb  187 2  0.0000
1305  195.000  #bbbaba  187 3  0.0000
1306  195.000  #bbbabb  187 4  0.0000
1307  196.000  #babbba  187 5  0.0051
1308  196.000  #babbbb  187 6  0.0000
1309  196.000  #bbbbba  187 7  0.0000
1310  197.000  #bbbbbb  188 1  0.0051
1311  197.000  #bbbbbc  188 2  0.0000
1312  197.000  #bcbbbb  188 3  0.0000
1313  197.000  #bcbbbc  188 4  0.0000
1314  198.000  #bbbcbb  188 5  0.0051
1315  198.000  #bbbcbc  188 6  0.0000
1316  198.000  #bcbcbb  188 7  0.0000
1317  198.000  #bcbcbc  189 1  0.0000
1318  198.000  #bcbcbd  189 2  0.0000
1319  199.000  #bdbcbc  189 3  0.0050
1320  199.000  #bdbcbd  189 4  0.0000
1321  199.000  #bcbdbc  189 5  0.0000
1322  200.000  #bcbdbd  189 6  0.0050
1323  200.000  #bdbdbc  189 7  0.0000
1324  200.000  #bdbdbd  190 1  0.0000
1325  200.000  #bdbdbe  190 2  0.0000
1326  200.000  #bebdbd  190 3  0.0000
1327  201.000  #bebdbe  190 4  0.0050
1328  202.000  #bdbebd  190 5  0.0050
1329  202.000  #bdbebe  190 6  0.0000
1330  202.000  #bebebd  190 7  0.0000
1331  202.000  #bebebe  191 1  0.0000
1332  202.000  #bebebf  191 2  0.0000
1333  203.000  #bfbebe  191 3  0.0049
1334  203.000  #bfbebf  191 4  0.0000
1335  204.000  #bebfbe  191 5  0.0049
1336  204.000  #bebfbf  191 6  0.0000
1337  205.000  #bfbfbe  191 7  0.0049
1338  205.000  #bfbfbf  192 1  0.0000
1339  205.000  #bfbfc0  192 2  0.0000
1340  205.000  #c0bfbf  192 3  0.0000
1341  205.000  #c0bfc0  192 4  0.0000
1342  206.000  #bfc0bf  192 5  0.0049
1343  206.000  #bfc0c0  192 6  0.0000
1344  206.000  #c0c0bf  192 7  0.0000
1345  206.000  #c0c0c0  193 1  0.0000
1346  207.000  #c0c0c1  193 2  0.0048
1347  206.000  #c1c0c0  193 3  -0.0048
1348  207.000  #c1c0c1  193 4  0.0048
1349  208.000  #c0c1c0  193 5  0.0048
1350  208.000  #c0c1c1  193 6  0.0000
1351  208.000  #c1c1c0  193 7  0.0000
1352  208.000  #c1c1c1  194 1  0.0000
1353  208.000  #c1c1c2  194 2  0.0000
1354  209.000  #c2c1c1  194 3  0.0048
1355  209.000  #c2c1c2  194 4  0.0000
1356  210.000  #c1c2c1  194 5  0.0048
1357  210.000  #c1c2c2  194 6  0.0000
1358  210.000  #c2c2c1  194 7  0.0000
1359  210.000  #c2c2c2  195 1  0.0000
1360  210.000  #c2c2c3  195 2  0.0000
1361  211.000  #c3c2c2  195 3  0.0048
1362  211.000  #c3c2c3  195 4  0.0000
1363  210.000  #c2c3c2  195 5  -0.0048
1364  210.000  #c2c3c3  195 6  0.0000
1365  211.000  #c3c3c2  195 7  0.0048
1366  211.000  #c3c3c3  196 1  0.0000
1367  211.000  #c3c3c4  196 2  0.0000
1368  211.000  #c4c3c3  196 3  0.0000
1369  212.000  #c4c3c4  196 4  0.0047
1370  213.000  #c3c4c3  196 5  0.0047
1371  213.000  #c3c4c4  196 6  0.0000
1372  214.000  #c4c4c3  196 7  0.0047
1373  214.000  #c4c4c4  197 1  0.0000
1374  214.000  #c4c4c5  197 2  0.0000
1375  214.000  #c5c4c4  197 3  0.0000
1376  214.000  #c5c4c5  197 4  0.0000
1377  216.000  #c4c5c4  197 5  0.0093
1378  216.000  #c4c5c5  197 6  0.0000
1379  216.000  #c5c5c4  197 7  0.0000
1380  216.000  #c5c5c5  198 1  0.0000
1381  216.000  #c5c5c6  198 2  0.0000
1382  216.000  #c6c5c5  198 3  0.0000
1383  216.000  #c6c5c6  198 4  0.0000
1384  218.000  #c5c6c5  198 5  0.0092
1385  218.000  #c5c6c6  198 6  0.0000
1386  218.000  #c6c6c5  198 7  0.0000
1387  218.000  #c6c6c6  199 1  0.0000
1388  218.000  #c6c6c7  199 2  0.0000
1389  218.000  #c7c6c6  199 3  0.0000
1390  219.000  #c7c6c7  199 4  0.0046
1391  220.000  #c6c7c6  199 5  0.0046
1392  220.000  #c6c7c7  199 6  0.0000
1393  220.000  #c7c7c6  199 7  0.0000
1394  220.000  #c7c7c7  200 1  0.0000
1395  220.000  #c7c7c8  200 2  0.0000
1396  221.000  #c8c7c7  200 3  0.0045
1397  221.000  #c8c7c8  200 4  0.0000
1398  222.000  #c7c8c7  200 5  0.0045
1399  222.000  #c7c8c8  200 6  0.0000
1400  222.000  #c8c8c7  200 7  0.0000
1401  222.000  #c8c8c8  201 1  0.0000
1402  222.000  #c8c8c9  201 2  0.0000
1403  223.000  #c9c8c8  201 3  0.0045
1404  223.000  #c9c8c9  201 4  0.0000
1405  224.000  #c8c9c8  201 5  0.0045
1406  224.000  #c8c9c9  201 6  0.0000
1407  225.000  #c9c9c8  201 7  0.0045
1408  225.000  #c9c9c9  202 1  0.0000
1409  225.000  #c9c9ca  202 2  0.0000
1410  225.000  #cac9c9  202 3  0.0000
1411  225.000  #cac9ca  202 4  0.0000
1412  226.000  #c9cac9  202 5  0.0044
1413  226.000  #c9caca  202 6  0.0000
1414  226.000  #cacac9  202 7  0.0000
1415  226.000  #cacaca  203 1  0.0000
1416  227.000  #cacacb  203 2  0.0044
1417  227.000  #cbcaca  203 3  0.0000
1418  227.000  #cbcacb  203 4  0.0000
1419  228.000  #cacbca  203 5  0.0044
1420  228.000  #cacbcb  203 6  0.0000
1421  229.000  #cbcbca  203 7  0.0044
1422  229.000  #cbcbcb  204 1  0.0000
1423  229.000  #cbcbcc  204 2  0.0000
1424  229.000  #cccbcb  204 3  0.0000
1425  230.000  #cccbcc  204 4  0.0044
1426  231.000  #cbcccb  204 5  0.0043
1427  231.000  #cbcccc  204 6  0.0000
1428  231.000  #cccccb  204 7  0.0000
1429  232.000  #cccccc  205 1  0.0043
1430  232.000  #cccccd  205 2  0.0000
1431  232.000  #cdcccc  205 3  0.0000
1432  232.000  #cdcccd  205 4  0.0000
1433  231.000  #cccdcc  205 5  -0.0043
1434  232.000  #cccdcd  205 6  0.0043
1435  232.000  #cdcdcc  205 7  0.0000
1436  232.000  #cdcdcd  206 1  0.0000
1437  232.000  #cdcdce  206 2  0.0000
1438  232.000  #cecdcd  206 3  0.0000
1439  232.000  #cecdce  206 4  0.0000
1440  233.000  #cdcecd  206 5  0.0043
1441  233.000  #cdcece  206 6  0.0000
1442  233.000  #cececd  206 7  0.0000
1443  233.000  #cecece  207 1  0.0000
1444  234.000  #cececf  207 2  0.0043
1445  234.000  #cfcece  207 3  0.0000
1446  234.000  #cfcecf  207 4  0.0000
1447  235.000  #cecfce  207 5  0.0043
1448  235.000  #cecfcf  207 6  0.0000
1449  236.000  #cfcfce  207 7  0.0042
1450  236.000  #cfcfcf  208 1  0.0000
1451  236.000  #cfcfd0  208 2  0.0000
1452  237.000  #d0cfcf  208 3  0.0042
1453  237.000  #d0cfd0  208 4  0.0000
1454  238.000  #cfd0cf  208 5  0.0042
1455  238.000  #cfd0d0  208 6  0.0000
1456  238.000  #d0d0cf  208 7  0.0000
1457  238.000  #d0d0d0  209 1  0.0000
1458  238.000  #d0d0d1  209 2  0.0000
1459  239.000  #d1d0d0  209 3  0.0042
1460  239.000  #d1d0d1  209 4  0.0000
1461  240.000  #d0d1d0  209 5  0.0042
1462  240.000  #d0d1d1  209 6  0.0000
1463  240.000  #d1d1d0  209 7  0.0000
1464  241.000  #d1d1d1  210 1  0.0042
1465  241.000  #d1d1d2  210 2  0.0000
1466  241.000  #d2d1d1  210 3  0.0000
1467  241.000  #d2d1d2  210 4  0.0000
1468  242.000  #d1d2d1  210 5  0.0041
1469  242.000  #d1d2d2  210 6  0.0000
1470  242.000  #d2d2d1  210 7  0.0000
1471  243.000  #d2d2d2  211 1  0.0041
1472  243.000  #d2d2d3  211 2  0.0000
1473  243.000  #d3d2d2  211 3  0.0000
1474  243.000  #d3d2d3  211 4  0.0000
1475  245.000  #d2d3d2  211 5  0.0082
1476  245.000  #d2d3d3  211 6  0.0000
1477  245.000  #d3d3d2  211 7  0.0000
1478  245.000  #d3d3d3  212 1  0.0000
1479  245.000  #d3d3d4  212 2  0.0000
1480  245.000  #d4d3d3  212 3  0.0000
1481  245.000  #d4d3d4  212 4  0.0000
1482  246.000  #d3d4d3  212 5  0.0041
1483  246.000  #d3d4d4  212 6  0.0000
1484  246.000  #d4d4d3  212 7  0.0000
1485  247.000  #d4d4d4  213 1  0.0041
1486  247.000  #d4d4d5  213 2  0.0000
1487  247.000  #d5d4d4  213 3  0.0000
1488  247.000  #d5d4d5  213 4  0.0000
1489  249.000  #d4d5d4  213 5  0.0081
1490  249.000  #d4d5d5  213 6  0.0000
1491  249.000  #d5d5d4  213 7  0.0000
1492  249.000  #d5d5d5  214 1  0.0000
1493  249.000  #d5d5d6  214 2  0.0000
1494  250.000  #d6d5d5  214 3  0.0040
1495  250.000  #d6d5d6  214 4  0.0000
1496  251.000  #d5d6d5  214 5  0.0040
1497  251.000  #d5d6d6  214 6  0.0000
1498  252.000  #d6d6d5  214 7  0.0040
1499  252.000  #d6d6d6  215 1  0.0000
1500  252.000  #d6d6d7  215 2  0.0000
1501  252.000  #d7d6d6  215 3  0.0000
1502  252.000  #d7d6d7  215 4  0.0000
1503  253.000  #d6d7d6  215 5  0.0040
1504  254.000  #d6d7d7  215 6  0.0039
1505  253.000  #d7d7d6  215 7  -0.0039
1506  254.000  #d7d7d7  216 1  0.0039
1507  254.000  #d7d7d8  216 2  0.0000
1508  254.000  #d8d7d7  216 3  0.0000
1509  254.000  #d8d7d8  216 4  0.0000
1510  254.000  #d7d8d7  216 5  0.0000
1511  254.000  #d7d8d8  216 6  0.0000
1512  254.000  #d8d8d7  216 7  0.0000
1513  254.000  #d8d8d8  217 1  0.0000
1514  254.000  #d8d8d9  217 2  0.0000
1515  255.000  #d9d8d8  217 3  0.0039
1516  255.000  #d9d8d9  217 4  0.0000
1517  256.000  #d8d9d8  217 5  0.0039
1518  256.000  #d8d9d9  217 6  0.0000
1519  257.000  #d9d9d8  217 7  0.0039
1520  257.000  #d9d9d9  218 1  0.0000
1521  257.000  #d9d9da  218 2  0.0000
1522  257.000  #dad9d9  218 3  0.0000
1523  257.000  #dad9da  218 4  0.0000
1524  258.000  #d9dad9  218 5  0.0039
1525  258.000  #d9dada  218 6  0.0000
1526  259.000  #dadad9  218 7  0.0039
1527  259.000  #dadada  219 1  0.0000
1528  259.000  #dadadb  219 2  0.0000
1529  259.000  #dbdada  219 3  0.0000
1530  260.000  #dbdadb  219 4  0.0039
1531  261.000  #dadbda  219 5  0.0038
1532  261.000  #dadbdb  219 6  0.0000
1533  261.000  #dbdbda  219 7  0.0000
1534  262.000  #dbdbdb  220 1  0.0038
1535  262.000  #dbdbdc  220 2  0.0000
1536  262.000  #dcdbdb  220 3  0.0000
1537  262.000  #dcdbdc  220 4  0.0000
1538  263.000  #dbdcdb  220 5  0.0038
1539  263.000  #dbdcdc  220 6  0.0000
1540  263.000  #dcdcdb  220 7  0.0000
1541  263.000  #dcdcdc  221 1  0.0000
1542  263.000  #dcdcdd  221 2  0.0000
1543  264.000  #dddcdc  221 3  0.0038
1544  264.000  #dddcdd  221 4  0.0000
1545  265.000  #dcdddc  221 5  0.0038
1546  265.000  #dcdddd  221 6  0.0000
1547  266.000  #dddddc  221 7  0.0038
1548  266.000  #dddddd  222 1  0.0000
1549  266.000  #ddddde  222 2  0.0000
1550  266.000  #dedddd  222 3  0.0000
1551  266.000  #deddde  222 4  0.0000
1552  267.000  #dddedd  222 5  0.0038
1553  267.000  #dddede  222 6  0.0000
1554  267.000  #dededd  222 7  0.0000
1555  267.000  #dedede  223 1  0.0000
1556  268.000  #dededf  223 2  0.0037
1557  268.000  #dfdede  223 3  0.0000
1558  268.000  #dfdedf  223 4  0.0000
1559  269.000  #dedfde  223 5  0.0037
1560  270.000  #dedfdf  223 6  0.0037
1561  270.000  #dfdfde  223 7  0.0000
1562  270.000  #dfdfdf  224 1  0.0000
1563  271.000  #dfdfe0  224 2  0.0037
1564  271.000  #e0dfdf  224 3  0.0000
1565  271.000  #e0dfe0  224 4  0.0000
1566  272.000  #dfe0df  224 5  0.0037
1567  272.000  #dfe0e0  224 6  0.0000
1568  272.000  #e0e0df  224 7  0.0000
1569  272.000  #e0e0e0  225 1  0.0000
1570  273.000  #e0e0e1  225 2  0.0037
1571  272.000  #e1e0e0  225 3  -0.0037
1572  273.000  #e1e0e1  225 4  0.0037
1573  274.000  #e0e1e0  225 5  0.0037
1574  275.000  #e0e1e1  225 6  0.0036
1575  274.000  #e1e1e0  225 7  -0.0036
1576  275.000  #e1e1e1  226 1  0.0036
1577  275.000  #e1e1e2  226 2  0.0000
1578  275.000  #e2e1e1  226 3  0.0000
1579  275.000  #e2e1e2  226 4  0.0000
1580  275.000  #e1e2e1  226 5  0.0000
1581  275.000  #e1e2e2  226 6  0.0000
1582  275.000  #e2e2e1  226 7  0.0000
1583  275.000  #e2e2e2  227 1  0.0000
1584  276.000  #e2e2e3  227 2  0.0036
1585  276.000  #e3e2e2  227 3  0.0000
1586  276.000  #e3e2e3  227 4  0.0000
1587  277.000  #e2e3e2  227 5  0.0036
1588  277.000  #e2e3e3  227 6  0.0000
1589  278.000  #e3e3e2  227 7  0.0036
1590  278.000  #e3e3e3  228 1  0.0000
1591  278.000  #e3e3e4  228 2  0.0000
1592  278.000  #e4e3e3  228 3  0.0000
1593  278.000  #e4e3e4  228 4  0.0000
1594  280.000  #e3e4e3  228 5  0.0072
1595  280.000  #e3e4e4  228 6  0.0000
1596  280.000  #e4e4e3  228 7  0.0000
1597  280.000  #e4e4e4  229 1  0.0000
1598  281.000  #e4e4e5  229 2  0.0036
1599  280.000  #e5e4e4  229 3  -0.0036
1600  281.000  #e5e4e5  229 4  0.0036
1601  281.000  #e4e5e4  229 5  0.0000
1602  282.000  #e4e5e5  229 6  0.0036
1603  281.000  #e5e5e4  229 7  -0.0036
1604  282.000  #e5e5e5  230 1  0.0036
1605  282.000  #e5e5e6  230 2  0.0000
1606  282.000  #e6e5e5  230 3  0.0000
1607  283.000  #e6e5e6  230 4  0.0035
1608  284.000  #e5e6e5  230 5  0.0035
1609  284.000  #e5e6e6  230 6  0.0000
1610  284.000  #e6e6e5  230 7  0.0000
1611  284.000  #e6e6e6  231 1  0.0000
1612  284.000  #e6e6e7  231 2  0.0000
1613  285.000  #e7e6e6  231 3  0.0035
1614  285.000  #e7e6e7  231 4  0.0000
1615  285.000  #e6e7e6  231 5  0.0000
1616  286.000  #e6e7e7  231 6  0.0035
1617  286.000  #e7e7e6  231 7  0.0000
1618  286.000  #e7e7e7  232 1  0.0000
1619  286.000  #e7e7e8  232 2  0.0000
1620  286.000  #e8e7e7  232 3  0.0000
1621  287.000  #e8e7e8  232 4  0.0035
1622  288.000  #e7e8e7  232 5  0.0035
1623  288.000  #e7e8e8  232 6  0.0000
1624  288.000  #e8e8e7  232 7  0.0000
1625  288.000  #e8e8e8  233 1  0.0000
1626  289.000  #e8e8e9  233 2  0.0035
1627  289.000  #e9e8e8  233 3  0.0000
1628  289.000  #e9e8e9  233 4  0.0000
1629  290.000  #e8e9e8  233 5  0.0035
1630  290.000  #e8e9e9  233 6  0.0000
1631  291.000  #e9e9e8  233 7  0.0034
1632  291.000  #e9e9e9  234 1  0.0000
1633  291.000  #e9e9ea  234 2  0.0000
1634  291.000  #eae9e9  234 3  0.0000
1635  291.000  #eae9ea  234 4  0.0000
1636  293.000  #e9eae9  234 5  0.0068
1637  293.000  #e9eaea  234 6  0.0000
1638  293.000  #eaeae9  234 7  0.0000
1639  293.000  #eaeaea  235 1  0.0000
1640  293.000  #eaeaeb  235 2  0.0000
1641  294.000  #ebeaea  235 3  0.0034
1642  294.000  #ebeaeb  235 4  0.0000
1643  295.000  #eaebea  235 5  0.0034
1644  295.000  #eaebeb  235 6  0.0000
1645  295.000  #ebebea  235 7  0.0000
1646  296.000  #ebebeb  236 1  0.0034
1647  296.000  #ebebec  236 2  0.0000
1648  296.000  #ecebeb  236 3  0.0000
1649  296.000  #ecebec  236 4  0.0000
1650  295.000  #ebeceb  236 5  -0.0034
1651  296.000  #ebecec  236 6  0.0034
1652  296.000  #ececeb  236 7  0.0000
1653  296.000  #ececec  237 1  0.0000
1654  296.000  #ececed  237 2  0.0000
1655  297.000  #edecec  237 3  0.0034
1656  297.000  #edeced  237 4  0.0000
1657  298.000  #ecedec  237 5  0.0034
1658  298.000  #eceded  237 6  0.0000
1659  299.000  #ededec  237 7  0.0034
1660  299.000  #ededed  238 1  0.0000
1661  299.000  #ededee  238 2  0.0000
1662  299.000  #eeeded  238 3  0.0000
1663  299.000  #eeedee  238 4  0.0000
1664  300.000  #edeeed  238 5  0.0033
1665  301.000  #edeeee  238 6  0.0033
1666  300.000  #eeeeed  238 7  -0.0033
1667  301.000  #eeeeee  239 1  0.0033
1668  301.000  #eeeeef  239 2  0.0000
1669  301.000  #efeeee  239 3  0.0000
1670  301.000  #efeeef  239 4  0.0000
1671  303.000  #eeefee  239 5  0.0066
1672  303.000  #eeefef  239 6  0.0000
1673  303.000  #efefee  239 7  0.0000
1674  303.000  #efefef  240 1  0.0000
1675  303.000  #efeff0  240 2  0.0000
1676  304.000  #f0efef  240 3  0.0033
1677  304.000  #f0eff0  240 4  0.0000
1678  305.000  #eff0ef  240 5  0.0033
1679  305.000  #eff0f0  240 6  0.0000
1680  305.000  #f0f0ef  240 7  0.0000
1681  305.000  #f0f0f0  241 1  0.0000
1682  306.000  #f0f0f1  241 2  0.0033
1683  306.000  #f1f0f0  241 3  0.0000
1684  306.000  #f1f0f1  241 4  0.0000
1685  308.000  #f0f1f0  241 5  0.0065
1686  308.000  #f0f1f1  241 6  0.0000
1687  308.000  #f1f1f0  241 7  0.0000
1688  308.000  #f1f1f1  242 1  0.0000
1689  309.000  #f1f1f2  242 2  0.0032
1690  309.000  #f2f1f1  242 3  0.0000
1691  309.000  #f2f1f2  242 4  0.0000
1692  310.000  #f1f2f1  242 5  0.0032
1693  310.000  #f1f2f2  242 6  0.0000
1694  310.000  #f2f2f1  242 7  0.0000
1695  310.000  #f2f2f2  243 1  0.0000
1696  311.000  #f2f2f3  243 2  0.0032
1697  310.000  #f3f2f2  243 3  -0.0032
1698  311.000  #f3f2f3  243 4  0.0032
1699  313.000  #f2f3f2  243 5  0.0064
1700  313.000  #f2f3f3  243 6  0.0000
1701  313.000  #f3f3f2  243 7  0.0000
1702  313.000  #f3f3f3  244 1  0.0000
1703  313.000  #f3f3f4  244 2  0.0000
1704  313.000  #f4f3f3  244 3  0.0000
1705  313.000  #f4f3f4  244 4  0.0000
1706  314.000  #f3f4f3  244 5  0.0032
1707  315.000  #f3f4f4  244 6  0.0032
1708  315.000  #f4f4f3  244 7  0.0000
1709  315.000  #f4f4f4  245 1  0.0000
1710  315.000  #f4f4f5  245 2  0.0000
1711  316.000  #f5f4f4  245 3  0.0032
1712  316.000  #f5f4f5  245 4  0.0000
1713  317.000  #f4f5f4  245 5  0.0032
1714  317.000  #f4f5f5  245 6  0.0000
1715  318.000  #f5f5f4  245 7  0.0031
1716  318.000  #f5f5f5  246 1  0.0000
1717  318.000  #f5f5f6  246 2  0.0000
1718  318.000  #f6f5f5  246 3  0.0000
1719  319.000  #f6f5f6  246 4  0.0031
1720  318.000  #f5f6f5  246 5  -0.0031
1721  318.000  #f5f6f6  246 6  0.0000
1722  318.000  #f6f6f5  246 7  0.0000
1723  319.000  #f6f6f6  247 1  0.0031
1724  319.000  #f6f6f7  247 2  0.0000
1725  319.000  #f7f6f6  247 3  0.0000
1726  319.000  #f7f6f7  247 4  0.0000
1727  320.000  #f6f7f6  247 5  0.0031
1728  321.000  #f6f7f7  247 6  0.0031
1729  320.000  #f7f7f6  247 7  -0.0031
1730  321.000  #f7f7f7  248 1  0.0031
1731  321.000  #f7f7f8  248 2  0.0000
1732  321.000  #f8f7f7  248 3  0.0000
1733  321.000  #f8f7f8  248 4  0.0000
1734  323.000  #f7f8f7  248 5  0.0062
1735  323.000  #f7f8f8  248 6  0.0000
1736  323.000  #f8f8f7  248 7  0.0000
1737  323.000  #f8f8f8  249 1  0.0000
1738  324.000  #f8f8f9  249 2  0.0031
1739  324.000  #f9f8f8  249 3  0.0000
1740  324.000  #f9f8f9  249 4  0.0000
1741  325.000  #f8f9f8  249 5  0.0031
1742  325.000  #f8f9f9  249 6  0.0000
1743  326.000  #f9f9f8  249 7  0.0031
1744  326.000  #f9f9f9  250 1  0.0000
1745  326.000  #f9f9fa  250 2  0.0000
1746  327.000  #faf9f9  250 3  0.0031
1747  327.000  #faf9fa  250 4  0.0000
1748  328.000  #f9faf9  250 5  0.0031
1749  328.000  #f9fafa  250 6  0.0000
1750  328.000  #fafaf9  250 7  0.0000
1751  328.000  #fafafa  251 1  0.0000
1752  328.000  #fafafb  251 2  0.0000
1753  329.000  #fbfafa  251 3  0.0030
1754  329.000  #fbfafb  251 4  0.0000
1755  331.000  #fafbfa  251 5  0.0061
1756  331.000  #fafbfb  251 6  0.0000
1757  331.000  #fbfbfa  251 7  0.0000
1758  331.000  #fbfbfb  252 1  0.0000
1759  332.000  #fbfbfc  252 2  0.0030
1760  331.000  #fcfbfb  252 3  -0.0030
1761  332.000  #fcfbfc  252 4  0.0030
1762  333.000  #fbfcfb  252 5  0.0030
1763  333.000  #fbfcfc  252 6  0.0000
1764  333.000  #fcfcfb  252 7  0.0000
1765  333.000  #fcfcfc  253 1  0.0000
1766  334.000  #fcfcfd  253 2  0.0030
1767  334.000  #fdfcfc  253 3  0.0000
1768  334.000  #fdfcfd  253 4  0.0000
1769  336.000  #fcfdfc  253 5  0.0060
1770  336.000  #fcfdfd  253 6  0.0000
1771  337.000  #fdfdfc  253 7  0.0030
1772  337.000  #fdfdfd  254 1  0.0000
1773  337.000  #fdfdfe  254 2  0.0000
1774  337.000  #fefdfd  254 3  0.0000
1775  337.000  #fefdfe  254 4  0.0000
1776  338.000  #fdfefd  254 5  0.0030
1777  339.000  #fdfefe  254 6  0.0030
1778  339.000  #fefefd  254 7  0.0000
1779  339.000  #fefefe  255 1  0.0000
1780  339.000  #fefeff  255 2  0.0000
1781  340.000  #fffefe  255 3  0.0029
1782  340.000  #fffeff  255 4  0.0000
1783  342.000  #fefffe  255 5  0.0059
1784  342.000  #feffff  255 6  0.0000
1785  342.000  #fffffe  255 7  0.0000
1786  342.000  #ffffff  256 1  0.0000
