#  lumResponse - average luminance response
#  Display ID: GENERIC
#  18 files
#    58.2060 #ff0000
#   179.5220 #00ff00
#    18.6020 #0000ff
   1      0.4723  #000000    1   1 
   2      0.4772  #000001    1   2    0.01041
   3      0.4852  #010000    1   3    0.01662
   4      0.4901  #010001    1   4    0.01003
   5      0.5134  #000100    1   5    0.04639
   6      0.5187  #000101    1   6    0.01023
   7      0.5267  #010100    1   7    0.01531
   8      0.5321  #010101    2   1    0.01018
   9      0.5389  #010102    2   2    0.01286
  10      0.5497  #020101    2   3    0.01970
  11      0.5563  #020102    2   4    0.01196
  12      0.5866  #010201    2   5    0.05308
  13      0.5931  #010202    2   6    0.01093
  14      0.6032  #020201    2   7    0.01700
  15      0.6100  #020202    3   1    0.01117
  16      0.6102  #020203    3   2    0.00036
  17      0.6118  #030202    3   3    0.00264
  18      0.6121  #030203    3   4    0.00045
  19      0.6165  #020302    3   5    0.00714
  20      0.6171  #020303    3   6    0.00090
  21      0.6186  #030302    3   7    0.00252
  22      0.6191  #030303    4   1    0.00081
  23      0.6199  #030304    4   2    0.00126
  24      0.6224  #040303    4   3    0.00411
  25      0.6234  #040304    4   4    0.00161
  26      0.6300  #030403    4   5    0.01046
  27      0.6307  #030404    4   6    0.00115
  28      0.6332  #040403    4   7    0.00396
  29      0.6342  #040404    5   1    0.00158
  30      0.6357  #040405    5   2    0.00227
  31      0.6385  #050404    5   3    0.00445
  32      0.6400  #050405    5   4    0.00235
  33      0.6476  #040504    5   5    0.01182
  34      0.6491  #040505    5   6    0.00231
  35      0.6518  #050504    5   7    0.00418
  36      0.6534  #050505    6   1    0.00247
  37      0.6552  #050506    6   2    0.00272
  38      0.6591  #060505    6   3    0.00583
  39      0.6608  #060506    6   4    0.00261
  40      0.6716  #050605    6   5    0.01626
  41      0.6734  #050606    6   6    0.00264
  42      0.6774  #060605    6   7    0.00592
  43      0.6789  #060606    7   1    0.00229
  44      0.6818  #060607    7   2    0.00416
  45      0.6867  #070606    7   3    0.00715
  46      0.6894  #070607    7   4    0.00404
  47      0.7028  #060706    7   5    0.01923
  48      0.7053  #060707    7   6    0.00347
  49      0.7107  #070706    7   7    0.00761
  50      0.7132  #070707    8   1    0.00359
  51      0.7156  #070708    8   2    0.00334
  52      0.7222  #080707    8   3    0.00920
  53      0.7248  #080708    8   4    0.00353
  54      0.7432  #070807    8   5    0.02505
  55      0.7462  #070808    8   6    0.00403
  56      0.7523  #080807    8   7    0.00823
  57      0.7550  #080808    9   1    0.00354
  58      0.7586  #080809    9   2    0.00477
  59      0.7654  #090808    9   3    0.00897
  60      0.7689  #090809    9   4    0.00449
  61      0.7891  #080908    9   5    0.02589
  62      0.7926  #080909    9   6    0.00450
  63      0.7995  #090908    9   7    0.00865
  64      0.8029  #090909   10   1    0.00423
  65      0.8067  #09090a   10   2    0.00469
  66      0.8141  #0a0909   10   3    0.00912
  67      0.8176  #0a090a   10   4    0.00436
  68      0.8337  #090a09   10   5    0.01951
  69      0.8373  #090a0a   10   6    0.00432
  70      0.8443  #0a0a09   10   7    0.00833
  71      0.8480  #0a0a0a   11   1    0.00433
  72      0.8523  #0a0a0b   11   2    0.00503
  73      0.8601  #0b0a0a   11   3    0.00915
  74      0.8642  #0b0a0b   11   4    0.00470
  75      0.8834  #0a0b0a   11   5    0.02206
  76      0.8873  #0a0b0b   11   6    0.00439
  77      0.8954  #0b0b0a   11   7    0.00904
  78      0.8992  #0b0b0b   12   1    0.00427
  79      0.9038  #0b0b0c   12   2    0.00511
  80      0.9129  #0c0b0b   12   3    0.01003
  81      0.9173  #0c0b0c   12   4    0.00474
  82      0.9427  #0b0c0b   12   5    0.02730
  83      0.9474  #0b0c0c   12   6    0.00500
  84      0.9563  #0c0c0b   12   7    0.00940
  85      0.9609  #0c0c0c   13   1    0.00481
  86      0.9649  #0c0c0d   13   2    0.00410
  87      0.9747  #0d0c0c   13   3    0.01008
  88      0.9788  #0d0c0d   13   4    0.00421
  89      1.0033  #0c0d0c   13   5    0.02478
  90      1.0076  #0c0d0d   13   6    0.00425
  91      1.0172  #0d0d0c   13   7    0.00949
  92      1.0214  #0d0d0d   14   1    0.00409
  93      1.0267  #0d0d0e   14   2    0.00521
  94      1.0366  #0e0d0d   14   3    0.00953
  95      1.0419  #0e0d0e   14   4    0.00519
  96      1.0671  #0d0e0d   14   5    0.02381
  97      1.0723  #0d0e0e   14   6    0.00493
  98      1.0823  #0e0e0d   14   7    0.00923
  99      1.0877  #0e0e0e   15   1    0.00502
 100      1.0931  #0e0e0f   15   2    0.00489
 101      1.1027  #0f0e0e   15   3    0.00875
 102      1.1079  #0f0e0f   15   4    0.00477
 103      1.1355  #0e0f0e   15   5    0.02457
 104      1.1407  #0e0f0f   15   6    0.00459
 105      1.1503  #0f0f0e   15   7    0.00834
 106      1.1558  #0f0f0f   16   1    0.00482
 107      1.1614  #0f0f10   16   2    0.00480
 108      1.1739  #100f0f   16   3    0.01071
 109      1.1793  #100f10   16   4    0.00458
 110      1.2132  #0f100f   16   5    0.02833
 111      1.2187  #0f1010   16   6    0.00452
 112      1.2310  #10100f   16   7    0.01007
 113      1.2366  #101010   17   1    0.00450
 114      1.2422  #101011   17   2    0.00457
 115      1.2559  #111010   17   3    0.01094
 116      1.2614  #111011   17   4    0.00441
 117      1.2948  #101110   17   5    0.02608
 118      1.3005  #101111   17   6    0.00441
 119      1.3141  #111110   17   7    0.01041
 120      1.3199  #111111   18   1    0.00443
 121      1.3261  #111112   18   2    0.00462
 122      1.3401  #121111   18   3    0.01054
 123      1.3466  #121112   18   4    0.00480
 124      1.3898  #111211   18   5    0.03163
 125      1.3962  #111212   18   6    0.00455
 126      1.4102  #121211   18   7    0.00998
 127      1.4164  #121212   19   1    0.00440
 128      1.4239  #121213   19   2    0.00532
 129      1.4371  #131212   19   3    0.00920
 130      1.4444  #131213   19   4    0.00509
 131      1.4757  #121312   19   5    0.02142
 132      1.4831  #121313   19   6    0.00499
 133      1.4956  #131312   19   7    0.00836
 134      1.5030  #131313   20   1    0.00497
 135      1.5111  #131314   20   2    0.00535
 136      1.5252  #141313   20   3    0.00930
 137      1.5325  #141314   20   4    0.00480
 138      1.5699  #131413   20   5    0.02414
 139      1.5779  #131414   20   6    0.00508
 140      1.5914  #141413   20   7    0.00848
 141      1.5993  #141414   21   1    0.00498
 142      1.6064  #141415   21   2    0.00444
 143      1.6212  #151414   21   3    0.00912
 144      1.6280  #151415   21   4    0.00421
 145      1.6611  #141514   21   5    0.02010
 146      1.6686  #141515   21   6    0.00451
 147      1.6812  #151514   21   7    0.00753
 148      1.6887  #151515   22   1    0.00448
 149      1.6969  #151516   22   2    0.00486
 150      1.7082  #161515   22   3    0.00662
 151      1.7160  #161516   22   4    0.00454
 152      1.7506  #151615   22   5    0.01994
 153      1.7573  #151616   22   6    0.00383
 154      1.7703  #161615   22   7    0.00737
 155      1.7774  #161616   23   1    0.00401
 156      1.7837  #161617   23   2    0.00353
 157      1.7990  #171616   23   3    0.00856
 158      1.8058  #171617   23   4    0.00379
 159      1.8492  #161716   23   5    0.02374
 160      1.8556  #161717   23   6    0.00342
 161      1.8704  #171716   23   7    0.00796
 162      1.8779  #171717   24   1    0.00400
 163      1.8865  #171718   24   2    0.00458
 164      1.9017  #181717   24   3    0.00801
 165      1.9091  #181718   24   4    0.00388
 166      1.9519  #171817   24   5    0.02222
 167      1.9597  #171818   24   6    0.00395
 168      1.9752  #181817   24   7    0.00788
 169      1.9840  #181818   25   1    0.00446
 170      1.9906  #181819   25   2    0.00333
 171      2.0103  #191818   25   3    0.00983
 172      2.0169  #191819   25   4    0.00328
 173      2.0656  #181918   25   5    0.02384
 174      2.0738  #181919   25   6    0.00400
 175      2.0896  #191918   25   7    0.00758
 176      2.0979  #191919   26   1    0.00395
 177      2.1065  #19191a   26   2    0.00410
 178      2.1271  #1a1919   26   3    0.00971
 179      2.1333  #1a191a   26   4    0.00295
 180      2.1839  #191a19   26   5    0.02342
 181      2.1917  #191a1a   26   6    0.00356
 182      2.2122  #1a1a19   26   7    0.00934
 183      2.2183  #1a1a1a   27   1    0.00276
 184      2.2294  #1a1a1b   27   2    0.00500
 185      2.2461  #1b1a1a   27   3    0.00745
 186      2.2567  #1b1a1b   27   4    0.00469
 187      2.3044  #1a1b1a   27   5    0.02095
 188      2.3139  #1a1b1b   27   6    0.00409
 189      2.3328  #1b1b1a   27   7    0.00813
 190      2.3433  #1b1b1b   28   1    0.00451
 191      2.3517  #1b1b1c   28   2    0.00355
 192      2.3756  #1c1b1b   28   3    0.01011
 193      2.3844  #1c1b1c   28   4    0.00373
 194      2.4367  #1b1c1b   28   5    0.02166
 195      2.4428  #1b1c1c   28   6    0.00250
 196      2.4689  #1c1c1b   28   7    0.01063
 197      2.4778  #1c1c1c   29   1    0.00359
 198      2.4872  #1c1c1d   29   2    0.00380
 199      2.5083  #1d1c1c   29   3    0.00845
 200      2.5178  #1d1c1d   29   4    0.00376
 201      2.5717  #1c1d1c   29   5    0.02118
 202      2.5839  #1c1d1d   29   6    0.00474
 203      2.6028  #1d1d1c   29   7    0.00728
 204      2.6117  #1d1d1d   30   1    0.00341
 205      2.6261  #1d1d1e   30   2    0.00552
 206      2.6444  #1e1d1d   30   3    0.00696
 207      2.6561  #1e1d1e   30   4    0.00440
 208      2.7194  #1d1e1d   30   5    0.02356
 209      2.7322  #1d1e1e   30   6    0.00469
 210      2.7517  #1e1e1d   30   7    0.00709
 211      2.7628  #1e1e1e   31   1    0.00403
 212      2.7733  #1e1e1f   31   2    0.00381
 213      2.7933  #1f1e1e   31   3    0.00719
 214      2.8044  #1f1e1f   31   4    0.00397
 215      2.8717  #1e1f1e   31   5    0.02369
 216      2.8811  #1e1f1f   31   6    0.00328
 217      2.9011  #1f1f1e   31   7    0.00692
 218      2.9111  #1f1f1f   32   1    0.00344
 219      2.9256  #1f1f20   32   2    0.00495
 220      2.9478  #201f1f   32   3    0.00757
 221      2.9611  #201f20   32   4    0.00451
 222      3.0278  #1f201f   32   5    0.02226
 223      3.0400  #1f2020   32   6    0.00403
 224      3.0633  #20201f   32   7    0.00765
 225      3.0767  #202020   33   1    0.00434
 226      3.0861  #202021   33   2    0.00306
 227      3.1133  #212020   33   3    0.00878
 228      3.1228  #212021   33   4    0.00303
 229      3.1739  #202120   33   5    0.01623
 230      3.1839  #202121   33   6    0.00315
 231      3.2111  #212120   33   7    0.00851
 232      3.2200  #212121   34   1    0.00276
 233      3.2333  #212122   34   2    0.00413
 234      3.2561  #222121   34   3    0.00702
 235      3.2678  #222122   34   4    0.00358
 236      3.3300  #212221   34   5    0.01886
 237      3.3439  #212222   34   6    0.00416
 238      3.3667  #222221   34   7    0.00679
 239      3.3800  #222222   35   1    0.00395
 240      3.3933  #222223   35   2    0.00394
 241      3.4167  #232222   35   3    0.00685
 242      3.4311  #232223   35   4    0.00422
 243      3.5067  #222322   35   5    0.02178
 244      3.5194  #222323   35   6    0.00364
 245      3.5439  #232322   35   7    0.00692
 246      3.5583  #232323   36   1    0.00407
 247      3.5706  #232324   36   2    0.00343
 248      3.5950  #242323   36   3    0.00682
 249      3.6072  #242324   36   4    0.00339
 250      3.6844  #232423   36   5    0.02118
 251      3.6956  #232424   36   6    0.00301
 252      3.7217  #242423   36   7    0.00704
 253      3.7339  #242424   37   1    0.00328
 254      3.7467  #242425   37   2    0.00342
 255      3.7744  #252424   37   3    0.00739
 256      3.7861  #252425   37   4    0.00309
 257      3.8494  #242524   37   5    0.01659
 258      3.8639  #242525   37   6    0.00375
 259      3.8911  #252524   37   7    0.00702
 260      3.9039  #252525   38   1    0.00328
 261      3.9156  #252526   38   2    0.00298
 262      3.9406  #262525   38   3    0.00636
 263      3.9544  #262526   38   4    0.00352
 264      4.0211  #252625   38   5    0.01672
 265      4.0350  #252626   38   6    0.00345
 266      4.0589  #262625   38   7    0.00590
 267      4.0717  #262626   39   1    0.00314
 268      4.0856  #262627   39   2    0.00341
 269      4.1133  #272626   39   3    0.00678
 270      4.1278  #272627   39   4    0.00351
 271      4.2033  #262726   39   5    0.01814
 272      4.2167  #262727   39   6    0.00317
 273      4.2439  #272726   39   7    0.00644
 274      4.2589  #272727   40   1    0.00353
 275      4.2744  #272728   40   2    0.00365
 276      4.2994  #282727   40   3    0.00583
 277      4.3156  #282728   40   4    0.00374
 278      4.3967  #272827   40   5    0.01862
 279      4.4106  #272828   40   6    0.00315
 280      4.4367  #282827   40   7    0.00590
 281      4.4517  #282828   41   1    0.00338
 282      4.4656  #282829   41   2    0.00312
 283      4.4933  #292828   41   3    0.00620
 284      4.5078  #292829   41   4    0.00321
 285      4.5778  #282928   41   5    0.01541
 286      4.5922  #282929   41   6    0.00315
 287      4.6194  #292928   41   7    0.00591
 288      4.6339  #292929   42   1    0.00312
 289      4.6489  #29292a   42   2    0.00323
 290      4.6806  #2a2929   42   3    0.00679
 291      4.6939  #2a292a   42   4    0.00284
 292      4.7739  #292a29   42   5    0.01690
 293      4.7883  #292a2a   42   6    0.00302
 294      4.8194  #2a2a29   42   7    0.00648
 295      4.8350  #2a2a2a   43   1    0.00322
 296      4.8483  #2a2a2b   43   2    0.00275
 297      4.8683  #2b2a2a   43   3    0.00412
 298      4.8811  #2b2a2b   43   4    0.00262
 299      4.9544  #2a2b2a   43   5    0.01491
 300      4.9678  #2a2b2b   43   6    0.00269
 301      4.9889  #2b2b2a   43   7    0.00424
 302      5.0028  #2b2b2b   44   1    0.00278
 303      5.0194  #2b2b2c   44   2    0.00333
 304      5.0500  #2c2b2b   44   3    0.00607
 305      5.0667  #2c2b2c   44   4    0.00329
 306      5.1539  #2b2c2b   44   5    0.01707
 307      5.1700  #2b2c2c   44   6    0.00312
 308      5.2022  #2c2c2b   44   7    0.00621
 309      5.2200  #2c2c2c   45   1    0.00341
 310      5.2339  #2c2c2d   45   2    0.00266
 311      5.2633  #2d2c2c   45   3    0.00561
 312      5.2806  #2d2c2d   45   4    0.00327
 313      5.3622  #2c2d2c   45   5    0.01535
 314      5.3789  #2c2d2d   45   6    0.00310
 315      5.4094  #2d2d2c   45   7    0.00566
 316      5.4256  #2d2d2d   46   1    0.00297
 317      5.4389  #2d2d2e   46   2    0.00245
 318      5.4739  #2e2d2d   46   3    0.00641
 319      5.4878  #2e2d2e   46   4    0.00253
 320      5.5694  #2d2e2d   46   5    0.01477
 321      5.5822  #2d2e2e   46   6    0.00229
 322      5.6172  #2e2e2d   46   7    0.00625
 323      5.6311  #2e2e2e   47   1    0.00247
 324      5.6494  #2e2e2f   47   2    0.00325
 325      5.6811  #2f2e2e   47   3    0.00559
 326      5.6983  #2f2e2f   47   4    0.00303
 327      5.7950  #2e2f2e   47   5    0.01682
 328      5.8133  #2e2f2f   47   6    0.00316
 329      5.8428  #2f2f2e   47   7    0.00505
 330      5.8606  #2f2f2f   48   1    0.00304
 331      5.8756  #2f2f30   48   2    0.00256
 332      5.9122  #302f2f   48   3    0.00622
 333      5.9272  #302f30   48   4    0.00253
 334      6.0144  #2f302f   48   5    0.01461
 335      6.0294  #2f3030   48   6    0.00249
 336      6.0639  #30302f   48   7    0.00570
 337      6.0789  #303030   49   1    0.00247
 338      6.0950  #303031   49   2    0.00265
 339      6.1283  #313030   49   3    0.00545
 340      6.1433  #313031   49   4    0.00244
 341      6.2367  #303130   49   5    0.01508
 342      6.2539  #303131   49   6    0.00276
 343      6.2872  #313130   49   7    0.00532
 344      6.3022  #313131   50   1    0.00238
 345      6.3206  #313132   50   2    0.00290
 346      6.3517  #323131   50   3    0.00491
 347      6.3700  #323132   50   4    0.00288
 348      6.4756  #313231   50   5    0.01643
 349      6.4933  #313232   50   6    0.00274
 350      6.5244  #323231   50   7    0.00478
 351      6.5433  #323232   51   1    0.00289
 352      6.5583  #323233   51   2    0.00229
 353      6.6006  #333232   51   3    0.00642
 354      6.6172  #333233   51   4    0.00252
 355      6.7250  #323332   51   5    0.01616
 356      6.7428  #323333   51   6    0.00264
 357      6.7839  #333332   51   7    0.00608
 358      6.8000  #333333   52   1    0.00237
 359      6.8183  #333334   52   2    0.00269
 360      6.8561  #343333   52   3    0.00553
 361      6.8733  #343334   52   4    0.00251
 362      6.9744  #333433   52   5    0.01460
 363      6.9928  #333434   52   6    0.00263
 364      7.0300  #343433   52   7    0.00531
 365      7.0478  #343434   53   1    0.00253
 366      7.0650  #343435   53   2    0.00244
 367      7.1006  #353434   53   3    0.00502
 368      7.1183  #353435   53   4    0.00250
 369      7.2261  #343534   53   5    0.01503
 370      7.2439  #343535   53   6    0.00246
 371      7.2794  #353534   53   7    0.00490
 372      7.2978  #353535   54   1    0.00252
 373      7.3178  #353536   54   2    0.00274
 374      7.3556  #363535   54   3    0.00515
 375      7.3744  #363536   54   4    0.00256
 376      7.4644  #353635   54   5    0.01213
 377      7.4850  #353636   54   6    0.00275
 378      7.5211  #363635   54   7    0.00481
 379      7.5433  #363636   55   1    0.00295
 380      7.5628  #363637   55   2    0.00257
 381      7.6011  #373636   55   3    0.00506
 382      7.6200  #373637   55   4    0.00248
 383      7.7172  #363736   55   5    0.01268
 384      7.7356  #363737   55   6    0.00237
 385      7.7750  #373736   55   7    0.00509
 386      7.7950  #373737   56   1    0.00257
 387      7.8122  #373738   56   2    0.00221
 388      7.8567  #383737   56   3    0.00567
 389      7.8750  #383738   56   4    0.00233
 390      8.0000  #373837   56   5    0.01575
 391      8.0172  #373838   56   6    0.00215
 392      8.0611  #383837   56   7    0.00546
 393      8.0794  #383838   57   1    0.00227
 394      8.1017  #383839   57   2    0.00275
 395      8.1361  #393838   57   3    0.00424
 396      8.1578  #393839   57   4    0.00266
 397      8.2583  #383938   57   5    0.01225
 398      8.2794  #383939   57   6    0.00255
 399      8.3161  #393938   57   7    0.00442
 400      8.3361  #393939   58   1    0.00240
 401      8.3544  #39393a   58   2    0.00220
 402      8.4011  #3a3939   58   3    0.00557
 403      8.4211  #3a393a   58   4    0.00238
 404      8.5422  #393a39   58   5    0.01428
 405      8.5617  #393a3a   58   6    0.00227
 406      8.6078  #3a3a39   58   7    0.00537
 407      8.6272  #3a3a3a   59   1    0.00226
 408      8.6506  #3a3a3b   59   2    0.00270
 409      8.6883  #3b3a3a   59   3    0.00436
 410      8.7133  #3b3a3b   59   4    0.00287
 411      8.8261  #3a3b3a   59   5    0.01286
 412      8.8494  #3a3b3b   59   6    0.00264
 413      8.8894  #3b3b3a   59   7    0.00451
 414      8.9128  #3b3b3b   60   1    0.00262
 415      8.9333  #3b3b3c   60   2    0.00230
 416      8.9739  #3c3b3b   60   3    0.00453
 417      8.9972  #3c3b3c   60   4    0.00260
 418      9.1200  #3b3c3b   60   5    0.01355
 419      9.1433  #3b3c3c   60   6    0.00256
 420      9.1817  #3c3c3b   60   7    0.00418
 421      9.2039  #3c3c3c   61   1    0.00242
 422      9.2233  #3c3c3d   61   2    0.00211
 423      9.2672  #3d3c3c   61   3    0.00475
 424      9.2850  #3d3c3d   61   4    0.00192
 425      9.4117  #3c3d3c   61   5    0.01355
 426      9.4278  #3c3d3d   61   6    0.00171
 427      9.4733  #3d3d3c   61   7    0.00482
 428      9.4917  #3d3d3d   62   1    0.00193
 429      9.5167  #3d3d3e   62   2    0.00263
 430      9.5528  #3e3d3d   62   3    0.00379
 431      9.5778  #3e3d3e   62   4    0.00261
 432      9.7011  #3d3e3d   62   5    0.01279
 433      9.7244  #3d3e3e   62   6    0.00240
 434      9.7622  #3e3e3d   62   7    0.00388
 435      9.7872  #3e3e3e   63   1    0.00256
 436      9.8050  #3e3e3f   63   2    0.00181
 437      9.8600  #3f3e3e   63   3    0.00559
 438      9.8800  #3f3e3f   63   4    0.00203
 439     10.0206  #3e3f3e   63   5    0.01413
 440     10.0400  #3e3f3f   63   6    0.00194
 441     10.0956  #3f3f3e   63   7    0.00552
 442     10.1128  #3f3f3f   64   1    0.00170
 443     10.1406  #3f3f40   64   2    0.00274
 444     10.1889  #403f3f   64   3    0.00476
 445     10.2161  #403f40   64   4    0.00267
 446     10.3528  #3f403f   64   5    0.01329
 447     10.3806  #3f4040   64   6    0.00268
 448     10.4283  #40403f   64   7    0.00459
 449     10.4539  #404040   65   1    0.00245
 450     10.4789  #404041   65   2    0.00239
 451     10.5183  #414040   65   3    0.00376
 452     10.5411  #414041   65   4    0.00216
 453     10.6128  #404140   65   5    0.00678
 454     10.6378  #404141   65   6    0.00235
 455     10.6750  #414140   65   7    0.00349
 456     10.6983  #414141   66   1    0.00218
 457     10.7156  #414142   66   2    0.00161
 458     10.7767  #424141   66   3    0.00569
 459     10.7961  #424142   66   4    0.00180
 460     10.9483  #414241   66   5    0.01400
 461     10.9661  #414242   66   6    0.00162
 462     11.0261  #424241   66   7    0.00546
 463     11.0444  #424242   67   1    0.00166
 464     11.0711  #424243   67   2    0.00241
 465     11.1150  #434242   67   3    0.00396
 466     11.1428  #434243   67   4    0.00250
 467     11.2867  #424342   67   5    0.01283
 468     11.3128  #424343   67   6    0.00231
 469     11.3561  #434342   67   7    0.00382
 470     11.3839  #434343   68   1    0.00244
 471     11.4056  #434344   68   2    0.00190
 472     11.4600  #444343   68   3    0.00476
 473     11.4806  #444344   68   4    0.00179
 474     11.6522  #434443   68   5    0.01484
 475     11.6739  #434444   68   6    0.00186
 476     11.7289  #444443   68   7    0.00470
 477     11.7500  #444444   69   1    0.00180
 478     11.7744  #444445   69   2    0.00208
 479     11.8333  #454444   69   3    0.00499
 480     11.8572  #454445   69   4    0.00202
 481     12.0300  #444544   69   5    0.01447
 482     12.0550  #444545   69   6    0.00208
 483     12.1111  #454544   69   7    0.00464
 484     12.1356  #454545   70   1    0.00202
 485     12.1639  #454546   70   2    0.00233
 486     12.2294  #464545   70   3    0.00537
 487     12.2550  #464546   70   4    0.00209
 488     12.4283  #454645   70   5    0.01404
 489     12.4578  #454646   70   6    0.00237
 490     12.5222  #464645   70   7    0.00516
 491     12.5500  #464646   71   1    0.00222
 492     12.5728  #464647   71   2    0.00181
 493     12.6567  #474646   71   3    0.00665
 494     12.6789  #474647   71   4    0.00175
 495     12.8872  #464746   71   5    0.01630
 496     12.9089  #464747   71   6    0.00168
 497     12.9933  #474746   71   7    0.00652
 498     13.0161  #474747   72   1    0.00175
 499     13.0450  #474748   72   2    0.00222
 500     13.1139  #484747   72   3    0.00527
 501     13.1433  #484748   72   4    0.00224
 502     13.3367  #474847   72   5    0.01460
 503     13.3661  #474848   72   6    0.00221
 504     13.4356  #484847   72   7    0.00518
 505     13.4639  #484848   73   1    0.00211
 506     13.4889  #484849   73   2    0.00186
 507     13.5744  #494848   73   3    0.00632
 508     13.6000  #494849   73   4    0.00188
 509     13.8289  #484948   73   5    0.01669
 510     13.8506  #484949   73   6    0.00157
 511     13.9394  #494948   73   7    0.00640
 512     13.9611  #494949   74   1    0.00155
 513     13.9900  #49494a   74   2    0.00207
 514     14.0733  #4a4949   74   3    0.00594
 515     14.0989  #4a494a   74   4    0.00181
 516     14.2939  #494a49   74   5    0.01374
 517     14.3206  #494a4a   74   6    0.00186
 518     14.4033  #4a4a49   74   7    0.00576
 519     14.4294  #4a4a4a   75   1    0.00181
 520     14.4628  #4a4a4b   75   2    0.00231
 521     14.5433  #4b4a4a   75   3    0.00555
 522     14.5756  #4b4a4b   75   4    0.00221
 523     14.7578  #4a4b4a   75   5    0.01242
 524     14.7906  #4a4b4b   75   6    0.00222
 525     14.8728  #4b4b4a   75   7    0.00554
 526     14.9028  #4b4b4b   76   1    0.00202
 527     14.9328  #4b4b4c   76   2    0.00201
 528     15.0100  #4c4b4b   76   3    0.00516
 529     15.0400  #4c4b4c   76   4    0.00200
 530     15.2783  #4b4c4b   76   5    0.01572
 531     15.3072  #4b4c4c   76   6    0.00189
 532     15.3844  #4c4c4b   76   7    0.00503
 533     15.4156  #4c4c4c   77   1    0.00202
 534     15.4433  #4c4c4d   77   2    0.00180
 535     15.5311  #4d4c4c   77   3    0.00567
 536     15.5589  #4d4c4d   77   4    0.00179
 537     15.7728  #4c4d4c   77   5    0.01365
 538     15.8039  #4c4d4d   77   6    0.00197
 539     15.8906  #4d4d4c   77   7    0.00547
 540     15.9189  #4d4d4d   78   1    0.00178
 541     15.9472  #4d4d4e   78   2    0.00178
 542     16.0417  #4e4d4d   78   3    0.00590
 543     16.0767  #4e4d4e   78   4    0.00218
 544     16.3183  #4d4e4d   78   5    0.01492
 545     16.3539  #4d4e4e   78   6    0.00218
 546     16.4472  #4e4e4d   78   7    0.00569
 547     16.4778  #4e4e4e   79   1    0.00186
 548     16.5172  #4e4e4f   79   2    0.00239
 549     16.5911  #4f4e4e   79   3    0.00446
 550     16.6289  #4f4e4f   79   4    0.00227
 551     16.8761  #4e4f4e   79   5    0.01476
 552     16.9139  #4e4f4f   79   6    0.00224
 553     16.9872  #4f4f4e   79   7    0.00433
 554     17.0317  #4f4f4f   80   1    0.00261
 555     17.0672  #4f4f50   80   2    0.00209
 556     17.1550  #504f4f   80   3    0.00513
 557     17.1978  #504f50   80   4    0.00249
 558     17.4661  #4f504f   80   5    0.01548
 559     17.5028  #4f5050   80   6    0.00210
 560     17.5822  #50504f   80   7    0.00453
 561     17.6272  #505050   81   1    0.00256
 562     17.6600  #505051   81   2    0.00186
 563     17.7461  #515050   81   3    0.00486
 564     17.7767  #515051   81   4    0.00172
 565     17.9617  #505150   81   5    0.01035
 566     17.9906  #505151   81   6    0.00161
 567     18.0839  #515150   81   7    0.00517
 568     18.1217  #515151   82   1    0.00209
 569     18.1583  #515152   82   2    0.00202
 570     18.2428  #525151   82   3    0.00464
 571     18.3033  #525152   82   4    0.00331
 572     18.5517  #515251   82   5    0.01348
 573     18.6028  #515252   82   6    0.00275
 574     18.6778  #525251   82   7    0.00402
 575     18.7350  #525252   83   1    0.00306
 576     18.7706  #525253   83   2    0.00190
 577     18.8728  #535252   83   3    0.00543
 578     18.9189  #535253   83   4    0.00244
 579     19.1400  #525352   83   5    0.01162
 580     19.1689  #525353   83   6    0.00151
 581     19.2750  #535352   83   7    0.00552
 582     19.3206  #535353   84   1    0.00236
 583     19.3567  #535354   84   2    0.00187
 584     19.4389  #545353   84   3    0.00424
 585     19.4972  #545354   84   4    0.00300
 586     19.7667  #535453   84   5    0.01372
 587     19.8056  #535454   84   6    0.00197
 588     19.8944  #545453   84   7    0.00448
 589     19.9500  #545454   85   1    0.00279
 590     19.9778  #545455   85   2    0.00139
 591     20.0833  #555454   85   3    0.00527
 592     20.1389  #555455   85   4    0.00276
 593     20.4111  #545554   85   5    0.01343
 594     20.4556  #545555   85   6    0.00218
 595     20.5667  #555554   85   7    0.00542
 596     20.6167  #555555   86   1    0.00243
 597     20.6500  #555556   86   2    0.00162
 598     20.7333  #565555   86   3    0.00403
 599     20.7444  #565556   86   4    0.00054
 600     21.0111  #555655   86   5    0.01277
 601     21.0444  #555656   86   6    0.00159
 602     21.1111  #565655   86   7    0.00316
 603     21.1556  #565656   87   1    0.00210
 604     21.2056  #565657   87   2    0.00236
 605     21.3111  #575656   87   3    0.00497
 606     21.3667  #575657   87   4    0.00260
 607     21.6333  #565756   87   5    0.01240
 608     21.6833  #565757   87   6    0.00231
 609     21.8000  #575756   87   7    0.00537
 610     21.8389  #575757   88   1    0.00178
 611     21.8778  #575758   88   2    0.00178
 612     21.9889  #585757   88   3    0.00507
 613     22.0167  #585758   88   4    0.00126
 614     22.3056  #575857   88   5    0.01304
 615     22.3222  #575858   88   6    0.00075
 616     22.4389  #585857   88   7    0.00521
 617     22.4778  #585858   89   1    0.00173
 618     22.5278  #585859   89   2    0.00222
 619     22.6222  #595858   89   3    0.00418
 620     22.6778  #595859   89   4    0.00245
 621     22.9389  #585958   89   5    0.01145
 622     22.9833  #585959   89   6    0.00194
 623     23.0944  #595958   89   7    0.00482
 624     23.1500  #595959   90   1    0.00240
 625     23.1722  #59595a   90   2    0.00096
 626     23.2667  #5a5959   90   3    0.00407
 627     23.3389  #5a595a   90   4    0.00310
 628     23.6111  #595a59   90   5    0.01160
 629     23.6444  #595a5a   90   6    0.00141
 630     23.7556  #5a5a59   90   7    0.00469
 631     23.7889  #5a5a5a   91   1    0.00140
 632     23.8556  #5a5a5b   91   2    0.00280
 633     23.9500  #5b5a5a   91   3    0.00395
 634     23.9667  #5b5a5b   91   4    0.00070
 635     24.2222  #5a5b5a   91   5    0.01061
 636     24.2778  #5a5b5b   91   6    0.00229
 637     24.3722  #5b5b5a   91   7    0.00388
 638     24.4111  #5b5b5b   92   1    0.00159
 639     24.4500  #5b5b5c   92   2    0.00159
 640     24.5556  #5c5b5b   92   3    0.00431
 641     24.6056  #5c5b5c   92   4    0.00203
 642     24.8556  #5b5c5b   92   5    0.01011
 643     24.9111  #5b5c5c   92   6    0.00223
 644     25.0333  #5c5c5b   92   7    0.00489
 645     25.0722  #5c5c5c   93   1    0.00155
 646     25.1167  #5c5c5d   93   2    0.00177
 647     25.2056  #5d5c5c   93   3    0.00353
 648     25.2500  #5d5c5d   93   4    0.00176
 649     25.5333  #5c5d5c   93   5    0.01116
 650     25.5944  #5c5d5d   93   6    0.00239
 651     25.7056  #5d5d5c   93   7    0.00433
 652     25.7444  #5d5d5d   94   1    0.00151
 653     25.8056  #5d5d5e   94   2    0.00237
 654     25.8833  #5e5d5d   94   3    0.00301
 655     25.9444  #5e5d5e   94   4    0.00236
 656     26.2333  #5d5e5d   94   5    0.01107
 657     26.3167  #5d5e5e   94   6    0.00317
 658     26.4111  #5e5e5d   94   7    0.00358
 659     26.4889  #5e5e5e   95   1    0.00294
 660     26.5222  #5e5e5f   95   2    0.00126
 661     26.6167  #5f5e5e   95   3    0.00355
 662     26.6778  #5f5e5f   95   4    0.00229
 663     26.9444  #5e5f5e   95   5    0.00995
 664     27.0111  #5e5f5f   95   6    0.00247
 665     27.1389  #5f5f5e   95   7    0.00472
 666     27.1778  #5f5f5f   96   1    0.00143
 667     27.2444  #5f5f60   96   2    0.00245
 668     27.3778  #605f5f   96   3    0.00488
 669     27.4222  #605f60   96   4    0.00162
 670     27.7333  #5f605f   96   5    0.01128
 671     27.8000  #5f6060   96   6    0.00240
 672     27.9222  #60605f   96   7    0.00439
 673     27.9889  #606060   97   1    0.00238
 674     28.0444  #606061   97   2    0.00198
 675     28.1556  #616060   97   3    0.00395
 676     28.1944  #616061   97   4    0.00138
 677     28.4222  #606160   97   5    0.00805
 678     28.5000  #606161   97   6    0.00273
 679     28.6222  #616160   97   7    0.00428
 680     28.6778  #616161   98   1    0.00194
 681     28.7333  #616162   98   2    0.00194
 682     28.8444  #626161   98   3    0.00386
 683     28.8778  #626162   98   4    0.00115
 684     29.2389  #616261   98   5    0.01243
 685     29.3222  #616262   98   6    0.00285
 686     29.4278  #626261   98   7    0.00359
 687     29.4667  #626262   99   1    0.00132
 688     29.5333  #626263   99   2    0.00226
 689     29.6333  #636262   99   3    0.00338
 690     29.7056  #636263   99   4    0.00243
 691     30.0500  #626362   99   5    0.01153
 692     30.1056  #626363   99   6    0.00185
 693     30.2056  #636362   99   7    0.00332
 694     30.2722  #636363  100   1    0.00220
 695     30.3444  #636364  100   2    0.00238
 696     30.4389  #646363  100   3    0.00311
 697     30.5000  #646364  100   4    0.00201
 698     30.8000  #636463  100   5    0.00979
 699     30.8667  #636464  100   6    0.00216
 700     30.9722  #646463  100   7    0.00341
 701     31.0278  #646464  101   1    0.00179
 702     31.0833  #646465  101   2    0.00179
 703     31.2167  #656464  101   3    0.00428
 704     31.2500  #656465  101   4    0.00107
 705     31.5389  #646564  101   5    0.00920
 706     31.5944  #646565  101   6    0.00176
 707     31.7222  #656564  101   7    0.00404
 708     31.7667  #656565  102   1    0.00140
 709     31.8333  #656566  102   2    0.00210
 710     31.9278  #666565  102   3    0.00296
 711     32.0222  #666566  102   4    0.00295
 712     32.2778  #656665  102   5    0.00795
 713     32.3444  #656666  102   6    0.00206
 714     32.4444  #666665  102   7    0.00309
 715     32.5222  #666666  103   1    0.00239
 716     32.5722  #666667  103   2    0.00154
 717     32.6944  #676666  103   3    0.00375
 718     32.7556  #676667  103   4    0.00187
 719     33.0722  #666766  103   5    0.00962
 720     33.1111  #666767  103   6    0.00118
 721     33.2333  #676766  103   7    0.00368
 722     33.3000  #676767  104   1    0.00200
 723     33.3611  #676768  104   2    0.00183
 724     33.4722  #686767  104   3    0.00333
 725     33.5278  #686768  104   4    0.00166
 726     33.8667  #676867  104   5    0.01006
 727     33.9389  #676868  104   6    0.00213
 728     34.0444  #686867  104   7    0.00311
 729     34.1222  #686868  105   1    0.00228
 730     34.1889  #686869  105   2    0.00195
 731     34.2944  #696868  105   3    0.00308
 732     34.3556  #696869  105   4    0.00178
 733     34.6667  #686968  105   5    0.00901
 734     34.7333  #686969  105   6    0.00192
 735     34.8500  #696968  105   7    0.00335
 736     34.9000  #696969  106   1    0.00143
 737     34.9667  #69696a  106   2    0.00191
 738     35.0889  #6a6969  106   3    0.00349
 739     35.1444  #6a696a  106   4    0.00158
 740     35.5111  #696a69  106   5    0.01038
 741     35.5611  #696a6a  106   6    0.00141
 742     35.6778  #6a6a69  106   7    0.00328
 743     35.7333  #6a6a6a  107   1    0.00156
 744     35.8000  #6a6a6b  107   2    0.00186
 745     35.9000  #6b6a6a  107   3    0.00279
 746     35.9722  #6b6a6b  107   4    0.00201
 747     36.2667  #6a6b6a  107   5    0.00815
 748     36.3278  #6a6b6b  107   6    0.00168
 749     36.4333  #6b6b6a  107   7    0.00290
 750     36.4889  #6b6b6b  108   1    0.00152
 751     36.5667  #6b6b6c  108   2    0.00213
 752     36.6889  #6c6b6b  108   3    0.00334
 753     36.7556  #6c6b6c  108   4    0.00182
 754     37.0722  #6b6c6b  108   5    0.00858
 755     37.1278  #6b6c6c  108   6    0.00150
 756     37.2667  #6c6c6b  108   7    0.00373
 757     37.3222  #6c6c6c  109   1    0.00149
 758     37.3889  #6c6c6d  109   2    0.00178
 759     37.5111  #6d6c6c  109   3    0.00326
 760     37.5722  #6d6c6d  109   4    0.00163
 761     37.8833  #6c6d6c  109   5    0.00825
 762     37.9444  #6c6d6d  109   6    0.00161
 763     38.0667  #6d6d6c  109   7    0.00322
 764     38.1278  #6d6d6d  110   1    0.00160
 765     38.2000  #6d6d6e  110   2    0.00189
 766     38.3000  #6e6d6d  110   3    0.00261
 767     38.3722  #6e6d6e  110   4    0.00188
 768     38.6611  #6d6e6d  110   5    0.00750
 769     38.7056  #6d6e6e  110   6    0.00115
 770     38.8389  #6e6e6d  110   7    0.00344
 771     38.8944  #6e6e6e  111   1    0.00143
 772     38.9556  #6e6e6f  111   2    0.00157
 773     39.0722  #6f6e6e  111   3    0.00299
 774     39.1333  #6f6e6f  111   4    0.00156
 775     39.5333  #6e6f6e  111   5    0.01017
 776     39.5778  #6e6f6f  111   6    0.00112
 777     39.7111  #6f6f6e  111   7    0.00336
 778     39.7667  #6f6f6f  112   1    0.00140
 779     39.8333  #6f6f70  112   2    0.00168
 780     39.9611  #706f6f  112   3    0.00320
 781     40.0389  #706f70  112   4    0.00194
 782     40.4278  #6f706f  112   5    0.00967
 783     40.4778  #6f7070  112   6    0.00124
 784     40.6167  #70706f  112   7    0.00343
 785     40.6667  #707070  113   1    0.00123
 786     40.7278  #707071  113   2    0.00150
 787     40.8444  #717070  113   3    0.00286
 788     40.9167  #717071  113   4    0.00177
 789     41.2222  #707170  113   5    0.00744
 790     41.2722  #707171  113   6    0.00121
 791     41.4111  #717170  113   7    0.00336
 792     41.4611  #717171  114   1    0.00121
 793     41.5167  #717172  114   2    0.00134
 794     41.6444  #727171  114   3    0.00307
 795     41.6944  #727172  114   4    0.00120
 796     42.0333  #717271  114   5    0.00810
 797     42.1056  #717272  114   6    0.00172
 798     42.2111  #727271  114   7    0.00250
 799     42.2778  #727272  115   1    0.00158
 800     42.3389  #727273  115   2    0.00144
 801     42.4778  #737272  115   3    0.00328
 802     42.5444  #737273  115   4    0.00157
 803     42.8611  #727372  115   5    0.00742
 804     42.9500  #727373  115   6    0.00207
 805     43.0722  #737372  115   7    0.00284
 806     43.1444  #737373  116   1    0.00168
 807     43.2000  #737374  116   2    0.00129
 808     43.3333  #747373  116   3    0.00308
 809     43.3889  #747374  116   4    0.00128
 810     43.7444  #737473  116   5    0.00816
 811     43.8222  #737474  116   6    0.00178
 812     43.9444  #747473  116   7    0.00279
 813     43.9944  #747474  117   1    0.00114
 814     44.0778  #747475  117   2    0.00189
 815     44.2056  #757474  117   3    0.00289
 816     44.2722  #757475  117   4    0.00151
 817     44.6389  #747574  117   5    0.00825
 818     44.6944  #747575  117   6    0.00124
 819     44.8389  #757574  117   7    0.00323
 820     44.8944  #757575  118   1    0.00124
 821     44.9556  #757576  118   2    0.00136
 822     45.0944  #767575  118   3    0.00308
 823     45.1389  #767576  118   4    0.00099
 824     45.4556  #757675  118   5    0.00699
 825     45.5222  #757676  118   6    0.00147
 826     45.6444  #767675  118   7    0.00268
 827     45.7167  #767676  119   1    0.00158
 828     45.7833  #767677  119   2    0.00146
 829     45.9000  #777676  119   3    0.00254
 830     45.9667  #777677  119   4    0.00145
 831     46.2500  #767776  119   5    0.00614
 832     46.3167  #767777  119   6    0.00144
 833     46.4333  #777776  119   7    0.00252
 834     46.4944  #777777  120   1    0.00132
 835     46.5722  #777778  120   2    0.00167
 836     46.6889  #787777  120   3    0.00250
 837     46.7611  #787778  120   4    0.00155
 838     47.1389  #777877  120   5    0.00805
 839     47.2333  #777878  120   6    0.00200
 840     47.3500  #787877  120   7    0.00247
 841     47.4278  #787878  121   1    0.00164
 842     47.4778  #787879  121   2    0.00105
 843     47.6222  #797878  121   3    0.00304
 844     47.6667  #797879  121   4    0.00093
 845     48.0556  #787978  121   5    0.00813
 846     48.1111  #787979  121   6    0.00116
 847     48.2444  #797978  121   7    0.00277
 848     48.3111  #797979  122   1    0.00138
 849     48.3722  #79797a  122   2    0.00126
 850     48.5000  #7a7979  122   3    0.00264
 851     48.5500  #7a797a  122   4    0.00103
 852     48.9167  #797a79  122   5    0.00752
 853     48.9889  #797a7a  122   6    0.00148
 854     49.1056  #7a7a79  122   7    0.00238
 855     49.1778  #7a7a7a  123   1    0.00147
 856     49.2222  #7a7a7b  123   2    0.00090
 857     49.3500  #7b7a7a  123   3    0.00259
 858     49.4167  #7b7a7b  123   4    0.00135
 859     49.7722  #7a7b7a  123   5    0.00717
 860     49.8333  #7a7b7b  123   6    0.00123
 861     49.9500  #7b7b7a  123   7    0.00234
 862     50.0056  #7b7b7b  124   1    0.00111
 863     50.0889  #7b7b7c  124   2    0.00167
 864     50.1944  #7c7b7b  124   3    0.00211
 865     50.2611  #7c7b7c  124   4    0.00133
 866     50.5889  #7b7c7b  124   5    0.00650
 867     50.6611  #7b7c7c  124   6    0.00143
 868     50.7611  #7c7c7b  124   7    0.00197
 869     50.8500  #7c7c7c  125   1    0.00175
 870     50.9333  #7c7c7d  125   2    0.00164
 871     51.0611  #7d7c7c  125   3    0.00251
 872     51.1444  #7d7c7d  125   4    0.00163
 873     51.4944  #7c7d7c  125   5    0.00682
 874     51.5667  #7c7d7d  125   6    0.00140
 875     51.7056  #7d7d7c  125   7    0.00269
 876     51.7778  #7d7d7d  126   1    0.00140
 877     51.8389  #7d7d7e  126   2    0.00118
 878     51.9889  #7e7d7d  126   3    0.00289
 879     52.0500  #7e7d7e  126   4    0.00117
 880     52.4333  #7d7e7d  126   5    0.00734
 881     52.5111  #7d7e7e  126   6    0.00148
 882     52.6667  #7e7e7d  126   7    0.00296
 883     52.7167  #7e7e7e  127   1    0.00095
 884     52.7944  #7e7e7f  127   2    0.00147
 885     52.9278  #7f7e7e  127   3    0.00252
 886     52.9944  #7f7e7f  127   4    0.00126
 887     53.3778  #7e7f7e  127   5    0.00721
 888     53.4667  #7e7f7f  127   6    0.00166
 889     53.5944  #7f7f7e  127   7    0.00239
 890     53.6833  #7f7f7f  128   1    0.00166
 891     53.7722  #7f7f80  128   2    0.00165
 892     53.9000  #807f7f  128   3    0.00237
 893     53.9833  #807f80  128   4    0.00154
 894     54.3389  #7f807f  128   5    0.00656
 895     54.4222  #7f8080  128   6    0.00153
 896     54.5500  #80807f  128   7    0.00235
 897     54.6444  #808080  129   1    0.00173
 898     54.6889  #808081  129   2    0.00081
 899     54.7556  #818080  129   3    0.00122
 900     54.8000  #818081  129   4    0.00081
 901     54.9778  #808180  129   5    0.00324
 902     55.0111  #808181  129   6    0.00061
 903     55.0833  #818180  129   7    0.00131
 904     55.1222  #818181  130   1    0.00071
 905     55.2111  #818182  130   2    0.00161
 906     55.3500  #828181  130   3    0.00251
 907     55.4278  #828182  130   4    0.00140
 908     55.7944  #818281  130   5    0.00659
 909     55.8778  #818282  130   6    0.00149
 910     56.0000  #828281  130   7    0.00218
 911     56.0889  #828282  131   1    0.00159
 912     56.1389  #828283  131   2    0.00089
 913     56.3056  #838282  131   3    0.00296
 914     56.3722  #838283  131   4    0.00118
 915     56.7722  #828382  131   5    0.00707
 916     56.8167  #828383  131   6    0.00078
 917     56.9833  #838382  131   7    0.00293
 918     57.0444  #838383  132   1    0.00107
 919     57.1278  #838384  132   2    0.00146
 920     57.2611  #848383  132   3    0.00233
 921     57.3333  #848384  132   4    0.00126
 922     57.7222  #838483  132   5    0.00676
 923     57.7889  #838484  132   6    0.00115
 924     57.9278  #848483  132   7    0.00240
 925     58.0056  #848484  133   1    0.00134
 926     58.0889  #848485  133   2    0.00144
 927     58.1889  #858484  133   3    0.00172
 928     58.2778  #858485  133   4    0.00153
 929     58.5889  #848584  133   5    0.00532
 930     58.6500  #848585  133   6    0.00104
 931     58.7611  #858584  133   7    0.00189
 932     58.8333  #858585  134   1    0.00123
 933     58.9056  #858586  134   2    0.00123
 934     59.0500  #868585  134   3    0.00245
 935     59.1111  #868586  134   4    0.00103
 936     59.4667  #858685  134   5    0.00600
 937     59.5167  #858686  134   6    0.00084
 938     59.6278  #868685  134   7    0.00187
 939     59.7167  #868686  135   1    0.00149
 940     59.8056  #868687  135   2    0.00149
 941     59.9278  #878686  135   3    0.00204
 942     60.0111  #878687  135   4    0.00139
 943     60.3833  #868786  135   5    0.00618
 944     60.4556  #868787  135   6    0.00120
 945     60.5889  #878786  135   7    0.00220
 946     60.6444  #878787  136   1    0.00092
 947     60.7389  #878788  136   2    0.00156
 948     60.8444  #888787  136   3    0.00174
 949     60.9389  #888788  136   4    0.00155
 950     61.3444  #878887  136   5    0.00663
 951     61.4111  #878888  136   6    0.00109
 952     61.5500  #888887  136   7    0.00226
 953     61.6333  #888888  137   1    0.00135
 954     61.7167  #888889  137   2    0.00135
 955     61.8611  #898888  137   3    0.00234
 956     61.9278  #898889  137   4    0.00108
 957     62.3056  #888988  137   5    0.00608
 958     62.4278  #888989  137   6    0.00196
 959     62.5389  #898988  137   7    0.00178
 960     62.6278  #898989  138   1    0.00142
 961     62.6944  #89898a  138   2    0.00106
 962     62.8000  #8a8989  138   3    0.00168
 963     62.8833  #8a898a  138   4    0.00133
 964     63.2278  #898a89  138   5    0.00546
 965     63.3000  #898a8a  138   6    0.00114
 966     63.4222  #8a8a89  138   7    0.00193
 967     63.5278  #8a8a8a  139   1    0.00166
 968     63.5889  #8a8a8b  139   2    0.00096
 969     63.7278  #8b8a8a  139   3    0.00218
 970     63.8111  #8b8a8b  139   4    0.00131
 971     64.1722  #8a8b8a  139   5    0.00564
 972     64.2444  #8a8b8b  139   6    0.00112
 973     64.3667  #8b8b8a  139   7    0.00190
 974     64.4611  #8b8b8b  140   1    0.00147
 975     64.5389  #8b8b8c  140   2    0.00121
 976     64.7167  #8c8b8b  140   3    0.00275
 977     64.7778  #8c8b8c  140   4    0.00094
 978     65.2111  #8b8c8b  140   5    0.00667
 979     65.2833  #8b8c8c  140   6    0.00111
 980     65.4389  #8c8c8b  140   7    0.00238
 981     65.5000  #8c8c8c  141   1    0.00093
 982     65.6167  #8c8c8d  141   2    0.00178
 983     65.7722  #8d8c8c  141   3    0.00237
 984     65.8278  #8d8c8d  141   4    0.00084
 985     66.2500  #8c8d8c  141   5    0.00639
 986     66.3278  #8c8d8d  141   6    0.00117
 987     66.4722  #8d8d8c  141   7    0.00218
 988     66.5333  #8d8d8d  142   1    0.00092
 989     66.6389  #8d8d8e  142   2    0.00159
 990     66.7778  #8e8d8d  142   3    0.00208
 991     66.8833  #8e8d8e  142   4    0.00158
 992     67.2833  #8d8e8d  142   5    0.00596
 993     67.3333  #8d8e8e  142   6    0.00074
 994     67.5278  #8e8e8d  142   7    0.00288
 995     67.6000  #8e8e8e  143   1    0.00107
 996     67.6722  #8e8e8f  143   2    0.00107
 997     67.8056  #8f8e8e  143   3    0.00197
 998     67.8722  #8f8e8f  143   4    0.00098
 999     68.3222  #8e8f8e  143   5    0.00661
1000     68.3889  #8e8f8f  143   6    0.00098
1001     68.5500  #8f8f8e  143   7    0.00235
1002     68.6000  #8f8f8f  144   1    0.00073
1003     68.6889  #8f8f90  144   2    0.00129
1004     68.8667  #908f8f  144   3    0.00258
1005     68.9611  #908f90  144   4    0.00137
1006     69.3889  #8f908f  144   5    0.00618
1007     69.4778  #8f9090  144   6    0.00128
1008     69.6444  #90908f  144   7    0.00240
1009     69.7278  #909090  145   1    0.00120
1010     69.7833  #909091  145   2    0.00080
1011     69.9833  #919090  145   3    0.00286
1012     70.0500  #919091  145   4    0.00095
1013     70.4500  #909190  145   5    0.00569
1014     70.5056  #909191  145   6    0.00079
1015     70.6944  #919190  145   7    0.00268
1016     70.7389  #919191  146   1    0.00063
1017     70.8111  #919192  146   2    0.00102
1018     70.9833  #929191  146   3    0.00243
1019     71.0722  #929192  146   4    0.00125
1020     71.5833  #919291  146   5    0.00717
1021     71.6556  #919292  146   6    0.00101
1022     71.8278  #929291  146   7    0.00240
1023     71.8889  #929292  147   1    0.00085
1024     71.9556  #929293  147   2    0.00093
1025     72.1333  #939292  147   3    0.00247
1026     72.1944  #939293  147   4    0.00085
1027     72.5722  #929392  147   5    0.00522
1028     72.6556  #929393  147   6    0.00115
1029     72.8111  #939392  147   7    0.00214
1030     72.8778  #939393  148   1    0.00092
1031     72.9556  #939394  148   2    0.00107
1032     73.1222  #949393  148   3    0.00228
1033     73.2000  #949394  148   4    0.00106
1034     73.6667  #939493  148   5    0.00635
1035     73.7333  #939494  148   6    0.00090
1036     73.9111  #949493  148   7    0.00241
1037     73.9833  #949494  149   1    0.00098
1038     74.0611  #949495  149   2    0.00105
1039     74.2389  #959494  149   3    0.00240
1040     74.3000  #959495  149   4    0.00082
1041     74.7222  #949594  149   5    0.00567
1042     74.7833  #949595  149   6    0.00082
1043     74.9667  #959594  149   7    0.00245
1044     75.0444  #959595  150   1    0.00104
1045     75.1111  #959596  150   2    0.00089
1046     75.2833  #969595  150   3    0.00229
1047     75.3333  #969596  150   4    0.00066
1048     75.7556  #959695  150   5    0.00559
1049     75.8500  #959696  150   6    0.00125
1050     76.0056  #969695  150   7    0.00205
1051     76.0722  #969696  151   1    0.00088
1052     76.1444  #969697  151   2    0.00095
1053     76.3333  #979696  151   3    0.00248
1054     76.3944  #979697  151   4    0.00080
1055     76.8944  #969796  151   5    0.00652
1056     76.9722  #969797  151   6    0.00101
1057     77.1500  #979796  151   7    0.00231
1058     77.2111  #979797  152   1    0.00079
1059     77.3056  #979798  152   2    0.00122
1060     77.4722  #989797  152   3    0.00215
1061     77.5500  #989798  152   4    0.00100
1062     78.0222  #979897  152   5    0.00607
1063     78.0944  #979898  152   6    0.00093
1064     78.2611  #989897  152   7    0.00213
1065     78.3444  #989898  153   1    0.00106
1066     78.4389  #989899  153   2    0.00120
1067     78.6000  #999898  153   3    0.00205
1068     78.6833  #999899  153   4    0.00106
1069     79.1556  #989998  153   5    0.00598
1070     79.2500  #989999  153   6    0.00119
1071     79.4167  #999998  153   7    0.00210
1072     79.5000  #999999  154   1    0.00105
1073     79.5667  #99999a  154   2    0.00084
1074     79.7556  #9a9999  154   3    0.00237
1075     79.8222  #9a999a  154   4    0.00084
1076     80.2722  #999a99  154   5    0.00562
1077     80.3611  #999a9a  154   6    0.00111
1078     80.5278  #9a9a99  154   7    0.00207
1079     80.6056  #9a9a9a  155   1    0.00097
1080     80.6944  #9a9a9b  155   2    0.00110
1081     80.8611  #9b9a9a  155   3    0.00206
1082     80.9500  #9b9a9b  155   4    0.00110
1083     81.3556  #9a9b9a  155   5    0.00500
1084     81.4500  #9a9b9b  155   6    0.00116
1085     81.6167  #9b9b9a  155   7    0.00204
1086     81.7111  #9b9b9b  156   1    0.00116
1087     81.7722  #9b9b9c  156   2    0.00075
1088     81.9778  #9c9b9b  156   3    0.00251
1089     82.0500  #9c9b9c  156   4    0.00088
1090     82.4944  #9b9c9b  156   5    0.00540
1091     82.5500  #9b9c9c  156   6    0.00067
1092     82.7611  #9c9c9b  156   7    0.00255
1093     82.8222  #9c9c9c  157   1    0.00074
1094     82.9167  #9c9c9d  157   2    0.00114
1095     83.0833  #9d9c9c  157   3    0.00201
1096     83.1611  #9d9c9d  157   4    0.00094
1097     83.6056  #9c9d9c  157   5    0.00533
1098     83.7056  #9c9d9d  157   6    0.00120
1099     83.8778  #9d9d9c  157   7    0.00206
1100     83.9556  #9d9d9d  158   1    0.00093
1101     84.0444  #9d9d9e  158   2    0.00106
1102     84.2056  #9e9d9d  158   3    0.00192
1103     84.2944  #9e9d9e  158   4    0.00106
1104     84.8278  #9d9e9d  158   5    0.00631
1105     84.9167  #9d9e9e  158   6    0.00105
1106     85.0889  #9e9e9d  158   7    0.00203
1107     85.1833  #9e9e9e  159   1    0.00111
1108     85.2611  #9e9e9f  159   2    0.00091
1109     85.4444  #9f9e9e  159   3    0.00215
1110     85.5167  #9f9e9f  159   4    0.00084
1111     86.0444  #9e9f9e  159   5    0.00615
1112     86.1278  #9e9f9f  159   6    0.00097
1113     86.3111  #9f9f9e  159   7    0.00213
1114     86.3778  #9f9f9f  160   1    0.00077
1115     86.4833  #9f9fa0  160   2    0.00122
1116     86.6722  #a09f9f  160   3    0.00218
1117     86.7833  #a09fa0  160   4    0.00128
1118     87.2944  #9fa09f  160   5    0.00587
1119     87.3833  #9fa0a0  160   6    0.00102
1120     87.5889  #a0a09f  160   7    0.00235
1121     87.6944  #a0a0a0  161   1    0.00120
1122     87.7556  #a0a0a1  161   2    0.00070
1123     87.9778  #a1a0a0  161   3    0.00253
1124     88.0556  #a1a0a1  161   4    0.00088
1125     88.4222  #a0a1a0  161   5    0.00416
1126     88.5167  #a0a1a1  161   6    0.00107
1127     88.7167  #a1a1a0  161   7    0.00226
1128     88.7944  #a1a1a1  162   1    0.00088
1129     88.8833  #a1a1a2  162   2    0.00100
1130     89.0556  #a2a1a1  162   3    0.00194
1131     89.1556  #a2a1a2  162   4    0.00112
1132     89.6111  #a1a2a1  162   5    0.00510
1133     89.7000  #a1a2a2  162   6    0.00099
1134     89.8778  #a2a2a1  162   7    0.00198
1135     89.9889  #a2a2a2  163   1    0.00124
1136     90.0778  #a2a2a3  163   2    0.00099
1137     90.2333  #a3a2a2  163   3    0.00173
1138     90.3389  #a3a2a3  163   4    0.00117
1139     90.8722  #a2a3a2  163   5    0.00589
1140     90.9889  #a2a3a3  163   6    0.00128
1141     91.1444  #a3a3a2  163   7    0.00171
1142     91.2611  #a3a3a3  164   1    0.00128
1143     91.3444  #a3a3a4  164   2    0.00091
1144     91.5278  #a4a3a3  164   3    0.00201
1145     91.6056  #a4a3a4  164   4    0.00085
1146     92.1333  #a3a4a3  164   5    0.00574
1147     92.2222  #a3a4a4  164   6    0.00096
1148     92.4056  #a4a4a3  164   7    0.00199
1149     92.4889  #a4a4a4  165   1    0.00090
1150     92.5889  #a4a4a5  165   2    0.00108
1151     92.7889  #a5a4a4  165   3    0.00216
1152     92.8611  #a5a4a5  165   4    0.00078
1153     93.3111  #a4a5a4  165   5    0.00483
1154     93.3944  #a4a5a5  165   6    0.00089
1155     93.6056  #a5a5a4  165   7    0.00226
1156     93.6889  #a5a5a5  166   1    0.00089
1157     93.7778  #a5a5a6  166   2    0.00095
1158     93.9389  #a6a5a5  166   3    0.00172
1159     94.0556  #a6a5a6  166   4    0.00124
1160     94.5278  #a5a6a5  166   5    0.00501
1161     94.5944  #a5a6a6  166   6    0.00071
1162     94.7778  #a6a6a5  166   7    0.00194
1163     94.8722  #a6a6a6  167   1    0.00100
1164     94.9722  #a6a6a7  167   2    0.00105
1165     95.1778  #a7a6a6  167   3    0.00216
1166     95.2667  #a7a6a7  167   4    0.00093
1167     95.7722  #a6a7a6  167   5    0.00529
1168     95.8722  #a6a7a7  167   6    0.00104
1169     96.0611  #a7a7a6  167   7    0.00197
1170     96.1500  #a7a7a7  168   1    0.00092
1171     96.2667  #a7a7a8  168   2    0.00121
1172     96.4556  #a8a7a7  168   3    0.00196
1173     96.5611  #a8a7a8  168   4    0.00109
1174     97.1056  #a7a8a7  168   5    0.00562
1175     97.2111  #a7a8a8  168   6    0.00109
1176     97.4056  #a8a8a7  168   7    0.00200
1177     97.4944  #a8a8a8  169   1    0.00091
1178     97.6000  #a8a8a9  169   2    0.00108
1179     97.7944  #a9a8a8  169   3    0.00199
1180     97.8889  #a9a8a9  169   4    0.00097
1181     98.3722  #a8a9a8  169   5    0.00493
1182     98.4611  #a8a9a9  169   6    0.00090
1183     98.6667  #a9a9a8  169   7    0.00209
1184     98.7500  #a9a9a9  170   1    0.00084
1185     98.8500  #a9a9aa  170   2    0.00101
1186     99.0611  #aaa9a9  170   3    0.00213
1187     99.1833  #aaa9aa  170   4    0.00123
1188     99.7111  #a9aaa9  170   5    0.00531
1189     99.8111  #a9aaaa  170   6    0.00100
1190    100.0278  #aaaaa9  170   7    0.00217
1191    100.1333  #aaaaaa  171   1    0.00105
1192    100.2222  #aaaaab  171   2    0.00089
1193    100.3611  #abaaaa  171   3    0.00138
1194    100.4389  #abaaab  171   4    0.00077
1195    100.9389  #aaabaa  171   5    0.00497
1196    101.0111  #aaabab  171   6    0.00072
1197    101.1611  #ababaa  171   7    0.00148
1198    101.2333  #ababab  172   1    0.00071
1199    101.3500  #ababac  172   2    0.00115
1200    101.5556  #acabab  172   3    0.00203
1201    101.6667  #acabac  172   4    0.00109
1202    102.2333  #abacab  172   5    0.00556
1203    102.3500  #abacac  172   6    0.00114
1204    102.5500  #acacab  172   7    0.00195
1205    102.6667  #acacac  173   1    0.00114
1206    102.7667  #acacad  173   2    0.00097
1207    102.9667  #adacac  173   3    0.00194
1208    103.0778  #adacad  173   4    0.00108
1209    103.5889  #acadac  173   5    0.00495
1210    103.7000  #acadad  173   6    0.00107
1211    103.9000  #adadac  173   7    0.00193
1212    103.9889  #adadad  174   1    0.00086
1213    104.0667  #adadae  174   2    0.00075
1214    104.3111  #aeadad  174   3    0.00235
1215    104.3833  #aeadae  174   4    0.00069
1216    104.8778  #adaead  174   5    0.00473
1217    104.9833  #adaeae  174   6    0.00101
1218    105.2111  #aeaead  174   7    0.00217
1219    105.3000  #aeaeae  175   1    0.00084
1220    105.4000  #aeaeaf  175   2    0.00095
1221    105.6056  #afaeae  175   3    0.00195
1222    105.7222  #afaeaf  175   4    0.00110
1223    106.2889  #aeafae  175   5    0.00535
1224    106.3944  #aeafaf  175   6    0.00099
1225    106.5889  #afafae  175   7    0.00183
1226    106.7000  #afafaf  176   1    0.00104
1227    106.7722  #afafb0  176   2    0.00068
1228    107.0000  #b0afaf  176   3    0.00213
1229    107.0889  #b0afb0  176   4    0.00083
1230    107.5833  #afb0af  176   5    0.00461
1231    107.6611  #afb0b0  176   6    0.00072
1232    107.9111  #b0b0af  176   7    0.00232
1233    107.9778  #b0b0b0  177   1    0.00062
1234    108.0722  #b0b0b1  177   2    0.00087
1235    108.2778  #b1b0b0  177   3    0.00190
1236    108.3889  #b1b0b1  177   4    0.00103
1237    108.9111  #b0b1b0  177   5    0.00481
1238    109.0056  #b0b1b1  177   6    0.00087
1239    109.1889  #b1b1b0  177   7    0.00168
1240    109.2778  #b1b1b1  178   1    0.00081
1241    109.3944  #b1b1b2  178   2    0.00107
1242    109.5778  #b2b1b1  178   3    0.00167
1243    109.7000  #b2b1b2  178   4    0.00111
1244    110.2611  #b1b2b1  178   5    0.00510
1245    110.3778  #b1b2b2  178   6    0.00106
1246    110.5444  #b2b2b1  178   7    0.00151
1247    110.6667  #b2b2b2  179   1    0.00111
1248    110.7556  #b2b2b3  179   2    0.00080
1249    111.0000  #b3b2b2  179   3    0.00220
1250    111.0889  #b3b2b3  179   4    0.00080
1251    111.6722  #b2b3b2  179   5    0.00524
1252    111.7722  #b2b3b3  179   6    0.00090
1253    112.0056  #b3b3b2  179   7    0.00209
1254    112.1056  #b3b3b3  180   1    0.00089
1255    112.2000  #b3b3b4  180   2    0.00084
1256    112.4222  #b4b3b3  180   3    0.00198
1257    112.5278  #b4b3b4  180   4    0.00094
1258    113.0667  #b3b4b3  180   5    0.00478
1259    113.1556  #b3b4b4  180   6    0.00079
1260    113.3500  #b4b4b3  180   7    0.00172
1261    113.4778  #b4b4b4  181   1    0.00113
1262    113.5444  #b4b4b5  181   2    0.00059
1263    113.7722  #b5b4b4  181   3    0.00200
1264    113.8444  #b5b4b5  181   4    0.00063
1265    114.4167  #b4b5b4  181   5    0.00501
1266    114.5000  #b4b5b5  181   6    0.00073
1267    114.7056  #b5b5b4  181   7    0.00179
1268    114.7889  #b5b5b5  182   1    0.00073
1269    114.9056  #b5b5b6  182   2    0.00102
1270    115.1222  #b6b5b5  182   3    0.00188
1271    115.2278  #b6b5b6  182   4    0.00092
1272    115.6556  #b5b6b5  182   5    0.00371
1273    115.7889  #b5b6b6  182   6    0.00115
1274    115.9778  #b6b6b5  182   7    0.00163
1275    116.1056  #b6b6b6  183   1    0.00110
1276    116.2000  #b6b6b7  183   2    0.00081
1277    116.4111  #b7b6b6  183   3    0.00182
1278    116.5167  #b7b6b7  183   4    0.00091
1279    116.9889  #b6b7b6  183   5    0.00404
1280    117.1056  #b6b7b7  183   6    0.00100
1281    117.3167  #b7b7b6  183   7    0.00180
1282    117.4167  #b7b7b7  184   1    0.00085
1283    117.5167  #b7b7b8  184   2    0.00085
1284    117.7500  #b8b7b7  184   3    0.00198
1285    117.8389  #b8b7b8  184   4    0.00075
1286    118.4611  #b7b8b7  184   5    0.00527
1287    118.5611  #b7b8b8  184   6    0.00084
1288    118.7889  #b8b8b7  184   7    0.00192
1289    118.8833  #b8b8b8  185   1    0.00079
1290    118.9944  #b8b8b9  185   2    0.00093
1291    119.1889  #b9b8b8  185   3    0.00163
1292    119.2944  #b9b8b9  185   4    0.00089
1293    119.8056  #b8b9b8  185   5    0.00428
1294    119.9000  #b8b9b9  185   6    0.00079
1295    120.0722  #b9b9b8  185   7    0.00144
1296    120.1944  #b9b9b9  186   1    0.00102
1297    120.3111  #b9b9ba  186   2    0.00097
1298    120.5444  #bab9b9  186   3    0.00194
1299    120.6222  #bab9ba  186   4    0.00065
1300    121.2278  #b9bab9  186   5    0.00501
1301    121.3111  #b9baba  186   6    0.00069
1302    121.5556  #babab9  186   7    0.00201
1303    121.6556  #bababa  187   1    0.00082
1304    121.7778  #bababb  187   2    0.00100
1305    121.9722  #bbbaba  187   3    0.00160
1306    122.0833  #bbbabb  187   4    0.00091
1307    122.6389  #babbba  187   5    0.00454
1308    122.7444  #babbbb  187   6    0.00086
1309    122.9389  #bbbbba  187   7    0.00158
1310    123.0556  #bbbbbb  188   1    0.00095
1311    123.1833  #bbbbbc  188   2    0.00104
1312    123.3778  #bcbbbb  188   3    0.00158
1313    123.4944  #bcbbbc  188   4    0.00095
1314    124.0556  #bbbcbb  188   5    0.00453
1315    124.1889  #bbbcbc  188   6    0.00107
1316    124.3722  #bcbcbb  188   7    0.00148
1317    124.4889  #bcbcbc  189   1    0.00094
1318    124.6000  #bcbcbd  189   2    0.00089
1319    124.8222  #bdbcbc  189   3    0.00178
1320    124.8889  #bdbcbd  189   4    0.00053
1321    125.4722  #bcbdbc  189   5    0.00466
1322    125.5667  #bcbdbd  189   6    0.00075
1323    125.7611  #bdbdbc  189   7    0.00155
1324    125.8778  #bdbdbd  190   1    0.00093
1325    126.0000  #bdbdbe  190   2    0.00097
1326    126.1778  #bebdbd  190   3    0.00141
1327    126.3000  #bebdbe  190   4    0.00097
1328    126.8500  #bdbebd  190   5    0.00435
1329    126.9944  #bdbebe  190   6    0.00114
1330    127.1722  #bebebd  190   7    0.00140
1331    127.3222  #bebebe  191   1    0.00118
1332    127.4167  #bebebf  191   2    0.00074
1333    127.6556  #bfbebe  191   3    0.00187
1334    127.7333  #bfbebf  191   4    0.00061
1335    128.3500  #bebfbe  191   5    0.00482
1336    128.4833  #bebfbf  191   6    0.00104
1337    128.7444  #bfbfbe  191   7    0.00203
1338    128.8333  #bfbfbf  192   1    0.00069
1339    128.9944  #bfbfc0  192   2    0.00125
1340    129.2056  #c0bfbf  192   3    0.00164
1341    129.3556  #c0bfc0  192   4    0.00116
1342    129.9111  #bfc0bf  192   5    0.00429
1343    130.0722  #bfc0c0  192   6    0.00124
1344    130.2833  #c0c0bf  192   7    0.00162
1345    130.4444  #c0c0c0  193   1    0.00124
1346    130.5389  #c0c0c1  193   2    0.00072
1347    130.7500  #c1c0c0  193   3    0.00162
1348    130.8222  #c1c0c1  193   4    0.00055
1349    131.1167  #c0c1c0  193   5    0.00225
1350    131.2167  #c0c1c1  193   6    0.00076
1351    131.4222  #c1c1c0  193   7    0.00157
1352    131.5278  #c1c1c1  194   1    0.00080
1353    131.6278  #c1c1c2  194   2    0.00076
1354    131.8722  #c2c1c1  194   3    0.00186
1355    131.9722  #c2c1c2  194   4    0.00076
1356    132.5833  #c1c2c1  194   5    0.00462
1357    132.7056  #c1c2c2  194   6    0.00092
1358    132.9889  #c2c2c1  194   7    0.00213
1359    133.0722  #c2c2c2  195   1    0.00063
1360    133.2000  #c2c2c3  195   2    0.00096
1361    133.3556  #c3c2c2  195   3    0.00117
1362    133.5056  #c3c2c3  195   4    0.00112
1363    134.0389  #c2c3c2  195   5    0.00399
1364    134.2111  #c2c3c3  195   6    0.00128
1365    134.3778  #c3c3c2  195   7    0.00124
1366    134.5056  #c3c3c3  196   1    0.00095
1367    134.5944  #c3c3c4  196   2    0.00066
1368    134.8222  #c4c3c3  196   3    0.00169
1369    134.8944  #c4c3c4  196   4    0.00054
1370    135.5000  #c3c4c3  196   5    0.00448
1371    135.6278  #c3c4c4  196   6    0.00094
1372    135.8389  #c4c4c3  196   7    0.00156
1373    135.9389  #c4c4c4  197   1    0.00074
1374    136.0833  #c4c4c5  197   2    0.00106
1375    136.3056  #c5c4c4  197   3    0.00163
1376    136.3833  #c5c4c5  197   4    0.00057
1377    136.9611  #c4c5c4  197   5    0.00423
1378    137.0778  #c4c5c5  197   6    0.00085
1379    137.2389  #c5c5c4  197   7    0.00117
1380    137.3889  #c5c5c5  198   1    0.00109
1381    137.5278  #c5c5c6  198   2    0.00101
1382    137.7222  #c6c5c5  198   3    0.00141
1383    137.8611  #c6c5c6  198   4    0.00101
1384    138.3944  #c5c6c5  198   5    0.00386
1385    138.5222  #c5c6c6  198   6    0.00092
1386    138.7167  #c6c6c5  198   7    0.00140
1387    138.8444  #c6c6c6  199   1    0.00092
1388    138.9611  #c6c6c7  199   2    0.00084
1389    139.2056  #c7c6c6  199   3    0.00176
1390    139.3056  #c7c6c7  199   4    0.00072
1391    139.9111  #c6c7c6  199   5    0.00434
1392    140.0333  #c6c7c7  199   6    0.00087
1393    140.2778  #c7c7c6  199   7    0.00174
1394    140.3833  #c7c7c7  200   1    0.00075
1395    140.5278  #c7c7c8  200   2    0.00103
1396    140.6833  #c8c7c7  200   3    0.00111
1397    140.8167  #c8c7c8  200   4    0.00095
1398    141.3389  #c7c8c7  200   5    0.00370
1399    141.5222  #c7c8c8  200   6    0.00130
1400    141.6500  #c8c8c7  200   7    0.00090
1401    141.8222  #c8c8c8  201   1    0.00122
1402    141.9222  #c8c8c9  201   2    0.00070
1403    142.1611  #c9c8c8  201   3    0.00168
1404    142.2500  #c9c8c9  201   4    0.00063
1405    142.9111  #c8c9c8  201   5    0.00464
1406    143.0222  #c8c9c9  201   6    0.00078
1407    143.2556  #c9c9c8  201   7    0.00163
1408    143.3556  #c9c9c9  202   1    0.00070
1409    143.4889  #c9c9ca  202   2    0.00093
1410    143.6611  #cac9c9  202   3    0.00120
1411    143.8222  #cac9ca  202   4    0.00112
1412    144.3278  #c9cac9  202   5    0.00351
1413    144.4222  #c9caca  202   6    0.00065
1414    144.6500  #cacac9  202   7    0.00158
1415    144.7722  #cacaca  203   1    0.00084
1416    144.8944  #cacacb  203   2    0.00084
1417    145.0889  #cbcaca  203   3    0.00134
1418    145.2222  #cbcacb  203   4    0.00092
1419    145.7056  #cacbca  203   5    0.00332
1420    145.8500  #cacbcb  203   6    0.00099
1421    146.0556  #cbcbca  203   7    0.00141
1422    146.1944  #cbcbcb  204   1    0.00095
1423    146.3167  #cbcbcc  204   2    0.00084
1424    146.5000  #cccbcb  204   3    0.00125
1425    146.6389  #cccbcc  204   4    0.00095
1426    147.2778  #cbcccb  204   5    0.00435
1427    147.4056  #cbcccc  204   6    0.00087
1428    147.6056  #cccccb  204   7    0.00136
1429    147.7167  #cccccc  205   1    0.00075
1430    147.8278  #cccccd  205   2    0.00075
1431    148.0556  #cdcccc  205   3    0.00154
1432    148.1833  #cdcccd  205   4    0.00086
1433    148.7500  #cccdcc  205   5    0.00382
1434    148.8500  #cccdcd  205   6    0.00067
1435    149.0833  #cdcdcc  205   7    0.00157
1436    149.2111  #cdcdcd  206   1    0.00086
1437    149.3167  #cdcdce  206   2    0.00071
1438    149.5722  #cecdcd  206   3    0.00171
1439    149.6722  #cecdce  206   4    0.00067
1440    150.3500  #cdcecd  206   5    0.00452
1441    150.4611  #cdcece  206   6    0.00074
1442    150.7111  #cececd  206   7    0.00166
1443    150.8111  #cecece  207   1    0.00066
1444    150.9667  #cececf  207   2    0.00103
1445    151.1500  #cfcece  207   3    0.00121
1446    151.2944  #cfcecf  207   4    0.00096
1447    151.9722  #cecfce  207   5    0.00447
1448    152.0889  #cecfcf  207   6    0.00077
1449    152.2944  #cfcfce  207   7    0.00135
1450    152.4333  #cfcfcf  208   1    0.00091
1451    152.5389  #cfcfd0  208   2    0.00069
1452    152.7722  #d0cfcf  208   3    0.00153
1453    152.9056  #d0cfd0  208   4    0.00087
1454    153.6111  #cfd0cf  208   5    0.00460
1455    153.7556  #cfd0d0  208   6    0.00094
1456    153.9722  #d0d0cf  208   7    0.00141
1457    154.1167  #d0d0d0  209   1    0.00094
1458    154.2000  #d0d0d1  209   2    0.00054
1459    154.4500  #d1d0d0  209   3    0.00162
1460    154.5500  #d1d0d1  209   4    0.00065
1461    155.0611  #d0d1d0  209   5    0.00330
1462    155.1500  #d0d1d1  209   6    0.00057
1463    155.3944  #d1d1d0  209   7    0.00157
1464    155.4944  #d1d1d1  210   1    0.00064
1465    155.6333  #d1d1d2  210   2    0.00089
1466    155.8722  #d2d1d1  210   3    0.00153
1467    155.9889  #d2d1d2  210   4    0.00075
1468    156.6944  #d1d2d1  210   5    0.00451
1469    156.8278  #d1d2d2  210   6    0.00085
1470    157.0667  #d2d2d1  210   7    0.00152
1471    157.2000  #d2d2d2  211   1    0.00085
1472    157.2778  #d2d2d3  211   2    0.00049
1473    157.5778  #d3d2d2  211   3    0.00191
1474    157.6778  #d3d2d3  211   4    0.00063
1475    158.2778  #d2d3d2  211   5    0.00380
1476    158.4000  #d2d3d3  211   6    0.00077
1477    158.6611  #d3d3d2  211   7    0.00165
1478    158.7889  #d3d3d3  212   1    0.00081
1479    158.9056  #d3d3d4  212   2    0.00073
1480    159.1556  #d4d3d3  212   3    0.00157
1481    159.3056  #d4d3d4  212   4    0.00094
1482    160.0000  #d3d4d3  212   5    0.00435
1483    160.1222  #d3d4d4  212   6    0.00076
1484    160.3889  #d4d4d3  212   7    0.00166
1485    160.5111  #d4d4d4  213   1    0.00076
1486    160.6278  #d4d4d5  213   2    0.00073
1487    160.9222  #d5d4d4  213   3    0.00183
1488    161.0556  #d5d4d5  213   4    0.00083
1489    161.7556  #d4d5d4  213   5    0.00434
1490    161.8778  #d4d5d5  213   6    0.00076
1491    162.1722  #d5d5d4  213   7    0.00182
1492    162.2944  #d5d5d5  214   1    0.00075
1493    162.4056  #d5d5d6  214   2    0.00068
1494    162.6111  #d6d5d5  214   3    0.00126
1495    162.7056  #d6d5d6  214   4    0.00058
1496    163.3389  #d5d6d5  214   5    0.00388
1497    163.4333  #d5d6d6  214   6    0.00058
1498    163.6444  #d6d6d5  214   7    0.00129
1499    163.7556  #d6d6d6  215   1    0.00068
1500    163.8833  #d6d6d7  215   2    0.00078
1501    164.1667  #d7d6d6  215   3    0.00173
1502    164.3167  #d7d6d7  215   4    0.00091
1503    165.0333  #d6d7d6  215   5    0.00435
1504    165.1389  #d6d7d7  215   6    0.00064
1505    165.4556  #d7d7d6  215   7    0.00192
1506    165.5667  #d7d7d7  216   1    0.00067
1507    165.6667  #d7d7d8  216   2    0.00060
1508    165.9944  #d8d7d7  216   3    0.00198
1509    166.1056  #d8d7d8  216   4    0.00067
1510    166.8278  #d7d8d7  216   5    0.00434
1511    166.9000  #d7d8d8  216   6    0.00043
1512    167.2000  #d8d8d7  216   7    0.00180
1513    167.2944  #d8d8d8  217   1    0.00056
1514    167.4167  #d8d8d9  217   2    0.00073
1515    167.7278  #d9d8d8  217   3    0.00186
1516    167.8611  #d9d8d9  217   4    0.00079
1517    168.5278  #d8d9d8  217   5    0.00396
1518    168.6722  #d8d9d9  217   6    0.00086
1519    168.9056  #d9d9d8  217   7    0.00138
1520    168.9944  #d9d9d9  218   1    0.00053
1521    169.1778  #d9d9da  218   2    0.00108
1522    169.4500  #dad9d9  218   3    0.00161
1523    169.5667  #dad9da  218   4    0.00069
1524    170.3278  #d9dad9  218   5    0.00448
1525    170.4056  #d9dada  218   6    0.00046
1526    170.6667  #dadad9  218   7    0.00153
1527    170.7722  #dadada  219   1    0.00062
1528    170.8944  #dadadb  219   2    0.00072
1529    171.1944  #dbdada  219   3    0.00175
1530    171.3389  #dbdadb  219   4    0.00084
1531    171.9556  #dadbda  219   5    0.00359
1532    172.1111  #dadbdb  219   6    0.00090
1533    172.3889  #dbdbda  219   7    0.00161
1534    172.4444  #dbdbdb  220   1    0.00032
1535    172.5500  #dbdbdc  220   2    0.00061
1536    172.8889  #dcdbdb  220   3    0.00196
1537    172.9556  #dcdbdc  220   4    0.00039
1538    173.6500  #dbdcdb  220   5    0.00401
1539    173.6833  #dbdcdc  220   6    0.00019
1540    173.9889  #dcdcdb  220   7    0.00176
1541    174.1667  #dcdcdc  221   1    0.00102
1542    174.2500  #dcdcdd  221   2    0.00048
1543    174.5944  #dddcdc  221   3    0.00197
1544    174.6500  #dddcdd  221   4    0.00032
1545    175.4056  #dcdddc  221   5    0.00432
1546    175.5222  #dcdddd  221   6    0.00066
1547    175.8111  #dddddc  221   7    0.00164
1548    175.8889  #dddddd  222   1    0.00044
1549    176.1333  #ddddde  222   2    0.00139
1550    176.3056  #dedddd  222   3    0.00098
1551    176.4500  #deddde  222   4    0.00082
1552    177.2611  #dddedd  222   5    0.00459
1553    177.3389  #dddede  222   6    0.00044
1554    177.5722  #dededd  222   7    0.00131
1555    177.8222  #dedede  223   1    0.00141
1556    177.9389  #dededf  223   2    0.00066
1557    178.2000  #dfdede  223   3    0.00147
1558    178.3111  #dfdedf  223   4    0.00062
1559    178.9278  #dedfde  223   5    0.00345
1560    179.0389  #dedfdf  223   6    0.00062
1561    179.4056  #dfdfde  223   7    0.00205
1562    179.5278  #dfdfdf  224   1    0.00068
1563    179.6278  #dfdfe0  224   2    0.00056
1564    179.8556  #e0dfdf  224   3    0.00127
1565    180.0167  #e0dfe0  224   4    0.00090
1566    180.8111  #dfe0df  224   5    0.00440
1567    180.9667  #dfe0e0  224   6    0.00086
1568    181.2333  #e0e0df  224   7    0.00147
1569    181.3944  #e0e0e0  225   1    0.00089
1570    181.5500  #e0e0e1  225   2    0.00086
1571    181.8222  #e1e0e0  225   3    0.00150
1572    182.0444  #e1e0e1  225   4    0.00122
1573    182.5611  #e0e1e0  225   5    0.00283
1574    182.6722  #e0e1e1  225   6    0.00061
1575    182.8833  #e1e1e0  225   7    0.00116
1576    182.9889  #e1e1e1  226   1    0.00058
1577    183.1944  #e1e1e2  226   2    0.00112
1578    183.4167  #e2e1e1  226   3    0.00121
1579    183.5556  #e2e1e2  226   4    0.00076
1580    184.4611  #e1e2e1  226   5    0.00492
1581    184.5444  #e1e2e2  226   6    0.00045
1582    184.7111  #e2e2e1  226   7    0.00090
1583    184.7833  #e2e2e2  227   1    0.00039
1584    185.0500  #e2e2e3  227   2    0.00144
1585    185.2722  #e3e2e2  227   3    0.00120
1586    185.5389  #e3e2e3  227   4    0.00144
1587    186.1778  #e2e3e2  227   5    0.00344
1588    186.4889  #e2e3e3  227   6    0.00167
1589    186.6000  #e3e3e2  227   7    0.00060
1590    186.6389  #e3e3e3  228   1    0.00021
1591    186.9056  #e3e3e4  228   2    0.00143
1592    187.2000  #e4e3e3  228   3    0.00157
1593    187.3556  #e4e3e4  228   4    0.00083
1594    187.9778  #e3e4e3  228   5    0.00332
1595    188.2278  #e3e4e4  228   6    0.00133
1596    188.3222  #e4e4e3  228   7    0.00050
1597    188.5667  #e4e4e4  229   1    0.00130
1598    188.5778  #e4e4e5  229   2    0.00006
1599    188.9056  #e5e4e4  229   3    0.00174
1600    189.0889  #e5e4e5  229   4    0.00097
1601    189.6389  #e4e5e4  229   5    0.00290
1602    189.8167  #e4e5e5  229   6    0.00094
1603    190.0500  #e5e5e4  229   7    0.00123
1604    190.2833  #e5e5e5  230   1    0.00123
1605    190.3444  #e5e5e6  230   2    0.00032
1606    190.6444  #e6e5e5  230   3    0.00157
1607    190.7556  #e6e5e6  230   4    0.00058
1608    191.5278  #e5e6e5  230   5    0.00404
1609    191.6389  #e5e6e6  230   6    0.00058
1610    191.7722  #e6e6e5  230   7    0.00070
1611    191.8833  #e6e6e6  231   1    0.00058
1612    192.1722  #e6e6e7  231   2    0.00150
1613    192.3944  #e7e6e6  231   3    0.00116
1614    192.5167  #e7e6e7  231   4    0.00064
1615    193.2944  #e6e7e6  231   5    0.00403
1616    193.4667  #e6e7e7  231   6    0.00089
1617    193.6389  #e7e7e6  231   7    0.00089
1618    193.9222  #e7e7e7  232   1    0.00146
1619    193.9833  #e7e7e8  232   2    0.00032
1620    194.2278  #e8e7e7  232   3    0.00126
1621    194.3944  #e8e7e8  232   4    0.00086
1622    195.2389  #e7e8e7  232   5    0.00433
1623    195.3500  #e7e8e8  232   6    0.00057
1624    195.5944  #e8e8e7  232   7    0.00125
1625    195.7611  #e8e8e8  233   1    0.00085
1626    195.9389  #e8e8e9  233   2    0.00091
1627    196.2333  #e9e8e8  233   3    0.00150
1628    196.3500  #e9e8e9  233   4    0.00059
1629    197.0556  #e8e9e8  233   5    0.00359
1630    197.2778  #e8e9e9  233   6    0.00113
1631    197.4444  #e9e9e8  233   7    0.00084
1632    197.5000  #e9e9e9  234   1    0.00028
1633    197.7222  #e9e9ea  234   2    0.00112
1634    198.0000  #eae9e9  234   3    0.00140
1635    198.1667  #eae9ea  234   4    0.00084
1636    199.0000  #e9eae9  234   5    0.00420
1637    199.1667  #e9eaea  234   6    0.00084
1638    199.4444  #eaeae9  234   7    0.00139
1639    199.5000  #eaeaea  235   1    0.00028
1640    199.6667  #eaeaeb  235   2    0.00084
1641    199.9444  #ebeaea  235   3    0.00139
1642    200.1667  #ebeaeb  235   4    0.00111
1643    200.8333  #eaebea  235   5    0.00333
1644    201.0000  #eaebeb  235   6    0.00083
1645    201.2222  #ebebea  235   7    0.00110
1646    201.4444  #ebebeb  236   1    0.00110
1647    201.4444  #ebebec  236   2    0.00000
1648    201.8889  #ecebeb  236   3    0.00220
1649    201.9444  #ecebec  236   4    0.00028
1650    202.6667  #ebeceb  236   5    0.00357
1651    202.8889  #ebecec  236   6    0.00110
1652    203.1111  #ececeb  236   7    0.00109
1653    203.3333  #ececec  237   1    0.00109
1654    203.4444  #ececed  237   2    0.00055
1655    203.6111  #edecec  237   3    0.00082
1656    203.8889  #edeced  237   4    0.00136
1657    204.6111  #ecedec  237   5    0.00354
1658    204.8889  #eceded  237   6    0.00136
1659    205.2222  #ededec  237   7    0.00163
1660    205.2222  #ededed  238   1    0.00000
1661    205.3889  #ededee  238   2    0.00081
1662    205.5556  #eeeded  238   3    0.00081
1663    205.8889  #eeedee  238   4    0.00162
1664    206.5000  #edeeed  238   5    0.00296
1665    206.6111  #edeeee  238   6    0.00054
1666    207.0000  #eeeeed  238   7    0.00188
1667    207.0556  #eeeeee  239   1    0.00027
1668    207.1667  #eeeeef  239   2    0.00054
1669    207.5000  #efeeee  239   3    0.00161
1670    207.7778  #efeeef  239   4    0.00134
1671    208.6111  #eeefee  239   5    0.00400
1672    208.6667  #eeefef  239   6    0.00027
1673    209.1111  #efefee  239   7    0.00213
1674    209.1111  #efefef  240   1    0.00000
1675    209.2222  #efeff0  240   2    0.00053
1676    209.5556  #f0efef  240   3    0.00159
1677    209.8889  #f0eff0  240   4    0.00159
1678    210.6667  #eff0ef  240   5    0.00370
1679    210.9444  #eff0f0  240   6    0.00132
1680    211.2778  #f0f0ef  240   7    0.00158
1681    211.3889  #f0f0f0  241   1    0.00053
1682    211.4444  #f0f0f1  241   2    0.00026
1683    211.9444  #f1f0f0  241   3    0.00236
1684    212.0556  #f1f0f1  241   4    0.00052
1685    212.7222  #f0f1f0  241   5    0.00314
1686    212.9444  #f0f1f1  241   6    0.00104
1687    213.1667  #f1f1f0  241   7    0.00104
1688    213.2222  #f1f1f1  242   1    0.00026
1689    213.5000  #f1f1f2  242   2    0.00130
1690    213.6111  #f2f1f1  242   3    0.00052
1691    213.9444  #f2f1f2  242   4    0.00156
1692    214.6111  #f1f2f1  242   5    0.00311
1693    214.8333  #f1f2f2  242   6    0.00103
1694    215.1667  #f2f2f1  242   7    0.00155
1695    215.3333  #f2f2f2  243   1    0.00077
1696    215.3889  #f2f2f3  243   2    0.00026
1697    215.7778  #f3f2f2  243   3    0.00180
1698    215.8889  #f3f2f3  243   4    0.00051
1699    216.7222  #f2f3f2  243   5    0.00385
1700    216.7778  #f2f3f3  243   6    0.00026
1701    217.3333  #f3f3f2  243   7    0.00256
1702    217.5000  #f3f3f3  244   1    0.00077
1703    217.6667  #f3f3f4  244   2    0.00077
1704    217.7778  #f4f3f3  244   3    0.00051
1705    217.8889  #f4f3f4  244   4    0.00051
1706    218.6667  #f3f4f3  244   5    0.00356
1707    218.9444  #f3f4f4  244   6    0.00127
1708    219.3889  #f4f4f3  244   7    0.00203
1709    219.5000  #f4f4f4  245   1    0.00051
1710    219.5556  #f4f4f5  245   2    0.00025
1711    219.8889  #f5f4f4  245   3    0.00152
1712    220.1111  #f5f4f5  245   4    0.00101
1713    221.0000  #f4f5f4  245   5    0.00403
1714    221.2222  #f4f5f5  245   6    0.00101
1715    221.5000  #f5f5f4  245   7    0.00125
1716    221.6111  #f5f5f5  246   1    0.00050
1717    221.6667  #f5f5f6  246   2    0.00025
1718    222.1667  #f6f5f5  246   3    0.00225
1719    222.3333  #f6f5f6  246   4    0.00075
1720    223.1667  #f5f6f5  246   5    0.00374
1721    223.1667  #f5f6f6  246   6    0.00000
1722    223.3333  #f6f6f5  246   7    0.00075
1723    223.6111  #f6f6f6  247   1    0.00124
1724    223.7222  #f6f6f7  247   2    0.00050
1725    224.2222  #f7f6f6  247   3    0.00223
1726    224.2778  #f7f6f7  247   4    0.00025
1727    224.8889  #f6f7f6  247   5    0.00272
1728    225.0556  #f6f7f7  247   6    0.00074
1729    225.3889  #f7f7f6  247   7    0.00148
1730    225.6667  #f7f7f7  248   1    0.00123
1731    225.7222  #f7f7f8  248   2    0.00025
1732    225.8889  #f8f7f7  248   3    0.00074
1733    226.1667  #f8f7f8  248   4    0.00123
1734    227.2222  #f7f8f7  248   5    0.00466
1735    227.3333  #f7f8f8  248   6    0.00049
1736    227.5556  #f8f8f7  248   7    0.00098
1737    227.7778  #f8f8f8  249   1    0.00098
1738    227.9444  #f8f8f9  249   2    0.00073
1739    228.3333  #f9f8f8  249   3    0.00170
1740    228.4444  #f9f8f9  249   4    0.00049
1741    229.2778  #f8f9f8  249   5    0.00364
1742    229.4444  #f8f9f9  249   6    0.00073
1743    229.8889  #f9f9f8  249   7    0.00194
1744    230.0556  #f9f9f9  250   1    0.00072
1745    230.2778  #f9f9fa  250   2    0.00097
1746    230.3889  #faf9f9  250   3    0.00048
1747    230.5000  #faf9fa  250   4    0.00048
1748    231.4444  #f9faf9  250   5    0.00409
1749    231.6667  #f9fafa  250   6    0.00096
1750    232.0556  #fafaf9  250   7    0.00168
1751    232.1111  #fafafa  251   1    0.00024
1752    232.2778  #fafafb  251   2    0.00072
1753    232.4444  #fbfafa  251   3    0.00072
1754    232.6667  #fbfafb  251   4    0.00096
1755    233.5556  #fafbfa  251   5    0.00381
1756    233.7222  #fafbfb  251   6    0.00071
1757    234.1667  #fbfbfa  251   7    0.00190
1758    234.1667  #fbfbfb  252   1    0.00000
1759    234.3333  #fbfbfc  252   2    0.00071
1760    234.6111  #fcfbfb  252   3    0.00118
1761    234.8889  #fcfbfc  252   4    0.00118
1762    235.8333  #fbfcfb  252   5    0.00401
1763    235.8889  #fbfcfc  252   6    0.00024
1764    236.1667  #fcfcfb  252   7    0.00118
1765    236.2222  #fcfcfc  253   1    0.00024
1766    236.3889  #fcfcfd  253   2    0.00071
1767    236.8889  #fdfcfc  253   3    0.00211
1768    236.9444  #fdfcfd  253   4    0.00023
1769    238.0000  #fcfdfc  253   5    0.00444
1770    238.0556  #fcfdfd  253   6    0.00023
1771    238.4444  #fdfdfc  253   7    0.00163
1772    238.6111  #fdfdfd  254   1    0.00070
1773    238.7222  #fdfdfe  254   2    0.00047
1774    239.0556  #fefdfd  254   3    0.00140
1775    239.1111  #fefdfe  254   4    0.00023
1776    240.1667  #fdfefd  254   5    0.00440
1777    240.2778  #fdfefe  254   6    0.00046
1778    240.8889  #fefefd  254   7    0.00254
1779    240.9444  #fefefe  255   1    0.00023
1780    241.0000  #fefeff  255   2    0.00023
1781    241.4444  #fffefe  255   3    0.00184
1782    241.7222  #fffeff  255   4    0.00115
1783    242.6667  #fefffe  255   5    0.00390
1784    242.7778  #feffff  255   6    0.00046
1785    243.0000  #fffffe  255   7    0.00091
1786    243.1667  #ffffff  256   1    0.00069
