# LutGenerate 2.4 - 12/28/06 10:25:44
#  Display ID: GENERIC
# Ambient = 0.18   Max. Luminance = 227.90   Luminance Ratio = 350.00
#  lumResponse - average luminance response
#  10 files
1:  010  011  011
2:  012  012  012
3:  014  013  013
4:  014  014  014
5:  014  015  015
6:  015  016  015
7:  017  016  017
8:  018  017  017
9:  018  018  017
10:  019  018  019
11:  019  019  020
12:  019  020  020
13:  021  020  021
14:  021  021  022
15:  021  022  022
16:  023  022  023
17:  023  023  022
18:  024  023  024
19:  024  024  025
20:  024  025  024
21:  026  025  025
22:  025  026  025
23:  027  026  026
24:  026  027  026
25:  028  027  027
26:  027  028  027
27:  028  028  028
28:  029  029  030
29:  029  030  029
30:  030  030  031
31:  030  031  030
32:  031  031  031
33:  031  032  031
34:  032  032  032
35:  032  033  032
36:  034  033  033
37:  033  034  034
38:  035  034  035
39:  035  035  035
40:  035  036  035
41:  037  036  037
42:  037  037  037
43:  037  038  037
44:  039  038  038
45:  039  039  038
46:  039  040  039
47:  041  040  040
48:  041  041  040
49:  041  042  041
50:  043  042  042
51:  042  043  043
52:  044  043  044
53:  044  044  045
54:  044  045  045
55:  046  045  046
56:  046  046  047
57:  046  047  046
58:  048  047  048
59:  048  048  048
60:  048  049  048
61:  050  049  050
62:  050  050  049
63:  050  051  050
64:  052  051  051
65:  052  052  051
66:  052  053  052
67:  054  053  053
68:  054  054  053
69:  054  055  054
70:  056  055  055
71:  056  056  055
72:  056  057  056
73:  057  058  057
74:  059  058  058
75:  059  059  058
76:  059  060  059
77:  061  060  060
78:  061  061  060
79:  061  062  061
80:  063  062  063
81:  063  063  063
82:  063  064  063
83:  065  064  065
84:  065  065  065
85:  065  066  065
86:  067  066  067
87:  067  067  066
88:  067  068  067
89:  069  068  068
90:  068  069  069
91:  070  069  070
92:  070  070  071
93:  070  071  071
94:  072  071  072
95:  072  072  073
96:  072  073  072
97:  074  073  074
98:  074  074  074
99:  074  075  074
100:  076  075  076
101:  076  076  075
102:  076  077  076
103:  078  077  078
104:  078  078  077
105:  078  079  078
106:  080  079  079
107:  080  080  079
108:  080  081  080
109:  082  081  082
110:  082  082  081
111:  082  083  082
112:  084  083  084
113:  084  084  084
114:  084  085  084
115:  085  086  085
116:  087  086  087
117:  087  087  088
118:  088  088  087
119:  088  089  088
120:  090  089  090
121:  090  090  091
122:  091  091  090
123:  092  092  091
124:  092  093  092
125:  093  094  093
126:  095  094  095
127:  096  095  096
128:  097  096  096
129:  097  097  098
130:  098  098  097
131:  098  099  098
132:  099  100  099
133:  101  100  101
134:  102  101  102
135:  102  102  103
136:  103  103  103
137:  104  104  103
138:  104  105  105
139:  105  106  105
140:  106  107  106
141:  107  108  107
142:  108  109  108
143:  110  109  110
144:  111  110  111
145:  112  111  112
146:  113  112  113
147:  113  114  114
148:  114  115  115
149:  115  116  116
150:  116  117  117
151:  118  118  117
152:  119  119  119
153:  120  120  121
154:  122  121  121
155:  123  122  123
156:  124  123  124
157:  124  125  124
158:  125  126  126
159:  127  127  126
160:  128  128  129
161:  129  129  130
162:  130  130  130
163:  131  131  131
164:  132  132  132
165:  133  133  132
166:  134  134  133
167:  134  135  135
168:  135  136  136
169:  136  137  136
170:  137  138  137
171:  138  139  138
172:  139  140  139
173:  140  141  140
174:  141  142  141
175:  142  143  142
176:  144  144  143
177:  145  145  144
178:  146  146  145
179:  147  147  146
180:  148  148  147
181:  149  149  148
182:  150  150  149
183:  151  151  150
184:  152  152  152
185:  153  153  154
186:  154  154  155
187:  155  155  156
188:  157  156  156
189:  158  157  157
190:  159  158  158
191:  160  159  160
192:  161  160  161
193:  161  162  161
194:  162  163  162
195:  163  164  163
196:  164  165  165
197:  166  166  165
198:  167  167  167
199:  169  168  168
200:  170  169  170
201:  170  171  170
202:  172  172  172
203:  174  173  173
204:  175  174  175
205:  175  176  175
206:  176  177  177
207:  178  178  178
208:  180  179  179
209:  180  181  180
210:  181  182  182
211:  183  183  183
212:  185  184  185
213:  185  186  185
214:  187  187  187
215:  189  188  189
216:  189  190  190
217:  191  191  192
218:  192  193  192
219:  194  194  193
220:  196  195  195
221:  196  197  196
222:  198  198  197
223:  200  199  199
224:  201  201  200
225:  203  202  202
226:  203  204  203
227:  205  205  205
228:  207  206  207
229:  208  208  207
230:  210  209  209
231:  210  211  210
232:  212  212  213
233:  213  214  213
234:  215  215  216
235:  216  217  216
236:  218  218  219
237:  219  220  220
238:  222  221  221
239:  222  223  222
240:  225  224  225
241:  226  226  226
242:  228  228  229
243:  229  230  230
244:  232  231  231
245:  234  233  234
246:  235  235  234
247:  237  237  236
248:  239  238  239
249:  240  241  240
250:  243  242  242
251:  245  244  245
252:  247  246  246
253:  249  248  249
254:  251  250  251
255:  253  253  253
256:  255  255  254
