#  lumResponse vers. 1.6 - 01/04/07 13:29:36
#  Display ID: DELL_2405FPW_T613358G3N0S
#  iLdelay=1  avgN=1  ILlimit_plus=0.20 ILlimit_minus=-0.05  R=23.5% G=68.0% B=8.5%
#  84.6  #ff0000
#  245.0  #00ff00
#  30.7  #0000ff
   1    0.736  #000000    1 1  0.0000
   2    0.783  #010101    2 1  0.0619
   3    0.846  #020202    3 1  0.0773
   4    0.901  #030303    4 1  0.0630
   5    0.968  #040404    5 1  0.0717
   6    1.042  #050505    6 1  0.0736
   7    1.107  #060606    7 1  0.0605
   8    1.181  #070707    8 1  0.0647
   9    1.238  #080808    9 1  0.0471
  10    1.323  #090909   10 1  0.0664
  11    1.395  #0a0a0a   11 1  0.0530
  12    1.476  #0b0b0b   12 1  0.0564
  13    1.570  #0c0c0c   13 1  0.0617
  14    1.624  #0d0d0d   14 1  0.0338
  15    1.717  #0e0e0e   15 1  0.0557
  16    1.810  #0f0f0f   16 1  0.0527
  17    1.900  #101010   17 1  0.0485
  18    2.000  #111111   18 1  0.0513
  19    2.110  #121212   19 1  0.0535
  20    2.190  #131313   20 1  0.0372
  21    2.300  #141414   21 1  0.0490
  22    2.380  #151515   22 1  0.0342
  23    2.500  #161616   23 1  0.0492
  24    2.610  #171717   24 1  0.0431
  25    2.740  #181818   25 1  0.0486
  26    2.850  #191919   26 1  0.0394
  27    2.930  #1a1a1a   27 1  0.0277
  28    3.050  #1b1b1b   28 1  0.0401
  29    3.220  #1c1c1c   29 1  0.0542
  30    3.330  #1d1d1d   30 1  0.0336
  31    3.450  #1e1e1e   31 1  0.0354
  32    3.560  #1f1f1f   32 1  0.0314
  33    3.740  #202020   33 1  0.0493
  34    3.860  #212121   34 1  0.0316
  35    3.990  #222222   35 1  0.0331
  36    4.120  #232323   36 1  0.0321
  37    4.250  #242424   37 1  0.0311
  38    4.460  #252525   38 1  0.0482
  39    4.590  #262626   39 1  0.0287
  40    4.750  #272727   40 1  0.0343
  41    4.910  #282828   41 1  0.0331
  42    5.040  #292929   42 1  0.0261
  43    5.270  #2a2a2a   43 1  0.0446
  44    5.430  #2b2b2b   44 1  0.0299
  45    5.600  #2c2c2c   45 1  0.0308
  46    5.790  #2d2d2d   46 1  0.0334
  47    5.920  #2e2e2e   47 1  0.0222
  48    6.110  #2f2f2f   48 1  0.0316
  49    6.380  #303030   49 1  0.0432
  50    6.560  #313131   50 1  0.0278
  51    6.740  #323232   51 1  0.0271
  52    6.920  #333333   52 1  0.0264
  53    7.120  #343434   53 1  0.0285
  54    7.410  #353535   54 1  0.0399
  55    7.630  #363636   55 1  0.0293
  56    7.780  #373737   56 1  0.0195
  57    7.970  #383838   57 1  0.0241
  58    8.260  #393939   58 1  0.0357
  59    8.460  #3a3a3a   59 1  0.0239
  60    8.710  #3b3b3b   60 1  0.0291
  61    9.020  #3c3c3c   61 1  0.0350
  62    9.270  #3d3d3d   62 1  0.0273
  63    9.470  #3e3e3e   63 1  0.0213
  64    9.710  #3f3f3f   64 1  0.0250
  65    9.950  #404040   65 1  0.0244
  66   10.280  #414141   66 1  0.0326
  67   10.520  #424242   67 1  0.0231
  68   10.710  #434343   68 1  0.0179
  69   11.130  #444444   69 1  0.0385
  70   11.340  #454545   70 1  0.0187
  71   11.590  #464646   71 1  0.0218
  72   12.020  #474747   72 1  0.0364
  73   12.240  #484848   73 1  0.0181
  74   12.580  #494949   74 1  0.0274
  75   12.920  #4a4a4a   75 1  0.0267
  76   13.170  #4b4b4b   76 1  0.0192
  77   13.550  #4c4c4c   77 1  0.0284
  78   13.850  #4d4d4d   78 1  0.0219
  79   14.200  #4e4e4e   79 1  0.0250
  80   14.540  #4f4f4f   80 1  0.0237
  81   14.850  #505050   81 1  0.0211
  82   15.330  #515151   82 1  0.0318
  83   15.590  #525252   83 1  0.0168
  84   16.030  #535353   84 1  0.0278
  85   16.340  #545454   85 1  0.0192
  86   16.810  #555555   86 1  0.0284
  87   17.120  #565656   87 1  0.0183
  88   17.600  #575757   88 1  0.0276
  89   17.900  #585858   89 1  0.0169
  90   18.400  #595959   90 1  0.0275
  91   18.800  #5a5a5a   91 1  0.0215
  92   19.100  #5b5b5b   92 1  0.0158
  93   19.500  #5c5c5c   93 1  0.0207
  94   20.000  #5d5d5d   94 1  0.0253
  95   20.400  #5e5e5e   95 1  0.0198
  96   20.900  #5f5f5f   96 1  0.0242
  97   21.500  #606060   97 1  0.0283
  98   21.800  #616161   98 1  0.0139
  99   22.300  #626262   99 1  0.0227
 100   22.800  #636363  100 1  0.0222
 101   23.400  #646464  101 1  0.0260
 102   23.800  #656565  102 1  0.0169
 103   24.200  #666666  103 1  0.0167
 104   24.900  #676767  104 1  0.0285
 105   25.400  #686868  105 1  0.0199
 106   26.100  #696969  106 1  0.0272
 107   26.700  #6a6a6a  107 1  0.0227
 108   27.100  #6b6b6b  108 1  0.0149
 109   27.600  #6c6c6c  109 1  0.0183
 110   28.300  #6d6d6d  110 1  0.0250
 111   28.900  #6e6e6e  111 1  0.0210
 112   29.400  #6f6f6f  112 1  0.0172
 113   30.000  #707070  113 1  0.0202
 114   30.700  #717171  114 1  0.0231
 115   31.200  #727272  115 1  0.0162
 116   32.000  #737373  116 1  0.0253
 117   32.700  #747474  117 1  0.0216
 118   33.200  #757575  118 1  0.0152
 119   34.000  #767676  119 1  0.0238
 120   34.700  #777777  120 1  0.0204
 121   35.200  #787878  121 1  0.0143
 122   36.100  #797979  122 1  0.0252
 123   36.800  #7a7a7a  123 1  0.0192
 124   37.500  #7b7b7b  124 1  0.0188
 125   38.100  #7c7c7c  125 1  0.0159
 126   38.800  #7d7d7d  126 1  0.0182
 127   39.700  #7e7e7e  127 1  0.0229
 128   40.400  #7f7f7f  128 1  0.0175
 129   41.100  #808080  129 1  0.0172
 130   42.000  #818181  130 1  0.0217
 131   42.900  #828282  131 1  0.0212
 132   43.700  #838383  132 1  0.0185
 133   44.400  #848484  133 1  0.0159
 134   45.200  #858585  134 1  0.0179
 135   46.100  #868686  135 1  0.0197
 136   47.100  #878787  136 1  0.0215
 137   48.100  #888888  137 1  0.0210
 138   48.900  #898989  138 1  0.0165
 139   49.700  #8a8a8a  139 1  0.0162
 140   50.600  #8b8b8b  140 1  0.0179
 141   51.600  #8c8c8c  141 1  0.0196
 142   52.600  #8d8d8d  142 1  0.0192
 143   53.500  #8e8e8e  143 1  0.0170
 144   54.600  #8f8f8f  144 1  0.0204
 145   55.700  #909090  145 1  0.0199
 146   56.600  #919191  146 1  0.0160
 147   57.800  #929292  147 1  0.0210
 148   58.800  #939393  148 1  0.0172
 149   59.800  #949494  149 1  0.0169
 150   61.000  #959595  150 1  0.0199
 151   62.100  #969696  151 1  0.0179
 152   63.200  #979797  152 1  0.0176
 153   64.400  #989898  153 1  0.0188
 154   65.500  #999999  154 1  0.0169
 155   66.700  #9a9a9a  155 1  0.0182
 156   68.000  #9b9b9b  156 1  0.0193
 157   68.900  #9c9c9c  157 1  0.0131
 158   70.300  #9d9d9d  158 1  0.0201
 159   71.700  #9e9e9e  159 1  0.0197
 160   73.000  #9f9f9f  160 1  0.0180
 161   74.100  #a0a0a0  161 1  0.0150
 162   75.400  #a1a1a1  162 1  0.0174
 163   76.900  #a2a2a2  163 1  0.0197
 164   78.200  #a3a3a3  164 1  0.0168
 165   79.600  #a4a4a4  165 1  0.0177
 166   81.000  #a5a5a5  166 1  0.0174
 167   82.400  #a6a6a6  167 1  0.0171
 168   83.900  #a7a7a7  168 1  0.0180
 169   85.400  #a8a8a8  169 1  0.0177
 170   87.000  #a9a9a9  170 1  0.0186
 171   88.100  #aaaaaa  171 1  0.0126
 172   90.100  #ababab  172 1  0.0224
 173   91.500  #acacac  173 1  0.0154
 174   93.200  #adadad  174 1  0.0184
 175   94.700  #aeaeae  175 1  0.0160
 176   96.500  #afafaf  176 1  0.0188
 177   98.000  #b0b0b0  177 1  0.0154
 178   99.600  #b1b1b1  178 1  0.0162
 179  101.500  #b2b2b2  179 1  0.0189
 180  103.200  #b3b3b3  180 1  0.0166
 181  105.000  #b4b4b4  181 1  0.0173
 182  106.800  #b5b5b5  182 1  0.0170
 183  108.500  #b6b6b6  183 1  0.0158
 184  110.700  #b7b7b7  184 1  0.0201
 185  112.400  #b8b8b8  185 1  0.0152
 186  114.200  #b9b9b9  186 1  0.0159
 187  116.200  #bababa  187 1  0.0174
 188  118.400  #bbbbbb  188 1  0.0188
 189  120.400  #bcbcbc  189 1  0.0168
 190  122.100  #bdbdbd  190 1  0.0140
 191  124.300  #bebebe  191 1  0.0179
 192  126.600  #bfbfbf  192 1  0.0183
 193  128.500  #c0c0c0  193 1  0.0149
 194  130.700  #c1c1c1  194 1  0.0170
 195  133.000  #c2c2c2  195 1  0.0174
 196  135.500  #c3c3c3  196 1  0.0186
 197  137.400  #c4c4c4  197 1  0.0139
 198  139.800  #c5c5c5  198 1  0.0173
 199  142.200  #c6c6c6  199 1  0.0170
 200  144.400  #c7c7c7  200 1  0.0154
 201  147.000  #c8c8c8  201 1  0.0178
 202  149.800  #c9c9c9  202 1  0.0189
 203  152.000  #cacaca  203 1  0.0146
 204  154.500  #cbcbcb  204 1  0.0163
 205  157.100  #cccccc  205 1  0.0167
 206  159.500  #cdcdcd  206 1  0.0152
 207  162.300  #cecece  207 1  0.0174
 208  164.900  #cfcfcf  208 1  0.0159
 209  168.000  #d0d0d0  209 1  0.0186
 210  170.800  #d1d1d1  210 1  0.0165
 211  174.100  #d2d2d2  211 1  0.0191
 212  176.000  #d3d3d3  212 1  0.0109
 213  179.000  #d4d4d4  213 1  0.0169
 214  182.000  #d5d5d5  214 1  0.0166
 215  185.000  #d6d6d6  215 1  0.0163
 216  188.000  #d7d7d7  216 1  0.0161
 217  191.000  #d8d8d8  217 1  0.0158
 218  194.000  #d9d9d9  218 1  0.0156
 219  197.000  #dadada  219 1  0.0153
 220  200.000  #dbdbdb  220 1  0.0151
 221  205.000  #dcdcdc  221 1  0.0247
 222  207.000  #dddddd  222 1  0.0097
 223  210.000  #dedede  223 1  0.0144
 224  214.000  #dfdfdf  224 1  0.0189
 225  218.000  #e0e0e0  225 1  0.0185
 226  222.000  #e1e1e1  226 1  0.0182
 227  225.000  #e2e2e2  227 1  0.0134
 228  229.000  #e3e3e3  228 1  0.0176
 229  232.000  #e4e4e4  229 1  0.0130
 230  237.000  #e5e5e5  230 1  0.0213
 231  240.000  #e6e6e6  231 1  0.0126
 232  244.000  #e7e7e7  232 1  0.0165
 233  248.000  #e8e8e8  233 1  0.0163
 234  252.000  #e9e9e9  234 1  0.0160
 235  256.000  #eaeaea  235 1  0.0157
 236  260.000  #ebebeb  236 1  0.0155
 237  264.000  #ececec  237 1  0.0153
 238  269.000  #ededed  238 1  0.0188
 239  273.000  #eeeeee  239 1  0.0148
 240  277.000  #efefef  240 1  0.0145
 241  282.000  #f0f0f0  241 1  0.0179
 242  287.000  #f1f1f1  242 1  0.0176
 243  291.000  #f2f2f2  243 1  0.0138
 244  296.000  #f3f3f3  244 1  0.0170
 245  300.000  #f4f4f4  245 1  0.0134
 246  306.000  #f5f5f5  246 1  0.0198
 247  311.000  #f6f6f6  247 1  0.0162
 248  316.000  #f7f7f7  248 1  0.0159
 249  321.000  #f8f8f8  249 1  0.0157
 250  326.000  #f9f9f9  250 1  0.0155
 251  331.000  #fafafa  251 1  0.0152
 252  336.000  #fbfbfb  252 1  0.0150
 253  341.000  #fcfcfc  253 1  0.0148
 254  348.000  #fdfdfd  254 1  0.0203
 255  353.000  #fefefe  255 1  0.0143
 256  359.000  #ffffff  256 1  0.0169
