#  lumResponse vers. 1.6 - 01/04/07 11:25:36
#  Display ID: DELL_2405FPW_T613358G3N0S
#  iLdelay=1  avgN=1  ILlimit_plus=0.20 ILlimit_minus=-0.05  R=23.4% G=68.0% B=8.6%
#  84.1  #ff0000
#  244.0  #00ff00
#  30.7  #0000ff
   1    0.795  #000000    1 1  0.0000
   2    0.850  #010101    2 1  0.0669
   3    0.925  #020202    3 1  0.0845
   4    0.992  #030303    4 1  0.0699
   5    1.071  #040404    5 1  0.0766
   6    1.160  #050505    6 1  0.0798
   7    1.238  #060606    7 1  0.0651
   8    1.327  #070707    8 1  0.0694
   9    1.400  #080808    9 1  0.0535
  10    1.504  #090909   10 1  0.0716
  11    1.595  #0a0a0a   11 1  0.0587
  12    1.698  #0b0b0b   12 1  0.0626
  13    1.800  #0c0c0c   13 1  0.0583
  14    1.880  #0d0d0d   14 1  0.0435
  15    1.990  #0e0e0e   15 1  0.0568
  16    2.110  #0f0f0f   16 1  0.0585
  17    2.230  #101010   17 1  0.0553
  18    2.360  #111111   18 1  0.0566
  19    2.500  #121212   19 1  0.0576
  20    2.600  #131313   20 1  0.0392
  21    2.720  #141414   21 1  0.0451
  22    2.830  #151515   22 1  0.0396
  23    2.980  #161616   23 1  0.0516
  24    3.110  #171717   24 1  0.0427
  25    3.280  #181818   25 1  0.0532
  26    3.410  #191919   26 1  0.0389
  27    3.510  #1a1a1a   27 1  0.0289
  28    3.660  #1b1b1b   28 1  0.0418
  29    3.850  #1c1c1c   29 1  0.0506
  30    4.000  #1d1d1d   30 1  0.0382
  31    4.150  #1e1e1e   31 1  0.0368
  32    4.270  #1f1f1f   32 1  0.0285
  33    4.490  #202020   33 1  0.0502
  34    4.620  #212121   34 1  0.0285
  35    4.780  #222222   35 1  0.0340
  36    4.940  #232323   36 1  0.0329
  37    5.080  #242424   37 1  0.0279
  38    5.350  #252525   38 1  0.0518
  39    5.490  #262626   39 1  0.0258
  40    5.680  #272727   40 1  0.0340
  41    5.870  #282828   41 1  0.0329
  42    6.000  #292929   42 1  0.0219
  43    6.290  #2a2a2a   43 1  0.0472
  44    6.470  #2b2b2b   44 1  0.0282
  45    6.680  #2c2c2c   45 1  0.0319
  46    6.900  #2d2d2d   46 1  0.0324
  47    7.030  #2e2e2e   47 1  0.0187
  48    7.250  #2f2f2f   48 1  0.0308
  49    7.560  #303030   49 1  0.0419
  50    7.760  #313131   50 1  0.0261
  51    7.990  #323232   51 1  0.0292
  52    8.180  #333333   52 1  0.0235
  53    8.430  #343434   53 1  0.0301
  54    8.750  #353535   54 1  0.0373
  55    8.970  #363636   55 1  0.0248
  56    9.150  #373737   56 1  0.0199
  57    9.370  #383838   57 1  0.0238
  58    9.680  #393939   58 1  0.0325
  59    9.930  #3a3a3a   59 1  0.0255
  60   10.210  #3b3b3b   60 1  0.0278
  61   10.530  #3c3c3c   61 1  0.0309
  62   10.830  #3d3d3d   62 1  0.0281
  63   11.040  #3e3e3e   63 1  0.0192
  64   11.310  #3f3f3f   64 1  0.0242
  65   11.580  #404040   65 1  0.0236
  66   11.950  #414141   66 1  0.0314
  67   12.220  #424242   67 1  0.0223
  68   12.440  #434343   68 1  0.0178
  69   12.850  #444444   69 1  0.0324
  70   13.120  #454545   70 1  0.0208
  71   13.380  #464646   71 1  0.0196
  72   13.840  #474747   72 1  0.0338
  73   14.110  #484848   73 1  0.0193
  74   14.480  #494949   74 1  0.0259
  75   14.830  #4a4a4a   75 1  0.0239
  76   15.120  #4b4b4b   76 1  0.0194
  77   15.520  #4c4c4c   77 1  0.0261
  78   15.840  #4d4d4d   78 1  0.0204
  79   16.240  #4e4e4e   79 1  0.0249
  80   16.580  #4f4f4f   80 1  0.0207
  81   16.950  #505050   81 1  0.0221
  82   17.450  #515151   82 1  0.0291
  83   17.700  #525252   83 1  0.0142
  84   18.200  #535353   84 1  0.0279
  85   18.500  #545454   85 1  0.0163
  86   19.000  #555555   86 1  0.0267
  87   19.300  #565656   87 1  0.0157
  88   19.800  #575757   88 1  0.0256
  89   20.300  #585858   89 1  0.0249
  90   20.700  #595959   90 1  0.0195
  91   21.100  #5a5a5a   91 1  0.0191
  92   21.500  #5b5b5b   92 1  0.0188
  93   22.000  #5c5c5c   93 1  0.0230
  94   22.500  #5d5d5d   94 1  0.0225
  95   22.800  #5e5e5e   95 1  0.0132
  96   23.400  #5f5f5f   96 1  0.0260
  97   24.000  #606060   97 1  0.0253
  98   24.400  #616161   98 1  0.0165
  99   24.900  #626262   99 1  0.0203
 100   25.500  #636363  100 1  0.0238
 101   26.100  #646464  101 1  0.0233
 102   26.500  #656565  102 1  0.0152
 103   26.800  #666666  103 1  0.0113
 104   27.500  #676767  104 1  0.0258
 105   28.000  #686868  105 1  0.0180
 106   28.700  #696969  106 1  0.0247
 107   29.300  #6a6a6a  107 1  0.0207
 108   29.900  #6b6b6b  108 1  0.0203
 109   30.300  #6c6c6c  109 1  0.0133
 110   31.100  #6d6d6d  110 1  0.0261
 111   31.700  #6e6e6e  111 1  0.0191
 112   32.200  #6f6f6f  112 1  0.0156
 113   32.800  #707070  113 1  0.0185
 114   33.500  #717171  114 1  0.0211
 115   34.200  #727272  115 1  0.0207
 116   35.000  #737373  116 1  0.0231
 117   35.600  #747474  117 1  0.0170
 118   36.200  #757575  118 1  0.0167
 119   37.100  #767676  119 1  0.0246
 120   37.700  #777777  120 1  0.0160
 121   38.300  #787878  121 1  0.0158
 122   39.100  #797979  122 1  0.0207
 123   39.900  #7a7a7a  123 1  0.0203
 124   40.500  #7b7b7b  124 1  0.0149
 125   41.300  #7c7c7c  125 1  0.0196
 126   42.000  #7d7d7d  126 1  0.0168
 127   43.000  #7e7e7e  127 1  0.0235
 128   43.500  #7f7f7f  128 1  0.0116
 129   44.400  #808080  129 1  0.0205
 130   45.200  #818181  130 1  0.0179
 131   46.100  #828282  131 1  0.0197
 132   47.000  #838383  132 1  0.0193
 133   47.700  #848484  133 1  0.0148
 134   48.500  #858585  134 1  0.0166
 135   49.600  #868686  135 1  0.0224
 136   50.500  #878787  136 1  0.0180
 137   51.500  #888888  137 1  0.0196
 138   52.300  #898989  138 1  0.0154
 139   53.100  #8a8a8a  139 1  0.0152
 140   54.100  #8b8b8b  140 1  0.0187
 141   55.100  #8c8c8c  141 1  0.0183
 142   56.200  #8d8d8d  142 1  0.0198
 143   57.000  #8e8e8e  143 1  0.0141
 144   58.000  #8f8f8f  144 1  0.0174
 145   59.200  #909090  145 1  0.0205
 146   60.200  #919191  146 1  0.0168
 147   61.200  #929292  147 1  0.0165
 148   62.400  #939393  148 1  0.0194
 149   63.400  #949494  149 1  0.0159
 150   64.500  #959595  150 1  0.0172
 151   65.600  #969696  151 1  0.0169
 152   66.800  #979797  152 1  0.0181
 153   67.900  #989898  153 1  0.0163
 154   69.200  #999999  154 1  0.0190
 155   70.300  #9a9a9a  155 1  0.0158
 156   71.700  #9b9b9b  156 1  0.0197
 157   72.500  #9c9c9c  157 1  0.0111
 158   74.000  #9d9d9d  158 1  0.0205
 159   75.300  #9e9e9e  159 1  0.0174
 160   76.600  #9f9f9f  160 1  0.0171
 161   77.800  #a0a0a0  161 1  0.0155
 162   79.100  #a1a1a1  162 1  0.0166
 163   80.600  #a2a2a2  163 1  0.0188
 164   81.900  #a3a3a3  164 1  0.0160
 165   83.300  #a4a4a4  165 1  0.0169
 166   84.700  #a5a5a5  166 1  0.0167
 167   86.100  #a6a6a6  167 1  0.0164
 168   87.500  #a7a7a7  168 1  0.0161
 169   89.100  #a8a8a8  169 1  0.0181
 170   90.500  #a9a9a9  170 1  0.0156
 171   91.900  #aaaaaa  171 1  0.0154
 172   93.900  #ababab  172 1  0.0215
 173   95.300  #acacac  173 1  0.0148
 174   96.900  #adadad  174 1  0.0166
 175   98.600  #aeaeae  175 1  0.0174
 176  100.100  #afafaf  176 1  0.0151
 177  101.700  #b0b0b0  177 1  0.0159
 178  103.300  #b1b1b1  178 1  0.0156
 179  105.200  #b2b2b2  179 1  0.0182
 180  106.700  #b3b3b3  180 1  0.0142
 181  108.600  #b4b4b4  181 1  0.0176
 182  110.400  #b5b5b5  182 1  0.0164
 183  112.100  #b6b6b6  183 1  0.0153
 184  114.200  #b7b7b7  184 1  0.0186
 185  116.000  #b8b8b8  185 1  0.0156
 186  117.600  #b9b9b9  186 1  0.0137
 187  119.800  #bababa  187 1  0.0185
 188  121.800  #bbbbbb  188 1  0.0166
 189  123.800  #bcbcbc  189 1  0.0163
 190  125.500  #bdbdbd  190 1  0.0136
 191  127.700  #bebebe  191 1  0.0174
 192  129.900  #bfbfbf  192 1  0.0171
 193  131.900  #c0c0c0  193 1  0.0153
 194  134.100  #c1c1c1  194 1  0.0165
 195  136.400  #c2c2c2  195 1  0.0170
 196  138.900  #c3c3c3  196 1  0.0182
 197  140.700  #c4c4c4  197 1  0.0129
 198  143.100  #c5c5c5  198 1  0.0169
 199  145.400  #c6c6c6  199 1  0.0159
 200  147.700  #c7c7c7  200 1  0.0157
 201  150.100  #c8c8c8  201 1  0.0161
 202  152.800  #c9c9c9  202 1  0.0178
 203  155.000  #cacaca  203 1  0.0143
 204  157.700  #cbcbcb  204 1  0.0173
 205  160.000  #cccccc  205 1  0.0145
 206  162.600  #cdcdcd  206 1  0.0161
 207  165.100  #cecece  207 1  0.0153
 208  167.900  #cfcfcf  208 1  0.0168
 209  170.600  #d0d0d0  209 1  0.0160
 210  173.600  #d1d1d1  210 1  0.0174
 211  176.000  #d2d2d2  211 1  0.0137
 212  179.000  #d3d3d3  212 1  0.0169
 213  182.000  #d4d4d4  213 1  0.0166
 214  185.000  #d5d5d5  214 1  0.0163
 215  188.000  #d6d6d6  215 1  0.0161
 216  191.000  #d7d7d7  216 1  0.0158
 217  194.000  #d8d8d8  217 1  0.0156
 218  197.000  #d9d9d9  218 1  0.0153
 219  200.000  #dadada  219 1  0.0151
 220  202.000  #dbdbdb  220 1  0.0100
 221  207.000  #dcdcdc  221 1  0.0244
 222  209.000  #dddddd  222 1  0.0096
 223  212.000  #dedede  223 1  0.0143
 224  216.000  #dfdfdf  224 1  0.0187
 225  219.000  #e0e0e0  225 1  0.0138
 226  223.000  #e1e1e1  226 1  0.0181
 227  226.000  #e2e2e2  227 1  0.0134
 228  230.000  #e3e3e3  228 1  0.0175
 229  234.000  #e4e4e4  229 1  0.0172
 230  238.000  #e5e5e5  230 1  0.0169
 231  241.000  #e6e6e6  231 1  0.0125
 232  245.000  #e7e7e7  232 1  0.0165
 233  249.000  #e8e8e8  233 1  0.0162
 234  253.000  #e9e9e9  234 1  0.0159
 235  257.000  #eaeaea  235 1  0.0157
 236  261.000  #ebebeb  236 1  0.0154
 237  265.000  #ececec  237 1  0.0152
 238  270.000  #ededed  238 1  0.0187
 239  274.000  #eeeeee  239 1  0.0147
 240  278.000  #efefef  240 1  0.0145
 241  283.000  #f0f0f0  241 1  0.0178
 242  287.000  #f1f1f1  242 1  0.0140
 243  292.000  #f2f2f2  243 1  0.0173
 244  296.000  #f3f3f3  244 1  0.0136
 245  301.000  #f4f4f4  245 1  0.0168
 246  305.000  #f5f5f5  246 1  0.0132
 247  311.000  #f6f6f6  247 1  0.0195
 248  315.000  #f7f7f7  248 1  0.0128
 249  321.000  #f8f8f8  249 1  0.0189
 250  326.000  #f9f9f9  250 1  0.0155
 251  331.000  #fafafa  251 1  0.0152
 252  336.000  #fbfbfb  252 1  0.0150
 253  341.000  #fcfcfc  253 1  0.0148
 254  347.000  #fdfdfd  254 1  0.0174
 255  352.000  #fefefe  255 1  0.0143
 256  358.000  #ffffff  256 1  0.0169
