#  lumResponse vers. 1.5f - 12/08/06
#  Display ID: DELL_2007FP_C953667D38UL
#  iLdelay=1  avgN=1  ILlimit_plus=0.50 ILlimit_minus=-0.05  R=22.4% G=68.8% B=8.8%
#  44.0  #ff0000
#  135.0  #00ff00
#  17.31  #0000ff
   1    0.340  #000000    1 1  0.0000
   2    0.340  #000001    1 2  0.0000
   3    0.341  #010000    1 3  0.0029
   4    0.341  #010001    1 4  0.0000
   5    0.341  #000100    1 5  0.0000
   6    0.341  #000101    1 6  0.0000
   7    0.341  #010100    1 7  0.0000
   8    0.341  #010101    2 1  0.0000
   9    0.342  #010102    2 2  0.0029
  10    0.344  #020101    2 3  0.0058
  11    0.345  #020102    2 4  0.0029
  12    0.349  #010201    2 5  0.0115
  13    0.350  #010202    2 6  0.0029
  14    0.352  #020201    2 7  0.0057
  15    0.353  #020202    3 1  0.0028
  16    0.353  #020203    3 2  0.0000
  17    0.353  #030202    3 3  0.0000
  18    0.353  #030203    3 4  0.0000
  19    0.354  #020302    3 5  0.0028
  20    0.355  #020303    3 6  0.0028
  21    0.355  #030302    3 7  0.0000
  22    0.355  #030303    4 1  0.0000
  23    0.355  #030304    4 2  0.0000
  24    0.355  #040303    4 3  0.0000
  25    0.356  #040304    4 4  0.0028
  26    0.357  #030403    4 5  0.0028
  27    0.357  #030404    4 6  0.0000
  28    0.358  #040403    4 7  0.0028
  29    0.358  #040404    5 1  0.0000
  30    0.358  #040405    5 2  0.0000
  31    0.360  #050404    5 3  0.0056
  32    0.360  #050405    5 4  0.0000
  33    0.362  #040504    5 5  0.0055
  34    0.362  #040505    5 6  0.0000
  35    0.363  #050504    5 7  0.0028
  36    0.364  #050505    6 1  0.0028
  37    0.365  #050506    6 2  0.0027
  38    0.366  #060505    6 3  0.0027
  39    0.367  #060506    6 4  0.0027
  40    0.370  #050605    6 5  0.0081
  41    0.371  #050606    6 6  0.0027
  42    0.372  #060605    6 7  0.0027
  43    0.372  #060606    7 1  0.0000
  44    0.374  #060607    7 2  0.0054
  45    0.375  #070606    7 3  0.0027
  46    0.376  #070607    7 4  0.0027
  47    0.380  #060706    7 5  0.0106
  48    0.380  #060707    7 6  0.0000
  49    0.382  #070706    7 7  0.0052
  50    0.383  #070707    8 1  0.0026
  51    0.384  #070708    8 2  0.0026
  52    0.385  #080707    8 3  0.0026
  53    0.386  #080708    8 4  0.0026
  54    0.390  #070807    8 5  0.0103
  55    0.391  #070808    8 6  0.0026
  56    0.393  #080807    8 7  0.0051
  57    0.394  #080808    9 1  0.0025
  58    0.395  #080809    9 2  0.0025
  59    0.397  #090808    9 3  0.0051
  60    0.398  #090809    9 4  0.0025
  61    0.403  #080908    9 5  0.0125
  62    0.404  #080909    9 6  0.0025
  63    0.406  #090908    9 7  0.0049
  64    0.407  #090909   10 1  0.0025
  65    0.410  #09090a   10 2  0.0073
  66    0.413  #0a0909   10 3  0.0073
  67    0.415  #0a090a   10 4  0.0048
  68    0.423  #090a09   10 5  0.0191
  69    0.425  #090a0a   10 6  0.0047
  70    0.428  #0a0a09   10 7  0.0070
  71    0.430  #0a0a0a   11 1  0.0047
  72    0.433  #0a0a0b   11 2  0.0070
  73    0.437  #0b0a0a   11 3  0.0092
  74    0.439  #0b0a0b   11 4  0.0046
  75    0.449  #0a0b0a   11 5  0.0225
  76    0.451  #0a0b0b   11 6  0.0044
  77    0.455  #0b0b0a   11 7  0.0088
  78    0.458  #0b0b0b   12 1  0.0066
  79    0.460  #0b0b0c   12 2  0.0044
  80    0.464  #0c0b0b   12 3  0.0087
  81    0.466  #0c0b0c   12 4  0.0043
  82    0.476  #0b0c0b   12 5  0.0212
  83    0.478  #0b0c0c   12 6  0.0042
  84    0.482  #0c0c0b   12 7  0.0083
  85    0.484  #0c0c0c   13 1  0.0041
  86    0.487  #0c0c0d   13 2  0.0062
  87    0.491  #0d0c0c   13 3  0.0082
  88    0.494  #0d0c0d   13 4  0.0061
  89    0.503  #0c0d0c   13 5  0.0181
  90    0.506  #0c0d0d   13 6  0.0059
  91    0.510  #0d0d0c   13 7  0.0079
  92    0.513  #0d0d0d   14 1  0.0059
  93    0.516  #0d0d0e   14 2  0.0058
  94    0.522  #0e0d0d   14 3  0.0116
  95    0.527  #0e0d0e   14 4  0.0095
  96    0.541  #0d0e0d   14 5  0.0262
  97    0.545  #0d0e0e   14 6  0.0074
  98    0.551  #0e0e0d   14 7  0.0109
  99    0.555  #0e0e0e   15 1  0.0072
 100    0.559  #0e0e0f   15 2  0.0072
 101    0.567  #0f0e0e   15 3  0.0142
 102    0.571  #0f0e0f   15 4  0.0070
 103    0.589  #0e0f0e   15 5  0.0310
 104    0.593  #0e0f0f   15 6  0.0068
 105    0.600  #0f0f0e   15 7  0.0117
 106    0.605  #0f0f0f   16 1  0.0083
 107    0.609  #0f0f10   16 2  0.0066
 108    0.615  #100f0f   16 3  0.0098
 109    0.620  #100f10   16 4  0.0081
 110    0.636  #0f100f   16 5  0.0255
 111    0.640  #0f1010   16 6  0.0063
 112    0.647  #10100f   16 7  0.0109
 113    0.651  #101010   17 1  0.0062
 114    0.656  #101011   17 2  0.0077
 115    0.663  #111010   17 3  0.0106
 116    0.667  #111011   17 4  0.0060
 117    0.684  #101110   17 5  0.0252
 118    0.689  #101111   17 6  0.0073
 119    0.696  #111110   17 7  0.0101
 120    0.701  #111111   18 1  0.0072
 121    0.706  #111112   18 2  0.0071
 122    0.716  #121111   18 3  0.0141
 123    0.723  #121112   18 4  0.0097
 124    0.747  #111211   18 5  0.0327
 125    0.753  #111212   18 6  0.0080
 126    0.763  #121211   18 7  0.0132
 127    0.770  #121212   19 1  0.0091
 128    0.777  #121213   19 2  0.0090
 129    0.787  #131212   19 3  0.0128
 130    0.794  #131213   19 4  0.0089
 131    0.822  #121312   19 5  0.0347
 132    0.830  #121313   19 6  0.0097
 133    0.840  #131312   19 7  0.0120
 134    0.847  #131313   20 1  0.0083
 135    0.854  #131314   20 2  0.0082
 136    0.864  #141313   20 3  0.0116
 137    0.871  #141314   20 4  0.0081
 138    0.897  #131413   20 5  0.0294
 139    0.904  #131414   20 6  0.0078
 140    0.914  #141413   20 7  0.0110
 141    0.921  #141414   21 1  0.0076
 142    0.927  #141415   21 2  0.0065
 143    0.938  #151414   21 3  0.0118
 144    0.944  #151415   21 4  0.0064
 145    0.969  #141514   21 5  0.0261
 146    0.975  #141515   21 6  0.0062
 147    0.985  #151514   21 7  0.0102
 148    0.991  #151515   22 1  0.0061
 149    0.999  #151516   22 2  0.0080
 150    1.011  #161515   22 3  0.0119
 151    1.019  #161516   22 4  0.0079
 152    1.051  #151615   22 5  0.0309
 153    1.060  #151616   22 6  0.0085
 154    1.072  #161615   22 7  0.0113
 155    1.080  #161616   23 1  0.0074
 156    1.089  #161617   23 2  0.0083
 157    1.102  #171616   23 3  0.0119
 158    1.111  #171617   23 4  0.0081
 159    1.146  #161716   23 5  0.0310
 160    1.155  #161717   23 6  0.0078
 161    1.169  #171716   23 7  0.0120
 162    1.177  #171717   24 1  0.0068
 163    1.185  #171718   24 2  0.0068
 164    1.199  #181717   24 3  0.0117
 165    1.207  #181718   24 4  0.0067
 166    1.242  #171817   24 5  0.0286
 167    1.250  #171818   24 6  0.0064
 168    1.262  #181817   24 7  0.0096
 169    1.272  #181818   25 1  0.0079
 170    1.281  #181819   25 2  0.0071
 171    1.295  #191818   25 3  0.0109
 172    1.304  #191819   25 4  0.0069
 173    1.342  #181918   25 5  0.0287
 174    1.352  #181919   25 6  0.0074
 175    1.368  #191918   25 7  0.0118
 176    1.376  #191919   26 1  0.0058
 177    1.388  #19191a   26 2  0.0087
 178    1.406  #1a1919   26 3  0.0129
 179    1.418  #1a191a   26 4  0.0085
 180    1.467  #191a19   26 5  0.0340
 181    1.479  #191a1a   26 6  0.0081
 182    1.496  #1a1a19   26 7  0.0114
 183    1.508  #1a1a1a   27 1  0.0080
 184    1.521  #1a1a1b   27 2  0.0086
 185    1.542  #1b1a1a   27 3  0.0137
 186    1.555  #1b1a1b   27 4  0.0084
 187    1.606  #1a1b1a   27 5  0.0323
 188    1.618  #1a1b1b   27 6  0.0074
 189    1.639  #1b1b1a   27 7  0.0129
 190    1.653  #1b1b1b   28 1  0.0085
 191    1.665  #1b1b1c   28 2  0.0072
 192    1.685  #1c1b1b   28 3  0.0119
 193    1.697  #1c1b1c   28 4  0.0071
 194    1.746  #1b1c1b   28 5  0.0285
 195    1.750  #1b1c1c   28 6  0.0023
 196    1.770  #1c1c1b   28 7  0.0114
 197    1.790  #1c1c1c   29 1  0.0112
 198    1.790  #1c1c1d   29 2  0.0000
 199    1.790  #1d1c1c   29 3  0.0000
 200    1.790  #1d1c1d   29 4  0.0000
 201    1.880  #1c1d1c   29 5  0.0490
 202    1.880  #1c1d1d   29 6  0.0000
 203    1.880  #1d1d1c   29 7  0.0000
 204    1.880  #1d1d1d   30 1  0.0000
 205    1.890  #1d1d1e   30 2  0.0053
 206    1.910  #1e1d1d   30 3  0.0105
 207    1.920  #1e1d1e   30 4  0.0052
 208    1.990  #1d1e1d   30 5  0.0358
 209    2.010  #1d1e1e   30 6  0.0100
 210    2.030  #1e1e1d   30 7  0.0099
 211    2.040  #1e1e1e   31 1  0.0049
 212    2.050  #1e1e1f   31 2  0.0049
 213    2.080  #1f1e1e   31 3  0.0145
 214    2.090  #1f1e1f   31 4  0.0048
 215    2.160  #1e1f1e   31 5  0.0329
 216    2.170  #1e1f1f   31 6  0.0046
 217    2.200  #1f1f1e   31 7  0.0137
 218    2.210  #1f1f1f   32 1  0.0045
 219    2.230  #1f1f20   32 2  0.0090
 220    2.250  #201f1f   32 3  0.0089
 221    2.270  #201f20   32 4  0.0088
 222    2.330  #1f201f   32 5  0.0261
 223    2.350  #1f2020   32 6  0.0085
 224    2.370  #20201f   32 7  0.0085
 225    2.390  #202020   33 1  0.0084
 226    2.400  #202021   33 2  0.0042
 227    2.430  #212020   33 3  0.0124
 228    2.440  #212021   33 4  0.0041
 229    2.480  #202120   33 5  0.0163
 230    2.500  #202121   33 6  0.0080
 231    2.520  #212120   33 7  0.0080
 232    2.540  #212121   34 1  0.0079
 233    2.550  #212122   34 2  0.0039
 234    2.570  #222121   34 3  0.0078
 235    2.580  #222122   34 4  0.0039
 236    2.640  #212221   34 5  0.0230
 237    2.650  #212222   34 6  0.0038
 238    2.680  #222221   34 7  0.0113
 239    2.690  #222222   35 1  0.0037
 240    2.700  #222223   35 2  0.0037
 241    2.720  #232222   35 3  0.0074
 242    2.740  #232223   35 4  0.0073
 243    2.800  #222322   35 5  0.0217
 244    2.810  #222323   35 6  0.0036
 245    2.830  #232322   35 7  0.0071
 246    2.840  #232323   36 1  0.0035
 247    2.860  #232324   36 2  0.0070
 248    2.890  #242323   36 3  0.0104
 249    2.900  #242324   36 4  0.0035
 250    2.960  #232423   36 5  0.0205
 251    2.970  #232424   36 6  0.0034
 252    2.990  #242423   36 7  0.0067
 253    3.010  #242424   37 1  0.0067
 254    3.020  #242425   37 2  0.0033
 255    3.050  #252424   37 3  0.0099
 256    3.060  #252425   37 4  0.0033
 257    3.110  #242524   37 5  0.0162
 258    3.130  #242525   37 6  0.0064
 259    3.150  #252524   37 7  0.0064
 260    3.160  #252525   38 1  0.0032
 261    3.180  #252526   38 2  0.0063
 262    3.200  #262525   38 3  0.0063
 263    3.220  #262526   38 4  0.0062
 264    3.280  #252625   38 5  0.0185
 265    3.290  #252626   38 6  0.0030
 266    3.310  #262625   38 7  0.0061
 267    3.320  #262626   39 1  0.0030
 268    3.340  #262627   39 2  0.0060
 269    3.370  #272626   39 3  0.0089
 270    3.380  #272627   39 4  0.0030
 271    3.450  #262726   39 5  0.0205
 272    3.460  #262727   39 6  0.0029
 273    3.490  #272726   39 7  0.0086
 274    3.500  #272727   40 1  0.0029
 275    3.520  #272728   40 2  0.0057
 276    3.540  #282727   40 3  0.0057
 277    3.560  #282728   40 4  0.0056
 278    3.620  #272827   40 5  0.0167
 279    3.640  #272828   40 6  0.0055
 280    3.660  #282827   40 7  0.0055
 281    3.680  #282828   41 1  0.0054
 282    3.690  #282829   41 2  0.0027
 283    3.720  #292828   41 3  0.0081
 284    3.730  #292829   41 4  0.0027
 285    3.800  #282928   41 5  0.0186
 286    3.820  #282929   41 6  0.0052
 287    3.840  #292928   41 7  0.0052
 288    3.850  #292929   42 1  0.0026
 289    3.870  #29292a   42 2  0.0052
 290    3.890  #2a2929   42 3  0.0052
 291    3.900  #2a292a   42 4  0.0026
 292    3.980  #292a29   42 5  0.0203
 293    4.000  #292a2a   42 6  0.0050
 294    4.020  #2a2a29   42 7  0.0050
 295    4.040  #2a2a2a   43 1  0.0050
 296    4.060  #2a2a2b   43 2  0.0049
 297    4.080  #2b2a2a   43 3  0.0049
 298    4.100  #2b2a2b   43 4  0.0049
 299    4.170  #2a2b2a   43 5  0.0169
 300    4.180  #2a2b2b   43 6  0.0024
 301    4.210  #2b2b2a   43 7  0.0072
 302    4.230  #2b2b2b   44 1  0.0047
 303    4.250  #2b2b2c   44 2  0.0047
 304    4.280  #2c2b2b   44 3  0.0070
 305    4.300  #2c2b2c   44 4  0.0047
 306    4.370  #2b2c2b   44 5  0.0161
 307    4.390  #2b2c2c   44 6  0.0046
 308    4.410  #2c2c2b   44 7  0.0045
 309    4.430  #2c2c2c   45 1  0.0045
 310    4.450  #2c2c2d   45 2  0.0045
 311    4.480  #2d2c2c   45 3  0.0067
 312    4.500  #2d2c2d   45 4  0.0045
 313    4.570  #2c2d2c   45 5  0.0154
 314    4.590  #2c2d2d   45 6  0.0044
 315    4.620  #2d2d2c   45 7  0.0065
 316    4.640  #2d2d2d   46 1  0.0043
 317    4.660  #2d2d2e   46 2  0.0043
 318    4.680  #2e2d2d   46 3  0.0043
 319    4.700  #2e2d2e   46 4  0.0043
 320    4.780  #2d2e2d   46 5  0.0169
 321    4.800  #2d2e2e   46 6  0.0042
 322    4.830  #2e2e2d   46 7  0.0062
 323    4.850  #2e2e2e   47 1  0.0041
 324    4.870  #2e2e2f   47 2  0.0041
 325    4.900  #2f2e2e   47 3  0.0061
 326    4.920  #2f2e2f   47 4  0.0041
 327    5.010  #2e2f2e   47 5  0.0181
 328    5.030  #2e2f2f   47 6  0.0040
 329    5.060  #2f2f2e   47 7  0.0059
 330    5.080  #2f2f2f   48 1  0.0039
 331    5.100  #2f2f30   48 2  0.0039
 332    5.130  #302f2f   48 3  0.0059
 333    5.150  #302f30   48 4  0.0039
 334    5.230  #2f302f   48 5  0.0154
 335    5.250  #2f3030   48 6  0.0038
 336    5.280  #30302f   48 7  0.0057
 337    5.310  #303030   49 1  0.0057
 338    5.330  #303031   49 2  0.0038
 339    5.360  #313030   49 3  0.0056
 340    5.380  #313031   49 4  0.0037
 341    5.470  #303130   49 5  0.0166
 342    5.490  #303131   49 6  0.0036
 343    5.520  #313130   49 7  0.0054
 344    5.540  #313131   50 1  0.0036
 345    5.560  #313132   50 2  0.0036
 346    5.590  #323131   50 3  0.0054
 347    5.610  #323132   50 4  0.0036
 348    5.710  #313231   50 5  0.0177
 349    5.730  #313232   50 6  0.0035
 350    5.760  #323231   50 7  0.0052
 351    5.780  #323232   51 1  0.0035
 352    5.800  #323233   51 2  0.0035
 353    5.830  #333232   51 3  0.0052
 354    5.850  #333233   51 4  0.0034
 355    5.950  #323332   51 5  0.0169
 356    5.970  #323333   51 6  0.0034
 357    6.000  #333332   51 7  0.0050
 358    6.020  #333333   52 1  0.0033
 359    6.050  #333334   52 2  0.0050
 360    6.080  #343333   52 3  0.0049
 361    6.110  #343334   52 4  0.0049
 362    6.200  #333433   52 5  0.0146
 363    6.220  #333434   52 6  0.0032
 364    6.260  #343433   52 7  0.0064
 365    6.280  #343434   53 1  0.0032
 366    6.310  #343435   53 2  0.0048
 367    6.340  #353434   53 3  0.0047
 368    6.370  #353435   53 4  0.0047
 369    6.460  #343534   53 5  0.0140
 370    6.480  #343535   53 6  0.0031
 371    6.520  #353534   53 7  0.0062
 372    6.540  #353535   54 1  0.0031
 373    6.560  #353536   54 2  0.0031
 374    6.600  #363535   54 3  0.0061
 375    6.620  #363536   54 4  0.0030
 376    6.730  #353635   54 5  0.0165
 377    6.750  #353636   54 6  0.0030
 378    6.780  #363635   54 7  0.0044
 379    6.810  #363636   55 1  0.0044
 380    6.830  #363637   55 2  0.0029
 381    6.870  #373636   55 3  0.0058
 382    6.890  #373637   55 4  0.0029
 383    7.000  #363736   55 5  0.0158
 384    7.020  #363737   55 6  0.0029
 385    7.060  #373736   55 7  0.0057
 386    7.080  #373737   56 1  0.0028
 387    7.100  #373738   56 2  0.0028
 388    7.150  #383737   56 3  0.0070
 389    7.170  #383738   56 4  0.0028
 390    7.270  #373837   56 5  0.0139
 391    7.300  #373838   56 6  0.0041
 392    7.330  #383837   56 7  0.0041
 393    7.360  #383838   57 1  0.0041
 394    7.360  #383839   57 2  0.0000
 395    7.360  #393838   57 3  0.0000
 396    7.360  #393839   57 4  0.0000
 397    7.550  #383938   57 5  0.0255
 398    7.550  #383939   57 6  0.0000
 399    7.550  #393938   57 7  0.0000
 400    7.550  #393939   58 1  0.0000
 401    7.570  #39393a   58 2  0.0026
 402    7.610  #3a3939   58 3  0.0053
 403    7.640  #3a393a   58 4  0.0039
 404    7.750  #393a39   58 5  0.0143
 405    7.780  #393a3a   58 6  0.0039
 406    7.810  #3a3a39   58 7  0.0038
 407    7.840  #3a3a3a   59 1  0.0038
 408    7.870  #3a3a3b   59 2  0.0038
 409    7.900  #3b3a3a   59 3  0.0038
 410    7.930  #3b3a3b   59 4  0.0038
 411    8.050  #3a3b3a   59 5  0.0150
 412    8.070  #3a3b3b   59 6  0.0025
 413    8.110  #3b3b3a   59 7  0.0049
 414    8.130  #3b3b3b   60 1  0.0025
 415    8.160  #3b3b3c   60 2  0.0037
 416    8.200  #3c3b3b   60 3  0.0049
 417    8.220  #3c3b3c   60 4  0.0024
 418    8.340  #3b3c3b   60 5  0.0145
 419    8.360  #3b3c3c   60 6  0.0024
 420    8.400  #3c3c3b   60 7  0.0048
 421    8.430  #3c3c3c   61 1  0.0036
 422    8.460  #3c3c3d   61 2  0.0036
 423    8.500  #3d3c3c   61 3  0.0047
 424    8.520  #3d3c3d   61 4  0.0024
 425    8.640  #3c3d3c   61 5  0.0140
 426    8.660  #3c3d3d   61 6  0.0023
 427    8.710  #3d3d3c   61 7  0.0058
 428    8.730  #3d3d3d   62 1  0.0023
 429    8.760  #3d3d3e   62 2  0.0034
 430    8.800  #3e3d3d   62 3  0.0046
 431    8.830  #3e3d3e   62 4  0.0034
 432    8.950  #3d3e3d   62 5  0.0135
 433    8.980  #3d3e3e   62 6  0.0033
 434    9.020  #3e3e3d   62 7  0.0044
 435    9.050  #3e3e3e   63 1  0.0033
 436    9.080  #3e3e3f   63 2  0.0033
 437    9.120  #3f3e3e   63 3  0.0044
 438    9.150  #3f3e3f   63 4  0.0033
 439    9.280  #3e3f3e   63 5  0.0141
 440    9.300  #3e3f3f   63 6  0.0022
 441    9.350  #3f3f3e   63 7  0.0054
 442    9.380  #3f3f3f   64 1  0.0032
 443    9.400  #3f3f40   64 2  0.0021
 444    9.440  #403f3f   64 3  0.0042
 445    9.480  #403f40   64 4  0.0042
 446    9.600  #3f403f   64 5  0.0126
 447    9.630  #3f4040   64 6  0.0031
 448    9.680  #40403f   64 7  0.0052
 449    9.710  #404040   65 1  0.0031
 450    9.740  #404041   65 2  0.0031
 451    9.780  #414040   65 3  0.0041
 452    9.820  #414041   65 4  0.0041
 453    9.970  #404140   65 5  0.0152
 454   10.000  #404141   65 6  0.0030
 455   10.040  #414140   65 7  0.0040
 456   10.070  #414141   66 1  0.0030
 457   10.110  #414142   66 2  0.0040
 458   10.150  #424141   66 3  0.0039
 459   10.180  #424142   66 4  0.0030
 460   10.350  #414241   66 5  0.0166
 461   10.380  #414242   66 6  0.0029
 462   10.430  #424241   66 7  0.0048
 463   10.460  #424242   67 1  0.0029
 464   10.490  #424243   67 2  0.0029
 465   10.550  #434242   67 3  0.0057
 466   10.580  #434243   67 4  0.0028
 467   10.740  #424342   67 5  0.0150
 468   10.770  #424343   67 6  0.0028
 469   10.830  #434342   67 7  0.0056
 470   10.860  #434343   68 1  0.0028
 471   10.900  #434344   68 2  0.0037
 472   10.950  #444343   68 3  0.0046
 473   10.990  #444344   68 4  0.0036
 474   11.150  #434443   68 5  0.0145
 475   11.180  #434444   68 6  0.0027
 476   11.240  #444443   68 7  0.0054
 477   11.270  #444444   69 1  0.0027
 478   11.310  #444445   69 2  0.0035
 479   11.370  #454444   69 3  0.0053
 480   11.400  #454445   69 4  0.0026
 481   11.560  #444544   69 5  0.0139
 482   11.600  #444545   69 6  0.0035
 483   11.650  #454544   69 7  0.0043
 484   11.690  #454545   70 1  0.0034
 485   11.730  #454546   70 2  0.0034
 486   11.780  #464545   70 3  0.0043
 487   11.820  #464546   70 4  0.0034
 488   12.000  #454645   70 5  0.0151
 489   12.040  #454646   70 6  0.0033
 490   12.090  #464645   70 7  0.0041
 491   12.140  #464646   71 1  0.0041
 492   12.170  #464647   71 2  0.0025
 493   12.230  #474646   71 3  0.0049
 494   12.270  #474647   71 4  0.0033
 495   12.450  #464746   71 5  0.0146
 496   12.480  #464747   71 6  0.0024
 497   12.540  #474746   71 7  0.0048
 498   12.580  #474747   72 1  0.0032
 499   12.610  #474748   72 2  0.0024
 500   12.680  #484747   72 3  0.0055
 501   12.710  #484748   72 4  0.0024
 502   12.880  #474847   72 5  0.0133
 503   12.920  #474848   72 6  0.0031
 504   12.990  #484847   72 7  0.0054
 505   13.030  #484848   73 1  0.0031
 506   13.070  #484849   73 2  0.0031
 507   13.120  #494848   73 3  0.0038
 508   13.160  #494849   73 4  0.0030
 509   13.340  #484948   73 5  0.0136
 510   13.380  #484949   73 6  0.0030
 511   13.450  #494948   73 7  0.0052
 512   13.480  #494949   74 1  0.0022
 513   13.520  #49494a   74 2  0.0030
 514   13.580  #4a4949   74 3  0.0044
 515   13.620  #4a494a   74 4  0.0029
 516   13.820  #494a49   74 5  0.0146
 517   13.860  #494a4a   74 6  0.0029
 518   13.920  #4a4a49   74 7  0.0043
 519   13.960  #4a4a4a   75 1  0.0029
 520   14.000  #4a4a4b   75 2  0.0029
 521   14.060  #4b4a4a   75 3  0.0043
 522   14.100  #4b4a4b   75 4  0.0028
 523   14.290  #4a4b4a   75 5  0.0134
 524   14.330  #4a4b4b   75 6  0.0028
 525   14.400  #4b4b4a   75 7  0.0049
 526   14.440  #4b4b4b   76 1  0.0028
 527   14.480  #4b4b4c   76 2  0.0028
 528   14.550  #4c4b4b   76 3  0.0048
 529   14.600  #4c4b4c   76 4  0.0034
 530   14.780  #4b4c4b   76 5  0.0123
 531   14.820  #4b4c4c   76 6  0.0027
 532   14.890  #4c4c4b   76 7  0.0047
 533   14.930  #4c4c4c   77 1  0.0027
 534   14.980  #4c4c4d   77 2  0.0033
 535   15.050  #4d4c4c   77 3  0.0047
 536   15.080  #4d4c4d   77 4  0.0020
 537   15.280  #4c4d4c   77 5  0.0132
 538   15.330  #4c4d4d   77 6  0.0033
 539   15.400  #4d4d4c   77 7  0.0046
 540   15.440  #4d4d4d   78 1  0.0026
 541   15.490  #4d4d4e   78 2  0.0032
 542   15.560  #4e4d4d   78 3  0.0045
 543   15.600  #4e4d4e   78 4  0.0026
 544   15.820  #4d4e4d   78 5  0.0140
 545   15.870  #4d4e4e   78 6  0.0032
 546   15.940  #4e4e4d   78 7  0.0044
 547   15.980  #4e4e4e   79 1  0.0025
 548   16.030  #4e4e4f   79 2  0.0031
 549   16.110  #4f4e4e   79 3  0.0050
 550   16.160  #4f4e4f   79 4  0.0031
 551   16.380  #4e4f4e   79 5  0.0135
 552   16.420  #4e4f4f   79 6  0.0024
 553   16.500  #4f4f4e   79 7  0.0049
 554   16.550  #4f4f4f   80 1  0.0030
 555   16.600  #4f4f50   80 2  0.0030
 556   16.670  #504f4f   80 3  0.0042
 557   16.720  #504f50   80 4  0.0030
 558   16.920  #4f504f   80 5  0.0119
 559   16.970  #4f5050   80 6  0.0030
 560   17.040  #50504f   80 7  0.0041
 561   17.090  #505050   81 1  0.0029
 562   17.140  #505051   81 2  0.0029
 563   17.200  #515050   81 3  0.0035
 564   17.250  #515051   81 4  0.0029
 565   17.450  #505150   81 5  0.0115
 566   17.500  #505151   81 6  0.0029
 567   17.500  #515150   81 7  0.0000
 568   17.600  #515151   82 1  0.0057
 569   17.600  #515152   82 2  0.0000
 570   17.700  #525151   82 3  0.0057
 571   17.700  #525152   82 4  0.0000
 572   18.000  #515251   82 5  0.0168
 573   18.000  #515252   82 6  0.0000
 574   18.100  #525251   82 7  0.0055
 575   18.100  #525252   83 1  0.0000
 576   18.200  #525253   83 2  0.0055
 577   18.300  #535252   83 3  0.0055
 578   18.300  #535253   83 4  0.0000
 579   18.600  #525352   83 5  0.0163
 580   18.600  #525353   83 6  0.0000
 581   18.700  #535352   83 7  0.0054
 582   18.700  #535353   84 1  0.0000
 583   18.800  #535354   84 2  0.0053
 584   18.900  #545353   84 3  0.0053
 585   18.900  #545354   84 4  0.0000
 586   19.100  #535453   84 5  0.0105
 587   19.200  #535454   84 6  0.0052
 588   19.200  #545453   84 7  0.0000
 589   19.300  #545454   85 1  0.0052
 590   19.300  #545455   85 2  0.0000
 591   19.400  #555454   85 3  0.0052
 592   19.500  #555455   85 4  0.0051
 593   19.700  #545554   85 5  0.0102
 594   19.700  #545555   85 6  0.0000
 595   19.800  #555554   85 7  0.0051
 596   19.900  #555555   86 1  0.0050
 597   19.900  #555556   86 2  0.0000
 598   19.900  #565555   86 3  0.0000
 599   19.900  #565556   86 4  0.0000
 600   20.300  #555655   86 5  0.0199
 601   20.300  #555656   86 6  0.0000
 602   20.300  #565655   86 7  0.0000
 603   20.300  #565656   87 1  0.0000
 604   20.300  #565657   87 2  0.0000
 605   20.400  #575656   87 3  0.0049
 606   20.400  #575657   87 4  0.0000
 607   20.700  #565756   87 5  0.0146
 608   20.700  #565757   87 6  0.0000
 609   20.800  #575756   87 7  0.0048
 610   20.900  #575757   88 1  0.0048
 611   20.900  #575758   88 2  0.0000
 612   21.000  #585757   88 3  0.0048
 613   21.100  #585758   88 4  0.0048
 614   21.300  #575857   88 5  0.0094
 615   21.400  #575858   88 6  0.0047
 616   21.400  #585857   88 7  0.0000
 617   21.500  #585858   89 1  0.0047
 618   21.500  #585859   89 2  0.0000
 619   21.600  #595858   89 3  0.0046
 620   21.600  #595859   89 4  0.0000
 621   21.900  #585958   89 5  0.0138
 622   21.900  #585959   89 6  0.0000
 623   22.000  #595958   89 7  0.0046
 624   22.100  #595959   90 1  0.0045
 625   22.100  #59595a   90 2  0.0000
 626   22.200  #5a5959   90 3  0.0045
 627   22.300  #5a595a   90 4  0.0045
 628   22.500  #595a59   90 5  0.0089
 629   22.600  #595a5a   90 6  0.0044
 630   22.600  #5a5a59   90 7  0.0000
 631   22.700  #5a5a5a   91 1  0.0044
 632   22.700  #5a5a5b   91 2  0.0000
 633   22.800  #5b5a5a   91 3  0.0044
 634   22.900  #5b5a5b   91 4  0.0044
 635   23.100  #5a5b5a   91 5  0.0087
 636   23.200  #5a5b5b   91 6  0.0043
 637   23.300  #5b5b5a   91 7  0.0043
 638   23.300  #5b5b5b   92 1  0.0000
 639   23.400  #5b5b5c   92 2  0.0043
 640   23.500  #5c5b5b   92 3  0.0043
 641   23.500  #5c5b5c   92 4  0.0000
 642   23.700  #5b5c5b   92 5  0.0085
 643   23.800  #5b5c5c   92 6  0.0042
 644   23.800  #5c5c5b   92 7  0.0000
 645   23.900  #5c5c5c   93 1  0.0042
 646   24.000  #5c5c5d   93 2  0.0042
 647   24.100  #5d5c5c   93 3  0.0042
 648   24.100  #5d5c5d   93 4  0.0000
 649   24.400  #5c5d5c   93 5  0.0124
 650   24.400  #5c5d5d   93 6  0.0000
 651   24.500  #5d5d5c   93 7  0.0041
 652   24.500  #5d5d5d   94 1  0.0000
 653   24.600  #5d5d5e   94 2  0.0041
 654   24.700  #5e5d5d   94 3  0.0041
 655   24.700  #5e5d5e   94 4  0.0000
 656   25.000  #5d5e5d   94 5  0.0121
 657   25.100  #5d5e5e   94 6  0.0040
 658   25.100  #5e5e5d   94 7  0.0000
 659   25.200  #5e5e5e   95 1  0.0040
 660   25.200  #5e5e5f   95 2  0.0000
 661   25.300  #5f5e5e   95 3  0.0040
 662   25.400  #5f5e5f   95 4  0.0039
 663   25.600  #5e5f5e   95 5  0.0078
 664   25.700  #5e5f5f   95 6  0.0039
 665   25.800  #5f5f5e   95 7  0.0039
 666   25.800  #5f5f5f   96 1  0.0000
 667   25.800  #5f5f60   96 2  0.0000
 668   25.900  #605f5f   96 3  0.0039
 669   26.000  #605f60   96 4  0.0039
 670   26.200  #5f605f   96 5  0.0077
 671   26.300  #5f6060   96 6  0.0038
 672   26.400  #60605f   96 7  0.0038
 673   26.000  #606060   97 1  -0.0153
 674   26.000  #606061   97 2  0.0000
 675   26.100  #616060   97 3  0.0038
 676   26.200  #616061   97 4  0.0038
 677   26.400  #606160   97 5  0.0076
 678   26.500  #606161   97 6  0.0038
 679   26.500  #616160   97 7  0.0000
 680   26.500  #616161   98 1  0.0000
 681   26.600  #616162   98 2  0.0038
 682   26.800  #626161   98 3  0.0075
 683   26.800  #626162   98 4  0.0000
 684   27.100  #616261   98 5  0.0111
 685   27.100  #616262   98 6  0.0000
 686   27.100  #626261   98 7  0.0000
 687   27.200  #626262   99 1  0.0037
 688   27.300  #626263   99 2  0.0037
 689   27.400  #636262   99 3  0.0037
 690   27.400  #636263   99 4  0.0000
 691   27.600  #626362   99 5  0.0073
 692   27.700  #626363   99 6  0.0036
 693   27.900  #636362   99 7  0.0072
 694   27.900  #636363  100 1  0.0000
 695   28.000  #636364  100 2  0.0036
 696   28.000  #646363  100 3  0.0000
 697   28.100  #646364  100 4  0.0036
 698   28.400  #636463  100 5  0.0106
 699   28.400  #636464  100 6  0.0000
 700   28.500  #646463  100 7  0.0035
 701   28.500  #646464  101 1  0.0000
 702   28.600  #646465  101 2  0.0035
 703   28.700  #656464  101 3  0.0035
 704   28.800  #656465  101 4  0.0035
 705   29.000  #646564  101 5  0.0069
 706   29.000  #646565  101 6  0.0000
 707   29.100  #656564  101 7  0.0034
 708   29.200  #656565  102 1  0.0034
 709   29.200  #656566  102 2  0.0000
 710   29.200  #666565  102 3  0.0000
 711   29.400  #666566  102 4  0.0068
 712   29.700  #656665  102 5  0.0102
 713   29.700  #656666  102 6  0.0000
 714   29.700  #666665  102 7  0.0000
 715   29.800  #666666  103 1  0.0034
 716   29.900  #666667  103 2  0.0034
 717   30.000  #676666  103 3  0.0033
 718   30.000  #676667  103 4  0.0000
 719   30.200  #666766  103 5  0.0066
 720   30.400  #666767  103 6  0.0066
 721   30.500  #676766  103 7  0.0033
 722   30.500  #676767  104 1  0.0000
 723   30.500  #676768  104 2  0.0000
 724   30.600  #686767  104 3  0.0033
 725   30.700  #686768  104 4  0.0033
 726   31.000  #676867  104 5  0.0097
 727   31.000  #676868  104 6  0.0000
 728   31.100  #686867  104 7  0.0032
 729   31.200  #686868  105 1  0.0032
 730   31.200  #686869  105 2  0.0000
 731   31.300  #696868  105 3  0.0032
 732   31.400  #696869  105 4  0.0032
 733   31.600  #686968  105 5  0.0063
 734   31.700  #686969  105 6  0.0032
 735   31.700  #696968  105 7  0.0000
 736   31.800  #696969  106 1  0.0031
 737   31.900  #69696a  106 2  0.0031
 738   32.000  #6a6969  106 3  0.0031
 739   32.000  #6a696a  106 4  0.0000
 740   32.300  #696a69  106 5  0.0093
 741   32.400  #696a6a  106 6  0.0031
 742   32.400  #6a6a69  106 7  0.0000
 743   32.500  #6a6a6a  107 1  0.0031
 744   32.600  #6a6a6b  107 2  0.0031
 745   32.700  #6b6a6a  107 3  0.0031
 746   32.700  #6b6a6b  107 4  0.0000
 747   33.000  #6a6b6a  107 5  0.0091
 748   33.100  #6a6b6b  107 6  0.0030
 749   33.100  #6b6b6a  107 7  0.0000
 750   33.100  #6b6b6b  108 1  0.0000
 751   33.200  #6b6b6c  108 2  0.0030
 752   33.400  #6c6b6b  108 3  0.0060
 753   33.400  #6c6b6c  108 4  0.0000
 754   33.600  #6b6c6b  108 5  0.0060
 755   33.700  #6b6c6c  108 6  0.0030
 756   33.800  #6c6c6b  108 7  0.0030
 757   33.800  #6c6c6c  109 1  0.0000
 758   33.900  #6c6c6d  109 2  0.0030
 759   34.100  #6d6c6c  109 3  0.0059
 760   34.100  #6d6c6d  109 4  0.0000
 761   34.200  #6c6d6c  109 5  0.0029
 762   34.400  #6c6d6d  109 6  0.0058
 763   34.500  #6d6d6c  109 7  0.0029
 764   34.500  #6d6d6d  110 1  0.0000
 765   34.600  #6d6d6e  110 2  0.0029
 766   34.800  #6e6d6d  110 3  0.0058
 767   34.800  #6e6d6e  110 4  0.0000
 768   35.000  #6d6e6d  110 5  0.0057
 769   35.000  #6d6e6e  110 6  0.0000
 770   35.200  #6e6e6d  110 7  0.0057
 771   35.200  #6e6e6e  111 1  0.0000
 772   35.200  #6e6e6f  111 2  0.0000
 773   35.400  #6f6e6e  111 3  0.0057
 774   35.500  #6f6e6f  111 4  0.0028
 775   35.700  #6e6f6e  111 5  0.0056
 776   35.700  #6e6f6f  111 6  0.0000
 777   35.900  #6f6f6e  111 7  0.0056
 778   35.900  #6f6f6f  112 1  0.0000
 779   35.900  #6f6f70  112 2  0.0000
 780   36.100  #706f6f  112 3  0.0056
 781   36.200  #706f70  112 4  0.0028
 782   36.400  #6f706f  112 5  0.0055
 783   36.400  #6f7070  112 6  0.0000
 784   36.600  #70706f  112 7  0.0055
 785   36.600  #707070  113 1  0.0000
 786   36.600  #707071  113 2  0.0000
 787   36.700  #717070  113 3  0.0027
 788   36.800  #717071  113 4  0.0027
 789   37.100  #707170  113 5  0.0081
 790   37.100  #707171  113 6  0.0000
 791   37.200  #717170  113 7  0.0027
 792   37.300  #717171  114 1  0.0027
 793   37.300  #717172  114 2  0.0000
 794   37.200  #727171  114 3  -0.0027
 795   37.300  #727172  114 4  0.0027
 796   37.800  #717271  114 5  0.0133
 797   37.700  #717272  114 6  -0.0026
 798   37.700  #727271  114 7  0.0000
 799   37.800  #727272  115 1  0.0026
 800   37.800  #727273  115 2  0.0000
 801   37.800  #737272  115 3  0.0000
 802   38.000  #737273  115 4  0.0053
 803   38.200  #727372  115 5  0.0052
 804   38.300  #727373  115 6  0.0026
 805   38.300  #737372  115 7  0.0000
 806   38.500  #737373  116 1  0.0052
 807   38.500  #737374  116 2  0.0000
 808   38.600  #747373  116 3  0.0026
 809   38.600  #747374  116 4  0.0000
 810   39.000  #737473  116 5  0.0103
 811   39.000  #737474  116 6  0.0000
 812   39.000  #747473  116 7  0.0000
 813   39.100  #747474  117 1  0.0026
 814   39.200  #747475  117 2  0.0026
 815   39.300  #757474  117 3  0.0025
 816   39.300  #757475  117 4  0.0000
 817   39.600  #747574  117 5  0.0076
 818   39.700  #747575  117 6  0.0025
 819   39.700  #757574  117 7  0.0000
 820   39.800  #757575  118 1  0.0025
 821   39.900  #757576  118 2  0.0025
 822   40.000  #767575  118 3  0.0025
 823   40.000  #767576  118 4  0.0000
 824   40.300  #757675  118 5  0.0075
 825   40.400  #757676  118 6  0.0025
 826   40.400  #767675  118 7  0.0000
 827   40.400  #767676  119 1  0.0000
 828   40.600  #767677  119 2  0.0049
 829   40.700  #777676  119 3  0.0025
 830   40.700  #777677  119 4  0.0000
 831   40.900  #767776  119 5  0.0049
 832   41.100  #767777  119 6  0.0049
 833   41.100  #777776  119 7  0.0000
 834   41.100  #777777  120 1  0.0000
 835   41.300  #777778  120 2  0.0049
 836   41.400  #787777  120 3  0.0024
 837   41.400  #787778  120 4  0.0000
 838   41.600  #777877  120 5  0.0048
 839   41.800  #777878  120 6  0.0048
 840   41.800  #787877  120 7  0.0000
 841   41.800  #787878  121 1  0.0000
 842   41.900  #787879  121 2  0.0024
 843   42.100  #797878  121 3  0.0048
 844   42.100  #797879  121 4  0.0000
 845   42.300  #787978  121 5  0.0047
 846   42.400  #787979  121 6  0.0024
 847   42.500  #797978  121 7  0.0024
 848   42.500  #797979  122 1  0.0000
 849   42.600  #79797a  122 2  0.0024
 850   42.800  #7a7979  122 3  0.0047
 851   42.800  #7a797a  122 4  0.0000
 852   43.000  #797a79  122 5  0.0047
 853   43.100  #797a7a  122 6  0.0023
 854   43.200  #7a7a79  122 7  0.0023
 855   43.200  #7a7a7a  123 1  0.0000
 856   43.200  #7a7a7b  123 2  0.0000
 857   43.400  #7b7a7a  123 3  0.0046
 858   43.500  #7b7a7b  123 4  0.0023
 859   43.700  #7a7b7a  123 5  0.0046
 860   43.700  #7a7b7b  123 6  0.0000
 861   43.900  #7b7b7a  123 7  0.0046
 862   44.000  #7b7b7b  124 1  0.0023
 863   43.900  #7b7b7c  124 2  -0.0023
 864   44.100  #7c7b7b  124 3  0.0045
 865   44.200  #7c7b7c  124 4  0.0023
 866   44.400  #7b7c7b  124 5  0.0045
 867   44.400  #7b7c7c  124 6  0.0000
 868   44.600  #7c7c7b  124 7  0.0045
 869   44.600  #7c7c7c  125 1  0.0000
 870   44.600  #7c7c7d  125 2  0.0000
 871   44.700  #7d7c7c  125 3  0.0022
 872   44.900  #7d7c7d  125 4  0.0045
 873   45.100  #7c7d7c  125 5  0.0044
 874   45.100  #7c7d7d  125 6  0.0000
 875   45.300  #7d7d7c  125 7  0.0044
 876   45.400  #7d7d7d  126 1  0.0022
 877   45.400  #7d7d7e  126 2  0.0000
 878   45.400  #7e7d7d  126 3  0.0000
 879   45.600  #7e7d7e  126 4  0.0044
 880   45.900  #7d7e7d  126 5  0.0066
 881   45.800  #7d7e7e  126 6  -0.0022
 882   46.000  #7e7e7d  126 7  0.0044
 883   46.100  #7e7e7e  127 1  0.0022
 884   46.100  #7e7e7f  127 2  0.0000
 885   46.100  #7f7e7e  127 3  0.0000
 886   46.300  #7f7e7f  127 4  0.0043
 887   46.600  #7e7f7e  127 5  0.0065
 888   46.600  #7e7f7f  127 6  0.0000
 889   46.700  #7f7f7e  127 7  0.0021
 890   46.800  #7f7f7f  128 1  0.0021
 891   46.900  #7f7f80  128 2  0.0021
 892   46.900  #807f7f  128 3  0.0000
 893   47.000  #807f80  128 4  0.0021
 894   47.400  #7f807f  128 5  0.0085
 895   47.400  #7f8080  128 6  0.0000
 896   47.400  #80807f  128 7  0.0000
 897   47.500  #808080  129 1  0.0021
 898   47.600  #808081  129 2  0.0021
 899   47.600  #818080  129 3  0.0000
 900   47.700  #818081  129 4  0.0021
 901   48.100  #808180  129 5  0.0084
 902   48.200  #808181  129 6  0.0021
 903   48.200  #818180  129 7  0.0000
 904   48.300  #818181  130 1  0.0021
 905   48.400  #818182  130 2  0.0021
 906   48.500  #828181  130 3  0.0021
 907   48.500  #828182  130 4  0.0000
 908   49.000  #818281  130 5  0.0103
 909   49.100  #818282  130 6  0.0020
 910   49.100  #828281  130 7  0.0000
 911   49.200  #828282  131 1  0.0020
 912   49.300  #828283  131 2  0.0020
 913   49.400  #838282  131 3  0.0020
 914   49.400  #838283  131 4  0.0000
 915   49.800  #828382  131 5  0.0081
 916   50.000  #828383  131 6  0.0040
 917   50.000  #838382  131 7  0.0000
 918   50.000  #838383  132 1  0.0000
 919   50.100  #838384  132 2  0.0020
 920   50.300  #848383  132 3  0.0040
 921   50.300  #848384  132 4  0.0000
 922   50.700  #838483  132 5  0.0079
 923   50.800  #838484  132 6  0.0020
 924   51.000  #848483  132 7  0.0039
 925   50.900  #848484  133 1  -0.0020
 926   51.000  #848485  133 2  0.0020
 927   51.200  #858484  133 3  0.0039
 928   51.300  #858485  133 4  0.0020
 929   51.500  #848584  133 5  0.0039
 930   51.700  #848585  133 6  0.0039
 931   51.800  #858584  133 7  0.0019
 932   51.800  #858585  134 1  0.0000
 933   51.900  #858586  134 2  0.0019
 934   52.100  #868585  134 3  0.0038
 935   52.200  #868586  134 4  0.0019
 936   52.500  #858685  134 5  0.0057
 937   52.600  #858686  134 6  0.0019
 938   52.800  #868685  134 7  0.0038
 939   52.900  #868686  135 1  0.0019
 940   52.900  #868687  135 2  0.0000
 941   53.100  #878686  135 3  0.0038
 942   53.100  #878687  135 4  0.0000
 943   53.500  #868786  135 5  0.0075
 944   53.500  #868787  135 6  0.0000
 945   53.800  #878786  135 7  0.0056
 946   53.800  #878787  136 1  0.0000
 947   53.800  #878788  136 2  0.0000
 948   54.000  #888787  136 3  0.0037
 949   54.100  #888788  136 4  0.0019
 950   54.500  #878887  136 5  0.0074
 951   54.500  #878888  136 6  0.0000
 952   54.700  #888887  136 7  0.0037
 953   54.800  #888888  137 1  0.0018
 954   54.800  #888889  137 2  0.0000
 955   54.900  #898888  137 3  0.0018
 956   55.000  #898889  137 4  0.0018
 957   55.400  #888988  137 5  0.0072
 958   55.500  #888989  137 6  0.0018
 959   55.600  #898988  137 7  0.0018
 960   55.700  #898989  138 1  0.0018
 961   55.800  #89898a  138 2  0.0018
 962   55.900  #8a8989  138 3  0.0018
 963   56.000  #8a898a  138 4  0.0018
 964   56.400  #898a89  138 5  0.0071
 965   56.400  #898a8a  138 6  0.0000
 966   56.600  #8a8a89  138 7  0.0035
 967   56.600  #8a8a8a  139 1  0.0000
 968   56.800  #8a8a8b  139 2  0.0035
 969   56.900  #8b8a8a  139 3  0.0018
 970   57.000  #8b8a8b  139 4  0.0018
 971   57.400  #8a8b8a  139 5  0.0070
 972   57.500  #8a8b8b  139 6  0.0017
 973   57.600  #8b8b8a  139 7  0.0017
 974   57.700  #8b8b8b  140 1  0.0017
 975   57.800  #8b8b8c  140 2  0.0017
 976   57.900  #8c8b8b  140 3  0.0017
 977   58.000  #8c8b8c  140 4  0.0017
 978   58.400  #8b8c8b  140 5  0.0069
 979   58.500  #8b8c8c  140 6  0.0017
 980   58.600  #8c8c8b  140 7  0.0017
 981   58.700  #8c8c8c  141 1  0.0017
 982   58.800  #8c8c8d  141 2  0.0017
 983   58.900  #8d8c8c  141 3  0.0017
 984   59.000  #8d8c8d  141 4  0.0017
 985   59.400  #8c8d8c  141 5  0.0068
 986   59.500  #8c8d8d  141 6  0.0017
 987   59.600  #8d8d8c  141 7  0.0017
 988   59.700  #8d8d8d  142 1  0.0017
 989   59.800  #8d8d8e  142 2  0.0017
 990   59.900  #8e8d8d  142 3  0.0017
 991   60.000  #8e8d8e  142 4  0.0017
 992   60.400  #8d8e8d  142 5  0.0066
 993   60.500  #8d8e8e  142 6  0.0017
 994   60.600  #8e8e8d  142 7  0.0017
 995   60.700  #8e8e8e  143 1  0.0016
 996   60.800  #8e8e8f  143 2  0.0016
 997   60.700  #8f8e8e  143 3  -0.0016
 998   60.700  #8f8e8f  143 4  0.0000
 999   61.400  #8e8f8e  143 5  0.0115
1000   61.500  #8e8f8f  143 6  0.0016
1001   61.500  #8f8f8e  143 7  0.0000
1002   61.400  #8f8f8f  144 1  -0.0016
1003   61.500  #8f8f90  144 2  0.0016
1004   61.700  #908f8f  144 3  0.0032
1005   61.800  #908f90  144 4  0.0016
1006   62.100  #8f908f  144 5  0.0048
1007   62.300  #8f9090  144 6  0.0032
1008   62.400  #90908f  144 7  0.0016
1009   62.400  #909090  145 1  0.0000
1010   62.500  #909091  145 2  0.0016
1011   62.700  #919090  145 3  0.0032
1012   62.800  #919091  145 4  0.0016
1013   63.200  #909190  145 5  0.0063
1014   63.300  #909191  145 6  0.0016
1015   63.400  #919190  145 7  0.0016
1016   63.500  #919191  146 1  0.0016
1017   63.500  #919192  146 2  0.0000
1018   63.800  #929191  146 3  0.0047
1019   63.800  #929192  146 4  0.0000
1020   64.200  #919291  146 5  0.0063
1021   64.300  #919292  146 6  0.0016
1022   64.500  #929291  146 7  0.0031
1023   64.600  #929292  147 1  0.0015
1024   64.600  #929293  147 2  0.0000
1025   64.800  #939292  147 3  0.0031
1026   64.900  #939293  147 4  0.0015
1027   65.300  #929392  147 5  0.0061
1028   65.400  #929393  147 6  0.0015
1029   65.600  #939392  147 7  0.0031
1030   65.700  #939393  148 1  0.0015
1031   65.700  #939394  148 2  0.0000
1032   65.900  #949393  148 3  0.0030
1033   66.000  #949394  148 4  0.0015
1034   66.400  #939493  148 5  0.0060
1035   66.400  #939494  148 6  0.0000
1036   66.700  #949493  148 7  0.0045
1037   66.700  #949494  149 1  0.0000
1038   66.800  #949495  149 2  0.0015
1039   67.000  #959494  149 3  0.0030
1040   67.100  #959495  149 4  0.0015
1041   67.500  #949594  149 5  0.0059
1042   67.600  #949595  149 6  0.0015
1043   67.700  #959594  149 7  0.0015
1044   67.800  #959595  150 1  0.0015
1045   67.800  #959596  150 2  0.0000
1046   68.100  #969595  150 3  0.0044
1047   68.200  #969596  150 4  0.0015
1048   68.500  #959695  150 5  0.0044
1049   68.600  #959696  150 6  0.0015
1050   68.800  #969695  150 7  0.0029
1051   68.900  #969696  151 1  0.0015
1052   69.000  #969697  151 2  0.0015
1053   69.200  #979696  151 3  0.0029
1054   69.300  #979697  151 4  0.0014
1055   69.700  #969796  151 5  0.0058
1056   69.800  #969797  151 6  0.0014
1057   70.000  #979796  151 7  0.0029
1058   70.000  #979797  152 1  0.0000
1059   70.000  #979798  152 2  0.0000
1060   70.300  #989797  152 3  0.0043
1061   70.500  #989798  152 4  0.0028
1062   70.800  #979897  152 5  0.0042
1063   70.900  #979898  152 6  0.0014
1064   71.100  #989897  152 7  0.0028
1065   71.100  #989898  153 1  0.0000
1066   71.200  #989899  153 2  0.0014
1067   71.500  #999898  153 3  0.0042
1068   71.500  #999899  153 4  0.0000
1069   71.900  #989998  153 5  0.0056
1070   72.000  #989999  153 6  0.0014
1071   72.200  #999998  153 7  0.0028
1072   72.200  #999999  154 1  0.0000
1073   72.400  #99999a  154 2  0.0028
1074   72.600  #9a9999  154 3  0.0028
1075   72.600  #9a999a  154 4  0.0000
1076   72.900  #999a99  154 5  0.0041
1077   73.200  #999a9a  154 6  0.0041
1078   73.300  #9a9a99  154 7  0.0014
1079   73.400  #9a9a9a  155 1  0.0014
1080   73.500  #9a9a9b  155 2  0.0014
1081   73.700  #9b9a9a  155 3  0.0027
1082   73.700  #9b9a9b  155 4  0.0000
1083   74.200  #9a9b9a  155 5  0.0068
1084   74.400  #9a9b9b  155 6  0.0027
1085   74.500  #9b9b9a  155 7  0.0013
1086   74.500  #9b9b9b  156 1  0.0000
1087   74.700  #9b9b9c  156 2  0.0027
1088   74.800  #9c9b9b  156 3  0.0013
1089   74.800  #9c9b9c  156 4  0.0000
1090   75.400  #9b9c9b  156 5  0.0080
1091   75.500  #9b9c9c  156 6  0.0013
1092   75.500  #9c9c9b  156 7  0.0000
1093   75.800  #9c9c9c  157 1  0.0040
1094   75.800  #9c9c9d  157 2  0.0000
1095   75.900  #9d9c9c  157 3  0.0013
1096   76.200  #9d9c9d  157 4  0.0039
1097   76.500  #9c9d9c  157 5  0.0039
1098   76.600  #9c9d9d  157 6  0.0013
1099   76.800  #9d9d9c  157 7  0.0026
1100   76.900  #9d9d9d  158 1  0.0013
1101   76.900  #9d9d9e  158 2  0.0000
1102   77.200  #9e9d9d  158 3  0.0039
1103   77.300  #9e9d9e  158 4  0.0013
1104   77.700  #9d9e9d  158 5  0.0052
1105   77.900  #9d9e9e  158 6  0.0026
1106   78.000  #9e9e9d  158 7  0.0013
1107   78.000  #9e9e9e  159 1  0.0000
1108   78.300  #9e9e9f  159 2  0.0038
1109   78.400  #9f9e9e  159 3  0.0013
1110   78.400  #9f9e9f  159 4  0.0000
1111   79.000  #9e9f9e  159 5  0.0076
1112   79.000  #9e9f9f  159 6  0.0000
1113   79.100  #9f9f9e  159 7  0.0013
1114   79.400  #9f9f9f  160 1  0.0038
1115   79.400  #9f9fa0  160 2  0.0000
1116   79.500  #a09f9f  160 3  0.0013
1117   79.700  #a09fa0  160 4  0.0025
1118   80.100  #9fa09f  160 5  0.0050
1119   80.200  #9fa0a0  160 6  0.0012
1120   80.400  #a0a09f  160 7  0.0025
1121   80.400  #a0a0a0  161 1  0.0000
1122   80.600  #a0a0a1  161 2  0.0025
1123   80.700  #a1a0a0  161 3  0.0012
1124   80.800  #a1a0a1  161 4  0.0012
1125   81.300  #a0a1a0  161 5  0.0062
1126   81.300  #a0a1a1  161 6  0.0000
1127   81.500  #a1a1a0  161 7  0.0025
1128   81.700  #a1a1a1  162 1  0.0025
1129   81.700  #a1a1a2  162 2  0.0000
1130   81.900  #a2a1a1  162 3  0.0024
1131   82.000  #a2a1a2  162 4  0.0012
1132   82.400  #a1a2a1  162 5  0.0049
1133   82.700  #a1a2a2  162 6  0.0036
1134   82.700  #a2a2a1  162 7  0.0000
1135   82.900  #a2a2a2  163 1  0.0024
1136   83.100  #a2a2a3  163 2  0.0024
1137   83.100  #a3a2a2  163 3  0.0000
1138   83.400  #a3a2a3  163 4  0.0036
1139   83.700  #a2a3a2  163 5  0.0036
1140   83.800  #a2a3a3  163 6  0.0012
1141   84.100  #a3a3a2  163 7  0.0036
1142   84.000  #a3a3a3  164 1  -0.0012
1143   84.300  #a3a3a4  164 2  0.0036
1144   84.400  #a4a3a3  164 3  0.0012
1145   84.400  #a4a3a4  164 4  0.0000
1146   85.000  #a3a4a3  164 5  0.0071
1147   85.000  #a3a4a4  164 6  0.0000
1148   85.200  #a4a4a3  164 7  0.0024
1149   85.400  #a4a4a4  165 1  0.0023
1150   85.300  #a4a4a5  165 2  -0.0012
1151   85.700  #a5a4a4  165 3  0.0047
1152   85.700  #a5a4a5  165 4  0.0000
1153   86.100  #a4a5a4  165 5  0.0047
1154   86.300  #a4a5a5  165 6  0.0023
1155   86.400  #a5a5a4  165 7  0.0012
1156   86.600  #a5a5a5  166 1  0.0023
1157   86.700  #a5a5a6  166 2  0.0012
1158   86.700  #a6a5a5  166 3  0.0000
1159   87.000  #a6a5a6  166 4  0.0035
1160   87.300  #a5a6a5  166 5  0.0034
1161   87.600  #a5a6a6  166 6  0.0034
1162   87.700  #a6a6a5  166 7  0.0011
1163   87.700  #a6a6a6  167 1  0.0000
1164   88.000  #a6a6a7  167 2  0.0034
1165   88.000  #a7a6a6  167 3  0.0000
1166   88.300  #a7a6a7  167 4  0.0034
1167   88.700  #a6a7a6  167 5  0.0045
1168   88.700  #a6a7a7  167 6  0.0000
1169   89.000  #a7a7a6  167 7  0.0034
1170   88.900  #a7a7a7  168 1  -0.0011
1171   89.300  #a7a7a8  168 2  0.0045
1172   89.400  #a8a7a7  168 3  0.0011
1173   89.400  #a8a7a8  168 4  0.0000
1174   90.000  #a7a8a7  168 5  0.0067
1175   89.900  #a7a8a8  168 6  -0.0011
1176   90.300  #a8a8a7  168 7  0.0044
1177   90.300  #a8a8a8  169 1  0.0000
1178   90.400  #a8a8a9  169 2  0.0011
1179   90.700  #a9a8a8  169 3  0.0033
1180   90.600  #a9a8a9  169 4  -0.0011
1181   91.200  #a8a9a8  169 5  0.0066
1182   91.200  #a8a9a9  169 6  0.0000
1183   91.500  #a9a9a8  169 7  0.0033
1184   91.600  #a9a9a9  170 1  0.0011
1185   91.600  #a9a9aa  170 2  0.0000
1186   91.900  #aaa9a9  170 3  0.0033
1187   91.800  #aaa9aa  170 4  -0.0011
1188   92.500  #a9aaa9  170 5  0.0076
1189   92.500  #a9aaaa  170 6  0.0000
1190   92.700  #aaaaa9  170 7  0.0022
1191   92.900  #aaaaaa  171 1  0.0022
1192   92.700  #aaaaab  171 2  -0.0022
1193   92.900  #abaaaa  171 3  0.0022
1194   92.800  #abaaab  171 4  -0.0011
1195   93.800  #aaabaa  171 5  0.0107
1196   93.700  #aaabab  171 6  -0.0011
1197   93.600  #ababaa  171 7  -0.0011
1198   93.700  #ababab  172 1  0.0011
1199   93.700  #ababac  172 2  0.0000
1200   94.100  #acabab  172 3  0.0043
1201   94.100  #acabac  172 4  0.0000
1202   94.500  #abacab  172 5  0.0042
1203   94.700  #abacac  172 6  0.0021
1204   94.700  #acacab  172 7  0.0000
1205   95.000  #acacac  173 1  0.0032
1206   94.900  #acacad  173 2  -0.0011
1207   95.300  #adacac  173 3  0.0042
1208   95.400  #adacad  173 4  0.0010
1209   95.700  #acadac  173 5  0.0031
1210   96.000  #acadad  173 6  0.0031
1211   96.000  #adadac  173 7  0.0000
1212   96.400  #adadad  174 1  0.0042
1213   96.300  #adadae  174 2  -0.0010
1214   96.500  #aeadad  174 3  0.0021
1215   96.700  #aeadae  174 4  0.0021
1216   97.000  #adaead  174 5  0.0031
1217   97.300  #adaeae  174 6  0.0031
1218   97.300  #aeaead  174 7  0.0000
1219   97.600  #aeaeae  175 1  0.0031
1220   97.600  #aeaeaf  175 2  0.0000
1221   97.900  #afaeae  175 3  0.0031
1222   98.000  #afaeaf  175 4  0.0010
1223   98.300  #aeafae  175 5  0.0031
1224   98.600  #aeafaf  175 6  0.0030
1225   98.600  #afafae  175 7  0.0000
1226   98.900  #afafaf  176 1  0.0030
1227   98.900  #afafb0  176 2  0.0000
1228   99.200  #b0afaf  176 3  0.0030
1229   99.300  #b0afb0  176 4  0.0010
1230   99.600  #afb0af  176 5  0.0030
1231   99.900  #afb0b0  176 6  0.0030
1232   99.800  #b0b0af  176 7  -0.0010
1233  100.200  #b0b0b0  177 1  0.0040
1234  100.200  #b0b0b1  177 2  0.0000
1235  100.400  #b1b0b0  177 3  0.0020
1236  100.500  #b1b0b1  177 4  0.0010
1237  100.900  #b0b1b0  177 5  0.0040
1238  101.200  #b0b1b1  177 6  0.0030
1239  101.100  #b1b1b0  177 7  -0.0010
1240  101.500  #b1b1b1  178 1  0.0039
1241  101.400  #b1b1b2  178 2  -0.0010
1242  101.800  #b2b1b1  178 3  0.0039
1243  101.800  #b2b1b2  178 4  0.0000
1244  102.300  #b1b2b1  178 5  0.0049
1245  102.500  #b1b2b2  178 6  0.0020
1246  102.500  #b2b2b1  178 7  0.0000
1247  102.800  #b2b2b2  179 1  0.0029
1248  102.700  #b2b2b3  179 2  -0.0010
1249  103.100  #b3b2b2  179 3  0.0039
1250  103.000  #b3b2b3  179 4  -0.0010
1251  103.600  #b2b3b2  179 5  0.0058
1252  103.700  #b2b3b3  179 6  0.0010
1253  103.900  #b3b3b2  179 7  0.0019
1254  104.100  #b3b3b3  180 1  0.0019
1255  104.000  #b3b3b4  180 2  -0.0010
1256  104.400  #b4b3b3  180 3  0.0038
1257  104.400  #b4b3b4  180 4  0.0000
1258  105.000  #b3b4b3  180 5  0.0057
1259  105.000  #b3b4b4  180 6  0.0000
1260  105.200  #b4b4b3  180 7  0.0019
1261  105.300  #b4b4b4  181 1  0.0010
1262  105.400  #b4b4b5  181 2  0.0009
1263  105.700  #b5b4b4  181 3  0.0028
1264  105.600  #b5b4b5  181 4  -0.0009
1265  106.300  #b4b5b4  181 5  0.0066
1266  106.200  #b4b5b5  181 6  -0.0009
1267  106.600  #b5b5b4  181 7  0.0038
1268  106.600  #b5b5b5  182 1  0.0000
1269  106.800  #b5b5b6  182 2  0.0019
1270  107.000  #b6b5b5  182 3  0.0019
1271  107.000  #b6b5b6  182 4  0.0000
1272  107.600  #b5b6b5  182 5  0.0056
1273  107.500  #b5b6b6  182 6  -0.0009
1274  107.900  #b6b6b5  182 7  0.0037
1275  107.900  #b6b6b6  183 1  0.0000
1276  108.100  #b6b6b7  183 2  0.0019
1277  108.200  #b7b6b6  183 3  0.0009
1278  108.500  #b7b6b7  183 4  0.0028
1279  108.900  #b6b7b6  183 5  0.0037
1280  109.000  #b6b7b7  183 6  0.0009
1281  109.200  #b7b7b6  183 7  0.0018
1282  109.200  #b7b7b7  184 1  0.0000
1283  109.500  #b7b7b8  184 2  0.0027
1284  109.500  #b8b7b7  184 3  0.0000
1285  109.800  #b8b7b8  184 4  0.0027
1286  110.100  #b7b8b7  184 5  0.0027
1287  110.400  #b7b8b8  184 6  0.0027
1288  110.500  #b8b8b7  184 7  0.0009
1289  110.700  #b8b8b8  185 1  0.0018
1290  110.800  #b8b8b9  185 2  0.0009
1291  110.900  #b9b8b8  185 3  0.0009
1292  111.100  #b9b8b9  185 4  0.0018
1293  111.500  #b8b9b8  185 5  0.0036
1294  111.700  #b8b9b9  185 6  0.0018
1295  111.700  #b9b9b8  185 7  0.0000
1296  112.000  #b9b9b9  186 1  0.0027
1297  112.000  #b9b9ba  186 2  0.0000
1298  112.300  #bab9b9  186 3  0.0027
1299  112.200  #bab9ba  186 4  -0.0009
1300  112.900  #b9bab9  186 5  0.0062
1301  113.000  #b9baba  186 6  0.0009
1302  113.200  #babab9  186 7  0.0018
1303  113.200  #bababa  187 1  0.0000
1304  113.500  #bababb  187 2  0.0026
1305  113.600  #bbbaba  187 3  0.0009
1306  113.800  #bbbabb  187 4  0.0018
1307  114.200  #babbba  187 5  0.0035
1308  114.400  #babbbb  187 6  0.0017
1309  114.500  #bbbbba  187 7  0.0009
1310  114.700  #bbbbbb  188 1  0.0017
1311  114.800  #bbbbbc  188 2  0.0009
1312  115.000  #bcbbbb  188 3  0.0017
1313  115.100  #bcbbbc  188 4  0.0009
1314  115.500  #bbbcbb  188 5  0.0035
1315  115.700  #bbbcbc  188 6  0.0017
1316  115.700  #bcbcbb  188 7  0.0000
1317  115.900  #bcbcbc  189 1  0.0017
1318  116.000  #bcbcbd  189 2  0.0009
1319  116.300  #bdbcbc  189 3  0.0026
1320  116.300  #bdbcbd  189 4  0.0000
1321  116.900  #bcbdbc  189 5  0.0051
1322  116.800  #bcbdbd  189 6  -0.0009
1323  117.200  #bdbdbc  189 7  0.0034
1324  117.200  #bdbdbd  190 1  0.0000
1325  117.400  #bdbdbe  190 2  0.0017
1326  117.500  #bebdbd  190 3  0.0009
1327  117.700  #bebdbe  190 4  0.0017
1328  118.100  #bdbebd  190 5  0.0034
1329  118.400  #bdbebe  190 6  0.0025
1330  118.400  #bebebd  190 7  0.0000
1331  118.700  #bebebe  191 1  0.0025
1332  118.700  #bebebf  191 2  0.0000
1333  119.000  #bfbebe  191 3  0.0025
1334  119.000  #bfbebf  191 4  0.0000
1335  119.600  #bebfbe  191 5  0.0050
1336  119.600  #bebfbf  191 6  0.0000
1337  119.900  #bfbfbe  191 7  0.0025
1338  119.900  #bfbfbf  192 1  0.0000
1339  120.100  #bfbfc0  192 2  0.0017
1340  120.200  #c0bfbf  192 3  0.0008
1341  120.500  #c0bfc0  192 4  0.0025
1342  120.800  #bfc0bf  192 5  0.0025
1343  121.100  #bfc0c0  192 6  0.0025
1344  121.100  #c0c0bf  192 7  0.0000
1345  121.400  #c0c0c0  193 1  0.0025
1346  121.300  #c0c0c1  193 2  -0.0008
1347  121.700  #c1c0c0  193 3  0.0033
1348  121.700  #c1c0c1  193 4  0.0000
1349  122.400  #c0c1c0  193 5  0.0057
1350  122.300  #c0c1c1  193 6  -0.0008
1351  122.600  #c1c1c0  193 7  0.0024
1352  122.700  #c1c1c1  194 1  0.0008
1353  122.900  #c1c1c2  194 2  0.0016
1354  122.900  #c2c1c1  194 3  0.0000
1355  123.200  #c2c1c2  194 4  0.0024
1356  123.700  #c1c2c1  194 5  0.0041
1357  123.900  #c1c2c2  194 6  0.0016
1358  124.000  #c2c2c1  194 7  0.0008
1359  124.200  #c2c2c2  195 1  0.0016
1360  124.300  #c2c2c3  195 2  0.0008
1361  124.500  #c3c2c2  195 3  0.0016
1362  124.600  #c3c2c3  195 4  0.0008
1363  125.200  #c2c3c2  195 5  0.0048
1364  125.300  #c2c3c3  195 6  0.0008
1365  125.500  #c3c3c2  195 7  0.0016
1366  125.700  #c3c3c3  196 1  0.0016
1367  125.800  #c3c3c4  196 2  0.0008
1368  126.000  #c4c3c3  196 3  0.0016
1369  126.000  #c4c3c4  196 4  0.0000
1370  126.700  #c3c4c3  196 5  0.0055
1371  126.600  #c3c4c4  196 6  -0.0008
1372  127.000  #c4c4c3  196 7  0.0032
1373  126.900  #c4c4c4  197 1  -0.0008
1374  127.200  #c4c4c5  197 2  0.0024
1375  127.200  #c5c4c4  197 3  0.0000
1376  127.500  #c5c4c5  197 4  0.0024
1377  128.000  #c4c5c4  197 5  0.0039
1378  128.200  #c4c5c5  197 6  0.0016
1379  128.500  #c5c5c4  197 7  0.0023
1380  128.500  #c5c5c5  198 1  0.0000
1381  128.800  #c5c5c6  198 2  0.0023
1382  128.800  #c6c5c5  198 3  0.0000
1383  129.100  #c6c5c6  198 4  0.0023
1384  129.700  #c5c6c5  198 5  0.0046
1385  129.900  #c5c6c6  198 6  0.0015
1386  129.900  #c6c6c5  198 7  0.0000
1387  130.200  #c6c6c6  199 1  0.0023
1388  130.100  #c6c6c7  199 2  -0.0008
1389  130.400  #c7c6c6  199 3  0.0023
1390  130.500  #c7c6c7  199 4  0.0008
1391  131.200  #c6c7c6  199 5  0.0053
1392  131.300  #c6c7c7  199 6  0.0008
1393  131.500  #c7c7c6  199 7  0.0015
1394  131.700  #c7c7c7  200 1  0.0015
1395  131.600  #c7c7c8  200 2  -0.0008
1396  131.800  #c8c7c7  200 3  0.0015
1397  131.600  #c8c7c8  200 4  -0.0015
1398  132.700  #c7c8c7  200 5  0.0083
1399  132.600  #c7c8c8  200 6  -0.0008
1400  132.800  #c8c8c7  200 7  0.0015
1401  132.500  #c8c8c8  201 1  -0.0023
1402  132.900  #c8c8c9  201 2  0.0030
1403  133.000  #c9c8c8  201 3  0.0008
1404  133.200  #c9c8c9  201 4  0.0015
1405  133.800  #c8c9c8  201 5  0.0045
1406  134.000  #c8c9c9  201 6  0.0015
1407  134.200  #c9c9c8  201 7  0.0015
1408  134.300  #c9c9c9  202 1  0.0007
1409  134.500  #c9c9ca  202 2  0.0015
1410  134.600  #cac9c9  202 3  0.0007
1411  134.900  #cac9ca  202 4  0.0022
1412  135.300  #c9cac9  202 5  0.0030
1413  135.700  #c9caca  202 6  0.0030
1414  135.700  #cacac9  202 7  0.0000
1415  136.000  #cacaca  203 1  0.0022
1416  136.100  #cacacb  203 2  0.0007
1417  136.300  #cbcaca  203 3  0.0015
1418  136.500  #cbcacb  203 4  0.0015
1419  137.100  #cacbca  203 5  0.0044
1420  137.300  #cacbcb  203 6  0.0015
1421  137.400  #cbcbca  203 7  0.0007
1422  137.600  #cbcbcb  204 1  0.0015
1423  137.700  #cbcbcc  204 2  0.0007
1424  138.000  #cccbcb  204 3  0.0022
1425  138.000  #cccbcc  204 4  0.0000
1426  138.700  #cbcccb  204 5  0.0051
1427  138.600  #cbcccc  204 6  -0.0007
1428  139.000  #cccccb  204 7  0.0029
1429  139.000  #cccccc  205 1  0.0000
1430  139.300  #cccccd  205 2  0.0022
1431  139.400  #cdcccc  205 3  0.0007
1432  139.600  #cdcccd  205 4  0.0014
1433  140.300  #cccdcc  205 5  0.0050
1434  140.400  #cccdcd  205 6  0.0007
1435  140.700  #cdcdcc  205 7  0.0021
1436  140.700  #cdcdcd  206 1  0.0000
1437  141.000  #cdcdce  206 2  0.0021
1438  141.100  #cecdcd  206 3  0.0007
1439  141.400  #cecdce  206 4  0.0021
1440  141.800  #cdcecd  206 5  0.0028
1441  142.100  #cdcece  206 6  0.0021
1442  142.100  #cececd  206 7  0.0000
1443  142.500  #cecece  207 1  0.0028
1444  142.500  #cececf  207 2  0.0000
1445  142.800  #cfcece  207 3  0.0021
1446  143.000  #cfcecf  207 4  0.0014
1447  143.500  #cecfce  207 5  0.0035
1448  143.700  #cecfcf  207 6  0.0014
1449  143.800  #cfcfce  207 7  0.0007
1450  144.100  #cfcfcf  208 1  0.0021
1451  144.100  #cfcfd0  208 2  0.0000
1452  144.500  #d0cfcf  208 3  0.0028
1453  144.400  #d0cfd0  208 4  -0.0007
1454  145.100  #cfd0cf  208 5  0.0048
1455  145.000  #cfd0d0  208 6  -0.0007
1456  145.400  #d0d0cf  208 7  0.0028
1457  145.500  #d0d0d0  209 1  0.0007
1458  145.700  #d0d0d1  209 2  0.0014
1459  146.000  #d1d0d0  209 3  0.0021
1460  146.100  #d1d0d1  209 4  0.0007
1461  146.800  #d0d1d0  209 5  0.0048
1462  146.800  #d0d1d1  209 6  0.0000
1463  147.200  #d1d1d0  209 7  0.0027
1464  147.100  #d1d1d1  210 1  -0.0007
1465  147.500  #d1d1d2  210 2  0.0027
1466  147.500  #d2d1d1  210 3  0.0000
1467  147.900  #d2d1d2  210 4  0.0027
1468  148.300  #d1d2d1  210 5  0.0027
1469  148.600  #d1d2d2  210 6  0.0020
1470  148.800  #d2d2d1  210 7  0.0013
1471  149.000  #d2d2d2  211 1  0.0013
1472  149.200  #d2d2d3  211 2  0.0013
1473  149.300  #d3d2d2  211 3  0.0007
1474  149.600  #d3d2d3  211 4  0.0020
1475  150.000  #d2d3d2  211 5  0.0027
1476  150.400  #d2d3d3  211 6  0.0027
1477  150.300  #d3d3d2  211 7  -0.0007
1478  150.700  #d3d3d3  212 1  0.0027
1479  150.600  #d3d3d4  212 2  -0.0007
1480  151.000  #d4d3d3  212 3  0.0027
1481  151.000  #d4d3d4  212 4  0.0000
1482  151.700  #d3d4d3  212 5  0.0046
1483  151.700  #d3d4d4  212 6  0.0000
1484  151.900  #d4d4d3  212 7  0.0013
1485  152.100  #d4d4d4  213 1  0.0013
1486  152.200  #d4d4d5  213 2  0.0007
1487  152.600  #d5d4d4  213 3  0.0026
1488  152.500  #d5d4d5  213 4  -0.0007
1489  153.300  #d4d5d4  213 5  0.0052
1490  153.300  #d4d5d5  213 6  0.0000
1491  153.700  #d5d5d4  213 7  0.0026
1492  153.700  #d5d5d5  214 1  0.0000
1493  154.000  #d5d5d6  214 2  0.0019
1494  154.100  #d6d5d5  214 3  0.0006
1495  154.300  #d6d5d6  214 4  0.0013
1496  154.900  #d5d6d5  214 5  0.0039
1497  155.100  #d5d6d6  214 6  0.0013
1498  155.400  #d6d6d5  214 7  0.0019
1499  155.400  #d6d6d6  215 1  0.0000
1500  155.800  #d6d6d7  215 2  0.0026
1501  155.800  #d7d6d6  215 3  0.0000
1502  156.100  #d7d6d7  215 4  0.0019
1503  156.500  #d6d7d6  215 5  0.0026
1504  156.900  #d6d7d7  215 6  0.0026
1505  156.900  #d7d7d6  215 7  0.0000
1506  157.200  #d7d7d7  216 1  0.0019
1507  157.200  #d7d7d8  216 2  0.0000
1508  157.500  #d8d7d7  216 3  0.0019
1509  157.700  #d8d7d8  216 4  0.0013
1510  158.200  #d7d8d7  216 5  0.0032
1511  158.400  #d7d8d8  216 6  0.0013
1512  158.400  #d8d8d7  216 7  0.0000
1513  158.800  #d8d8d8  217 1  0.0025
1514  158.800  #d8d8d9  217 2  0.0000
1515  159.200  #d9d8d8  217 3  0.0025
1516  159.100  #d9d8d9  217 4  -0.0006
1517  160.000  #d8d9d8  217 5  0.0056
1518  160.000  #d8d9d9  217 6  0.0000
1519  160.400  #d9d9d8  217 7  0.0025
1520  160.400  #d9d9d9  218 1  0.0000
1521  160.700  #d9d9da  218 2  0.0019
1522  160.900  #dad9d9  218 3  0.0012
1523  161.100  #dad9da  218 4  0.0012
1524  161.800  #d9dad9  218 5  0.0043
1525  161.800  #d9dada  218 6  0.0000
1526  162.200  #dadad9  218 7  0.0025
1527  162.200  #dadada  219 1  0.0000
1528  162.500  #dadadb  219 2  0.0018
1529  162.500  #dbdada  219 3  0.0000
1530  162.900  #dbdadb  219 4  0.0025
1531  163.300  #dadbda  219 5  0.0025
1532  163.600  #dadbdb  219 6  0.0018
1533  163.600  #dbdbda  219 7  0.0000
1534  164.000  #dbdbdb  220 1  0.0024
1535  164.000  #dbdbdc  220 2  0.0000
1536  164.300  #dcdbdb  220 3  0.0018
1537  164.400  #dcdbdc  220 4  0.0006
1538  164.900  #dbdcdb  220 5  0.0030
1539  165.100  #dbdcdc  220 6  0.0012
1540  165.200  #dcdcdb  220 7  0.0006
1541  165.500  #dcdcdc  221 1  0.0018
1542  165.400  #dcdcdd  221 2  -0.0006
1543  165.900  #dddcdc  221 3  0.0030
1544  165.900  #dddcdd  221 4  0.0000
1545  166.700  #dcdddc  221 5  0.0048
1546  166.700  #dcdddd  221 6  0.0000
1547  167.100  #dddddc  221 7  0.0024
1548  167.200  #dddddd  222 1  0.0006
1549  167.400  #ddddde  222 2  0.0012
1550  167.600  #dedddd  222 3  0.0012
1551  167.800  #deddde  222 4  0.0012
1552  168.600  #dddedd  222 5  0.0048
1553  168.600  #dddede  222 6  0.0000
1554  168.900  #dededd  222 7  0.0018
1555  168.900  #dedede  223 1  0.0000
1556  169.200  #dededf  223 2  0.0018
1557  169.200  #dfdede  223 3  0.0000
1558  169.600  #dfdedf  223 4  0.0024
1559  170.000  #dedfde  223 5  0.0024
1560  170.400  #dedfdf  223 6  0.0024
1561  170.500  #dfdfde  223 7  0.0006
1562  170.800  #dfdfdf  224 1  0.0018
1563  170.800  #dfdfe0  224 2  0.0000
1564  171.100  #e0dfdf  224 3  0.0018
1565  171.300  #e0dfe0  224 4  0.0012
1566  171.700  #dfe0df  224 5  0.0023
1567  171.900  #dfe0e0  224 6  0.0012
1568  172.000  #e0e0df  224 7  0.0006
1569  172.300  #e0e0e0  225 1  0.0017
1570  172.300  #e0e0e1  225 2  0.0000
1571  172.700  #e1e0e0  225 3  0.0023
1572  172.600  #e1e0e1  225 4  -0.0006
1573  173.400  #e0e1e0  225 5  0.0046
1574  173.400  #e0e1e1  225 6  0.0000
1575  173.800  #e1e1e0  225 7  0.0023
1576  173.900  #e1e1e1  226 1  0.0006
1577  174.100  #e1e1e2  226 2  0.0011
1578  174.400  #e2e1e1  226 3  0.0017
1579  174.500  #e2e1e2  226 4  0.0006
1580  175.100  #e1e2e1  226 5  0.0034
1581  175.200  #e1e2e2  226 6  0.0006
1582  175.000  #e2e2e1  226 7  -0.0011
1583  175.000  #e2e2e2  227 1  0.0000
1584  175.000  #e2e2e3  227 2  0.0000
1585  175.000  #e3e2e2  227 3  0.0000
1586  176.000  #e3e2e3  227 4  0.0057
1587  176.000  #e2e3e2  227 5  0.0000
1588  176.000  #e2e3e3  227 6  0.0000
1589  177.000  #e3e3e2  227 7  0.0057
1590  177.000  #e3e3e3  228 1  0.0000
1591  177.000  #e3e3e4  228 2  0.0000
1592  177.000  #e4e3e3  228 3  0.0000
1593  177.000  #e4e3e4  228 4  0.0000
1594  178.000  #e3e4e3  228 5  0.0056
1595  178.000  #e3e4e4  228 6  0.0000
1596  178.000  #e4e4e3  228 7  0.0000
1597  178.000  #e4e4e4  229 1  0.0000
1598  178.000  #e4e4e5  229 2  0.0000
1599  178.000  #e5e4e4  229 3  0.0000
1600  178.000  #e5e4e5  229 4  0.0000
1601  179.000  #e4e5e4  229 5  0.0056
1602  179.000  #e4e5e5  229 6  0.0000
1603  180.000  #e5e5e4  229 7  0.0056
1604  180.000  #e5e5e5  230 1  0.0000
1605  180.000  #e5e5e6  230 2  0.0000
1606  180.000  #e6e5e5  230 3  0.0000
1607  180.000  #e6e5e6  230 4  0.0000
1608  181.000  #e5e6e5  230 5  0.0055
1609  181.000  #e5e6e6  230 6  0.0000
1610  181.000  #e6e6e5  230 7  0.0000
1611  181.000  #e6e6e6  231 1  0.0000
1612  182.000  #e6e6e7  231 2  0.0055
1613  182.000  #e7e6e6  231 3  0.0000
1614  182.000  #e7e6e7  231 4  0.0000
1615  183.000  #e6e7e6  231 5  0.0055
1616  183.000  #e6e7e7  231 6  0.0000
1617  183.000  #e7e7e6  231 7  0.0000
1618  183.000  #e7e7e7  232 1  0.0000
1619  184.000  #e7e7e8  232 2  0.0054
1620  184.000  #e8e7e7  232 3  0.0000
1621  184.000  #e8e7e8  232 4  0.0000
1622  184.000  #e7e8e7  232 5  0.0000
1623  184.000  #e7e8e8  232 6  0.0000
1624  184.000  #e8e8e7  232 7  0.0000
1625  185.000  #e8e8e8  233 1  0.0054
1626  185.000  #e8e8e9  233 2  0.0000
1627  185.000  #e9e8e8  233 3  0.0000
1628  185.000  #e9e8e9  233 4  0.0000
1629  186.000  #e8e9e8  233 5  0.0054
1630  186.000  #e8e9e9  233 6  0.0000
1631  186.000  #e9e9e8  233 7  0.0000
1632  186.000  #e9e9e9  234 1  0.0000
1633  186.000  #e9e9ea  234 2  0.0000
1634  187.000  #eae9e9  234 3  0.0054
1635  187.000  #eae9ea  234 4  0.0000
1636  188.000  #e9eae9  234 5  0.0053
1637  187.000  #e9eaea  234 6  -0.0053
1638  188.000  #eaeae9  234 7  0.0053
1639  188.000  #eaeaea  235 1  0.0000
1640  188.000  #eaeaeb  235 2  0.0000
1641  188.000  #ebeaea  235 3  0.0000
1642  189.000  #ebeaeb  235 4  0.0053
1643  189.000  #eaebea  235 5  0.0000
1644  189.000  #eaebeb  235 6  0.0000
1645  190.000  #ebebea  235 7  0.0053
1646  190.000  #ebebeb  236 1  0.0000
1647  190.000  #ebebec  236 2  0.0000
1648  190.000  #ecebeb  236 3  0.0000
1649  190.000  #ecebec  236 4  0.0000
1650  191.000  #ebeceb  236 5  0.0052
1651  191.000  #ebecec  236 6  0.0000
1652  191.000  #ececeb  236 7  0.0000
1653  191.000  #ececec  237 1  0.0000
1654  191.000  #ececed  237 2  0.0000
1655  191.000  #edecec  237 3  0.0000
1656  192.000  #edeced  237 4  0.0052
1657  192.000  #ecedec  237 5  0.0000
1658  192.000  #eceded  237 6  0.0000
1659  192.000  #ededec  237 7  0.0000
1660  193.000  #ededed  238 1  0.0052
1661  193.000  #ededee  238 2  0.0000
1662  193.000  #eeeded  238 3  0.0000
1663  193.000  #eeedee  238 4  0.0000
1664  194.000  #edeeed  238 5  0.0052
1665  194.000  #edeeee  238 6  0.0000
1666  194.000  #eeeeed  238 7  0.0000
1667  194.000  #eeeeee  239 1  0.0000
1668  195.000  #eeeeef  239 2  0.0051
1669  195.000  #efeeee  239 3  0.0000
1670  195.000  #efeeef  239 4  0.0000
1671  196.000  #eeefee  239 5  0.0051
1672  196.000  #eeefef  239 6  0.0000
1673  196.000  #efefee  239 7  0.0000
1674  196.000  #efefef  240 1  0.0000
1675  197.000  #efeff0  240 2  0.0051
1676  196.000  #f0efef  240 3  -0.0051
1677  197.000  #f0eff0  240 4  0.0051
1678  197.000  #eff0ef  240 5  0.0000
1679  197.000  #eff0f0  240 6  0.0000
1680  197.000  #f0f0ef  240 7  0.0000
1681  198.000  #f0f0f0  241 1  0.0051
1682  198.000  #f0f0f1  241 2  0.0000
1683  198.000  #f1f0f0  241 3  0.0000
1684  198.000  #f1f0f1  241 4  0.0000
1685  199.000  #f0f1f0  241 5  0.0050
1686  199.000  #f0f1f1  241 6  0.0000
1687  199.000  #f1f1f0  241 7  0.0000
1688  199.000  #f1f1f1  242 1  0.0000
1689  199.000  #f1f1f2  242 2  0.0000
1690  200.000  #f2f1f1  242 3  0.0050
1691  200.000  #f2f1f2  242 4  0.0000
1692  201.000  #f1f2f1  242 5  0.0050
1693  200.000  #f1f2f2  242 6  -0.0050
1694  201.000  #f2f2f1  242 7  0.0050
1695  201.000  #f2f2f2  243 1  0.0000
1696  201.000  #f2f2f3  243 2  0.0000
1697  201.000  #f3f2f2  243 3  0.0000
1698  202.000  #f3f2f3  243 4  0.0050
1699  202.000  #f2f3f2  243 5  0.0000
1700  202.000  #f2f3f3  243 6  0.0000
1701  203.000  #f3f3f2  243 7  0.0049
1702  203.000  #f3f3f3  244 1  0.0000
1703  203.000  #f3f3f4  244 2  0.0000
1704  203.000  #f4f3f3  244 3  0.0000
1705  203.000  #f4f3f4  244 4  0.0000
1706  203.000  #f3f4f3  244 5  0.0000
1707  204.000  #f3f4f4  244 6  0.0049
1708  204.000  #f4f4f3  244 7  0.0000
1709  204.000  #f4f4f4  245 1  0.0000
1710  204.000  #f4f4f5  245 2  0.0000
1711  204.000  #f5f4f4  245 3  0.0000
1712  205.000  #f5f4f5  245 4  0.0049
1713  205.000  #f4f5f4  245 5  0.0000
1714  205.000  #f4f5f5  245 6  0.0000
1715  205.000  #f5f5f4  245 7  0.0000
1716  206.000  #f5f5f5  246 1  0.0049
1717  206.000  #f5f5f6  246 2  0.0000
1718  206.000  #f6f5f5  246 3  0.0000
1719  206.000  #f6f5f6  246 4  0.0000
1720  207.000  #f5f6f5  246 5  0.0048
1721  207.000  #f5f6f6  246 6  0.0000
1722  207.000  #f6f6f5  246 7  0.0000
1723  207.000  #f6f6f6  247 1  0.0000
1724  208.000  #f6f6f7  247 2  0.0048
1725  208.000  #f7f6f6  247 3  0.0000
1726  208.000  #f7f6f7  247 4  0.0000
1727  209.000  #f6f7f6  247 5  0.0048
1728  209.000  #f6f7f7  247 6  0.0000
1729  209.000  #f7f7f6  247 7  0.0000
1730  209.000  #f7f7f7  248 1  0.0000
1731  209.000  #f7f7f8  248 2  0.0000
1732  209.000  #f8f7f7  248 3  0.0000
1733  210.000  #f8f7f8  248 4  0.0048
1734  210.000  #f7f8f7  248 5  0.0000
1735  210.000  #f7f8f8  248 6  0.0000
1736  210.000  #f8f8f7  248 7  0.0000
1737  210.000  #f8f8f8  249 1  0.0000
1738  210.000  #f8f8f9  249 2  0.0000
1739  211.000  #f9f8f8  249 3  0.0048
1740  211.000  #f9f8f9  249 4  0.0000
1741  211.000  #f8f9f8  249 5  0.0000
1742  212.000  #f8f9f9  249 6  0.0047
1743  211.000  #f9f9f8  249 7  -0.0047
1744  212.000  #f9f9f9  250 1  0.0047
1745  212.000  #f9f9fa  250 2  0.0000
1746  212.000  #faf9f9  250 3  0.0000
1747  212.000  #faf9fa  250 4  0.0000
1748  213.000  #f9faf9  250 5  0.0047
1749  213.000  #f9fafa  250 6  0.0000
1750  214.000  #fafaf9  250 7  0.0047
1751  214.000  #fafafa  251 1  0.0000
1752  214.000  #fafafb  251 2  0.0000
1753  214.000  #fbfafa  251 3  0.0000
1754  214.000  #fbfafb  251 4  0.0000
1755  215.000  #fafbfa  251 5  0.0047
1756  215.000  #fafbfb  251 6  0.0000
1757  215.000  #fbfbfa  251 7  0.0000
1758  215.000  #fbfbfb  252 1  0.0000
1759  215.000  #fbfbfc  252 2  0.0000
1760  215.000  #fcfbfb  252 3  0.0000
1761  215.000  #fcfbfc  252 4  0.0000
1762  215.000  #fbfcfb  252 5  0.0000
1763  216.000  #fbfcfc  252 6  0.0046
1764  216.000  #fcfcfb  252 7  0.0000
1765  216.000  #fcfcfc  253 1  0.0000
1766  216.000  #fcfcfd  253 2  0.0000
1767  216.000  #fdfcfc  253 3  0.0000
1768  217.000  #fdfcfd  253 4  0.0046
1769  217.000  #fcfdfc  253 5  0.0000
1770  217.000  #fcfdfd  253 6  0.0000
1771  217.000  #fdfdfc  253 7  0.0000
1772  218.000  #fdfdfd  254 1  0.0046
1773  217.000  #fdfdfe  254 2  -0.0046
1774  218.000  #fefdfd  254 3  0.0046
1775  218.000  #fefdfe  254 4  0.0000
1776  218.000  #fdfefd  254 5  0.0000
1777  218.000  #fdfefe  254 6  0.0000
1778  219.000  #fefefd  254 7  0.0046
1779  219.000  #fefefe  255 1  0.0000
1780  219.000  #fefeff  255 2  0.0000
1781  219.000  #fffefe  255 3  0.0000
1782  219.000  #fffeff  255 4  0.0000
1783  221.000  #fefffe  255 5  0.0091
1784  220.000  #feffff  255 6  -0.0045
1785  221.000  #fffffe  255 7  0.0045
1786  221.000  #ffffff  256 1  0.0000
