#  lumResponse vers. 1.5f - 12/08/06
#  Display ID: DELL_2007FP_C953667D38RL
#  iLdelay=1  avgN=1  ILlimit_plus=0.50 ILlimit_minus=-0.05  R=22.3% G=68.7% B=9.0%
#  44.0  #ff0000
#  135.5  #00ff00
#  17.7  #0000ff
   1    0.343  #000000    1 1  0.0000
   2    0.344  #000001    1 2  0.0029
   3    0.344  #010000    1 3  0.0000
   4    0.343  #010001    1 4  -0.0029
   5    0.344  #000100    1 5  0.0029
   6    0.344  #000101    1 6  0.0000
   7    0.344  #010100    1 7  0.0000
   8    0.344  #010101    2 1  0.0000
   9    0.345  #010102    2 2  0.0029
  10    0.347  #020101    2 3  0.0058
  11    0.349  #020102    2 4  0.0057
  12    0.356  #010201    2 5  0.0199
  13    0.358  #010202    2 6  0.0056
  14    0.360  #020201    2 7  0.0056
  15    0.362  #020202    3 1  0.0055
  16    0.362  #020203    3 2  0.0000
  17    0.362  #030202    3 3  0.0000
  18    0.362  #030203    3 4  0.0000
  19    0.363  #020302    3 5  0.0028
  20    0.363  #020303    3 6  0.0000
  21    0.364  #030302    3 7  0.0028
  22    0.364  #030303    4 1  0.0000
  23    0.364  #030304    4 2  0.0000
  24    0.365  #040303    4 3  0.0027
  25    0.365  #040304    4 4  0.0000
  26    0.366  #030403    4 5  0.0027
  27    0.367  #030404    4 6  0.0027
  28    0.367  #040403    4 7  0.0000
  29    0.367  #040404    5 1  0.0000
  30    0.368  #040405    5 2  0.0027
  31    0.369  #050404    5 3  0.0027
  32    0.369  #050405    5 4  0.0000
  33    0.372  #040504    5 5  0.0081
  34    0.373  #040505    5 6  0.0027
  35    0.374  #050504    5 7  0.0027
  36    0.374  #050505    6 1  0.0000
  37    0.375  #050506    6 2  0.0027
  38    0.377  #060505    6 3  0.0053
  39    0.377  #060506    6 4  0.0000
  40    0.382  #050605    6 5  0.0132
  41    0.382  #050606    6 6  0.0000
  42    0.383  #060605    6 7  0.0026
  43    0.384  #060606    7 1  0.0026
  44    0.385  #060607    7 2  0.0026
  45    0.387  #070606    7 3  0.0052
  46    0.388  #070607    7 4  0.0026
  47    0.393  #060706    7 5  0.0128
  48    0.394  #060707    7 6  0.0025
  49    0.396  #070706    7 7  0.0051
  50    0.397  #070707    8 1  0.0025
  51    0.398  #070708    8 2  0.0025
  52    0.400  #080707    8 3  0.0050
  53    0.401  #080708    8 4  0.0025
  54    0.405  #070807    8 5  0.0099
  55    0.406  #070808    8 6  0.0025
  56    0.408  #080807    8 7  0.0049
  57    0.409  #080808    9 1  0.0024
  58    0.410  #080809    9 2  0.0024
  59    0.412  #090808    9 3  0.0049
  60    0.414  #090809    9 4  0.0048
  61    0.420  #080908    9 5  0.0144
  62    0.422  #080909    9 6  0.0048
  63    0.424  #090908    9 7  0.0047
  64    0.425  #090909   10 1  0.0024
  65    0.427  #09090a   10 2  0.0047
  66    0.431  #0a0909   10 3  0.0093
  67    0.433  #0a090a   10 4  0.0046
  68    0.443  #090a09   10 5  0.0228
  69    0.446  #090a0a   10 6  0.0067
  70    0.449  #0a0a09   10 7  0.0067
  71    0.451  #0a0a0a   11 1  0.0044
  72    0.454  #0a0a0b   11 2  0.0066
  73    0.458  #0b0a0a   11 3  0.0088
  74    0.461  #0b0a0b   11 4  0.0065
  75    0.473  #0a0b0a   11 5  0.0257
  76    0.476  #0a0b0b   11 6  0.0063
  77    0.481  #0b0b0a   11 7  0.0104
  78    0.483  #0b0b0b   12 1  0.0041
  79    0.486  #0b0b0c   12 2  0.0062
  80    0.490  #0c0b0b   12 3  0.0082
  81    0.492  #0c0b0c   12 4  0.0041
  82    0.503  #0b0c0b   12 5  0.0221
  83    0.506  #0b0c0c   12 6  0.0059
  84    0.510  #0c0c0b   12 7  0.0079
  85    0.513  #0c0c0c   13 1  0.0059
  86    0.515  #0c0c0d   13 2  0.0039
  87    0.519  #0d0c0c   13 3  0.0077
  88    0.522  #0d0c0d   13 4  0.0058
  89    0.534  #0c0d0c   13 5  0.0227
  90    0.537  #0c0d0d   13 6  0.0056
  91    0.541  #0d0d0c   13 7  0.0074
  92    0.544  #0d0d0d   14 1  0.0055
  93    0.548  #0d0d0e   14 2  0.0073
  94    0.554  #0e0d0d   14 3  0.0109
  95    0.558  #0e0d0e   14 4  0.0072
  96    0.577  #0d0e0d   14 5  0.0335
  97    0.581  #0d0e0e   14 6  0.0069
  98    0.587  #0e0e0d   14 7  0.0103
  99    0.591  #0e0e0e   15 1  0.0068
 100    0.596  #0e0e0f   15 2  0.0084
 101    0.603  #0f0e0e   15 3  0.0117
 102    0.608  #0f0e0f   15 4  0.0083
 103    0.629  #0e0f0e   15 5  0.0340
 104    0.634  #0e0f0f   15 6  0.0079
 105    0.641  #0f0f0e   15 7  0.0110
 106    0.646  #0f0f0f   16 1  0.0078
 107    0.649  #0f0f10   16 2  0.0046
 108    0.655  #100f0f   16 3  0.0092
 109    0.660  #100f10   16 4  0.0076
 110    0.679  #0f100f   16 5  0.0284
 111    0.684  #0f1010   16 6  0.0073
 112    0.691  #10100f   16 7  0.0102
 113    0.695  #101010   17 1  0.0058
 114    0.700  #101011   17 2  0.0072
 115    0.707  #111010   17 3  0.0100
 116    0.712  #111011   17 4  0.0070
 117    0.732  #101110   17 5  0.0277
 118    0.737  #101111   17 6  0.0068
 119    0.744  #111110   17 7  0.0095
 120    0.748  #111111   18 1  0.0054
 121    0.755  #111112   18 2  0.0093
 122    0.765  #121111   18 3  0.0132
 123    0.771  #121112   18 4  0.0078
 124    0.800  #111211   18 5  0.0369
 125    0.807  #111212   18 6  0.0087
 126    0.817  #121211   18 7  0.0123
 127    0.823  #121212   19 1  0.0073
 128    0.831  #121213   19 2  0.0097
 129    0.842  #131212   19 3  0.0132
 130    0.850  #131213   19 4  0.0095
 131    0.882  #121312   19 5  0.0370
 132    0.889  #121313   19 6  0.0079
 133    0.901  #131312   19 7  0.0134
 134    0.909  #131313   20 1  0.0088
 135    0.916  #131314   20 2  0.0077
 136    0.925  #141313   20 3  0.0098
 137    0.933  #141314   20 4  0.0086
 138    0.962  #131413   20 5  0.0306
 139    0.969  #131414   20 6  0.0073
 140    0.980  #141413   20 7  0.0113
 141    0.987  #141414   21 1  0.0071
 142    0.993  #141415   21 2  0.0061
 143    1.003  #151414   21 3  0.0100
 144    1.010  #151415   21 4  0.0070
 145    1.038  #141514   21 5  0.0273
 146    1.046  #141515   21 6  0.0077
 147    1.056  #151514   21 7  0.0095
 148    1.062  #151515   22 1  0.0057
 149    1.070  #151516   22 2  0.0075
 150    1.083  #161515   22 3  0.0121
 151    1.091  #161516   22 4  0.0074
 152    1.128  #151615   22 5  0.0333
 153    1.136  #151616   22 6  0.0071
 154    1.149  #161615   22 7  0.0114
 155    1.157  #161616   23 1  0.0069
 156    1.166  #161617   23 2  0.0077
 157    1.181  #171616   23 3  0.0128
 158    1.190  #171617   23 4  0.0076
 159    1.230  #161716   23 5  0.0331
 160    1.239  #161717   23 6  0.0073
 161    1.253  #171716   23 7  0.0112
 162    1.262  #171717   24 1  0.0072
 163    1.271  #171718   24 2  0.0071
 164    1.285  #181717   24 3  0.0110
 165    1.294  #181718   24 4  0.0070
 166    1.330  #171817   24 5  0.0274
 167    1.339  #171818   24 6  0.0067
 168    1.353  #181817   24 7  0.0104
 169    1.362  #181818   25 1  0.0066
 170    1.373  #181819   25 2  0.0080
 171    1.388  #191818   25 3  0.0109
 172    1.398  #191819   25 4  0.0072
 173    1.439  #181918   25 5  0.0289
 174    1.448  #181919   25 6  0.0062
 175    1.464  #191918   25 7  0.0110
 176    1.474  #191919   26 1  0.0068
 177    1.487  #19191a   26 2  0.0088
 178    1.505  #1a1919   26 3  0.0120
 179    1.517  #1a191a   26 4  0.0079
 180    1.571  #191a19   26 5  0.0350
 181    1.584  #191a1a   26 6  0.0082
 182    1.603  #1a1a19   26 7  0.0119
 183    1.617  #1a1a1a   27 1  0.0087
 184    1.629  #1a1a1b   27 2  0.0074
 185    1.649  #1b1a1a   27 3  0.0122
 186    1.663  #1b1a1b   27 4  0.0085
 187    1.722  #1a1b1a   27 5  0.0349
 188    1.737  #1a1b1b   27 6  0.0087
 189    1.750  #1b1b1a   27 7  0.0075
 190    1.760  #1b1b1b   28 1  0.0057
 191    1.780  #1b1b1c   28 2  0.0113
 192    1.800  #1c1b1b   28 3  0.0112
 193    1.810  #1c1b1c   28 4  0.0055
 194    1.870  #1b1c1b   28 5  0.0326
 195    1.880  #1b1c1c   28 6  0.0053
 196    1.900  #1c1c1b   28 7  0.0106
 197    1.910  #1c1c1c   29 1  0.0052
 198    1.910  #1c1c1d   29 2  0.0000
 199    1.910  #1d1c1c   29 3  0.0000
 200    1.910  #1d1c1d   29 4  0.0000
 201    2.010  #1c1d1c   29 5  0.0510
 202    2.010  #1c1d1d   29 6  0.0000
 203    2.010  #1d1d1c   29 7  0.0000
 204    2.010  #1d1d1d   30 1  0.0000
 205    2.030  #1d1d1e   30 2  0.0099
 206    2.050  #1e1d1d   30 3  0.0098
 207    2.060  #1e1d1e   30 4  0.0049
 208    2.130  #1d1e1d   30 5  0.0334
 209    2.150  #1d1e1e   30 6  0.0093
 210    2.170  #1e1e1d   30 7  0.0093
 211    2.180  #1e1e1e   31 1  0.0046
 212    2.200  #1e1e1f   31 2  0.0091
 213    2.220  #1f1e1e   31 3  0.0090
 214    2.240  #1f1e1f   31 4  0.0090
 215    2.310  #1e1f1e   31 5  0.0308
 216    2.330  #1e1f1f   31 6  0.0086
 217    2.350  #1f1f1e   31 7  0.0085
 218    2.370  #1f1f1f   32 1  0.0085
 219    2.380  #1f1f20   32 2  0.0042
 220    2.410  #201f1f   32 3  0.0125
 221    2.430  #201f20   32 4  0.0083
 222    2.490  #1f201f   32 5  0.0244
 223    2.510  #1f2020   32 6  0.0080
 224    2.530  #20201f   32 7  0.0079
 225    2.550  #202020   33 1  0.0079
 226    2.570  #202021   33 2  0.0078
 227    2.590  #212020   33 3  0.0078
 228    2.610  #212021   33 4  0.0077
 229    2.650  #202120   33 5  0.0152
 230    2.670  #202121   33 6  0.0075
 231    2.700  #212120   33 7  0.0112
 232    2.710  #212121   34 1  0.0037
 233    2.720  #212122   34 2  0.0037
 234    2.740  #222121   34 3  0.0073
 235    2.760  #222122   34 4  0.0073
 236    2.820  #212221   34 5  0.0215
 237    2.840  #212222   34 6  0.0071
 238    2.860  #222221   34 7  0.0070
 239    2.870  #222222   35 1  0.0035
 240    2.880  #222223   35 2  0.0035
 241    2.910  #232222   35 3  0.0104
 242    2.920  #232223   35 4  0.0034
 243    2.990  #222322   35 5  0.0237
 244    3.000  #222323   35 6  0.0033
 245    3.020  #232322   35 7  0.0066
 246    3.040  #232323   36 1  0.0066
 247    3.060  #232324   36 2  0.0066
 248    3.080  #242323   36 3  0.0065
 249    3.090  #242324   36 4  0.0032
 250    3.150  #232423   36 5  0.0192
 251    3.170  #232424   36 6  0.0063
 252    3.200  #242423   36 7  0.0094
 253    3.210  #242424   37 1  0.0031
 254    3.220  #242425   37 2  0.0031
 255    3.250  #252424   37 3  0.0093
 256    3.270  #252425   37 4  0.0061
 257    3.320  #242524   37 5  0.0152
 258    3.340  #242525   37 6  0.0060
 259    3.360  #252524   37 7  0.0060
 260    3.370  #252525   38 1  0.0030
 261    3.390  #252526   38 2  0.0059
 262    3.410  #262525   38 3  0.0059
 263    3.420  #262526   38 4  0.0029
 264    3.500  #252625   38 5  0.0231
 265    3.510  #252626   38 6  0.0029
 266    3.530  #262625   38 7  0.0057
 267    3.550  #262626   39 1  0.0056
 268    3.560  #262627   39 2  0.0028
 269    3.590  #272626   39 3  0.0084
 270    3.600  #272627   39 4  0.0028
 271    3.670  #262726   39 5  0.0193
 272    3.690  #262727   39 6  0.0054
 273    3.720  #272726   39 7  0.0081
 274    3.730  #272727   40 1  0.0027
 275    3.740  #272728   40 2  0.0027
 276    3.770  #282727   40 3  0.0080
 277    3.790  #282728   40 4  0.0053
 278    3.860  #272827   40 5  0.0183
 279    3.870  #272828   40 6  0.0026
 280    3.900  #282827   40 7  0.0077
 281    3.910  #282828   41 1  0.0026
 282    3.930  #282829   41 2  0.0051
 283    3.960  #292828   41 3  0.0076
 284    3.970  #292829   41 4  0.0025
 285    4.040  #282928   41 5  0.0175
 286    4.050  #282929   41 6  0.0025
 287    4.080  #292928   41 7  0.0074
 288    4.100  #292929   42 1  0.0049
 289    4.110  #29292a   42 2  0.0024
 290    4.140  #2a2929   42 3  0.0073
 291    4.150  #2a292a   42 4  0.0024
 292    4.240  #292a29   42 5  0.0215
 293    4.250  #292a2a   42 6  0.0024
 294    4.280  #2a2a29   42 7  0.0070
 295    4.290  #2a2a2a   43 1  0.0023
 296    4.310  #2a2a2b   43 2  0.0047
 297    4.340  #2b2a2a   43 3  0.0069
 298    4.360  #2b2a2b   43 4  0.0046
 299    4.440  #2a2b2a   43 5  0.0182
 300    4.460  #2a2b2b   43 6  0.0045
 301    4.480  #2b2b2a   43 7  0.0045
 302    4.500  #2b2b2b   44 1  0.0045
 303    4.520  #2b2b2c   44 2  0.0044
 304    4.550  #2c2b2b   44 3  0.0066
 305    4.570  #2c2b2c   44 4  0.0044
 306    4.640  #2b2c2b   44 5  0.0152
 307    4.660  #2b2c2c   44 6  0.0043
 308    4.690  #2c2c2b   44 7  0.0064
 309    4.710  #2c2c2c   45 1  0.0043
 310    4.730  #2c2c2d   45 2  0.0042
 311    4.750  #2d2c2c   45 3  0.0042
 312    4.770  #2d2c2d   45 4  0.0042
 313    4.860  #2c2d2c   45 5  0.0187
 314    4.880  #2c2d2d   45 6  0.0041
 315    4.900  #2d2d2c   45 7  0.0041
 316    4.920  #2d2d2d   46 1  0.0041
 317    4.940  #2d2d2e   46 2  0.0041
 318    4.970  #2e2d2d   46 3  0.0061
 319    4.990  #2e2d2e   46 4  0.0040
 320    5.080  #2d2e2d   46 5  0.0179
 321    5.100  #2d2e2e   46 6  0.0039
 322    5.130  #2e2e2d   46 7  0.0059
 323    5.150  #2e2e2e   47 1  0.0039
 324    5.170  #2e2e2f   47 2  0.0039
 325    5.200  #2f2e2e   47 3  0.0058
 326    5.220  #2f2e2f   47 4  0.0038
 327    5.320  #2e2f2e   47 5  0.0190
 328    5.340  #2e2f2f   47 6  0.0038
 329    5.370  #2f2f2e   47 7  0.0056
 330    5.390  #2f2f2f   48 1  0.0037
 331    5.410  #2f2f30   48 2  0.0037
 332    5.440  #302f2f   48 3  0.0055
 333    5.470  #302f30   48 4  0.0055
 334    5.560  #2f302f   48 5  0.0163
 335    5.580  #2f3030   48 6  0.0036
 336    5.610  #30302f   48 7  0.0054
 337    5.630  #303030   49 1  0.0036
 338    5.650  #303031   49 2  0.0035
 339    5.690  #313030   49 3  0.0071
 340    5.700  #313031   49 4  0.0018
 341    5.790  #303130   49 5  0.0157
 342    5.820  #303131   49 6  0.0052
 343    5.850  #313130   49 7  0.0051
 344    5.870  #313131   50 1  0.0034
 345    5.890  #313132   50 2  0.0034
 346    5.920  #323131   50 3  0.0051
 347    5.940  #323132   50 4  0.0034
 348    6.050  #313231   50 5  0.0183
 349    6.070  #313232   50 6  0.0033
 350    6.100  #323231   50 7  0.0049
 351    6.120  #323232   51 1  0.0033
 352    6.150  #323233   51 2  0.0049
 353    6.190  #333232   51 3  0.0065
 354    6.210  #333233   51 4  0.0032
 355    6.310  #323332   51 5  0.0160
 356    6.330  #323333   51 6  0.0032
 357    6.370  #333332   51 7  0.0063
 358    6.400  #333333   52 1  0.0047
 359    6.410  #333334   52 2  0.0016
 360    6.440  #343333   52 3  0.0047
 361    6.470  #343334   52 4  0.0046
 362    6.580  #333433   52 5  0.0169
 363    6.600  #333434   52 6  0.0030
 364    6.640  #343433   52 7  0.0060
 365    6.660  #343434   53 1  0.0030
 366    6.680  #343435   53 2  0.0030
 367    6.730  #353434   53 3  0.0075
 368    6.750  #353435   53 4  0.0030
 369    6.840  #343534   53 5  0.0132
 370    6.860  #343535   53 6  0.0029
 371    6.910  #353534   53 7  0.0073
 372    6.930  #353535   54 1  0.0029
 373    6.950  #353536   54 2  0.0029
 374    6.980  #363535   54 3  0.0043
 375    7.010  #363536   54 4  0.0043
 376    7.130  #353635   54 5  0.0170
 377    7.150  #353636   54 6  0.0028
 378    7.180  #363635   54 7  0.0042
 379    7.200  #363636   55 1  0.0028
 380    7.230  #363637   55 2  0.0042
 381    7.270  #373636   55 3  0.0055
 382    7.300  #373637   55 4  0.0041
 383    7.400  #363736   55 5  0.0136
 384    7.430  #363737   55 6  0.0040
 385    7.470  #373736   55 7  0.0054
 386    7.500  #373737   56 1  0.0040
 387    7.520  #373738   56 2  0.0027
 388    7.550  #383737   56 3  0.0040
 389    7.580  #383738   56 4  0.0040
 390    7.700  #373837   56 5  0.0157
 391    7.720  #373838   56 6  0.0026
 392    7.750  #383837   56 7  0.0039
 393    7.780  #383838   57 1  0.0039
 394    7.790  #383839   57 2  0.0013
 395    7.790  #393838   57 3  0.0000
 396    7.780  #393839   57 4  -0.0013
 397    7.980  #383938   57 5  0.0254
 398    7.980  #383939   57 6  0.0000
 399    7.990  #393938   57 7  0.0013
 400    7.980  #393939   58 1  -0.0013
 401    8.010  #39393a   58 2  0.0038
 402    8.050  #3a3939   58 3  0.0050
 403    8.080  #3a393a   58 4  0.0037
 404    8.200  #393a39   58 5  0.0147
 405    8.220  #393a3a   58 6  0.0024
 406    8.260  #3a3a39   58 7  0.0049
 407    8.290  #3a3a3a   59 1  0.0036
 408    8.320  #3a3a3b   59 2  0.0036
 409    8.350  #3b3a3a   59 3  0.0036
 410    8.380  #3b3a3b   59 4  0.0036
 411    8.510  #3a3b3a   59 5  0.0154
 412    8.530  #3a3b3b   59 6  0.0023
 413    8.570  #3b3b3a   59 7  0.0047
 414    8.590  #3b3b3b   60 1  0.0023
 415    8.630  #3b3b3c   60 2  0.0046
 416    8.670  #3c3b3b   60 3  0.0046
 417    8.680  #3c3b3c   60 4  0.0012
 418    8.820  #3b3c3b   60 5  0.0160
 419    8.850  #3b3c3c   60 6  0.0034
 420    8.880  #3c3c3b   60 7  0.0034
 421    8.900  #3c3c3c   61 1  0.0022
 422    8.940  #3c3c3d   61 2  0.0045
 423    8.980  #3d3c3c   61 3  0.0045
 424    9.010  #3d3c3d   61 4  0.0033
 425    9.120  #3c3d3c   61 5  0.0121
 426    9.170  #3c3d3d   61 6  0.0055
 427    9.210  #3d3d3c   61 7  0.0044
 428    9.220  #3d3d3d   62 1  0.0011
 429    9.260  #3d3d3e   62 2  0.0043
 430    9.310  #3e3d3d   62 3  0.0054
 431    9.330  #3e3d3e   62 4  0.0021
 432    9.460  #3d3e3d   62 5  0.0138
 433    9.500  #3d3e3e   62 6  0.0042
 434    9.550  #3e3e3d   62 7  0.0052
 435    9.570  #3e3e3e   63 1  0.0021
 436    9.590  #3e3e3f   63 2  0.0021
 437    9.650  #3f3e3e   63 3  0.0062
 438    9.680  #3f3e3f   63 4  0.0031
 439    9.810  #3e3f3e   63 5  0.0133
 440    9.840  #3e3f3f   63 6  0.0031
 441    9.890  #3f3f3e   63 7  0.0051
 442    9.910  #3f3f3f   64 1  0.0020
 443    9.940  #3f3f40   64 2  0.0030
 444   10.000  #403f3f   64 3  0.0060
 445   10.030  #403f40   64 4  0.0030
 446   10.150  #3f403f   64 5  0.0119
 447   10.180  #3f4040   64 6  0.0030
 448   10.240  #40403f   64 7  0.0059
 449   10.270  #404040   65 1  0.0029
 450   10.280  #404041   65 2  0.0010
 451   10.340  #414040   65 3  0.0058
 452   10.380  #414041   65 4  0.0039
 453   10.520  #404140   65 5  0.0134
 454   10.550  #404141   65 6  0.0028
 455   10.610  #414140   65 7  0.0057
 456   10.640  #414141   66 1  0.0028
 457   10.660  #414142   66 2  0.0019
 458   10.720  #424141   66 3  0.0056
 459   10.750  #424142   66 4  0.0028
 460   10.910  #414241   66 5  0.0148
 461   10.950  #414242   66 6  0.0037
 462   11.010  #424241   66 7  0.0055
 463   11.030  #424242   67 1  0.0018
 464   11.050  #424243   67 2  0.0018
 465   11.120  #434242   67 3  0.0063
 466   11.150  #434243   67 4  0.0027
 467   11.310  #424342   67 5  0.0142
 468   11.350  #424343   67 6  0.0035
 469   11.410  #434342   67 7  0.0053
 470   11.440  #434343   68 1  0.0026
 471   11.460  #434344   68 2  0.0017
 472   11.540  #444343   68 3  0.0070
 473   11.580  #444344   68 4  0.0035
 474   11.720  #434443   68 5  0.0120
 475   11.770  #434444   68 6  0.0043
 476   11.820  #444443   68 7  0.0042
 477   11.850  #444444   69 1  0.0025
 478   11.890  #444445   69 2  0.0034
 479   11.960  #454444   69 3  0.0059
 480   11.990  #454445   69 4  0.0025
 481   12.140  #444544   69 5  0.0124
 482   12.190  #444545   69 6  0.0041
 483   12.240  #454544   69 7  0.0041
 484   12.270  #454545   70 1  0.0024
 485   12.320  #454546   70 2  0.0041
 486   12.370  #464545   70 3  0.0041
 487   12.400  #464546   70 4  0.0024
 488   12.590  #454645   70 5  0.0152
 489   12.640  #454646   70 6  0.0040
 490   12.680  #464645   70 7  0.0032
 491   12.710  #464646   71 1  0.0024
 492   12.770  #464647   71 2  0.0047
 493   12.820  #474646   71 3  0.0039
 494   12.850  #474647   71 4  0.0023
 495   13.040  #464746   71 5  0.0147
 496   13.090  #464747   71 6  0.0038
 497   13.120  #474746   71 7  0.0023
 498   13.160  #474747   72 1  0.0030
 499   13.210  #474748   72 2  0.0038
 500   13.260  #484747   72 3  0.0038
 501   13.300  #484748   72 4  0.0030
 502   13.490  #474847   72 5  0.0142
 503   13.530  #474848   72 6  0.0030
 504   13.570  #484847   72 7  0.0030
 505   13.630  #484848   73 1  0.0044
 506   13.670  #484849   73 2  0.0029
 507   13.710  #494848   73 3  0.0029
 508   13.780  #494849   73 4  0.0051
 509   13.950  #484948   73 5  0.0123
 510   13.980  #484949   73 6  0.0021
 511   14.040  #494948   73 7  0.0043
 512   14.100  #494949   74 1  0.0043
 513   14.130  #49494a   74 2  0.0021
 514   14.190  #4a4949   74 3  0.0042
 515   14.250  #4a494a   74 4  0.0042
 516   14.440  #494a49   74 5  0.0132
 517   14.460  #494a4a   74 6  0.0014
 518   14.550  #4a4a49   74 7  0.0062
 519   14.590  #4a4a4a   75 1  0.0027
 520   14.610  #4a4a4b   75 2  0.0014
 521   14.700  #4b4a4a   75 3  0.0061
 522   14.740  #4b4a4b   75 4  0.0027
 523   14.920  #4a4b4a   75 5  0.0121
 524   14.980  #4a4b4b   75 6  0.0040
 525   15.050  #4b4b4a   75 7  0.0047
 526   15.070  #4b4b4b   76 1  0.0013
 527   15.120  #4b4b4c   76 2  0.0033
 528   15.210  #4c4b4b   76 3  0.0059
 529   15.240  #4c4b4c   76 4  0.0020
 530   15.420  #4b4c4b   76 5  0.0117
 531   15.490  #4b4c4c   76 6  0.0045
 532   15.550  #4c4c4b   76 7  0.0039
 533   15.580  #4c4c4c   77 1  0.0019
 534   15.650  #4c4c4d   77 2  0.0045
 535   15.710  #4d4c4c   77 3  0.0038
 536   15.740  #4d4c4d   77 4  0.0019
 537   15.960  #4c4d4c   77 5  0.0139
 538   15.990  #4c4d4d   77 6  0.0019
 539   16.050  #4d4d4c   77 7  0.0037
 540   16.120  #4d4d4d   78 1  0.0044
 541   16.160  #4d4d4e   78 2  0.0025
 542   16.210  #4e4d4d   78 3  0.0031
 543   16.280  #4e4d4e   78 4  0.0043
 544   16.500  #4d4e4d   78 5  0.0134
 545   16.520  #4d4e4e   78 6  0.0012
 546   16.600  #4e4e4d   78 7  0.0048
 547   16.650  #4e4e4e   79 1  0.0030
 548   16.680  #4e4e4f   79 2  0.0018
 549   16.760  #4f4e4e   79 3  0.0048
 550   16.820  #4f4e4f   79 4  0.0036
 551   17.020  #4e4f4e   79 5  0.0118
 552   17.080  #4e4f4f   79 6  0.0035
 553   17.160  #4f4f4e   79 7  0.0047
 554   17.190  #4f4f4f   80 1  0.0017
 555   17.240  #4f4f50   80 2  0.0029
 556   17.330  #504f4f   80 3  0.0052
 557   17.360  #504f50   80 4  0.0017
 558   17.500  #4f504f   80 5  0.0080
 559   17.600  #4f5050   80 6  0.0057
 560   17.600  #50504f   80 7  0.0000
 561   17.700  #505050   81 1  0.0057
 562   17.800  #505051   81 2  0.0056
 563   17.800  #515050   81 3  0.0000
 564   17.900  #515051   81 4  0.0056
 565   18.100  #505150   81 5  0.0111
 566   18.100  #505151   81 6  0.0000
 567   18.200  #515150   81 7  0.0055
 568   18.300  #515151   82 1  0.0055
 569   18.300  #515152   82 2  0.0000
 570   18.400  #525151   82 3  0.0054
 571   18.400  #525152   82 4  0.0000
 572   18.700  #515251   82 5  0.0162
 573   18.700  #515252   82 6  0.0000
 574   18.800  #525251   82 7  0.0053
 575   18.800  #525252   83 1  0.0000
 576   18.900  #525253   83 2  0.0053
 577   19.000  #535252   83 3  0.0053
 578   19.000  #535253   83 4  0.0000
 579   19.200  #525352   83 5  0.0105
 580   19.300  #525353   83 6  0.0052
 581   19.300  #535352   83 7  0.0000
 582   19.400  #535353   84 1  0.0052
 583   19.500  #535354   84 2  0.0051
 584   19.500  #545353   84 3  0.0000
 585   19.600  #545354   84 4  0.0051
 586   19.800  #535453   84 5  0.0102
 587   19.800  #535454   84 6  0.0000
 588   20.000  #545453   84 7  0.0101
 589   20.000  #545454   85 1  0.0000
 590   20.000  #545455   85 2  0.0000
 591   20.100  #555454   85 3  0.0050
 592   20.200  #555455   85 4  0.0050
 593   20.400  #545554   85 5  0.0099
 594   20.400  #545555   85 6  0.0000
 595   20.500  #555554   85 7  0.0049
 596   20.600  #555555   86 1  0.0049
 597   20.600  #555556   86 2  0.0000
 598   20.600  #565555   86 3  0.0000
 599   20.600  #565556   86 4  0.0000
 600   21.000  #555655   86 5  0.0192
 601   21.000  #555656   86 6  0.0000
 602   21.000  #565655   86 7  0.0000
 603   21.000  #565656   87 1  0.0000
 604   21.100  #565657   87 2  0.0048
 605   21.100  #575656   87 3  0.0000
 606   21.200  #575657   87 4  0.0047
 607   21.400  #565756   87 5  0.0094
 608   21.400  #565757   87 6  0.0000
 609   21.500  #575756   87 7  0.0047
 610   21.500  #575757   88 1  0.0000
 611   21.600  #575758   88 2  0.0046
 612   21.700  #585757   88 3  0.0046
 613   21.700  #585758   88 4  0.0000
 614   22.000  #575857   88 5  0.0137
 615   22.000  #575858   88 6  0.0000
 616   22.100  #585857   88 7  0.0045
 617   22.200  #585858   89 1  0.0045
 618   22.200  #585859   89 2  0.0000
 619   22.300  #595858   89 3  0.0045
 620   22.400  #595859   89 4  0.0045
 621   22.600  #585958   89 5  0.0089
 622   22.600  #585959   89 6  0.0000
 623   22.700  #595958   89 7  0.0044
 624   22.800  #595959   90 1  0.0044
 625   22.800  #59595a   90 2  0.0000
 626   22.900  #5a5959   90 3  0.0044
 627   22.900  #5a595a   90 4  0.0000
 628   23.200  #595a59   90 5  0.0130
 629   23.200  #595a5a   90 6  0.0000
 630   23.300  #5a5a59   90 7  0.0043
 631   23.400  #5a5a5a   91 1  0.0043
 632   23.400  #5a5a5b   91 2  0.0000
 633   23.500  #5b5a5a   91 3  0.0043
 634   23.600  #5b5a5b   91 4  0.0042
 635   23.800  #5a5b5a   91 5  0.0084
 636   23.900  #5a5b5b   91 6  0.0042
 637   23.900  #5b5b5a   91 7  0.0000
 638   24.000  #5b5b5b   92 1  0.0042
 639   24.100  #5b5b5c   92 2  0.0042
 640   24.100  #5c5b5b   92 3  0.0000
 641   24.200  #5c5b5c   92 4  0.0041
 642   24.400  #5b5c5b   92 5  0.0082
 643   24.500  #5b5c5c   92 6  0.0041
 644   24.500  #5c5c5b   92 7  0.0000
 645   24.600  #5c5c5c   93 1  0.0041
 646   24.600  #5c5c5d   93 2  0.0000
 647   24.700  #5d5c5c   93 3  0.0041
 648   24.800  #5d5c5d   93 4  0.0040
 649   25.000  #5c5d5c   93 5  0.0080
 650   25.100  #5c5d5d   93 6  0.0040
 651   25.200  #5d5d5c   93 7  0.0040
 652   25.200  #5d5d5d   94 1  0.0000
 653   25.300  #5d5d5e   94 2  0.0040
 654   25.400  #5e5d5d   94 3  0.0039
 655   25.400  #5e5d5e   94 4  0.0000
 656   25.700  #5d5e5d   94 5  0.0117
 657   25.700  #5d5e5e   94 6  0.0000
 658   25.800  #5e5e5d   94 7  0.0039
 659   25.900  #5e5e5e   95 1  0.0039
 660   25.900  #5e5e5f   95 2  0.0000
 661   26.000  #5f5e5e   95 3  0.0039
 662   26.100  #5f5e5f   95 4  0.0038
 663   26.300  #5e5f5e   95 5  0.0076
 664   26.400  #5e5f5f   95 6  0.0038
 665   26.100  #5f5f5e   95 7  -0.0114
 666   26.100  #5f5f5f   96 1  0.0000
 667   26.200  #5f5f60   96 2  0.0038
 668   26.200  #605f5f   96 3  0.0000
 669   26.300  #605f60   96 4  0.0038
 670   26.500  #5f605f   96 5  0.0076
 671   26.600  #5f6060   96 6  0.0038
 672   26.700  #60605f   96 7  0.0038
 673   26.700  #606060   97 1  0.0000
 674   26.800  #606061   97 2  0.0037
 675   26.900  #616060   97 3  0.0037
 676   26.900  #616061   97 4  0.0000
 677   27.200  #606160   97 5  0.0111
 678   27.200  #606161   97 6  0.0000
 679   27.300  #616160   97 7  0.0037
 680   27.300  #616161   98 1  0.0000
 681   27.400  #616162   98 2  0.0037
 682   27.500  #626161   98 3  0.0036
 683   27.600  #626162   98 4  0.0036
 684   27.800  #616261   98 5  0.0072
 685   27.900  #616262   98 6  0.0036
 686   27.900  #626261   98 7  0.0000
 687   28.000  #626262   99 1  0.0036
 688   28.000  #626263   99 2  0.0000
 689   28.100  #636262   99 3  0.0036
 690   28.200  #636263   99 4  0.0036
 691   28.400  #626362   99 5  0.0071
 692   28.500  #626363   99 6  0.0035
 693   28.600  #636362   99 7  0.0035
 694   28.600  #636363  100 1  0.0000
 695   28.700  #636364  100 2  0.0035
 696   28.700  #646363  100 3  0.0000
 697   28.900  #646364  100 4  0.0069
 698   29.000  #636463  100 5  0.0035
 699   29.200  #636464  100 6  0.0069
 700   29.200  #646463  100 7  0.0000
 701   29.300  #646464  101 1  0.0034
 702   29.300  #646465  101 2  0.0000
 703   29.400  #656464  101 3  0.0034
 704   29.400  #656465  101 4  0.0000
 705   29.700  #646564  101 5  0.0102
 706   29.700  #646565  101 6  0.0000
 707   29.900  #656564  101 7  0.0067
 708   29.900  #656565  102 1  0.0000
 709   30.000  #656566  102 2  0.0033
 710   30.100  #666565  102 3  0.0033
 711   30.100  #666566  102 4  0.0000
 712   30.400  #656665  102 5  0.0099
 713   30.400  #656666  102 6  0.0000
 714   30.500  #666665  102 7  0.0033
 715   30.600  #666666  103 1  0.0033
 716   30.700  #666667  103 2  0.0033
 717   30.700  #676666  103 3  0.0000
 718   30.800  #676667  103 4  0.0033
 719   31.000  #666766  103 5  0.0065
 720   31.100  #666767  103 6  0.0032
 721   31.200  #676766  103 7  0.0032
 722   31.300  #676767  104 1  0.0032
 723   31.300  #676768  104 2  0.0000
 724   31.400  #686767  104 3  0.0032
 725   31.400  #686768  104 4  0.0000
 726   31.700  #676867  104 5  0.0095
 727   31.700  #676868  104 6  0.0000
 728   31.900  #686867  104 7  0.0063
 729   31.900  #686868  105 1  0.0000
 730   32.000  #686869  105 2  0.0031
 731   32.000  #696868  105 3  0.0000
 732   32.100  #696869  105 4  0.0031
 733   32.300  #686968  105 5  0.0062
 734   32.400  #686969  105 6  0.0031
 735   32.500  #696968  105 7  0.0031
 736   32.600  #696969  106 1  0.0031
 737   32.600  #69696a  106 2  0.0000
 738   32.700  #6a6969  106 3  0.0031
 739   32.700  #6a696a  106 4  0.0000
 740   33.100  #696a69  106 5  0.0122
 741   33.100  #696a6a  106 6  0.0000
 742   33.200  #6a6a69  106 7  0.0030
 743   33.200  #6a6a6a  107 1  0.0000
 744   33.300  #6a6a6b  107 2  0.0030
 745   33.400  #6b6a6a  107 3  0.0030
 746   33.500  #6b6a6b  107 4  0.0030
 747   33.700  #6a6b6a  107 5  0.0060
 748   33.800  #6a6b6b  107 6  0.0030
 749   33.900  #6b6b6a  107 7  0.0030
 750   33.900  #6b6b6b  108 1  0.0000
 751   34.000  #6b6b6c  108 2  0.0029
 752   34.100  #6c6b6b  108 3  0.0029
 753   34.200  #6c6b6c  108 4  0.0029
 754   34.400  #6b6c6b  108 5  0.0058
 755   34.500  #6b6c6c  108 6  0.0029
 756   34.500  #6c6c6b  108 7  0.0000
 757   34.600  #6c6c6c  109 1  0.0029
 758   34.600  #6c6c6d  109 2  0.0000
 759   34.800  #6d6c6c  109 3  0.0058
 760   34.800  #6d6c6d  109 4  0.0000
 761   35.100  #6c6d6c  109 5  0.0086
 762   35.100  #6c6d6d  109 6  0.0000
 763   35.200  #6d6d6c  109 7  0.0028
 764   35.200  #6d6d6d  110 1  0.0000
 765   35.400  #6d6d6e  110 2  0.0057
 766   35.400  #6e6d6d  110 3  0.0000
 767   35.500  #6e6d6e  110 4  0.0028
 768   35.700  #6d6e6d  110 5  0.0056
 769   35.800  #6d6e6e  110 6  0.0028
 770   35.800  #6e6e6d  110 7  0.0000
 771   36.000  #6e6e6e  111 1  0.0056
 772   36.000  #6e6e6f  111 2  0.0000
 773   36.100  #6f6e6e  111 3  0.0028
 774   36.200  #6f6e6f  111 4  0.0028
 775   36.400  #6e6f6e  111 5  0.0055
 776   36.500  #6e6f6f  111 6  0.0027
 777   36.600  #6f6f6e  111 7  0.0027
 778   36.700  #6f6f6f  112 1  0.0027
 779   36.700  #6f6f70  112 2  0.0000
 780   36.800  #706f6f  112 3  0.0027
 781   36.800  #706f70  112 4  0.0000
 782   37.100  #6f706f  112 5  0.0081
 783   37.100  #6f7070  112 6  0.0000
 784   37.300  #70706f  112 7  0.0054
 785   37.300  #707070  113 1  0.0000
 786   37.400  #707071  113 2  0.0027
 787   37.400  #717070  113 3  0.0000
 788   37.500  #717071  113 4  0.0027
 789   37.700  #707170  113 5  0.0053
 790   37.800  #707171  113 6  0.0026
 791   37.900  #717170  113 7  0.0026
 792   38.000  #717171  114 1  0.0026
 793   38.000  #717172  114 2  0.0000
 794   38.000  #727171  114 3  0.0000
 795   38.000  #727172  114 4  0.0000
 796   38.400  #717271  114 5  0.0105
 797   38.400  #717272  114 6  0.0000
 798   38.500  #727271  114 7  0.0026
 799   38.500  #727272  115 1  0.0000
 800   38.500  #727273  115 2  0.0000
 801   38.600  #737272  115 3  0.0026
 802   38.600  #737273  115 4  0.0000
 803   38.900  #727372  115 5  0.0077
 804   38.900  #727373  115 6  0.0000
 805   39.100  #737372  115 7  0.0051
 806   39.100  #737373  116 1  0.0000
 807   39.200  #737374  116 2  0.0026
 808   39.200  #747373  116 3  0.0000
 809   39.400  #747374  116 4  0.0051
 810   39.500  #737473  116 5  0.0025
 811   39.700  #737474  116 6  0.0051
 812   39.700  #747473  116 7  0.0000
 813   39.800  #747474  117 1  0.0025
 814   39.900  #747475  117 2  0.0025
 815   40.000  #757474  117 3  0.0025
 816   40.000  #757475  117 4  0.0000
 817   40.300  #747574  117 5  0.0075
 818   40.400  #747575  117 6  0.0025
 819   40.400  #757574  117 7  0.0000
 820   40.500  #757575  118 1  0.0025
 821   40.500  #757576  118 2  0.0000
 822   40.700  #767575  118 3  0.0049
 823   40.700  #767576  118 4  0.0000
 824   41.000  #757675  118 5  0.0073
 825   41.000  #757676  118 6  0.0000
 826   41.200  #767675  118 7  0.0049
 827   41.200  #767676  119 1  0.0000
 828   41.300  #767677  119 2  0.0024
 829   41.300  #777676  119 3  0.0000
 830   41.400  #777677  119 4  0.0024
 831   41.600  #767776  119 5  0.0048
 832   41.700  #767777  119 6  0.0024
 833   41.700  #777776  119 7  0.0000
 834   41.900  #777777  120 1  0.0048
 835   41.900  #777778  120 2  0.0000
 836   42.000  #787777  120 3  0.0024
 837   42.100  #787778  120 4  0.0024
 838   42.400  #777877  120 5  0.0071
 839   42.400  #777878  120 6  0.0000
 840   42.500  #787877  120 7  0.0024
 841   42.600  #787878  121 1  0.0024
 842   42.600  #787879  121 2  0.0000
 843   42.700  #797878  121 3  0.0023
 844   42.700  #797879  121 4  0.0000
 845   43.000  #787978  121 5  0.0070
 846   43.000  #787979  121 6  0.0000
 847   43.200  #797978  121 7  0.0046
 848   43.200  #797979  122 1  0.0000
 849   43.300  #79797a  122 2  0.0023
 850   43.300  #7a7979  122 3  0.0000
 851   43.400  #7a797a  122 4  0.0023
 852   43.600  #797a79  122 5  0.0046
 853   43.700  #797a7a  122 6  0.0023
 854   43.800  #7a7a79  122 7  0.0023
 855   43.900  #7a7a7a  123 1  0.0023
 856   43.900  #7a7a7b  123 2  0.0000
 857   44.100  #7b7a7a  123 3  0.0045
 858   44.100  #7b7a7b  123 4  0.0000
 859   44.400  #7a7b7a  123 5  0.0068
 860   44.400  #7a7b7b  123 6  0.0000
 861   44.500  #7b7b7a  123 7  0.0022
 862   44.600  #7b7b7b  124 1  0.0022
 863   44.600  #7b7b7c  124 2  0.0000
 864   44.700  #7c7b7b  124 3  0.0022
 865   44.700  #7c7b7c  124 4  0.0000
 866   45.100  #7b7c7b  124 5  0.0089
 867   45.000  #7b7c7c  124 6  -0.0022
 868   45.200  #7c7c7b  124 7  0.0044
 869   45.200  #7c7c7c  125 1  0.0000
 870   45.300  #7c7c7d  125 2  0.0022
 871   45.300  #7d7c7c  125 3  0.0000
 872   45.500  #7d7c7d  125 4  0.0044
 873   45.700  #7c7d7c  125 5  0.0044
 874   45.800  #7c7d7d  125 6  0.0022
 875   45.800  #7d7d7c  125 7  0.0000
 876   45.900  #7d7d7d  126 1  0.0022
 877   46.000  #7d7d7e  126 2  0.0022
 878   46.100  #7e7d7d  126 3  0.0022
 879   46.200  #7e7d7e  126 4  0.0022
 880   46.400  #7d7e7d  126 5  0.0043
 881   46.500  #7d7e7e  126 6  0.0022
 882   46.600  #7e7e7d  126 7  0.0021
 883   46.700  #7e7e7e  127 1  0.0021
 884   46.700  #7e7e7f  127 2  0.0000
 885   46.800  #7f7e7e  127 3  0.0021
 886   46.800  #7f7e7f  127 4  0.0000
 887   47.200  #7e7f7e  127 5  0.0085
 888   47.200  #7e7f7f  127 6  0.0000
 889   47.400  #7f7f7e  127 7  0.0042
 890   47.300  #7f7f7f  128 1  -0.0021
 891   47.500  #7f7f80  128 2  0.0042
 892   47.500  #807f7f  128 3  0.0000
 893   47.600  #807f80  128 4  0.0021
 894   47.800  #7f807f  128 5  0.0042
 895   47.900  #7f8080  128 6  0.0021
 896   48.100  #80807f  128 7  0.0042
 897   48.100  #808080  129 1  0.0000
 898   48.200  #808081  129 2  0.0021
 899   48.200  #818080  129 3  0.0000
 900   48.300  #818081  129 4  0.0021
 901   48.700  #808180  129 5  0.0082
 902   48.800  #808181  129 6  0.0021
 903   48.800  #818180  129 7  0.0000
 904   49.000  #818181  130 1  0.0041
 905   49.000  #818182  130 2  0.0000
 906   49.200  #828181  130 3  0.0041
 907   49.100  #828182  130 4  -0.0020
 908   49.700  #818281  130 5  0.0121
 909   49.700  #818282  130 6  0.0000
 910   49.800  #828281  130 7  0.0020
 911   49.800  #828282  131 1  0.0000
 912   49.900  #828283  131 2  0.0020
 913   50.000  #838282  131 3  0.0020
 914   50.100  #838283  131 4  0.0020
 915   50.500  #828382  131 5  0.0080
 916   50.600  #828383  131 6  0.0020
 917   50.700  #838382  131 7  0.0020
 918   50.700  #838383  132 1  0.0000
 919   50.900  #838384  132 2  0.0039
 920   50.900  #848383  132 3  0.0000
 921   51.000  #848384  132 4  0.0020
 922   51.300  #838483  132 5  0.0059
 923   51.500  #838484  132 6  0.0039
 924   51.500  #848483  132 7  0.0000
 925   51.700  #848484  133 1  0.0039
 926   51.700  #848485  133 2  0.0000
 927   51.900  #858484  133 3  0.0039
 928   52.000  #858485  133 4  0.0019
 929   52.300  #848584  133 5  0.0058
 930   52.400  #848585  133 6  0.0019
 931   52.500  #858584  133 7  0.0019
 932   52.600  #858585  134 1  0.0019
 933   52.700  #858586  134 2  0.0019
 934   52.800  #868585  134 3  0.0019
 935   52.900  #868586  134 4  0.0019
 936   53.300  #858685  134 5  0.0075
 937   53.300  #858686  134 6  0.0000
 938   53.500  #868685  134 7  0.0037
 939   53.500  #868686  135 1  0.0000
 940   53.700  #868687  135 2  0.0037
 941   53.800  #878686  135 3  0.0019
 942   53.900  #878687  135 4  0.0019
 943   54.300  #868786  135 5  0.0074
 944   54.300  #868787  135 6  0.0000
 945   54.500  #878786  135 7  0.0037
 946   54.600  #878787  136 1  0.0018
 947   54.700  #878788  136 2  0.0018
 948   54.800  #888787  136 3  0.0018
 949   54.900  #888788  136 4  0.0018
 950   55.200  #878887  136 5  0.0054
 951   55.300  #878888  136 6  0.0018
 952   55.500  #888887  136 7  0.0036
 953   55.600  #888888  137 1  0.0018
 954   55.600  #888889  137 2  0.0000
 955   55.800  #898888  137 3  0.0036
 956   55.900  #898889  137 4  0.0018
 957   56.300  #888988  137 5  0.0071
 958   56.300  #888989  137 6  0.0000
 959   56.400  #898988  137 7  0.0018
 960   56.500  #898989  138 1  0.0018
 961   56.700  #89898a  138 2  0.0035
 962   56.800  #8a8989  138 3  0.0018
 963   56.800  #8a898a  138 4  0.0000
 964   57.300  #898a89  138 5  0.0088
 965   57.300  #898a8a  138 6  0.0000
 966   57.500  #8a8a89  138 7  0.0035
 967   57.500  #8a8a8a  139 1  0.0000
 968   57.700  #8a8a8b  139 2  0.0035
 969   57.800  #8b8a8a  139 3  0.0017
 970   57.900  #8b8a8b  139 4  0.0017
 971   58.200  #8a8b8a  139 5  0.0052
 972   58.400  #8a8b8b  139 6  0.0034
 973   58.500  #8b8b8a  139 7  0.0017
 974   58.600  #8b8b8b  140 1  0.0017
 975   58.700  #8b8b8c  140 2  0.0017
 976   58.800  #8c8b8b  140 3  0.0017
 977   58.900  #8c8b8c  140 4  0.0017
 978   59.300  #8b8c8b  140 5  0.0068
 979   59.400  #8b8c8c  140 6  0.0017
 980   59.500  #8c8c8b  140 7  0.0017
 981   59.600  #8c8c8c  141 1  0.0017
 982   59.700  #8c8c8d  141 2  0.0017
 983   59.800  #8d8c8c  141 3  0.0017
 984   60.000  #8d8c8d  141 4  0.0033
 985   60.300  #8c8d8c  141 5  0.0050
 986   60.400  #8c8d8d  141 6  0.0017
 987   60.600  #8d8d8c  141 7  0.0033
 988   60.700  #8d8d8d  142 1  0.0016
 989   60.800  #8d8d8e  142 2  0.0016
 990   60.900  #8e8d8d  142 3  0.0016
 991   61.000  #8e8d8e  142 4  0.0016
 992   61.400  #8d8e8d  142 5  0.0065
 993   61.500  #8d8e8e  142 6  0.0016
 994   61.700  #8e8e8d  142 7  0.0032
 995   61.700  #8e8e8e  143 1  0.0000
 996   61.700  #8e8e8f  143 2  0.0000
 997   61.800  #8f8e8e  143 3  0.0016
 998   61.700  #8f8e8f  143 4  -0.0016
 999   62.500  #8e8f8e  143 5  0.0129
1000   62.500  #8e8f8f  143 6  0.0000
1001   62.500  #8f8f8e  143 7  0.0000
1002   62.400  #8f8f8f  144 1  -0.0016
1003   62.600  #8f8f90  144 2  0.0032
1004   62.700  #908f8f  144 3  0.0016
1005   62.800  #908f90  144 4  0.0016
1006   63.200  #8f908f  144 5  0.0063
1007   63.300  #8f9090  144 6  0.0016
1008   63.400  #90908f  144 7  0.0016
1009   63.500  #909090  145 1  0.0016
1010   63.600  #909091  145 2  0.0016
1011   63.700  #919090  145 3  0.0016
1012   63.900  #919091  145 4  0.0031
1013   64.200  #909190  145 5  0.0047
1014   64.400  #909191  145 6  0.0031
1015   64.500  #919190  145 7  0.0016
1016   64.600  #919191  146 1  0.0015
1017   64.700  #919192  146 2  0.0015
1018   64.800  #929191  146 3  0.0015
1019   64.900  #929192  146 4  0.0015
1020   65.400  #919291  146 5  0.0077
1021   65.400  #919292  146 6  0.0000
1022   65.600  #929291  146 7  0.0031
1023   65.700  #929292  147 1  0.0015
1024   65.800  #929293  147 2  0.0015
1025   66.000  #939292  147 3  0.0030
1026   66.000  #939293  147 4  0.0000
1027   66.500  #929392  147 5  0.0075
1028   66.500  #929393  147 6  0.0000
1029   66.700  #939392  147 7  0.0030
1030   66.800  #939393  148 1  0.0015
1031   67.000  #939394  148 2  0.0030
1032   67.000  #949393  148 3  0.0000
1033   67.200  #949394  148 4  0.0030
1034   67.600  #939493  148 5  0.0059
1035   67.600  #939494  148 6  0.0000
1036   67.800  #949493  148 7  0.0030
1037   67.900  #949494  149 1  0.0015
1038   68.100  #949495  149 2  0.0029
1039   68.100  #959494  149 3  0.0000
1040   68.300  #959495  149 4  0.0029
1041   68.600  #949594  149 5  0.0044
1042   68.800  #949595  149 6  0.0029
1043   68.900  #959594  149 7  0.0015
1044   69.100  #959595  150 1  0.0029
1045   69.100  #959596  150 2  0.0000
1046   69.300  #969595  150 3  0.0029
1047   69.400  #969596  150 4  0.0014
1048   69.800  #959695  150 5  0.0057
1049   69.900  #959696  150 6  0.0014
1050   70.000  #969695  150 7  0.0014
1051   70.200  #969696  151 1  0.0029
1052   70.200  #969697  151 2  0.0000
1053   70.500  #979696  151 3  0.0043
1054   70.500  #979697  151 4  0.0000
1055   71.000  #969796  151 5  0.0071
1056   71.000  #969797  151 6  0.0000
1057   71.300  #979796  151 7  0.0042
1058   71.300  #979797  152 1  0.0000
1059   71.400  #979798  152 2  0.0014
1060   71.600  #989797  152 3  0.0028
1061   71.700  #989798  152 4  0.0014
1062   72.100  #979897  152 5  0.0056
1063   72.200  #979898  152 6  0.0014
1064   72.400  #989897  152 7  0.0028
1065   72.400  #989898  153 1  0.0000
1066   72.700  #989899  153 2  0.0041
1067   72.700  #999898  153 3  0.0000
1068   72.900  #999899  153 4  0.0027
1069   73.200  #989998  153 5  0.0041
1070   73.400  #989999  153 6  0.0027
1071   73.500  #999998  153 7  0.0014
1072   73.600  #999999  154 1  0.0014
1073   73.700  #99999a  154 2  0.0014
1074   73.900  #9a9999  154 3  0.0027
1075   74.000  #9a999a  154 4  0.0014
1076   74.400  #999a99  154 5  0.0054
1077   74.600  #999a9a  154 6  0.0027
1078   74.700  #9a9a99  154 7  0.0013
1079   74.800  #9a9a9a  155 1  0.0013
1080   74.900  #9a9a9b  155 2  0.0013
1081   75.100  #9b9a9a  155 3  0.0027
1082   75.200  #9b9a9b  155 4  0.0013
1083   75.700  #9a9b9a  155 5  0.0066
1084   75.800  #9a9b9b  155 6  0.0013
1085   75.900  #9b9b9a  155 7  0.0013
1086   76.100  #9b9b9b  156 1  0.0026
1087   76.100  #9b9b9c  156 2  0.0000
1088   76.400  #9c9b9b  156 3  0.0039
1089   76.400  #9c9b9c  156 4  0.0000
1090   76.900  #9b9c9b  156 5  0.0065
1091   76.900  #9b9c9c  156 6  0.0000
1092   77.200  #9c9c9b  156 7  0.0039
1093   77.200  #9c9c9c  157 1  0.0000
1094   77.400  #9c9c9d  157 2  0.0026
1095   77.400  #9d9c9c  157 3  0.0000
1096   77.600  #9d9c9d  157 4  0.0026
1097   78.100  #9c9d9c  157 5  0.0064
1098   78.200  #9c9d9d  157 6  0.0013
1099   78.400  #9d9d9c  157 7  0.0026
1100   78.400  #9d9d9d  158 1  0.0000
1101   78.600  #9d9d9e  158 2  0.0025
1102   78.600  #9e9d9d  158 3  0.0000
1103   78.900  #9e9d9e  158 4  0.0038
1104   79.200  #9d9e9d  158 5  0.0038
1105   79.500  #9d9e9e  158 6  0.0038
1106   79.500  #9e9e9d  158 7  0.0000
1107   79.700  #9e9e9e  159 1  0.0025
1108   79.800  #9e9e9f  159 2  0.0013
1109   80.000  #9f9e9e  159 3  0.0025
1110   80.100  #9f9e9f  159 4  0.0012
1111   80.500  #9e9f9e  159 5  0.0050
1112   80.700  #9e9f9f  159 6  0.0025
1113   80.800  #9f9f9e  159 7  0.0012
1114   81.000  #9f9f9f  160 1  0.0025
1115   81.000  #9f9fa0  160 2  0.0000
1116   81.200  #a09f9f  160 3  0.0025
1117   81.300  #a09fa0  160 4  0.0012
1118   81.800  #9fa09f  160 5  0.0061
1119   81.800  #9fa0a0  160 6  0.0000
1120   82.000  #a0a09f  160 7  0.0024
1121   82.200  #a0a0a0  161 1  0.0024
1122   82.200  #a0a0a1  161 2  0.0000
1123   82.500  #a1a0a0  161 3  0.0036
1124   82.500  #a1a0a1  161 4  0.0000
1125   83.100  #a0a1a0  161 5  0.0072
1126   83.100  #a0a1a1  161 6  0.0000
1127   83.300  #a1a1a0  161 7  0.0024
1128   83.300  #a1a1a1  162 1  0.0000
1129   83.500  #a1a1a2  162 2  0.0024
1130   83.700  #a2a1a1  162 3  0.0024
1131   83.800  #a2a1a2  162 4  0.0012
1132   84.300  #a1a2a1  162 5  0.0059
1133   84.300  #a1a2a2  162 6  0.0000
1134   84.600  #a2a2a1  162 7  0.0036
1135   84.600  #a2a2a2  163 1  0.0000
1136   84.800  #a2a2a3  163 2  0.0024
1137   84.900  #a3a2a2  163 3  0.0012
1138   85.100  #a3a2a3  163 4  0.0024
1139   85.500  #a2a3a2  163 5  0.0047
1140   85.700  #a2a3a3  163 6  0.0023
1141   85.800  #a3a3a2  163 7  0.0012
1142   85.900  #a3a3a3  164 1  0.0012
1143   86.100  #a3a3a4  164 2  0.0023
1144   86.200  #a4a3a3  164 3  0.0012
1145   86.400  #a4a3a4  164 4  0.0023
1146   86.700  #a3a4a3  164 5  0.0035
1147   87.000  #a3a4a4  164 6  0.0035
1148   87.000  #a4a4a3  164 7  0.0000
1149   87.200  #a4a4a4  165 1  0.0023
1150   87.300  #a4a4a5  165 2  0.0011
1151   87.500  #a5a4a4  165 3  0.0023
1152   87.600  #a5a4a5  165 4  0.0011
1153   88.000  #a4a5a4  165 5  0.0046
1154   88.200  #a4a5a5  165 6  0.0023
1155   88.300  #a5a5a4  165 7  0.0011
1156   88.500  #a5a5a5  166 1  0.0023
1157   88.500  #a5a5a6  166 2  0.0000
1158   88.800  #a6a5a5  166 3  0.0034
1159   88.800  #a6a5a6  166 4  0.0000
1160   89.400  #a5a6a5  166 5  0.0067
1161   89.400  #a5a6a6  166 6  0.0000
1162   89.600  #a6a6a5  166 7  0.0022
1163   89.800  #a6a6a6  167 1  0.0022
1164   89.800  #a6a6a7  167 2  0.0000
1165   90.100  #a7a6a6  167 3  0.0033
1166   90.100  #a7a6a7  167 4  0.0000
1167   90.700  #a6a7a6  167 5  0.0066
1168   90.700  #a6a7a7  167 6  0.0000
1169   91.000  #a7a7a6  167 7  0.0033
1170   91.000  #a7a7a7  168 1  0.0000
1171   91.200  #a7a7a8  168 2  0.0022
1172   91.400  #a8a7a7  168 3  0.0022
1173   91.400  #a8a7a8  168 4  0.0000
1174   92.000  #a7a8a7  168 5  0.0065
1175   91.900  #a7a8a8  168 6  -0.0011
1176   92.300  #a8a8a7  168 7  0.0043
1177   92.200  #a8a8a8  169 1  -0.0011
1178   92.500  #a8a8a9  169 2  0.0032
1179   92.600  #a9a8a8  169 3  0.0011
1180   92.700  #a9a8a9  169 4  0.0011
1181   93.200  #a8a9a8  169 5  0.0054
1182   93.300  #a8a9a9  169 6  0.0011
1183   93.500  #a9a9a8  169 7  0.0021
1184   93.500  #a9a9a9  170 1  0.0000
1185   93.800  #a9a9aa  170 2  0.0032
1186   93.800  #aaa9a9  170 3  0.0000
1187   94.000  #aaa9aa  170 4  0.0021
1188   94.400  #a9aaa9  170 5  0.0042
1189   94.700  #a9aaaa  170 6  0.0032
1190   94.800  #aaaaa9  170 7  0.0011
1191   95.000  #aaaaaa  171 1  0.0021
1192   95.000  #aaaaab  171 2  0.0000
1193   94.900  #abaaaa  171 3  -0.0011
1194   95.000  #abaaab  171 4  0.0011
1195   95.700  #aaabaa  171 5  0.0073
1196   95.900  #aaabab  171 6  0.0021
1197   95.700  #ababaa  171 7  -0.0021
1198   95.900  #ababab  172 1  0.0021
1199   95.900  #ababac  172 2  0.0000
1200   96.100  #acabab  172 3  0.0021
1201   96.300  #acabac  172 4  0.0021
1202   96.600  #abacab  172 5  0.0031
1203   96.800  #abacac  172 6  0.0021
1204   96.900  #acacab  172 7  0.0010
1205   97.100  #acacac  173 1  0.0021
1206   97.100  #acacad  173 2  0.0000
1207   97.400  #adacac  173 3  0.0031
1208   97.500  #adacad  173 4  0.0010
1209   98.000  #acadac  173 5  0.0051
1210   98.200  #acadad  173 6  0.0020
1211   98.300  #adadac  173 7  0.0010
1212   98.500  #adadad  174 1  0.0020
1213   98.400  #adadae  174 2  -0.0010
1214   98.800  #aeadad  174 3  0.0041
1215   98.700  #aeadae  174 4  -0.0010
1216   99.400  #adaead  174 5  0.0071
1217   99.400  #adaeae  174 6  0.0000
1218   99.600  #aeaead  174 7  0.0020
1219   99.800  #aeaeae  175 1  0.0020
1220   99.800  #aeaeaf  175 2  0.0000
1221  100.100  #afaeae  175 3  0.0030
1222  100.100  #afaeaf  175 4  0.0000
1223  100.700  #aeafae  175 5  0.0060
1224  100.600  #aeafaf  175 6  -0.0010
1225  101.000  #afafae  175 7  0.0040
1226  101.000  #afafaf  176 1  0.0000
1227  101.200  #afafb0  176 2  0.0020
1228  101.500  #b0afaf  176 3  0.0030
1229  101.500  #b0afb0  176 4  0.0000
1230  102.000  #afb0af  176 5  0.0049
1231  102.000  #afb0b0  176 6  0.0000
1232  102.300  #b0b0af  176 7  0.0029
1233  102.200  #b0b0b0  177 1  -0.0010
1234  102.600  #b0b0b1  177 2  0.0039
1235  102.700  #b1b0b0  177 3  0.0010
1236  102.800  #b1b0b1  177 4  0.0010
1237  103.300  #b0b1b0  177 5  0.0049
1238  103.400  #b0b1b1  177 6  0.0010
1239  103.600  #b1b1b0  177 7  0.0019
1240  103.600  #b1b1b1  178 1  0.0000
1241  103.900  #b1b1b2  178 2  0.0029
1242  103.900  #b2b1b1  178 3  0.0000
1243  104.200  #b2b1b2  178 4  0.0029
1244  104.700  #b1b2b1  178 5  0.0048
1245  104.800  #b1b2b2  178 6  0.0010
1246  105.000  #b2b2b1  178 7  0.0019
1247  105.000  #b2b2b2  179 1  0.0000
1248  105.200  #b2b2b3  179 2  0.0019
1249  105.200  #b3b2b2  179 3  0.0000
1250  105.500  #b3b2b3  179 4  0.0028
1251  105.900  #b2b3b2  179 5  0.0038
1252  106.100  #b2b3b3  179 6  0.0019
1253  106.300  #b3b3b2  179 7  0.0019
1254  106.400  #b3b3b3  180 1  0.0009
1255  106.600  #b3b3b4  180 2  0.0019
1256  106.700  #b4b3b3  180 3  0.0009
1257  106.900  #b4b3b4  180 4  0.0019
1258  107.200  #b3b4b3  180 5  0.0028
1259  107.500  #b3b4b4  180 6  0.0028
1260  107.600  #b4b4b3  180 7  0.0009
1261  107.800  #b4b4b4  181 1  0.0019
1262  107.900  #b4b4b5  181 2  0.0009
1263  108.000  #b5b4b4  181 3  0.0009
1264  108.200  #b5b4b5  181 4  0.0019
1265  108.600  #b4b5b4  181 5  0.0037
1266  108.800  #b4b5b5  181 6  0.0018
1267  108.900  #b5b5b4  181 7  0.0009
1268  109.100  #b5b5b5  182 1  0.0018
1269  109.200  #b5b5b6  182 2  0.0009
1270  109.400  #b6b5b5  182 3  0.0018
1271  109.600  #b6b5b6  182 4  0.0018
1272  109.900  #b5b6b5  182 5  0.0027
1273  110.200  #b5b6b6  182 6  0.0027
1274  110.200  #b6b6b5  182 7  0.0000
1275  110.400  #b6b6b6  183 1  0.0018
1276  110.600  #b6b6b7  183 2  0.0018
1277  110.800  #b7b6b6  183 3  0.0018
1278  110.900  #b7b6b7  183 4  0.0009
1279  111.300  #b6b7b6  183 5  0.0036
1280  111.500  #b6b7b7  183 6  0.0018
1281  111.600  #b7b7b6  183 7  0.0009
1282  111.900  #b7b7b7  184 1  0.0027
1283  112.000  #b7b7b8  184 2  0.0009
1284  112.100  #b8b7b7  184 3  0.0009
1285  112.300  #b8b7b8  184 4  0.0018
1286  112.700  #b7b8b7  184 5  0.0036
1287  112.900  #b7b8b8  184 6  0.0018
1288  112.900  #b8b8b7  184 7  0.0000
1289  113.200  #b8b8b8  185 1  0.0027
1290  113.300  #b8b8b9  185 2  0.0009
1291  113.500  #b9b8b8  185 3  0.0018
1292  113.600  #b9b8b9  185 4  0.0009
1293  114.100  #b8b9b8  185 5  0.0044
1294  114.200  #b8b9b9  185 6  0.0009
1295  114.300  #b9b9b8  185 7  0.0009
1296  114.500  #b9b9b9  186 1  0.0017
1297  114.600  #b9b9ba  186 2  0.0009
1298  114.800  #bab9b9  186 3  0.0017
1299  115.000  #bab9ba  186 4  0.0017
1300  115.500  #b9bab9  186 5  0.0043
1301  115.600  #b9baba  186 6  0.0009
1302  115.700  #babab9  186 7  0.0009
1303  115.900  #bababa  187 1  0.0017
1304  116.000  #bababb  187 2  0.0009
1305  116.200  #bbbaba  187 3  0.0017
1306  116.300  #bbbabb  187 4  0.0009
1307  116.800  #babbba  187 5  0.0043
1308  117.000  #babbbb  187 6  0.0017
1309  117.000  #bbbbba  187 7  0.0000
1310  117.200  #bbbbbb  188 1  0.0017
1311  117.300  #bbbbbc  188 2  0.0009
1312  117.600  #bcbbbb  188 3  0.0026
1313  117.800  #bcbbbc  188 4  0.0017
1314  118.100  #bbbcbb  188 5  0.0025
1315  118.300  #bbbcbc  188 6  0.0017
1316  118.300  #bcbcbb  188 7  0.0000
1317  118.600  #bcbcbc  189 1  0.0025
1318  118.800  #bcbcbd  189 2  0.0017
1319  118.900  #bdbcbc  189 3  0.0008
1320  119.000  #bdbcbd  189 4  0.0008
1321  119.300  #bcbdbc  189 5  0.0025
1322  119.500  #bcbdbd  189 6  0.0017
1323  119.800  #bdbdbc  189 7  0.0025
1324  119.900  #bdbdbd  190 1  0.0008
1325  120.100  #bdbdbe  190 2  0.0017
1326  120.100  #bebdbd  190 3  0.0000
1327  120.300  #bebdbe  190 4  0.0017
1328  120.800  #bdbebd  190 5  0.0041
1329  121.000  #bdbebe  190 6  0.0017
1330  121.200  #bebebd  190 7  0.0017
1331  121.300  #bebebe  191 1  0.0008
1332  121.500  #bebebf  191 2  0.0016
1333  121.500  #bfbebe  191 3  0.0000
1334  121.800  #bfbebf  191 4  0.0025
1335  122.300  #bebfbe  191 5  0.0041
1336  122.400  #bebfbf  191 6  0.0008
1337  122.600  #bfbfbe  191 7  0.0016
1338  122.600  #bfbfbf  192 1  0.0000
1339  122.800  #bfbfc0  192 2  0.0016
1340  123.000  #c0bfbf  192 3  0.0016
1341  123.100  #c0bfc0  192 4  0.0008
1342  123.600  #bfc0bf  192 5  0.0041
1343  123.700  #bfc0c0  192 6  0.0008
1344  123.900  #c0c0bf  192 7  0.0016
1345  123.900  #c0c0c0  193 1  0.0000
1346  124.100  #c0c0c1  193 2  0.0016
1347  124.400  #c1c0c0  193 3  0.0024
1348  124.400  #c1c0c1  193 4  0.0000
1349  125.000  #c0c1c0  193 5  0.0048
1350  125.000  #c0c1c1  193 6  0.0000
1351  125.200  #c1c1c0  193 7  0.0016
1352  125.500  #c1c1c1  194 1  0.0024
1353  125.500  #c1c1c2  194 2  0.0000
1354  125.800  #c2c1c1  194 3  0.0024
1355  125.700  #c2c1c2  194 4  -0.0008
1356  126.400  #c1c2c1  194 5  0.0056
1357  126.500  #c1c2c2  194 6  0.0008
1358  126.600  #c2c2c1  194 7  0.0008
1359  126.800  #c2c2c2  195 1  0.0016
1360  126.900  #c2c2c3  195 2  0.0008
1361  127.100  #c3c2c2  195 3  0.0016
1362  127.300  #c3c2c3  195 4  0.0016
1363  127.700  #c2c3c2  195 5  0.0031
1364  127.900  #c2c3c3  195 6  0.0016
1365  128.100  #c3c3c2  195 7  0.0016
1366  128.200  #c3c3c3  196 1  0.0008
1367  128.400  #c3c3c4  196 2  0.0016
1368  128.400  #c4c3c3  196 3  0.0000
1369  128.700  #c4c3c4  196 4  0.0023
1370  129.200  #c3c4c3  196 5  0.0039
1371  129.200  #c3c4c4  196 6  0.0000
1372  129.400  #c4c4c3  196 7  0.0015
1373  129.600  #c4c4c4  197 1  0.0015
1374  129.700  #c4c4c5  197 2  0.0008
1375  129.900  #c5c4c4  197 3  0.0015
1376  130.000  #c5c4c5  197 4  0.0008
1377  130.500  #c4c5c4  197 5  0.0038
1378  130.800  #c4c5c5  197 6  0.0023
1379  130.800  #c5c5c4  197 7  0.0000
1380  131.100  #c5c5c5  198 1  0.0023
1381  131.300  #c5c5c6  198 2  0.0015
1382  131.300  #c6c5c5  198 3  0.0000
1383  131.400  #c6c5c6  198 4  0.0008
1384  132.200  #c5c6c5  198 5  0.0061
1385  132.100  #c5c6c6  198 6  -0.0008
1386  132.400  #c6c6c5  198 7  0.0023
1387  132.600  #c6c6c6  199 1  0.0015
1388  132.500  #c6c6c7  199 2  -0.0008
1389  132.900  #c7c6c6  199 3  0.0030
1390  133.100  #c7c6c7  199 4  0.0015
1391  133.500  #c6c7c6  199 5  0.0030
1392  133.700  #c6c7c7  199 6  0.0015
1393  133.900  #c7c7c6  199 7  0.0015
1394  134.000  #c7c7c7  200 1  0.0007
1395  134.100  #c7c7c8  200 2  0.0007
1396  134.100  #c8c7c7  200 3  0.0000
1397  133.900  #c8c7c8  200 4  -0.0015
1398  135.100  #c7c8c7  200 5  0.0089
1399  135.100  #c7c8c8  200 6  0.0000
1400  134.900  #c8c8c7  200 7  -0.0015
1401  135.000  #c8c8c8  201 1  0.0007
1402  135.200  #c8c8c9  201 2  0.0015
1403  135.200  #c9c8c8  201 3  0.0000
1404  135.500  #c9c8c9  201 4  0.0022
1405  136.100  #c8c9c8  201 5  0.0044
1406  136.000  #c8c9c9  201 6  -0.0007
1407  136.400  #c9c9c8  201 7  0.0029
1408  136.700  #c9c9c9  202 1  0.0022
1409  136.600  #c9c9ca  202 2  -0.0007
1410  136.800  #cac9c9  202 3  0.0015
1411  137.100  #cac9ca  202 4  0.0022
1412  137.500  #c9cac9  202 5  0.0029
1413  137.800  #c9caca  202 6  0.0022
1414  138.000  #cacac9  202 7  0.0015
1415  138.100  #cacaca  203 1  0.0007
1416  138.200  #cacacb  203 2  0.0007
1417  138.500  #cbcaca  203 3  0.0022
1418  138.500  #cbcacb  203 4  0.0000
1419  139.200  #cacbca  203 5  0.0050
1420  139.400  #cacbcb  203 6  0.0014
1421  139.500  #cbcbca  203 7  0.0007
1422  139.500  #cbcbcb  204 1  0.0000
1423  139.700  #cbcbcc  204 2  0.0014
1424  139.900  #cccbcb  204 3  0.0014
1425  140.000  #cccbcc  204 4  0.0007
1426  140.600  #cbcccb  204 5  0.0043
1427  140.700  #cbcccc  204 6  0.0007
1428  141.000  #cccccb  204 7  0.0021
1429  141.000  #cccccc  205 1  0.0000
1430  141.200  #cccccd  205 2  0.0014
1431  141.400  #cdcccc  205 3  0.0014
1432  141.600  #cdcccd  205 4  0.0014
1433  142.000  #cccdcc  205 5  0.0028
1434  142.300  #cccdcd  205 6  0.0021
1435  142.500  #cdcdcc  205 7  0.0014
1436  142.400  #cdcdcd  206 1  -0.0007
1437  142.700  #cdcdce  206 2  0.0021
1438  142.900  #cecdcd  206 3  0.0014
1439  143.200  #cecdce  206 4  0.0021
1440  143.600  #cdcecd  206 5  0.0028
1441  143.800  #cdcece  206 6  0.0014
1442  144.100  #cececd  206 7  0.0021
1443  144.200  #cecece  207 1  0.0007
1444  144.200  #cececf  207 2  0.0000
1445  144.500  #cfcece  207 3  0.0021
1446  144.700  #cfcecf  207 4  0.0014
1447  145.300  #cecfce  207 5  0.0041
1448  145.400  #cecfcf  207 6  0.0007
1449  145.500  #cfcfce  207 7  0.0007
1450  145.700  #cfcfcf  208 1  0.0014
1451  145.800  #cfcfd0  208 2  0.0007
1452  146.000  #d0cfcf  208 3  0.0014
1453  146.100  #d0cfd0  208 4  0.0007
1454  146.700  #cfd0cf  208 5  0.0041
1455  146.800  #cfd0d0  208 6  0.0007
1456  147.000  #d0d0cf  208 7  0.0014
1457  147.100  #d0d0d0  209 1  0.0007
1458  147.300  #d0d0d1  209 2  0.0014
1459  147.500  #d1d0d0  209 3  0.0014
1460  147.700  #d1d0d1  209 4  0.0014
1461  148.100  #d0d1d0  209 5  0.0027
1462  148.300  #d0d1d1  209 6  0.0013
1463  148.700  #d1d1d0  209 7  0.0027
1464  148.800  #d1d1d1  210 1  0.0007
1465  148.800  #d1d1d2  210 2  0.0000
1466  149.100  #d2d1d1  210 3  0.0020
1467  149.300  #d2d1d2  210 4  0.0013
1468  149.900  #d1d2d1  210 5  0.0040
1469  150.000  #d1d2d2  210 6  0.0007
1470  150.200  #d2d2d1  210 7  0.0013
1471  150.400  #d2d2d2  211 1  0.0013
1472  150.600  #d2d2d3  211 2  0.0013
1473  150.600  #d3d2d2  211 3  0.0000
1474  150.800  #d3d2d3  211 4  0.0013
1475  151.400  #d2d3d2  211 5  0.0040
1476  151.500  #d2d3d3  211 6  0.0007
1477  151.800  #d3d3d2  211 7  0.0020
1478  151.700  #d3d3d3  212 1  -0.0007
1479  152.000  #d3d3d4  212 2  0.0020
1480  152.200  #d4d3d3  212 3  0.0013
1481  152.300  #d4d3d4  212 4  0.0007
1482  152.900  #d3d4d3  212 5  0.0039
1483  152.900  #d3d4d4  212 6  0.0000
1484  153.100  #d4d4d3  212 7  0.0013
1485  153.200  #d4d4d4  213 1  0.0007
1486  153.500  #d4d4d5  213 2  0.0020
1487  153.600  #d5d4d4  213 3  0.0007
1488  153.800  #d5d4d5  213 4  0.0013
1489  154.300  #d4d5d4  213 5  0.0032
1490  154.500  #d4d5d5  213 6  0.0013
1491  154.800  #d5d5d4  213 7  0.0019
1492  154.800  #d5d5d5  214 1  0.0000
1493  155.000  #d5d5d6  214 2  0.0013
1494  155.300  #d6d5d5  214 3  0.0019
1495  155.400  #d6d5d6  214 4  0.0006
1496  156.000  #d5d6d5  214 5  0.0039
1497  156.100  #d5d6d6  214 6  0.0006
1498  156.300  #d6d6d5  214 7  0.0013
1499  156.500  #d6d6d6  215 1  0.0013
1500  156.700  #d6d6d7  215 2  0.0013
1501  156.800  #d7d6d6  215 3  0.0006
1502  157.000  #d7d6d7  215 4  0.0013
1503  157.500  #d6d7d6  215 5  0.0032
1504  157.700  #d6d7d7  215 6  0.0013
1505  158.000  #d7d7d6  215 7  0.0019
1506  158.200  #d7d7d7  216 1  0.0013
1507  158.200  #d7d7d8  216 2  0.0000
1508  158.300  #d8d7d7  216 3  0.0006
1509  158.500  #d8d7d8  216 4  0.0013
1510  159.000  #d7d8d7  216 5  0.0031
1511  159.200  #d7d8d8  216 6  0.0013
1512  159.400  #d8d8d7  216 7  0.0013
1513  159.500  #d8d8d8  217 1  0.0006
1514  159.700  #d8d8d9  217 2  0.0013
1515  160.000  #d9d8d8  217 3  0.0019
1516  160.100  #d9d8d9  217 4  0.0006
1517  160.600  #d8d9d8  217 5  0.0031
1518  160.700  #d8d9d9  217 6  0.0006
1519  161.000  #d9d9d8  217 7  0.0019
1520  161.200  #d9d9d9  218 1  0.0012
1521  161.400  #d9d9da  218 2  0.0012
1522  161.500  #dad9d9  218 3  0.0006
1523  161.600  #dad9da  218 4  0.0006
1524  162.200  #d9dad9  218 5  0.0037
1525  162.600  #d9dada  218 6  0.0025
1526  162.700  #dadad9  218 7  0.0006
1527  162.900  #dadada  219 1  0.0012
1528  163.000  #dadadb  219 2  0.0006
1529  163.100  #dbdada  219 3  0.0006
1530  163.300  #dbdadb  219 4  0.0012
1531  164.000  #dadbda  219 5  0.0043
1532  164.100  #dadbdb  219 6  0.0006
1533  164.300  #dbdbda  219 7  0.0012
1534  164.400  #dbdbdb  220 1  0.0006
1535  164.500  #dbdbdc  220 2  0.0006
1536  164.700  #dcdbdb  220 3  0.0012
1537  164.900  #dcdbdc  220 4  0.0012
1538  165.400  #dbdcdb  220 5  0.0030
1539  165.500  #dbdcdc  220 6  0.0006
1540  165.600  #dcdcdb  220 7  0.0006
1541  165.800  #dcdcdc  221 1  0.0012
1542  166.000  #dcdcdd  221 2  0.0012
1543  166.300  #dddcdc  221 3  0.0018
1544  166.400  #dddcdd  221 4  0.0006
1545  166.900  #dcdddc  221 5  0.0030
1546  167.100  #dcdddd  221 6  0.0012
1547  167.300  #dddddc  221 7  0.0012
1548  167.500  #dddddd  222 1  0.0012
1549  167.600  #ddddde  222 2  0.0006
1550  167.900  #dedddd  222 3  0.0018
1551  168.100  #deddde  222 4  0.0012
1552  168.600  #dddedd  222 5  0.0030
1553  168.800  #dddede  222 6  0.0012
1554  169.100  #dededd  222 7  0.0018
1555  169.200  #dedede  223 1  0.0006
1556  169.300  #dededf  223 2  0.0006
1557  169.500  #dfdede  223 3  0.0012
1558  169.600  #dfdedf  223 4  0.0006
1559  170.300  #dedfde  223 5  0.0041
1560  170.400  #dedfdf  223 6  0.0006
1561  170.700  #dfdfde  223 7  0.0018
1562  170.700  #dfdfdf  224 1  0.0000
1563  170.800  #dfdfe0  224 2  0.0006
1564  171.100  #e0dfdf  224 3  0.0018
1565  171.200  #e0dfe0  224 4  0.0006
1566  171.700  #dfe0df  224 5  0.0029
1567  171.900  #dfe0e0  224 6  0.0012
1568  172.000  #e0e0df  224 7  0.0006
1569  172.200  #e0e0e0  225 1  0.0012
1570  172.400  #e0e0e1  225 2  0.0012
1571  172.700  #e1e0e0  225 3  0.0017
1572  172.800  #e1e0e1  225 4  0.0006
1573  173.200  #e0e1e0  225 5  0.0023
1574  173.300  #e0e1e1  225 6  0.0006
1575  173.600  #e1e1e0  225 7  0.0017
1576  173.800  #e1e1e1  226 1  0.0012
1577  174.000  #e1e1e2  226 2  0.0012
1578  174.200  #e2e1e1  226 3  0.0011
1579  174.400  #e2e1e2  226 4  0.0011
1580  174.800  #e1e2e1  226 5  0.0023
1581  175.000  #e1e2e2  226 6  0.0011
1582  175.400  #e2e2e1  226 7  0.0023
1583  175.000  #e2e2e2  227 1  -0.0023
1584  175.000  #e2e2e3  227 2  0.0000
1585  175.000  #e3e2e2  227 3  0.0000
1586  175.000  #e3e2e3  227 4  0.0000
1587  176.000  #e2e3e2  227 5  0.0057
1588  176.000  #e2e3e3  227 6  0.0000
1589  176.000  #e3e3e2  227 7  0.0000
1590  176.000  #e3e3e3  228 1  0.0000
1591  176.000  #e3e3e4  228 2  0.0000
1592  176.000  #e4e3e3  228 3  0.0000
1593  176.000  #e4e3e4  228 4  0.0000
1594  177.000  #e3e4e3  228 5  0.0057
1595  177.000  #e3e4e4  228 6  0.0000
1596  177.000  #e4e4e3  228 7  0.0000
1597  177.000  #e4e4e4  229 1  0.0000
1598  177.000  #e4e4e5  229 2  0.0000
1599  178.000  #e5e4e4  229 3  0.0056
1600  178.000  #e5e4e5  229 4  0.0000
1601  178.000  #e4e5e4  229 5  0.0000
1602  179.000  #e4e5e5  229 6  0.0056
1603  179.000  #e5e5e4  229 7  0.0000
1604  179.000  #e5e5e5  230 1  0.0000
1605  179.000  #e5e5e6  230 2  0.0000
1606  179.000  #e6e5e5  230 3  0.0000
1607  180.000  #e6e5e6  230 4  0.0056
1608  180.000  #e5e6e5  230 5  0.0000
1609  180.000  #e5e6e6  230 6  0.0000
1610  180.000  #e6e6e5  230 7  0.0000
1611  181.000  #e6e6e6  231 1  0.0055
1612  181.000  #e6e6e7  231 2  0.0000
1613  181.000  #e7e6e6  231 3  0.0000
1614  181.000  #e7e6e7  231 4  0.0000
1615  182.000  #e6e7e6  231 5  0.0055
1616  182.000  #e6e7e7  231 6  0.0000
1617  182.000  #e7e7e6  231 7  0.0000
1618  182.000  #e7e7e7  232 1  0.0000
1619  182.000  #e7e7e8  232 2  0.0000
1620  183.000  #e8e7e7  232 3  0.0055
1621  183.000  #e8e7e8  232 4  0.0000
1622  183.000  #e7e8e7  232 5  0.0000
1623  183.000  #e7e8e8  232 6  0.0000
1624  184.000  #e8e8e7  232 7  0.0054
1625  184.000  #e8e8e8  233 1  0.0000
1626  184.000  #e8e8e9  233 2  0.0000
1627  184.000  #e9e8e8  233 3  0.0000
1628  184.000  #e9e8e9  233 4  0.0000
1629  185.000  #e8e9e8  233 5  0.0054
1630  185.000  #e8e9e9  233 6  0.0000
1631  185.000  #e9e9e8  233 7  0.0000
1632  185.000  #e9e9e9  234 1  0.0000
1633  185.000  #e9e9ea  234 2  0.0000
1634  185.000  #eae9e9  234 3  0.0000
1635  185.000  #eae9ea  234 4  0.0000
1636  186.000  #e9eae9  234 5  0.0054
1637  186.000  #e9eaea  234 6  0.0000
1638  187.000  #eaeae9  234 7  0.0054
1639  187.000  #eaeaea  235 1  0.0000
1640  187.000  #eaeaeb  235 2  0.0000
1641  187.000  #ebeaea  235 3  0.0000
1642  187.000  #ebeaeb  235 4  0.0000
1643  188.000  #eaebea  235 5  0.0053
1644  188.000  #eaebeb  235 6  0.0000
1645  188.000  #ebebea  235 7  0.0000
1646  188.000  #ebebeb  236 1  0.0000
1647  188.000  #ebebec  236 2  0.0000
1648  189.000  #ecebeb  236 3  0.0053
1649  189.000  #ecebec  236 4  0.0000
1650  189.000  #ebeceb  236 5  0.0000
1651  189.000  #ebecec  236 6  0.0000
1652  190.000  #ececeb  236 7  0.0053
1653  190.000  #ececec  237 1  0.0000
1654  190.000  #ececed  237 2  0.0000
1655  190.000  #edecec  237 3  0.0000
1656  190.000  #edeced  237 4  0.0000
1657  191.000  #ecedec  237 5  0.0052
1658  191.000  #eceded  237 6  0.0000
1659  191.000  #ededec  237 7  0.0000
1660  191.000  #ededed  238 1  0.0000
1661  191.000  #ededee  238 2  0.0000
1662  192.000  #eeeded  238 3  0.0052
1663  192.000  #eeedee  238 4  0.0000
1664  192.000  #edeeed  238 5  0.0000
1665  192.000  #edeeee  238 6  0.0000
1666  193.000  #eeeeed  238 7  0.0052
1667  193.000  #eeeeee  239 1  0.0000
1668  193.000  #eeeeef  239 2  0.0000
1669  193.000  #efeeee  239 3  0.0000
1670  194.000  #efeeef  239 4  0.0052
1671  194.000  #eeefee  239 5  0.0000
1672  194.000  #eeefef  239 6  0.0000
1673  194.000  #efefee  239 7  0.0000
1674  194.000  #efefef  240 1  0.0000
1675  195.000  #efeff0  240 2  0.0051
1676  195.000  #f0efef  240 3  0.0000
1677  195.000  #f0eff0  240 4  0.0000
1678  195.000  #eff0ef  240 5  0.0000
1679  195.000  #eff0f0  240 6  0.0000
1680  195.000  #f0f0ef  240 7  0.0000
1681  196.000  #f0f0f0  241 1  0.0051
1682  196.000  #f0f0f1  241 2  0.0000
1683  196.000  #f1f0f0  241 3  0.0000
1684  196.000  #f1f0f1  241 4  0.0000
1685  197.000  #f0f1f0  241 5  0.0051
1686  197.000  #f0f1f1  241 6  0.0000
1687  197.000  #f1f1f0  241 7  0.0000
1688  197.000  #f1f1f1  242 1  0.0000
1689  197.000  #f1f1f2  242 2  0.0000
1690  198.000  #f2f1f1  242 3  0.0051
1691  198.000  #f2f1f2  242 4  0.0000
1692  198.000  #f1f2f1  242 5  0.0000
1693  198.000  #f1f2f2  242 6  0.0000
1694  199.000  #f2f2f1  242 7  0.0050
1695  199.000  #f2f2f2  243 1  0.0000
1696  199.000  #f2f2f3  243 2  0.0000
1697  199.000  #f3f2f2  243 3  0.0000
1698  200.000  #f3f2f3  243 4  0.0050
1699  200.000  #f2f3f2  243 5  0.0000
1700  200.000  #f2f3f3  243 6  0.0000
1701  200.000  #f3f3f2  243 7  0.0000
1702  200.000  #f3f3f3  244 1  0.0000
1703  201.000  #f3f3f4  244 2  0.0050
1704  201.000  #f4f3f3  244 3  0.0000
1705  201.000  #f4f3f4  244 4  0.0000
1706  201.000  #f3f4f3  244 5  0.0000
1707  201.000  #f3f4f4  244 6  0.0000
1708  201.000  #f4f4f3  244 7  0.0000
1709  202.000  #f4f4f4  245 1  0.0050
1710  202.000  #f4f4f5  245 2  0.0000
1711  202.000  #f5f4f4  245 3  0.0000
1712  202.000  #f5f4f5  245 4  0.0000
1713  202.000  #f4f5f4  245 5  0.0000
1714  203.000  #f4f5f5  245 6  0.0049
1715  203.000  #f5f5f4  245 7  0.0000
1716  203.000  #f5f5f5  246 1  0.0000
1717  203.000  #f5f5f6  246 2  0.0000
1718  204.000  #f6f5f5  246 3  0.0049
1719  204.000  #f6f5f6  246 4  0.0000
1720  204.000  #f5f6f5  246 5  0.0000
1721  204.000  #f5f6f6  246 6  0.0000
1722  205.000  #f6f6f5  246 7  0.0049
1723  205.000  #f6f6f6  247 1  0.0000
1724  205.000  #f6f6f7  247 2  0.0000
1725  205.000  #f7f6f6  247 3  0.0000
1726  205.000  #f7f6f7  247 4  0.0000
1727  206.000  #f6f7f6  247 5  0.0049
1728  206.000  #f6f7f7  247 6  0.0000
1729  206.000  #f7f7f6  247 7  0.0000
1730  206.000  #f7f7f7  248 1  0.0000
1731  206.000  #f7f7f8  248 2  0.0000
1732  207.000  #f8f7f7  248 3  0.0048
1733  207.000  #f8f7f8  248 4  0.0000
1734  207.000  #f7f8f7  248 5  0.0000
1735  207.000  #f7f8f8  248 6  0.0000
1736  207.000  #f8f8f7  248 7  0.0000
1737  207.000  #f8f8f8  249 1  0.0000
1738  208.000  #f8f8f9  249 2  0.0048
1739  208.000  #f9f8f8  249 3  0.0000
1740  208.000  #f9f8f9  249 4  0.0000
1741  208.000  #f8f9f8  249 5  0.0000
1742  208.000  #f8f9f9  249 6  0.0000
1743  209.000  #f9f9f8  249 7  0.0048
1744  209.000  #f9f9f9  250 1  0.0000
1745  209.000  #f9f9fa  250 2  0.0000
1746  209.000  #faf9f9  250 3  0.0000
1747  209.000  #faf9fa  250 4  0.0000
1748  210.000  #f9faf9  250 5  0.0048
1749  210.000  #f9fafa  250 6  0.0000
1750  210.000  #fafaf9  250 7  0.0000
1751  210.000  #fafafa  251 1  0.0000
1752  211.000  #fafafb  251 2  0.0048
1753  211.000  #fbfafa  251 3  0.0000
1754  211.000  #fbfafb  251 4  0.0000
1755  211.000  #fafbfa  251 5  0.0000
1756  211.000  #fafbfb  251 6  0.0000
1757  212.000  #fbfbfa  251 7  0.0047
1758  212.000  #fbfbfb  252 1  0.0000
1759  212.000  #fbfbfc  252 2  0.0000
1760  212.000  #fcfbfb  252 3  0.0000
1761  212.000  #fcfbfc  252 4  0.0000
1762  212.000  #fbfcfb  252 5  0.0000
1763  212.000  #fbfcfc  252 6  0.0000
1764  212.000  #fcfcfb  252 7  0.0000
1765  213.000  #fcfcfc  253 1  0.0047
1766  213.000  #fcfcfd  253 2  0.0000
1767  213.000  #fdfcfc  253 3  0.0000
1768  213.000  #fdfcfd  253 4  0.0000
1769  213.000  #fcfdfc  253 5  0.0000
1770  214.000  #fcfdfd  253 6  0.0047
1771  214.000  #fdfdfc  253 7  0.0000
1772  214.000  #fdfdfd  254 1  0.0000
1773  214.000  #fdfdfe  254 2  0.0000
1774  214.000  #fefdfd  254 3  0.0000
1775  214.000  #fefdfe  254 4  0.0000
1776  215.000  #fdfefd  254 5  0.0047
1777  215.000  #fdfefe  254 6  0.0000
1778  215.000  #fefefd  254 7  0.0000
1779  215.000  #fefefe  255 1  0.0000
1780  215.000  #fefeff  255 2  0.0000
1781  215.000  #fffefe  255 3  0.0000
1782  216.000  #fffeff  255 4  0.0046
1783  217.000  #fefffe  255 5  0.0046
1784  217.000  #feffff  255 6  0.0000
1785  217.000  #fffffe  255 7  0.0000
1786  217.000  #ffffff  256 1  0.0000
