#  lumResponse vers. 1.5f - 12/07/06
#  Display ID: DELL_2007FP_C953667D35YL
#  iLdelay=1  avgN=1  ILlimit_plus=0.50 ILlimit_minus=-0.05  R=22.5% G=68.3% B=9.2%
#  50.7  #ff0000
#  153.7  #00ff00
#  20.7  #0000ff
   1    0.315  #000000    1 1  0.0000
   2    0.315  #000001    1 2  0.0000
   3    0.315  #010000    1 3  0.0000
   4    0.315  #010001    1 4  0.0000
   5    0.315  #000100    1 5  0.0000
   6    0.315  #000101    1 6  0.0000
   7    0.315  #010100    1 7  0.0000
   8    0.315  #010101    2 1  0.0000
   9    0.317  #010102    2 2  0.0063
  10    0.320  #020101    2 3  0.0094
  11    0.323  #020102    2 4  0.0093
  12    0.330  #010201    2 5  0.0214
  13    0.332  #010202    2 6  0.0060
  14    0.335  #020201    2 7  0.0090
  15    0.337  #020202    3 1  0.0060
  16    0.338  #020203    3 2  0.0030
  17    0.338  #030202    3 3  0.0000
  18    0.338  #030203    3 4  0.0000
  19    0.339  #020302    3 5  0.0030
  20    0.340  #020303    3 6  0.0029
  21    0.340  #030302    3 7  0.0000
  22    0.340  #030303    4 1  0.0000
  23    0.341  #030304    4 2  0.0029
  24    0.341  #040303    4 3  0.0000
  25    0.342  #040304    4 4  0.0029
  26    0.343  #030403    4 5  0.0029
  27    0.344  #030404    4 6  0.0029
  28    0.344  #040403    4 7  0.0000
  29    0.345  #040404    5 1  0.0029
  30    0.345  #040405    5 2  0.0000
  31    0.346  #050404    5 3  0.0029
  32    0.347  #050405    5 4  0.0029
  33    0.350  #040504    5 5  0.0086
  34    0.351  #040505    5 6  0.0029
  35    0.352  #050504    5 7  0.0028
  36    0.353  #050505    6 1  0.0028
  37    0.354  #050506    6 2  0.0028
  38    0.356  #060505    6 3  0.0056
  39    0.357  #060506    6 4  0.0028
  40    0.361  #050605    6 5  0.0111
  41    0.362  #050606    6 6  0.0028
  42    0.364  #060605    6 7  0.0055
  43    0.365  #060606    7 1  0.0027
  44    0.367  #060607    7 2  0.0055
  45    0.368  #070606    7 3  0.0027
  46    0.370  #070607    7 4  0.0054
  47    0.375  #060706    7 5  0.0134
  48    0.376  #060707    7 6  0.0027
  49    0.378  #070706    7 7  0.0053
  50    0.380  #070707    8 1  0.0053
  51    0.381  #070708    8 2  0.0026
  52    0.384  #080707    8 3  0.0078
  53    0.385  #080708    8 4  0.0026
  54    0.390  #070807    8 5  0.0129
  55    0.392  #070808    8 6  0.0051
  56    0.394  #080807    8 7  0.0051
  57    0.395  #080808    9 1  0.0025
  58    0.397  #080809    9 2  0.0051
  59    0.400  #090808    9 3  0.0075
  60    0.402  #090809    9 4  0.0050
  61    0.409  #080908    9 5  0.0173
  62    0.411  #080909    9 6  0.0049
  63    0.413  #090908    9 7  0.0049
  64    0.415  #090909   10 1  0.0048
  65    0.418  #09090a   10 2  0.0072
  66    0.422  #0a0909   10 3  0.0095
  67    0.425  #0a090a   10 4  0.0071
  68    0.435  #090a09   10 5  0.0233
  69    0.438  #090a0a   10 6  0.0069
  70    0.442  #0a0a09   10 7  0.0091
  71    0.445  #0a0a0a   11 1  0.0068
  72    0.449  #0a0a0b   11 2  0.0089
  73    0.454  #0b0a0a   11 3  0.0111
  74    0.457  #0b0a0b   11 4  0.0066
  75    0.470  #0a0b0a   11 5  0.0280
  76    0.473  #0a0b0b   11 6  0.0064
  77    0.478  #0b0b0a   11 7  0.0105
  78    0.482  #0b0b0b   12 1  0.0083
  79    0.485  #0b0b0c   12 2  0.0062
  80    0.490  #0c0b0b   12 3  0.0103
  81    0.494  #0c0b0c   12 4  0.0081
  82    0.506  #0b0c0b   12 5  0.0240
  83    0.509  #0b0c0c   12 6  0.0059
  84    0.514  #0c0c0b   12 7  0.0098
  85    0.517  #0c0c0c   13 1  0.0058
  86    0.521  #0c0c0d   13 2  0.0077
  87    0.526  #0d0c0c   13 3  0.0096
  88    0.530  #0d0c0d   13 4  0.0076
  89    0.543  #0c0d0c   13 5  0.0242
  90    0.546  #0c0d0d   13 6  0.0055
  91    0.552  #0d0d0c   13 7  0.0109
  92    0.555  #0d0d0d   14 1  0.0054
  93    0.560  #0d0d0e   14 2  0.0090
  94    0.568  #0e0d0d   14 3  0.0142
  95    0.573  #0e0d0e   14 4  0.0088
  96    0.591  #0d0e0d   14 5  0.0309
  97    0.596  #0d0e0e   14 6  0.0084
  98    0.603  #0e0e0d   14 7  0.0117
  99    0.608  #0e0e0e   15 1  0.0083
 100    0.615  #0e0e0f   15 2  0.0114
 101    0.624  #0f0e0e   15 3  0.0145
 102    0.630  #0f0e0f   15 4  0.0096
 103    0.650  #0e0f0e   15 5  0.0313
 104    0.657  #0e0f0f   15 6  0.0107
 105    0.665  #0f0f0e   15 7  0.0121
 106    0.672  #0f0f0f   16 1  0.0105
 107    0.677  #0f0f10   16 2  0.0074
 108    0.686  #100f0f   16 3  0.0132
 109    0.691  #100f10   16 4  0.0073
 110    0.712  #0f100f   16 5  0.0299
 111    0.717  #0f1010   16 6  0.0070
 112    0.725  #10100f   16 7  0.0111
 113    0.731  #101010   17 1  0.0082
 114    0.737  #101011   17 2  0.0082
 115    0.746  #111010   17 3  0.0121
 116    0.752  #111011   17 4  0.0080
 117    0.773  #101110   17 5  0.0275
 118    0.779  #101111   17 6  0.0077
 119    0.788  #111110   17 7  0.0115
 120    0.794  #111111   18 1  0.0076
 121    0.802  #111112   18 2  0.0100
 122    0.814  #121111   18 3  0.0149
 123    0.822  #121112   18 4  0.0098
 124    0.850  #111211   18 5  0.0335
 125    0.858  #111212   18 6  0.0094
 126    0.870  #121211   18 7  0.0139
 127    0.878  #121212   19 1  0.0092
 128    0.888  #121213   19 2  0.0113
 129    0.901  #131212   19 3  0.0145
 130    0.910  #131213   19 4  0.0099
 131    0.942  #121312   19 5  0.0346
 132    0.952  #121313   19 6  0.0106
 133    0.964  #131312   19 7  0.0125
 134    0.974  #131313   20 1  0.0103
 135    0.982  #131314   20 2  0.0082
 136    0.995  #141313   20 3  0.0132
 137    1.004  #141314   20 4  0.0090
 138    1.034  #131413   20 5  0.0294
 139    1.044  #131414   20 6  0.0096
 140    1.056  #141413   20 7  0.0114
 141    1.065  #141414   21 1  0.0085
 142    1.073  #141415   21 2  0.0075
 143    1.084  #151414   21 3  0.0102
 144    1.093  #151415   21 4  0.0083
 145    1.122  #141514   21 5  0.0262
 146    1.131  #141515   21 6  0.0080
 147    1.142  #151514   21 7  0.0097
 148    1.150  #151515   22 1  0.0070
 149    1.160  #151516   22 2  0.0087
 150    1.175  #161515   22 3  0.0128
 151    1.186  #161516   22 4  0.0093
 152    1.222  #151615   22 5  0.0299
 153    1.232  #151616   22 6  0.0081
 154    1.247  #161615   22 7  0.0121
 155    1.257  #161616   23 1  0.0080
 156    1.267  #161617   23 2  0.0079
 157    1.283  #171616   23 3  0.0125
 158    1.296  #171617   23 4  0.0101
 159    1.335  #161716   23 5  0.0296
 160    1.347  #161717   23 6  0.0089
 161    1.362  #171716   23 7  0.0111
 162    1.374  #171717   24 1  0.0088
 163    1.385  #171718   24 2  0.0080
 164    1.400  #181717   24 3  0.0108
 165    1.411  #181718   24 4  0.0078
 166    1.450  #171817   24 5  0.0273
 167    1.461  #171818   24 6  0.0076
 168    1.477  #181817   24 7  0.0109
 169    1.487  #181818   25 1  0.0067
 170    1.499  #181819   25 2  0.0080
 171    1.517  #191818   25 3  0.0119
 172    1.530  #191819   25 4  0.0085
 173    1.573  #181918   25 5  0.0277
 174    1.585  #181919   25 6  0.0076
 175    1.602  #191918   25 7  0.0107
 176    1.614  #191919   26 1  0.0075
 177    1.628  #19191a   26 2  0.0086
 178    1.649  #1a1919   26 3  0.0128
 179    1.665  #1a191a   26 4  0.0097
 180    1.718  #191a19   26 5  0.0313
 181    1.734  #191a1a   26 6  0.0093
 182    1.750  #1a1a19   26 7  0.0092
 183    1.760  #1a1a1a   27 1  0.0057
 184    1.780  #1a1a1b   27 2  0.0113
 185    1.810  #1b1a1a   27 3  0.0167
 186    1.820  #1b1a1b   27 4  0.0055
 187    1.880  #1a1b1a   27 5  0.0324
 188    1.900  #1a1b1b   27 6  0.0106
 189    1.920  #1b1b1a   27 7  0.0105
 190    1.940  #1b1b1b   28 1  0.0104
 191    1.950  #1b1b1c   28 2  0.0051
 192    1.970  #1c1b1b   28 3  0.0102
 193    1.990  #1c1b1c   28 4  0.0101
 194    2.050  #1b1c1b   28 5  0.0297
 195    2.060  #1b1c1c   28 6  0.0049
 196    2.080  #1c1c1b   28 7  0.0097
 197    2.100  #1c1c1c   29 1  0.0096
 198    2.100  #1c1c1d   29 2  0.0000
 199    2.100  #1d1c1c   29 3  0.0000
 200    2.100  #1d1c1d   29 4  0.0000
 201    2.210  #1c1d1c   29 5  0.0510
 202    2.210  #1c1d1d   29 6  0.0000
 203    2.210  #1d1d1c   29 7  0.0000
 204    2.210  #1d1d1d   30 1  0.0000
 205    2.230  #1d1d1e   30 2  0.0090
 206    2.250  #1e1d1d   30 3  0.0089
 207    2.260  #1e1d1e   30 4  0.0044
 208    2.340  #1d1e1d   30 5  0.0348
 209    2.360  #1d1e1e   30 6  0.0085
 210    2.380  #1e1e1d   30 7  0.0084
 211    2.390  #1e1e1e   31 1  0.0042
 212    2.410  #1e1e1f   31 2  0.0083
 213    2.440  #1f1e1e   31 3  0.0124
 214    2.460  #1f1e1f   31 4  0.0082
 215    2.540  #1e1f1e   31 5  0.0320
 216    2.550  #1e1f1f   31 6  0.0039
 217    2.580  #1f1f1e   31 7  0.0117
 218    2.600  #1f1f1f   32 1  0.0077
 219    2.620  #1f1f20   32 2  0.0077
 220    2.650  #201f1f   32 3  0.0114
 221    2.670  #201f20   32 4  0.0075
 222    2.730  #1f201f   32 5  0.0222
 223    2.760  #1f2020   32 6  0.0109
 224    2.780  #20201f   32 7  0.0072
 225    2.800  #202020   33 1  0.0072
 226    2.820  #202021   33 2  0.0071
 227    2.850  #212020   33 3  0.0106
 228    2.870  #212021   33 4  0.0070
 229    2.910  #202120   33 5  0.0138
 230    2.940  #202121   33 6  0.0103
 231    2.970  #212120   33 7  0.0102
 232    2.980  #212121   34 1  0.0034
 233    3.000  #212122   34 2  0.0067
 234    3.020  #222121   34 3  0.0066
 235    3.040  #222122   34 4  0.0066
 236    3.110  #212221   34 5  0.0228
 237    3.120  #212222   34 6  0.0032
 238    3.140  #222221   34 7  0.0064
 239    3.160  #222222   35 1  0.0063
 240    3.180  #222223   35 2  0.0063
 241    3.200  #232222   35 3  0.0063
 242    3.220  #232223   35 4  0.0062
 243    3.290  #222322   35 5  0.0215
 244    3.310  #222323   35 6  0.0061
 245    3.340  #232322   35 7  0.0090
 246    3.350  #232323   36 1  0.0030
 247    3.370  #232324   36 2  0.0060
 248    3.400  #242323   36 3  0.0089
 249    3.420  #242324   36 4  0.0059
 250    3.480  #232423   36 5  0.0174
 251    3.500  #232424   36 6  0.0057
 252    3.520  #242423   36 7  0.0057
 253    3.550  #242424   37 1  0.0085
 254    3.560  #242425   37 2  0.0028
 255    3.590  #252424   37 3  0.0084
 256    3.610  #252425   37 4  0.0056
 257    3.670  #242524   37 5  0.0165
 258    3.690  #242525   37 6  0.0054
 259    3.710  #252524   37 7  0.0054
 260    3.730  #252525   38 1  0.0054
 261    3.750  #252526   38 2  0.0053
 262    3.770  #262525   38 3  0.0053
 263    3.790  #262526   38 4  0.0053
 264    3.860  #252625   38 5  0.0183
 265    3.880  #252626   38 6  0.0052
 266    3.910  #262625   38 7  0.0077
 267    3.920  #262626   39 1  0.0026
 268    3.940  #262627   39 2  0.0051
 269    3.970  #272626   39 3  0.0076
 270    3.990  #272627   39 4  0.0050
 271    4.060  #262726   39 5  0.0174
 272    4.080  #262727   39 6  0.0049
 273    4.110  #272726   39 7  0.0073
 274    4.120  #272727   40 1  0.0024
 275    4.150  #272728   40 2  0.0073
 276    4.180  #282727   40 3  0.0072
 277    4.200  #282728   40 4  0.0048
 278    4.270  #272827   40 5  0.0165
 279    4.290  #272828   40 6  0.0047
 280    4.320  #282827   40 7  0.0070
 281    4.340  #282828   41 1  0.0046
 282    4.350  #282829   41 2  0.0023
 283    4.380  #292828   41 3  0.0069
 284    4.400  #292829   41 4  0.0046
 285    4.480  #282928   41 5  0.0180
 286    4.500  #282929   41 6  0.0045
 287    4.520  #292928   41 7  0.0044
 288    4.540  #292929   42 1  0.0044
 289    4.570  #29292a   42 2  0.0066
 290    4.590  #2a2929   42 3  0.0044
 291    4.610  #2a292a   42 4  0.0043
 292    4.690  #292a29   42 5  0.0172
 293    4.720  #292a2a   42 6  0.0064
 294    4.750  #2a2a29   42 7  0.0063
 295    4.760  #2a2a2a   43 1  0.0021
 296    4.780  #2a2a2b   43 2  0.0042
 297    4.810  #2b2a2a   43 3  0.0063
 298    4.840  #2b2a2b   43 4  0.0062
 299    4.920  #2a2b2a   43 5  0.0164
 300    4.940  #2a2b2b   43 6  0.0041
 301    4.970  #2b2b2a   43 7  0.0061
 302    4.990  #2b2b2b   44 1  0.0040
 303    5.020  #2b2b2c   44 2  0.0060
 304    5.050  #2c2b2b   44 3  0.0060
 305    5.070  #2c2b2c   44 4  0.0040
 306    5.150  #2b2c2b   44 5  0.0157
 307    5.170  #2b2c2c   44 6  0.0039
 308    5.210  #2c2c2b   44 7  0.0077
 309    5.220  #2c2c2c   45 1  0.0019
 310    5.250  #2c2c2d   45 2  0.0057
 311    5.280  #2d2c2c   45 3  0.0057
 312    5.310  #2d2c2d   45 4  0.0057
 313    5.390  #2c2d2c   45 5  0.0150
 314    5.410  #2c2d2d   45 6  0.0037
 315    5.440  #2d2d2c   45 7  0.0055
 316    5.470  #2d2d2d   46 1  0.0055
 317    5.490  #2d2d2e   46 2  0.0036
 318    5.520  #2e2d2d   46 3  0.0054
 319    5.540  #2e2d2e   46 4  0.0036
 320    5.640  #2d2e2d   46 5  0.0179
 321    5.670  #2d2e2e   46 6  0.0053
 322    5.700  #2e2e2d   46 7  0.0053
 323    5.720  #2e2e2e   47 1  0.0035
 324    5.740  #2e2e2f   47 2  0.0035
 325    5.780  #2f2e2e   47 3  0.0069
 326    5.810  #2f2e2f   47 4  0.0052
 327    5.900  #2e2f2e   47 5  0.0154
 328    5.920  #2e2f2f   47 6  0.0034
 329    5.960  #2f2f2e   47 7  0.0067
 330    5.990  #2f2f2f   48 1  0.0050
 331    6.010  #2f2f30   48 2  0.0033
 332    6.040  #302f2f   48 3  0.0050
 333    6.070  #302f30   48 4  0.0050
 334    6.170  #2f302f   48 5  0.0163
 335    6.200  #2f3030   48 6  0.0049
 336    6.230  #30302f   48 7  0.0048
 337    6.250  #303030   49 1  0.0032
 338    6.280  #303031   49 2  0.0048
 339    6.320  #313030   49 3  0.0063
 340    6.340  #313031   49 4  0.0032
 341    6.430  #303130   49 5  0.0141
 342    6.460  #303131   49 6  0.0047
 343    6.500  #313130   49 7  0.0062
 344    6.530  #313131   50 1  0.0046
 345    6.550  #313132   50 2  0.0031
 346    6.580  #323131   50 3  0.0046
 347    6.610  #323132   50 4  0.0045
 348    6.720  #313231   50 5  0.0165
 349    6.750  #313232   50 6  0.0045
 350    6.780  #323231   50 7  0.0044
 351    6.800  #323232   51 1  0.0029
 352    6.830  #323233   51 2  0.0044
 353    6.870  #333232   51 3  0.0058
 354    6.900  #333233   51 4  0.0044
 355    7.000  #323332   51 5  0.0144
 356    7.030  #323333   51 6  0.0043
 357    7.070  #333332   51 7  0.0057
 358    7.100  #333333   52 1  0.0042
 359    7.120  #333334   52 2  0.0028
 360    7.160  #343333   52 3  0.0056
 361    7.190  #343334   52 4  0.0042
 362    7.300  #333433   52 5  0.0152
 363    7.330  #333434   52 6  0.0041
 364    7.360  #343433   52 7  0.0041
 365    7.390  #343434   53 1  0.0041
 366    7.420  #343435   53 2  0.0041
 367    7.470  #353434   53 3  0.0067
 368    7.490  #353435   53 4  0.0027
 369    7.590  #343534   53 5  0.0133
 370    7.620  #343535   53 6  0.0039
 371    7.670  #353534   53 7  0.0065
 372    7.690  #353535   54 1  0.0026
 373    7.710  #353536   54 2  0.0026
 374    7.750  #363535   54 3  0.0052
 375    7.780  #363536   54 4  0.0039
 376    7.910  #353635   54 5  0.0166
 377    7.930  #353636   54 6  0.0025
 378    7.960  #363635   54 7  0.0038
 379    7.980  #363636   55 1  0.0025
 380    8.020  #363637   55 2  0.0050
 381    8.070  #373636   55 3  0.0062
 382    8.090  #373637   55 4  0.0025
 383    8.200  #363736   55 5  0.0135
 384    8.230  #363737   55 6  0.0037
 385    8.280  #373736   55 7  0.0061
 386    8.310  #373737   56 1  0.0036
 387    8.330  #373738   56 2  0.0024
 388    8.380  #383737   56 3  0.0060
 389    8.410  #383738   56 4  0.0036
 390    8.530  #373837   56 5  0.0142
 391    8.550  #373838   56 6  0.0023
 392    8.590  #383837   56 7  0.0047
 393    8.620  #383838   57 1  0.0035
 394    8.630  #383839   57 2  0.0012
 395    8.630  #393838   57 3  0.0000
 396    8.620  #393839   57 4  -0.0012
 397    8.830  #383938   57 5  0.0241
 398    8.840  #383939   57 6  0.0011
 399    8.840  #393938   57 7  0.0000
 400    8.840  #393939   58 1  0.0000
 401    8.860  #39393a   58 2  0.0023
 402    8.910  #3a3939   58 3  0.0056
 403    8.940  #3a393a   58 4  0.0034
 404    9.070  #393a39   58 5  0.0144
 405    9.090  #393a3a   58 6  0.0022
 406    9.130  #3a3a39   58 7  0.0044
 407    9.170  #3a3a3a   59 1  0.0044
 408    9.210  #3a3a3b   59 2  0.0044
 409    9.250  #3b3a3a   59 3  0.0043
 410    9.270  #3b3a3b   59 4  0.0022
 411    9.400  #3a3b3a   59 5  0.0139
 412    9.430  #3a3b3b   59 6  0.0032
 413    9.480  #3b3b3a   59 7  0.0053
 414    9.510  #3b3b3b   60 1  0.0032
 415    9.550  #3b3b3c   60 2  0.0042
 416    9.600  #3c3b3b   60 3  0.0052
 417    9.640  #3c3b3c   60 4  0.0042
 418    9.750  #3b3c3b   60 5  0.0113
 419    9.780  #3b3c3c   60 6  0.0031
 420    9.830  #3c3c3b   60 7  0.0051
 421    9.870  #3c3c3c   61 1  0.0041
 422    9.900  #3c3c3d   61 2  0.0030
 423    9.940  #3d3c3c   61 3  0.0040
 424    9.970  #3d3c3d   61 4  0.0030
 425   10.110  #3c3d3c   61 5  0.0139
 426   10.150  #3c3d3d   61 6  0.0039
 427   10.190  #3d3d3c   61 7  0.0039
 428   10.220  #3d3d3d   62 1  0.0029
 429   10.240  #3d3d3e   62 2  0.0020
 430   10.300  #3e3d3d   62 3  0.0058
 431   10.340  #3e3d3e   62 4  0.0039
 432   10.480  #3d3e3d   62 5  0.0134
 433   10.500  #3d3e3e   62 6  0.0019
 434   10.550  #3e3e3d   62 7  0.0048
 435   10.590  #3e3e3e   63 1  0.0038
 436   10.630  #3e3e3f   63 2  0.0038
 437   10.670  #3f3e3e   63 3  0.0038
 438   10.690  #3f3e3f   63 4  0.0019
 439   10.840  #3e3f3e   63 5  0.0139
 440   10.880  #3e3f3f   63 6  0.0037
 441   10.940  #3f3f3e   63 7  0.0055
 442   10.960  #3f3f3f   64 1  0.0018
 443   10.990  #3f3f40   64 2  0.0027
 444   11.040  #403f3f   64 3  0.0045
 445   11.080  #403f40   64 4  0.0036
 446   11.220  #3f403f   64 5  0.0126
 447   11.250  #3f4040   64 6  0.0027
 448   11.300  #40403f   64 7  0.0044
 449   11.330  #404040   65 1  0.0027
 450   11.380  #404041   65 2  0.0044
 451   11.430  #414040   65 3  0.0044
 452   11.450  #414041   65 4  0.0017
 453   11.610  #404140   65 5  0.0139
 454   11.650  #404141   65 6  0.0034
 455   11.710  #414140   65 7  0.0051
 456   11.740  #414141   66 1  0.0026
 457   11.770  #414142   66 2  0.0026
 458   11.820  #424141   66 3  0.0042
 459   11.870  #424142   66 4  0.0042
 460   12.040  #414241   66 5  0.0142
 461   12.070  #414242   66 6  0.0025
 462   12.120  #424241   66 7  0.0041
 463   12.160  #424242   67 1  0.0033
 464   12.210  #424243   67 2  0.0041
 465   12.260  #434242   67 3  0.0041
 466   12.290  #434243   67 4  0.0024
 467   12.450  #424342   67 5  0.0129
 468   12.490  #424343   67 6  0.0032
 469   12.560  #434342   67 7  0.0056
 470   12.590  #434343   68 1  0.0024
 471   12.630  #434344   68 2  0.0032
 472   12.680  #444343   68 3  0.0040
 473   12.730  #444344   68 4  0.0039
 474   12.900  #434443   68 5  0.0133
 475   12.940  #434444   68 6  0.0031
 476   12.980  #444443   68 7  0.0031
 477   13.020  #444444   69 1  0.0031
 478   13.070  #444445   69 2  0.0038
 479   13.140  #454444   69 3  0.0053
 480   13.170  #454445   69 4  0.0023
 481   13.320  #444544   69 5  0.0113
 482   13.370  #444545   69 6  0.0037
 483   13.440  #454544   69 7  0.0052
 484   13.490  #454545   70 1  0.0037
 485   13.520  #454546   70 2  0.0022
 486   13.570  #464545   70 3  0.0037
 487   13.610  #464546   70 4  0.0029
 488   13.810  #454645   70 5  0.0146
 489   13.850  #454646   70 6  0.0029
 490   13.900  #464645   70 7  0.0036
 491   13.930  #464646   71 1  0.0022
 492   13.980  #464647   71 2  0.0036
 493   14.060  #474646   71 3  0.0057
 494   14.100  #474647   71 4  0.0028
 495   14.260  #464746   71 5  0.0113
 496   14.300  #464747   71 6  0.0028
 497   14.370  #474746   71 7  0.0049
 498   14.420  #474747   72 1  0.0035
 499   14.460  #474748   72 2  0.0028
 500   14.520  #484747   72 3  0.0041
 501   14.560  #484748   72 4  0.0028
 502   14.740  #474847   72 5  0.0123
 503   14.790  #474848   72 6  0.0034
 504   14.840  #484847   72 7  0.0034
 505   14.880  #484848   73 1  0.0027
 506   14.930  #484849   73 2  0.0034
 507   15.000  #494848   73 3  0.0047
 508   15.060  #494849   73 4  0.0040
 509   15.220  #484948   73 5  0.0106
 510   15.260  #484949   73 6  0.0026
 511   15.330  #494948   73 7  0.0046
 512   15.390  #494949   74 1  0.0039
 513   15.440  #49494a   74 2  0.0032
 514   15.490  #4a4949   74 3  0.0032
 515   15.530  #4a494a   74 4  0.0026
 516   15.730  #494a49   74 5  0.0128
 517   15.790  #494a4a   74 6  0.0038
 518   15.850  #4a4a49   74 7  0.0038
 519   15.880  #4a4a4a   75 1  0.0019
 520   15.920  #4a4a4b   75 2  0.0025
 521   15.990  #4b4a4a   75 3  0.0044
 522   16.060  #4b4a4b   75 4  0.0044
 523   16.250  #4a4b4a   75 5  0.0118
 524   16.280  #4a4b4b   75 6  0.0018
 525   16.340  #4b4b4a   75 7  0.0037
 526   16.400  #4b4b4b   76 1  0.0037
 527   16.460  #4b4b4c   76 2  0.0037
 528   16.520  #4c4b4b   76 3  0.0036
 529   16.570  #4c4b4c   76 4  0.0030
 530   16.750  #4b4c4b   76 5  0.0108
 531   16.820  #4b4c4c   76 6  0.0042
 532   16.890  #4c4c4b   76 7  0.0042
 533   16.920  #4c4c4c   77 1  0.0018
 534   16.960  #4c4c4d   77 2  0.0024
 535   17.040  #4d4c4c   77 3  0.0047
 536   17.110  #4d4c4d   77 4  0.0041
 537   17.300  #4c4d4c   77 5  0.0110
 538   17.330  #4c4d4d   77 6  0.0017
 539   17.400  #4d4d4c   77 7  0.0040
 540   17.460  #4d4d4d   78 1  0.0034
 541   17.520  #4d4d4e   78 2  0.0034
 542   17.500  #4e4d4d   78 3  -0.0011
 543   17.600  #4e4d4e   78 4  0.0057
 544   17.800  #4d4e4d   78 5  0.0113
 545   17.800  #4d4e4e   78 6  0.0000
 546   17.900  #4e4e4d   78 7  0.0056
 547   18.000  #4e4e4e   79 1  0.0056
 548   18.000  #4e4e4f   79 2  0.0000
 549   18.100  #4f4e4e   79 3  0.0055
 550   18.100  #4f4e4f   79 4  0.0000
 551   18.400  #4e4f4e   79 5  0.0164
 552   18.400  #4e4f4f   79 6  0.0000
 553   18.500  #4f4f4e   79 7  0.0054
 554   18.500  #4f4f4f   80 1  0.0000
 555   18.600  #4f4f50   80 2  0.0054
 556   18.700  #504f4f   80 3  0.0054
 557   18.700  #504f50   80 4  0.0000
 558   18.900  #4f504f   80 5  0.0106
 559   19.000  #4f5050   80 6  0.0053
 560   19.100  #50504f   80 7  0.0052
 561   19.100  #505050   81 1  0.0000
 562   19.100  #505051   81 2  0.0000
 563   19.200  #515050   81 3  0.0052
 564   19.300  #515051   81 4  0.0052
 565   19.500  #505150   81 5  0.0103
 566   19.500  #505151   81 6  0.0000
 567   19.600  #515150   81 7  0.0051
 568   19.700  #515151   82 1  0.0051
 569   19.700  #515152   82 2  0.0000
 570   19.800  #525151   82 3  0.0051
 571   19.900  #525152   82 4  0.0050
 572   20.100  #515251   82 5  0.0100
 573   20.100  #515252   82 6  0.0000
 574   20.200  #525251   82 7  0.0050
 575   20.300  #525252   83 1  0.0049
 576   20.300  #525253   83 2  0.0000
 577   20.400  #535252   83 3  0.0049
 578   20.400  #535253   83 4  0.0000
 579   20.700  #525352   83 5  0.0146
 580   20.700  #525353   83 6  0.0000
 581   20.800  #535352   83 7  0.0048
 582   20.800  #535353   84 1  0.0000
 583   20.900  #535354   84 2  0.0048
 584   21.000  #545353   84 3  0.0048
 585   21.000  #545354   84 4  0.0000
 586   21.200  #535453   84 5  0.0095
 587   21.300  #535454   84 6  0.0047
 588   21.400  #545453   84 7  0.0047
 589   21.400  #545454   85 1  0.0000
 590   21.500  #545455   85 2  0.0047
 591   21.600  #555454   85 3  0.0046
 592   21.600  #555455   85 4  0.0000
 593   21.800  #545554   85 5  0.0092
 594   21.900  #545555   85 6  0.0046
 595   22.000  #555554   85 7  0.0046
 596   22.000  #555555   86 1  0.0000
 597   22.000  #555556   86 2  0.0000
 598   22.000  #565555   86 3  0.0000
 599   22.000  #565556   86 4  0.0000
 600   22.400  #555655   86 5  0.0180
 601   22.400  #555656   86 6  0.0000
 602   22.400  #565655   86 7  0.0000
 603   22.400  #565656   87 1  0.0000
 604   22.500  #565657   87 2  0.0045
 605   22.600  #575656   87 3  0.0044
 606   22.600  #575657   87 4  0.0000
 607   22.800  #565756   87 5  0.0088
 608   22.900  #565757   87 6  0.0044
 609   23.000  #575756   87 7  0.0044
 610   23.000  #575757   88 1  0.0000
 611   23.100  #575758   88 2  0.0043
 612   23.200  #585757   88 3  0.0043
 613   23.200  #585758   88 4  0.0000
 614   23.500  #575857   88 5  0.0128
 615   23.500  #575858   88 6  0.0000
 616   23.500  #585857   88 7  0.0000
 617   23.600  #585858   89 1  0.0042
 618   23.700  #585859   89 2  0.0042
 619   23.800  #595858   89 3  0.0042
 620   23.800  #595859   89 4  0.0000
 621   24.000  #585958   89 5  0.0084
 622   24.100  #585959   89 6  0.0042
 623   24.200  #595958   89 7  0.0041
 624   24.200  #595959   90 1  0.0000
 625   24.300  #59595a   90 2  0.0041
 626   24.400  #5a5959   90 3  0.0041
 627   24.500  #5a595a   90 4  0.0041
 628   24.700  #595a59   90 5  0.0081
 629   24.700  #595a5a   90 6  0.0000
 630   24.800  #5a5a59   90 7  0.0040
 631   24.800  #5a5a5a   91 1  0.0000
 632   24.900  #5a5a5b   91 2  0.0040
 633   25.000  #5b5a5a   91 3  0.0040
 634   25.100  #5b5a5b   91 4  0.0040
 635   25.300  #5a5b5a   91 5  0.0079
 636   25.300  #5a5b5b   91 6  0.0000
 637   25.500  #5b5b5a   91 7  0.0079
 638   25.500  #5b5b5b   92 1  0.0000
 639   25.500  #5b5b5c   92 2  0.0000
 640   25.600  #5c5b5b   92 3  0.0039
 641   25.700  #5c5b5c   92 4  0.0039
 642   25.900  #5b5c5b   92 5  0.0078
 643   26.000  #5b5c5c   92 6  0.0039
 644   26.000  #5c5c5b   92 7  0.0000
 645   26.100  #5c5c5c   93 1  0.0038
 646   26.200  #5c5c5d   93 2  0.0038
 647   26.300  #5d5c5c   93 3  0.0038
 648   26.300  #5d5c5d   93 4  0.0000
 649   26.500  #5c5d5c   93 5  0.0076
 650   26.100  #5c5d5d   93 6  -0.0152
 651   26.200  #5d5d5c   93 7  0.0038
 652   26.300  #5d5d5d   94 1  0.0038
 653   26.300  #5d5d5e   94 2  0.0000
 654   26.400  #5e5d5d   94 3  0.0038
 655   26.500  #5e5d5e   94 4  0.0038
 656   26.700  #5d5e5d   94 5  0.0075
 657   26.700  #5d5e5e   94 6  0.0000
 658   26.800  #5e5e5d   94 7  0.0037
 659   27.000  #5e5e5e   95 1  0.0074
 660   27.000  #5e5e5f   95 2  0.0000
 661   27.000  #5f5e5e   95 3  0.0000
 662   27.100  #5f5e5f   95 4  0.0037
 663   27.300  #5e5f5e   95 5  0.0074
 664   27.400  #5e5f5f   95 6  0.0037
 665   27.500  #5f5f5e   95 7  0.0036
 666   27.500  #5f5f5f   96 1  0.0000
 667   27.500  #5f5f60   96 2  0.0000
 668   27.700  #605f5f   96 3  0.0072
 669   27.800  #605f60   96 4  0.0036
 670   27.900  #5f605f   96 5  0.0036
 671   28.000  #5f6060   96 6  0.0036
 672   28.100  #60605f   96 7  0.0036
 673   28.200  #606060   97 1  0.0036
 674   28.200  #606061   97 2  0.0000
 675   28.200  #616060   97 3  0.0000
 676   28.300  #616061   97 4  0.0035
 677   28.500  #606160   97 5  0.0070
 678   28.600  #606161   97 6  0.0035
 679   28.700  #616160   97 7  0.0035
 680   28.800  #616161   98 1  0.0035
 681   28.800  #616162   98 2  0.0000
 682   28.900  #626161   98 3  0.0035
 683   29.000  #626162   98 4  0.0035
 684   29.200  #616261   98 5  0.0069
 685   29.200  #616262   98 6  0.0000
 686   29.300  #626261   98 7  0.0034
 687   29.400  #626262   99 1  0.0034
 688   29.500  #626263   99 2  0.0034
 689   29.500  #636262   99 3  0.0000
 690   29.600  #636263   99 4  0.0034
 691   29.800  #626362   99 5  0.0067
 692   29.900  #626363   99 6  0.0034
 693   30.000  #636362   99 7  0.0033
 694   30.000  #636363  100 1  0.0000
 695   30.100  #636364  100 2  0.0033
 696   30.100  #646363  100 3  0.0000
 697   30.200  #646364  100 4  0.0033
 698   30.500  #636463  100 5  0.0099
 699   30.500  #636464  100 6  0.0000
 700   30.500  #646463  100 7  0.0000
 701   30.600  #646464  101 1  0.0033
 702   30.700  #646465  101 2  0.0033
 703   30.800  #656464  101 3  0.0033
 704   30.900  #656465  101 4  0.0032
 705   31.000  #646564  101 5  0.0032
 706   31.100  #646565  101 6  0.0032
 707   31.200  #656564  101 7  0.0032
 708   31.300  #656565  102 1  0.0032
 709   31.300  #656566  102 2  0.0000
 710   31.400  #666565  102 3  0.0032
 711   31.400  #666566  102 4  0.0000
 712   31.700  #656665  102 5  0.0095
 713   31.800  #656666  102 6  0.0031
 714   31.900  #666665  102 7  0.0031
 715   31.900  #666666  103 1  0.0000
 716   32.000  #666667  103 2  0.0031
 717   32.100  #676666  103 3  0.0031
 718   32.200  #676667  103 4  0.0031
 719   32.400  #666766  103 5  0.0062
 720   32.400  #666767  103 6  0.0000
 721   32.500  #676766  103 7  0.0031
 722   32.600  #676767  104 1  0.0031
 723   32.700  #676768  104 2  0.0031
 724   32.700  #686767  104 3  0.0000
 725   32.800  #686768  104 4  0.0031
 726   33.000  #676867  104 5  0.0061
 727   33.100  #676868  104 6  0.0030
 728   33.200  #686867  104 7  0.0030
 729   33.200  #686868  105 1  0.0000
 730   33.200  #686869  105 2  0.0000
 731   33.400  #696868  105 3  0.0060
 732   33.500  #696869  105 4  0.0030
 733   33.700  #686968  105 5  0.0060
 734   33.700  #686969  105 6  0.0000
 735   33.800  #696968  105 7  0.0030
 736   33.900  #696969  106 1  0.0030
 737   34.000  #69696a  106 2  0.0029
 738   34.000  #6a6969  106 3  0.0000
 739   34.100  #6a696a  106 4  0.0029
 740   34.200  #696a69  106 5  0.0029
 741   34.400  #696a6a  106 6  0.0058
 742   34.500  #6a6a69  106 7  0.0029
 743   34.500  #6a6a6a  107 1  0.0000
 744   34.600  #6a6a6b  107 2  0.0029
 745   34.700  #6b6a6a  107 3  0.0029
 746   34.700  #6b6a6b  107 4  0.0000
 747   35.000  #6a6b6a  107 5  0.0086
 748   35.000  #6a6b6b  107 6  0.0000
 749   35.100  #6b6b6a  107 7  0.0029
 750   35.100  #6b6b6b  108 1  0.0000
 751   35.300  #6b6b6c  108 2  0.0057
 752   35.400  #6c6b6b  108 3  0.0028
 753   35.400  #6c6b6c  108 4  0.0000
 754   35.600  #6b6c6b  108 5  0.0056
 755   35.700  #6b6c6c  108 6  0.0028
 756   35.800  #6c6c6b  108 7  0.0028
 757   35.900  #6c6c6c  109 1  0.0028
 758   35.900  #6c6c6d  109 2  0.0000
 759   36.000  #6d6c6c  109 3  0.0028
 760   36.000  #6d6c6d  109 4  0.0000
 761   36.300  #6c6d6c  109 5  0.0083
 762   36.400  #6c6d6d  109 6  0.0028
 763   36.400  #6d6d6c  109 7  0.0000
 764   36.400  #6d6d6d  110 1  0.0000
 765   36.500  #6d6d6e  110 2  0.0027
 766   36.700  #6e6d6d  110 3  0.0055
 767   36.700  #6e6d6e  110 4  0.0000
 768   36.900  #6d6e6d  110 5  0.0054
 769   36.900  #6d6e6e  110 6  0.0000
 770   37.100  #6e6e6d  110 7  0.0054
 771   37.200  #6e6e6e  111 1  0.0027
 772   37.200  #6e6e6f  111 2  0.0000
 773   37.200  #6f6e6e  111 3  0.0000
 774   37.300  #6f6e6f  111 4  0.0027
 775   37.600  #6e6f6e  111 5  0.0080
 776   37.700  #6e6f6f  111 6  0.0027
 777   37.700  #6f6f6e  111 7  0.0000
 778   37.800  #6f6f6f  112 1  0.0026
 779   37.800  #6f6f70  112 2  0.0000
 780   38.000  #706f6f  112 3  0.0053
 781   38.000  #706f70  112 4  0.0000
 782   38.200  #6f706f  112 5  0.0052
 783   38.300  #6f7070  112 6  0.0026
 784   38.300  #70706f  112 7  0.0000
 785   38.500  #707070  113 1  0.0052
 786   38.500  #707071  113 2  0.0000
 787   38.600  #717070  113 3  0.0026
 788   38.600  #717071  113 4  0.0000
 789   38.800  #707170  113 5  0.0052
 790   39.000  #707171  113 6  0.0051
 791   39.100  #717170  113 7  0.0026
 792   39.100  #717171  114 1  0.0000
 793   39.100  #717172  114 2  0.0000
 794   39.100  #727171  114 3  0.0000
 795   39.100  #727172  114 4  0.0000
 796   39.600  #717271  114 5  0.0127
 797   39.500  #717272  114 6  -0.0025
 798   39.500  #727271  114 7  0.0000
 799   39.500  #727272  115 1  0.0000
 800   39.600  #727273  115 2  0.0025
 801   39.700  #737272  115 3  0.0025
 802   39.800  #737273  115 4  0.0025
 803   40.000  #727372  115 5  0.0050
 804   40.000  #727373  115 6  0.0000
 805   40.200  #737372  115 7  0.0050
 806   40.200  #737373  116 1  0.0000
 807   40.200  #737374  116 2  0.0000
 808   40.300  #747373  116 3  0.0025
 809   40.400  #747374  116 4  0.0025
 810   40.700  #737473  116 5  0.0074
 811   40.700  #737474  116 6  0.0000
 812   40.800  #747473  116 7  0.0025
 813   40.800  #747474  117 1  0.0000
 814   40.900  #747475  117 2  0.0024
 815   41.100  #757474  117 3  0.0049
 816   41.100  #757475  117 4  0.0000
 817   41.300  #747574  117 5  0.0049
 818   41.300  #747575  117 6  0.0000
 819   41.400  #757574  117 7  0.0024
 820   41.500  #757575  118 1  0.0024
 821   41.600  #757576  118 2  0.0024
 822   41.600  #767575  118 3  0.0000
 823   41.700  #767576  118 4  0.0024
 824   41.900  #757675  118 5  0.0048
 825   42.000  #757676  118 6  0.0024
 826   42.100  #767675  118 7  0.0024
 827   42.100  #767676  119 1  0.0000
 828   42.200  #767677  119 2  0.0024
 829   42.300  #777676  119 3  0.0024
 830   42.400  #777677  119 4  0.0024
 831   42.600  #767776  119 5  0.0047
 832   42.600  #767777  119 6  0.0000
 833   42.700  #777776  119 7  0.0023
 834   42.800  #777777  120 1  0.0023
 835   42.900  #777778  120 2  0.0023
 836   43.000  #787777  120 3  0.0023
 837   43.000  #787778  120 4  0.0000
 838   43.200  #777877  120 5  0.0046
 839   43.300  #777878  120 6  0.0023
 840   43.400  #787877  120 7  0.0023
 841   43.500  #787878  121 1  0.0023
 842   43.500  #787879  121 2  0.0000
 843   43.500  #797878  121 3  0.0000
 844   43.700  #797879  121 4  0.0046
 845   43.900  #787978  121 5  0.0046
 846   44.000  #787979  121 6  0.0023
 847   44.000  #797978  121 7  0.0000
 848   44.000  #797979  122 1  0.0000
 849   44.100  #79797a  122 2  0.0023
 850   44.300  #7a7979  122 3  0.0045
 851   44.300  #7a797a  122 4  0.0000
 852   44.500  #797a79  122 5  0.0045
 853   44.500  #797a7a  122 6  0.0000
 854   44.700  #7a7a79  122 7  0.0045
 855   44.800  #7a7a7a  123 1  0.0022
 856   44.800  #7a7a7b  123 2  0.0000
 857   44.800  #7b7a7a  123 3  0.0000
 858   44.900  #7b7a7b  123 4  0.0022
 859   45.200  #7a7b7a  123 5  0.0067
 860   45.300  #7a7b7b  123 6  0.0022
 861   45.300  #7b7b7a  123 7  0.0000
 862   45.300  #7b7b7b  124 1  0.0000
 863   45.400  #7b7b7c  124 2  0.0022
 864   45.500  #7c7b7b  124 3  0.0022
 865   45.700  #7c7b7c  124 4  0.0044
 866   45.800  #7b7c7b  124 5  0.0022
 867   45.800  #7b7c7c  124 6  0.0000
 868   45.900  #7c7c7b  124 7  0.0022
 869   46.000  #7c7c7c  125 1  0.0022
 870   46.100  #7c7c7d  125 2  0.0022
 871   46.100  #7d7c7c  125 3  0.0000
 872   46.200  #7d7c7d  125 4  0.0022
 873   46.400  #7c7d7c  125 5  0.0043
 874   46.600  #7c7d7d  125 6  0.0043
 875   46.700  #7d7d7c  125 7  0.0021
 876   46.700  #7d7d7d  126 1  0.0000
 877   46.700  #7d7d7e  126 2  0.0000
 878   46.800  #7e7d7d  126 3  0.0021
 879   46.900  #7e7d7e  126 4  0.0021
 880   47.200  #7d7e7d  126 5  0.0064
 881   47.200  #7d7e7e  126 6  0.0000
 882   47.200  #7e7e7d  126 7  0.0000
 883   47.300  #7e7e7e  127 1  0.0021
 884   47.500  #7e7e7f  127 2  0.0042
 885   47.600  #7f7e7e  127 3  0.0021
 886   47.500  #7f7e7f  127 4  -0.0021
 887   47.800  #7e7f7e  127 5  0.0063
 888   47.800  #7e7f7f  127 6  0.0000
 889   48.000  #7f7f7e  127 7  0.0042
 890   48.100  #7f7f7f  128 1  0.0021
 891   48.100  #7f7f80  128 2  0.0000
 892   48.100  #807f7f  128 3  0.0000
 893   48.200  #807f80  128 4  0.0021
 894   48.500  #7f807f  128 5  0.0062
 895   48.600  #7f8080  128 6  0.0021
 896   48.600  #80807f  128 7  0.0000
 897   48.700  #808080  129 1  0.0021
 898   48.800  #808081  129 2  0.0021
 899   48.900  #818080  129 3  0.0020
 900   48.900  #818081  129 4  0.0000
 901   49.300  #808180  129 5  0.0081
 902   49.300  #808181  129 6  0.0000
 903   49.400  #818180  129 7  0.0020
 904   49.600  #818181  130 1  0.0040
 905   49.600  #818182  130 2  0.0000
 906   49.700  #828181  130 3  0.0020
 907   49.700  #828182  130 4  0.0000
 908   50.200  #818281  130 5  0.0100
 909   50.300  #818282  130 6  0.0020
 910   50.300  #828281  130 7  0.0000
 911   50.300  #828282  131 1  0.0000
 912   50.400  #828283  131 2  0.0020
 913   50.600  #838282  131 3  0.0040
 914   50.700  #838283  131 4  0.0020
 915   51.000  #828382  131 5  0.0059
 916   51.100  #828383  131 6  0.0020
 917   51.100  #838382  131 7  0.0000
 918   51.300  #838383  132 1  0.0039
 919   51.400  #838384  132 2  0.0019
 920   51.400  #848383  132 3  0.0000
 921   51.400  #848384  132 4  0.0000
 922   51.800  #838483  132 5  0.0078
 923   52.000  #838484  132 6  0.0039
 924   52.000  #848483  132 7  0.0000
 925   52.100  #848484  133 1  0.0019
 926   52.100  #848485  133 2  0.0000
 927   52.300  #858484  133 3  0.0038
 928   52.400  #858485  133 4  0.0019
 929   52.700  #848584  133 5  0.0057
 930   52.800  #848585  133 6  0.0019
 931   52.900  #858584  133 7  0.0019
 932   53.000  #858585  134 1  0.0019
 933   53.100  #858586  134 2  0.0019
 934   53.200  #868585  134 3  0.0019
 935   53.300  #868586  134 4  0.0019
 936   53.600  #858685  134 5  0.0056
 937   53.700  #858686  134 6  0.0019
 938   53.900  #868685  134 7  0.0037
 939   54.000  #868686  135 1  0.0019
 940   54.000  #868687  135 2  0.0000
 941   54.200  #878686  135 3  0.0037
 942   54.200  #878687  135 4  0.0000
 943   54.600  #868786  135 5  0.0074
 944   54.700  #868787  135 6  0.0018
 945   54.800  #878786  135 7  0.0018
 946   54.900  #878787  136 1  0.0018
 947   55.000  #878788  136 2  0.0018
 948   55.100  #888787  136 3  0.0018
 949   55.200  #888788  136 4  0.0018
 950   55.500  #878887  136 5  0.0054
 951   55.600  #878888  136 6  0.0018
 952   55.700  #888887  136 7  0.0018
 953   55.800  #888888  137 1  0.0018
 954   55.900  #888889  137 2  0.0018
 955   56.000  #898888  137 3  0.0018
 956   56.100  #898889  137 4  0.0018
 957   56.400  #888988  137 5  0.0053
 958   56.600  #888989  137 6  0.0035
 959   56.700  #898988  137 7  0.0018
 960   56.800  #898989  138 1  0.0018
 961   56.900  #89898a  138 2  0.0018
 962   57.000  #8a8989  138 3  0.0018
 963   57.100  #8a898a  138 4  0.0018
 964   57.400  #898a89  138 5  0.0052
 965   57.500  #898a8a  138 6  0.0017
 966   57.700  #8a8a89  138 7  0.0035
 967   57.800  #8a8a8a  139 1  0.0017
 968   57.900  #8a8a8b  139 2  0.0017
 969   57.900  #8b8a8a  139 3  0.0000
 970   58.100  #8b8a8b  139 4  0.0034
 971   58.400  #8a8b8a  139 5  0.0052
 972   58.600  #8a8b8b  139 6  0.0034
 973   58.700  #8b8b8a  139 7  0.0017
 974   58.800  #8b8b8b  140 1  0.0017
 975   58.900  #8b8b8c  140 2  0.0017
 976   59.000  #8c8b8b  140 3  0.0017
 977   59.100  #8c8b8c  140 4  0.0017
 978   59.500  #8b8c8b  140 5  0.0067
 979   59.500  #8b8c8c  140 6  0.0000
 980   59.700  #8c8c8b  140 7  0.0034
 981   59.700  #8c8c8c  141 1  0.0000
 982   59.800  #8c8c8d  141 2  0.0017
 983   60.000  #8d8c8c  141 3  0.0033
 984   60.100  #8d8c8d  141 4  0.0017
 985   60.400  #8c8d8c  141 5  0.0050
 986   60.500  #8c8d8d  141 6  0.0017
 987   60.600  #8d8d8c  141 7  0.0017
 988   60.800  #8d8d8d  142 1  0.0033
 989   60.900  #8d8d8e  142 2  0.0016
 990   61.000  #8e8d8d  142 3  0.0016
 991   61.000  #8e8d8e  142 4  0.0000
 992   61.400  #8d8e8d  142 5  0.0065
 993   61.500  #8d8e8e  142 6  0.0016
 994   61.700  #8e8e8d  142 7  0.0032
 995   61.800  #8e8e8e  143 1  0.0016
 996   61.700  #8e8e8f  143 2  -0.0016
 997   61.800  #8f8e8e  143 3  0.0016
 998   61.800  #8f8e8f  143 4  0.0000
 999   62.500  #8e8f8e  143 5  0.0113
1000   62.500  #8e8f8f  143 6  0.0000
1001   62.400  #8f8f8e  143 7  -0.0016
1002   62.400  #8f8f8f  144 1  0.0000
1003   62.600  #8f8f90  144 2  0.0032
1004   62.700  #908f8f  144 3  0.0016
1005   62.800  #908f90  144 4  0.0016
1006   63.100  #8f908f  144 5  0.0048
1007   63.200  #8f9090  144 6  0.0016
1008   63.400  #90908f  144 7  0.0032
1009   63.500  #909090  145 1  0.0016
1010   63.500  #909091  145 2  0.0000
1011   63.600  #919090  145 3  0.0016
1012   63.700  #919091  145 4  0.0016
1013   64.100  #909190  145 5  0.0063
1014   64.300  #909191  145 6  0.0031
1015   64.400  #919190  145 7  0.0016
1016   64.500  #919191  146 1  0.0016
1017   64.500  #919192  146 2  0.0000
1018   64.700  #929191  146 3  0.0031
1019   64.900  #929192  146 4  0.0031
1020   65.200  #919291  146 5  0.0046
1021   65.200  #919292  146 6  0.0000
1022   65.400  #929291  146 7  0.0031
1023   65.500  #929292  147 1  0.0015
1024   65.700  #929293  147 2  0.0030
1025   65.800  #939292  147 3  0.0015
1026   65.900  #939293  147 4  0.0015
1027   66.200  #929392  147 5  0.0045
1028   66.400  #929393  147 6  0.0030
1029   66.500  #939392  147 7  0.0015
1030   66.600  #939393  148 1  0.0015
1031   66.700  #939394  148 2  0.0015
1032   66.800  #949393  148 3  0.0015
1033   67.000  #949394  148 4  0.0030
1034   67.300  #939493  148 5  0.0045
1035   67.400  #939494  148 6  0.0015
1036   67.500  #949493  148 7  0.0015
1037   67.500  #949494  149 1  0.0000
1038   67.700  #949495  149 2  0.0030
1039   67.900  #959494  149 3  0.0029
1040   68.000  #959495  149 4  0.0015
1041   68.400  #949594  149 5  0.0059
1042   68.400  #949595  149 6  0.0000
1043   68.600  #959594  149 7  0.0029
1044   68.700  #959595  150 1  0.0015
1045   68.900  #959596  150 2  0.0029
1046   69.000  #969595  150 3  0.0015
1047   69.000  #969596  150 4  0.0000
1048   69.400  #959695  150 5  0.0058
1049   69.600  #959696  150 6  0.0029
1050   69.800  #969695  150 7  0.0029
1051   69.800  #969696  151 1  0.0000
1052   69.800  #969697  151 2  0.0000
1053   70.000  #979696  151 3  0.0029
1054   70.200  #979697  151 4  0.0029
1055   70.600  #969796  151 5  0.0057
1056   70.700  #969797  151 6  0.0014
1057   70.800  #979796  151 7  0.0014
1058   70.900  #979797  152 1  0.0014
1059   71.000  #979798  152 2  0.0014
1060   71.200  #989797  152 3  0.0028
1061   71.300  #989798  152 4  0.0014
1062   71.600  #979897  152 5  0.0042
1063   71.700  #979898  152 6  0.0014
1064   71.800  #989897  152 7  0.0014
1065   72.100  #989898  153 1  0.0042
1066   72.100  #989899  153 2  0.0000
1067   72.300  #999898  153 3  0.0028
1068   72.300  #999899  153 4  0.0000
1069   72.700  #989998  153 5  0.0055
1070   72.900  #989999  153 6  0.0027
1071   73.100  #999998  153 7  0.0027
1072   73.100  #999999  154 1  0.0000
1073   73.100  #99999a  154 2  0.0000
1074   73.300  #9a9999  154 3  0.0027
1075   73.500  #9a999a  154 4  0.0027
1076   73.900  #999a99  154 5  0.0054
1077   74.000  #999a9a  154 6  0.0014
1078   74.100  #9a9a99  154 7  0.0014
1079   74.200  #9a9a9a  155 1  0.0013
1080   74.300  #9a9a9b  155 2  0.0013
1081   74.500  #9b9a9a  155 3  0.0027
1082   74.600  #9b9a9b  155 4  0.0013
1083   75.000  #9a9b9a  155 5  0.0053
1084   75.000  #9a9b9b  155 6  0.0000
1085   75.200  #9b9b9a  155 7  0.0027
1086   75.400  #9b9b9b  156 1  0.0027
1087   75.500  #9b9b9c  156 2  0.0013
1088   75.600  #9c9b9b  156 3  0.0013
1089   75.700  #9c9b9c  156 4  0.0013
1090   76.100  #9b9c9b  156 5  0.0053
1091   76.300  #9b9c9c  156 6  0.0026
1092   76.500  #9c9c9b  156 7  0.0026
1093   76.500  #9c9c9c  157 1  0.0000
1094   76.500  #9c9c9d  157 2  0.0000
1095   76.700  #9d9c9c  157 3  0.0026
1096   76.900  #9d9c9d  157 4  0.0026
1097   77.400  #9c9d9c  157 5  0.0065
1098   77.400  #9c9d9d  157 6  0.0000
1099   77.500  #9d9d9c  157 7  0.0013
1100   77.600  #9d9d9d  158 1  0.0013
1101   77.800  #9d9d9e  158 2  0.0026
1102   78.000  #9e9d9d  158 3  0.0026
1103   78.100  #9e9d9e  158 4  0.0013
1104   78.400  #9d9e9d  158 5  0.0038
1105   78.500  #9d9e9e  158 6  0.0013
1106   78.700  #9e9e9d  158 7  0.0025
1107   78.900  #9e9e9e  159 1  0.0025
1108   79.000  #9e9e9f  159 2  0.0013
1109   79.100  #9f9e9e  159 3  0.0013
1110   79.200  #9f9e9f  159 4  0.0013
1111   79.600  #9e9f9e  159 5  0.0050
1112   79.700  #9e9f9f  159 6  0.0013
1113   80.000  #9f9f9e  159 7  0.0038
1114   80.100  #9f9f9f  160 1  0.0012
1115   80.100  #9f9fa0  160 2  0.0000
1116   80.200  #a09f9f  160 3  0.0012
1117   80.400  #a09fa0  160 4  0.0025
1118   80.900  #9fa09f  160 5  0.0062
1119   81.000  #9fa0a0  160 6  0.0012
1120   81.100  #a0a09f  160 7  0.0012
1121   81.100  #a0a0a0  161 1  0.0000
1122   81.200  #a0a0a1  161 2  0.0012
1123   81.500  #a1a0a0  161 3  0.0037
1124   81.700  #a1a0a1  161 4  0.0025
1125   82.000  #a0a1a0  161 5  0.0037
1126   82.000  #a0a1a1  161 6  0.0000
1127   82.100  #a1a1a0  161 7  0.0012
1128   82.300  #a1a1a1  162 1  0.0024
1129   82.600  #a1a1a2  162 2  0.0036
1130   82.700  #a2a1a1  162 3  0.0012
1131   82.800  #a2a1a2  162 4  0.0012
1132   83.100  #a1a2a1  162 5  0.0036
1133   83.200  #a1a2a2  162 6  0.0012
1134   83.500  #a2a2a1  162 7  0.0036
1135   83.700  #a2a2a2  163 1  0.0024
1136   83.800  #a2a2a3  163 2  0.0012
1137   83.900  #a3a2a2  163 3  0.0012
1138   83.900  #a3a2a3  163 4  0.0000
1139   84.400  #a2a3a2  163 5  0.0059
1140   84.600  #a2a3a3  163 6  0.0024
1141   84.800  #a3a3a2  163 7  0.0024
1142   84.800  #a3a3a3  164 1  0.0000
1143   84.900  #a3a3a4  164 2  0.0012
1144   85.000  #a4a3a3  164 3  0.0012
1145   85.200  #a4a3a4  164 4  0.0024
1146   85.700  #a3a4a3  164 5  0.0059
1147   85.700  #a3a4a4  164 6  0.0000
1148   85.800  #a4a4a3  164 7  0.0012
1149   85.900  #a4a4a4  165 1  0.0012
1150   86.000  #a4a4a5  165 2  0.0012
1151   86.200  #a5a4a4  165 3  0.0023
1152   86.500  #a5a4a5  165 4  0.0035
1153   86.900  #a4a5a4  165 5  0.0046
1154   86.900  #a4a5a5  165 6  0.0000
1155   87.000  #a5a5a4  165 7  0.0012
1156   87.100  #a5a5a5  166 1  0.0011
1157   87.300  #a5a5a6  166 2  0.0023
1158   87.500  #a6a5a5  166 3  0.0023
1159   87.700  #a6a5a6  166 4  0.0023
1160   88.000  #a5a6a5  166 5  0.0034
1161   88.100  #a5a6a6  166 6  0.0011
1162   88.200  #a6a6a5  166 7  0.0011
1163   88.400  #a6a6a6  167 1  0.0023
1164   88.700  #a6a6a7  167 2  0.0034
1165   88.800  #a7a6a6  167 3  0.0011
1166   88.800  #a7a6a7  167 4  0.0000
1167   89.200  #a6a7a6  167 5  0.0045
1168   89.400  #a6a7a7  167 6  0.0022
1169   89.600  #a7a7a6  167 7  0.0022
1170   89.800  #a7a7a7  168 1  0.0022
1171   89.800  #a7a7a8  168 2  0.0000
1172   89.900  #a8a7a7  168 3  0.0011
1173   90.000  #a8a7a8  168 4  0.0011
1174   90.400  #a7a8a7  168 5  0.0044
1175   90.600  #a7a8a8  168 6  0.0022
1176   90.900  #a8a8a7  168 7  0.0033
1177   91.000  #a8a8a8  169 1  0.0011
1178   91.000  #a8a8a9  169 2  0.0000
1179   91.100  #a9a8a8  169 3  0.0011
1180   91.200  #a9a8a9  169 4  0.0011
1181   91.700  #a8a9a8  169 5  0.0055
1182   91.900  #a8a9a9  169 6  0.0022
1183   92.100  #a9a9a8  169 7  0.0022
1184   92.100  #a9a9a9  170 1  0.0000
1185   92.200  #a9a9aa  170 2  0.0011
1186   92.300  #aaa9a9  170 3  0.0011
1187   92.400  #aaa9aa  170 4  0.0011
1188   92.900  #a9aaa9  170 5  0.0054
1189   93.200  #a9aaaa  170 6  0.0032
1190   93.400  #aaaaa9  170 7  0.0021
1191   93.400  #aaaaaa  171 1  0.0000
1192   93.300  #aaaaab  171 2  -0.0011
1193   93.300  #abaaaa  171 3  0.0000
1194   93.300  #abaaab  171 4  0.0000
1195   94.200  #aaabaa  171 5  0.0096
1196   94.300  #aaabab  171 6  0.0011
1197   94.300  #ababaa  171 7  0.0000
1198   94.200  #ababab  172 1  -0.0011
1199   94.200  #ababac  172 2  0.0000
1200   94.400  #acabab  172 3  0.0021
1201   94.600  #acabac  172 4  0.0021
1202   95.000  #abacab  172 5  0.0042
1203   95.300  #abacac  172 6  0.0032
1204   95.400  #acacab  172 7  0.0010
1205   95.400  #acacac  173 1  0.0000
1206   95.500  #acacad  173 2  0.0010
1207   95.600  #adacac  173 3  0.0010
1208   95.800  #adacad  173 4  0.0021
1209   96.200  #acadac  173 5  0.0042
1210   96.500  #acadad  173 6  0.0031
1211   96.700  #adadac  173 7  0.0021
1212   96.700  #adadad  174 1  0.0000
1213   96.800  #adadae  174 2  0.0010
1214   96.900  #aeadad  174 3  0.0010
1215   97.000  #aeadae  174 4  0.0010
1216   97.600  #adaead  174 5  0.0062
1217   97.800  #adaeae  174 6  0.0020
1218   97.900  #aeaead  174 7  0.0010
1219   97.900  #aeaeae  175 1  0.0000
1220   98.000  #aeaeaf  175 2  0.0010
1221   98.100  #afaeae  175 3  0.0010
1222   98.300  #afaeaf  175 4  0.0020
1223   98.900  #aeafae  175 5  0.0061
1224   99.000  #aeafaf  175 6  0.0010
1225   99.200  #afafae  175 7  0.0020
1226   99.200  #afafaf  176 1  0.0000
1227   99.300  #afafb0  176 2  0.0010
1228   99.400  #b0afaf  176 3  0.0010
1229   99.600  #b0afb0  176 4  0.0020
1230  100.100  #afb0af  176 5  0.0050
1231  100.300  #afb0b0  176 6  0.0020
1232  100.400  #b0b0af  176 7  0.0010
1233  100.400  #b0b0b0  177 1  0.0000
1234  100.500  #b0b0b1  177 2  0.0010
1235  100.700  #b1b0b0  177 3  0.0020
1236  100.900  #b1b0b1  177 4  0.0020
1237  101.400  #b0b1b0  177 5  0.0049
1238  101.500  #b0b1b1  177 6  0.0010
1239  101.600  #b1b1b0  177 7  0.0010
1240  101.700  #b1b1b1  178 1  0.0010
1241  101.700  #b1b1b2  178 2  0.0000
1242  101.900  #b2b1b1  178 3  0.0020
1243  102.100  #b2b1b2  178 4  0.0020
1244  102.600  #b1b2b1  178 5  0.0049
1245  102.800  #b1b2b2  178 6  0.0019
1246  103.000  #b2b2b1  178 7  0.0019
1247  103.100  #b2b2b2  179 1  0.0010
1248  103.100  #b2b2b3  179 2  0.0000
1249  103.200  #b3b2b2  179 3  0.0010
1250  103.300  #b3b2b3  179 4  0.0010
1251  103.900  #b2b3b2  179 5  0.0058
1252  104.100  #b2b3b3  179 6  0.0019
1253  104.400  #b3b3b2  179 7  0.0029
1254  104.400  #b3b3b3  180 1  0.0000
1255  104.400  #b3b3b4  180 2  0.0000
1256  104.600  #b4b3b3  180 3  0.0019
1257  104.600  #b4b3b4  180 4  0.0000
1258  105.100  #b3b4b3  180 5  0.0048
1259  105.300  #b3b4b4  180 6  0.0019
1260  105.600  #b4b4b3  180 7  0.0028
1261  105.700  #b4b4b4  181 1  0.0009
1262  105.700  #b4b4b5  181 2  0.0000
1263  105.900  #b5b4b4  181 3  0.0019
1264  105.900  #b5b4b5  181 4  0.0000
1265  106.400  #b4b5b4  181 5  0.0047
1266  106.600  #b4b5b5  181 6  0.0019
1267  106.800  #b5b5b4  181 7  0.0019
1268  107.000  #b5b5b5  182 1  0.0019
1269  107.100  #b5b5b6  182 2  0.0009
1270  107.100  #b6b5b5  182 3  0.0000
1271  107.200  #b6b5b6  182 4  0.0009
1272  107.700  #b5b6b5  182 5  0.0047
1273  107.800  #b5b6b6  182 6  0.0009
1274  108.100  #b6b6b5  182 7  0.0028
1275  108.400  #b6b6b6  183 1  0.0028
1276  108.400  #b6b6b7  183 2  0.0000
1277  108.500  #b7b6b6  183 3  0.0009
1278  108.600  #b7b6b7  183 4  0.0009
1279  109.000  #b6b7b6  183 5  0.0037
1280  109.100  #b6b7b7  183 6  0.0009
1281  109.400  #b7b7b6  183 7  0.0027
1282  109.600  #b7b7b7  184 1  0.0018
1283  109.700  #b7b7b8  184 2  0.0009
1284  109.900  #b8b7b7  184 3  0.0018
1285  110.000  #b8b7b8  184 4  0.0009
1286  110.300  #b7b8b7  184 5  0.0027
1287  110.400  #b7b8b8  184 6  0.0009
1288  110.700  #b8b8b7  184 7  0.0027
1289  110.800  #b8b8b8  185 1  0.0009
1290  111.000  #b8b8b9  185 2  0.0018
1291  111.200  #b9b8b8  185 3  0.0018
1292  111.300  #b9b8b9  185 4  0.0009
1293  111.700  #b8b9b8  185 5  0.0036
1294  111.800  #b8b9b9  185 6  0.0009
1295  111.900  #b9b9b8  185 7  0.0009
1296  112.100  #b9b9b9  186 1  0.0018
1297  112.100  #b9b9ba  186 2  0.0000
1298  112.400  #bab9b9  186 3  0.0027
1299  112.600  #bab9ba  186 4  0.0018
1300  113.100  #b9bab9  186 5  0.0044
1301  113.200  #b9baba  186 6  0.0009
1302  113.300  #babab9  186 7  0.0009
1303  113.400  #bababa  187 1  0.0009
1304  113.500  #bababb  187 2  0.0009
1305  113.700  #bbbaba  187 3  0.0018
1306  113.800  #bbbabb  187 4  0.0009
1307  114.300  #babbba  187 5  0.0044
1308  114.500  #babbbb  187 6  0.0017
1309  114.700  #bbbbba  187 7  0.0017
1310  114.800  #bbbbbb  188 1  0.0009
1311  115.000  #bbbbbc  188 2  0.0017
1312  115.100  #bcbbbb  188 3  0.0009
1313  115.100  #bcbbbc  188 4  0.0000
1314  115.600  #bbbcbb  188 5  0.0043
1315  115.700  #bbbcbc  188 6  0.0009
1316  115.900  #bcbcbb  188 7  0.0017
1317  116.000  #bcbcbc  189 1  0.0009
1318  116.200  #bcbcbd  189 2  0.0017
1319  116.400  #bdbcbc  189 3  0.0017
1320  116.600  #bdbcbd  189 4  0.0017
1321  117.100  #bcbdbc  189 5  0.0043
1322  117.100  #bcbdbd  189 6  0.0000
1323  117.200  #bdbdbc  189 7  0.0009
1324  117.300  #bdbdbd  190 1  0.0009
1325  117.400  #bdbdbe  190 2  0.0009
1326  117.700  #bebdbd  190 3  0.0026
1327  117.800  #bebdbe  190 4  0.0008
1328  118.300  #bdbebd  190 5  0.0042
1329  118.500  #bdbebe  190 6  0.0017
1330  118.700  #bebebd  190 7  0.0017
1331  118.800  #bebebe  191 1  0.0008
1332  118.800  #bebebf  191 2  0.0000
1333  119.000  #bfbebe  191 3  0.0017
1334  119.100  #bfbebf  191 4  0.0008
1335  119.500  #bebfbe  191 5  0.0034
1336  119.700  #bebfbf  191 6  0.0017
1337  119.800  #bfbfbe  191 7  0.0008
1338  120.000  #bfbfbf  192 1  0.0017
1339  120.200  #bfbfc0  192 2  0.0017
1340  120.300  #c0bfbf  192 3  0.0008
1341  120.500  #c0bfc0  192 4  0.0017
1342  121.000  #bfc0bf  192 5  0.0041
1343  121.100  #bfc0c0  192 6  0.0008
1344  121.300  #c0c0bf  192 7  0.0017
1345  121.400  #c0c0c0  193 1  0.0008
1346  121.500  #c0c0c1  193 2  0.0008
1347  121.600  #c1c0c0  193 3  0.0008
1348  121.800  #c1c0c1  193 4  0.0016
1349  122.200  #c0c1c0  193 5  0.0033
1350  122.300  #c0c1c1  193 6  0.0008
1351  122.500  #c1c1c0  193 7  0.0016
1352  122.700  #c1c1c1  194 1  0.0016
1353  122.900  #c1c1c2  194 2  0.0016
1354  123.000  #c2c1c1  194 3  0.0008
1355  123.200  #c2c1c2  194 4  0.0016
1356  123.700  #c1c2c1  194 5  0.0041
1357  123.800  #c1c2c2  194 6  0.0008
1358  124.000  #c2c2c1  194 7  0.0016
1359  124.100  #c2c2c2  195 1  0.0008
1360  124.200  #c2c2c3  195 2  0.0008
1361  124.400  #c3c2c2  195 3  0.0016
1362  124.500  #c3c2c3  195 4  0.0008
1363  124.900  #c2c3c2  195 5  0.0032
1364  125.100  #c2c3c3  195 6  0.0016
1365  125.200  #c3c3c2  195 7  0.0008
1366  125.400  #c3c3c3  196 1  0.0016
1367  125.600  #c3c3c4  196 2  0.0016
1368  125.800  #c4c3c3  196 3  0.0016
1369  126.000  #c4c3c4  196 4  0.0016
1370  126.400  #c3c4c3  196 5  0.0032
1371  126.500  #c3c4c4  196 6  0.0008
1372  126.600  #c4c4c3  196 7  0.0008
1373  126.700  #c4c4c4  197 1  0.0008
1374  126.900  #c4c4c5  197 2  0.0016
1375  127.000  #c5c4c4  197 3  0.0008
1376  127.200  #c5c4c5  197 4  0.0016
1377  127.700  #c4c5c4  197 5  0.0039
1378  127.900  #c4c5c5  197 6  0.0016
1379  128.100  #c5c5c4  197 7  0.0016
1380  128.300  #c5c5c5  198 1  0.0016
1381  128.400  #c5c5c6  198 2  0.0008
1382  128.600  #c6c5c5  198 3  0.0016
1383  128.700  #c6c5c6  198 4  0.0008
1384  129.200  #c5c6c5  198 5  0.0039
1385  129.300  #c5c6c6  198 6  0.0008
1386  129.500  #c6c6c5  198 7  0.0015
1387  129.700  #c6c6c6  199 1  0.0015
1388  129.700  #c6c6c7  199 2  0.0000
1389  129.900  #c7c6c6  199 3  0.0015
1390  130.000  #c7c6c7  199 4  0.0008
1391  130.600  #c6c7c6  199 5  0.0046
1392  130.700  #c6c7c7  199 6  0.0008
1393  131.000  #c7c7c6  199 7  0.0023
1394  131.200  #c7c7c7  200 1  0.0015
1395  131.200  #c7c7c8  200 2  0.0000
1396  131.200  #c8c7c7  200 3  0.0000
1397  131.200  #c8c7c8  200 4  0.0000
1398  132.200  #c7c8c7  200 5  0.0076
1399  132.100  #c7c8c8  200 6  -0.0008
1400  132.100  #c8c8c7  200 7  0.0000
1401  132.100  #c8c8c8  201 1  0.0000
1402  132.200  #c8c8c9  201 2  0.0008
1403  132.300  #c9c8c8  201 3  0.0008
1404  132.400  #c9c8c9  201 4  0.0008
1405  133.000  #c8c9c8  201 5  0.0045
1406  133.200  #c8c9c9  201 6  0.0015
1407  133.400  #c9c9c8  201 7  0.0015
1408  133.500  #c9c9c9  202 1  0.0007
1409  133.700  #c9c9ca  202 2  0.0015
1410  133.900  #cac9c9  202 3  0.0015
1411  134.100  #cac9ca  202 4  0.0015
1412  134.700  #c9cac9  202 5  0.0045
1413  134.900  #c9caca  202 6  0.0015
1414  135.100  #cacac9  202 7  0.0015
1415  135.200  #cacaca  203 1  0.0007
1416  135.300  #cacacb  203 2  0.0007
1417  135.500  #cbcaca  203 3  0.0015
1418  135.600  #cbcacb  203 4  0.0007
1419  136.200  #cacbca  203 5  0.0044
1420  136.200  #cacbcb  203 6  0.0000
1421  136.400  #cbcbca  203 7  0.0015
1422  136.500  #cbcbcb  204 1  0.0007
1423  136.600  #cbcbcc  204 2  0.0007
1424  136.800  #cccbcb  204 3  0.0015
1425  136.900  #cccbcc  204 4  0.0007
1426  137.500  #cbcccb  204 5  0.0044
1427  137.500  #cbcccc  204 6  0.0000
1428  137.700  #cccccb  204 7  0.0015
1429  137.900  #cccccc  205 1  0.0015
1430  138.100  #cccccd  205 2  0.0014
1431  138.400  #cdcccc  205 3  0.0022
1432  138.600  #cdcccd  205 4  0.0014
1433  139.100  #cccdcc  205 5  0.0036
1434  139.300  #cccdcd  205 6  0.0014
1435  139.500  #cdcdcc  205 7  0.0014
1436  139.700  #cdcdcd  206 1  0.0014
1437  139.800  #cdcdce  206 2  0.0007
1438  140.000  #cecdcd  206 3  0.0014
1439  140.100  #cecdce  206 4  0.0007
1440  140.800  #cdcecd  206 5  0.0050
1441  140.800  #cdcece  206 6  0.0000
1442  141.100  #cececd  206 7  0.0021
1443  141.200  #cecece  207 1  0.0007
1444  141.300  #cececf  207 2  0.0007
1445  141.500  #cfcece  207 3  0.0014
1446  141.500  #cfcecf  207 4  0.0000
1447  142.100  #cecfce  207 5  0.0042
1448  142.200  #cecfcf  207 6  0.0007
1449  142.500  #cfcfce  207 7  0.0021
1450  142.500  #cfcfcf  208 1  0.0000
1451  142.600  #cfcfd0  208 2  0.0007
1452  142.900  #d0cfcf  208 3  0.0021
1453  143.100  #d0cfd0  208 4  0.0014
1454  143.500  #cfd0cf  208 5  0.0028
1455  143.700  #cfd0d0  208 6  0.0014
1456  143.900  #d0d0cf  208 7  0.0014
1457  144.200  #d0d0d0  209 1  0.0021
1458  144.300  #d0d0d1  209 2  0.0007
1459  144.600  #d1d0d0  209 3  0.0021
1460  144.700  #d1d0d1  209 4  0.0007
1461  145.300  #d0d1d0  209 5  0.0041
1462  145.400  #d0d1d1  209 6  0.0007
1463  145.600  #d1d1d0  209 7  0.0014
1464  145.700  #d1d1d1  210 1  0.0007
1465  145.900  #d1d1d2  210 2  0.0014
1466  146.100  #d2d1d1  210 3  0.0014
1467  146.200  #d2d1d2  210 4  0.0007
1468  146.700  #d1d2d1  210 5  0.0034
1469  146.800  #d1d2d2  210 6  0.0007
1470  147.100  #d2d2d1  210 7  0.0020
1471  147.200  #d2d2d2  211 1  0.0007
1472  147.300  #d2d2d3  211 2  0.0007
1473  147.600  #d3d2d2  211 3  0.0020
1474  147.700  #d3d2d3  211 4  0.0007
1475  148.100  #d2d3d2  211 5  0.0027
1476  148.300  #d2d3d3  211 6  0.0013
1477  148.500  #d3d3d2  211 7  0.0013
1478  148.700  #d3d3d3  212 1  0.0013
1479  148.700  #d3d3d4  212 2  0.0000
1480  148.900  #d4d3d3  212 3  0.0013
1481  149.000  #d4d3d4  212 4  0.0007
1482  149.600  #d3d4d3  212 5  0.0040
1483  149.600  #d3d4d4  212 6  0.0000
1484  149.800  #d4d4d3  212 7  0.0013
1485  150.000  #d4d4d4  213 1  0.0013
1486  150.200  #d4d4d5  213 2  0.0013
1487  150.400  #d5d4d4  213 3  0.0013
1488  150.500  #d5d4d5  213 4  0.0007
1489  151.100  #d4d5d4  213 5  0.0040
1490  151.200  #d4d5d5  213 6  0.0007
1491  151.500  #d5d5d4  213 7  0.0020
1492  151.600  #d5d5d5  214 1  0.0007
1493  151.800  #d5d5d6  214 2  0.0013
1494  152.000  #d6d5d5  214 3  0.0013
1495  152.100  #d6d5d6  214 4  0.0007
1496  152.700  #d5d6d5  214 5  0.0039
1497  152.900  #d5d6d6  214 6  0.0013
1498  153.100  #d6d6d5  214 7  0.0013
1499  153.300  #d6d6d6  215 1  0.0013
1500  153.500  #d6d6d7  215 2  0.0013
1501  153.700  #d7d6d6  215 3  0.0013
1502  153.800  #d7d6d7  215 4  0.0007
1503  154.400  #d6d7d6  215 5  0.0039
1504  154.600  #d6d7d7  215 6  0.0013
1505  154.800  #d7d7d6  215 7  0.0013
1506  154.800  #d7d7d7  216 1  0.0000
1507  155.000  #d7d7d8  216 2  0.0013
1508  155.300  #d8d7d7  216 3  0.0019
1509  155.300  #d8d7d8  216 4  0.0000
1510  155.800  #d7d8d7  216 5  0.0032
1511  156.000  #d7d8d8  216 6  0.0013
1512  156.200  #d8d8d7  216 7  0.0013
1513  156.400  #d8d8d8  217 1  0.0013
1514  156.500  #d8d8d9  217 2  0.0006
1515  156.700  #d9d8d8  217 3  0.0013
1516  156.900  #d9d8d9  217 4  0.0013
1517  157.500  #d8d9d8  217 5  0.0038
1518  157.600  #d8d9d9  217 6  0.0006
1519  158.000  #d9d9d8  217 7  0.0025
1520  158.100  #d9d9d9  218 1  0.0006
1521  158.200  #d9d9da  218 2  0.0006
1522  158.400  #dad9d9  218 3  0.0013
1523  158.600  #dad9da  218 4  0.0013
1524  159.200  #d9dad9  218 5  0.0038
1525  159.500  #d9dada  218 6  0.0019
1526  159.600  #dadad9  218 7  0.0006
1527  159.800  #dadada  219 1  0.0013
1528  160.000  #dadadb  219 2  0.0013
1529  160.000  #dbdada  219 3  0.0000
1530  160.200  #dbdadb  219 4  0.0012
1531  160.800  #dadbda  219 5  0.0037
1532  160.900  #dadbdb  219 6  0.0006
1533  161.200  #dbdbda  219 7  0.0019
1534  161.300  #dbdbdb  220 1  0.0006
1535  161.300  #dbdbdc  220 2  0.0000
1536  161.600  #dcdbdb  220 3  0.0019
1537  161.700  #dcdbdc  220 4  0.0006
1538  162.300  #dbdcdb  220 5  0.0037
1539  162.400  #dbdcdc  220 6  0.0006
1540  162.500  #dcdcdb  220 7  0.0006
1541  162.800  #dcdcdc  221 1  0.0018
1542  162.900  #dcdcdd  221 2  0.0006
1543  163.100  #dddcdc  221 3  0.0012
1544  163.200  #dddcdd  221 4  0.0006
1545  163.800  #dcdddc  221 5  0.0037
1546  163.900  #dcdddd  221 6  0.0006
1547  164.100  #dddddc  221 7  0.0012
1548  164.300  #dddddd  222 1  0.0012
1549  164.400  #ddddde  222 2  0.0006
1550  164.700  #dedddd  222 3  0.0018
1551  164.900  #deddde  222 4  0.0012
1552  165.400  #dddedd  222 5  0.0030
1553  165.600  #dddede  222 6  0.0012
1554  165.800  #dededd  222 7  0.0012
1555  166.000  #dedede  223 1  0.0012
1556  166.100  #dededf  223 2  0.0006
1557  166.200  #dfdede  223 3  0.0006
1558  166.400  #dfdedf  223 4  0.0012
1559  166.900  #dedfde  223 5  0.0030
1560  167.100  #dedfdf  223 6  0.0012
1561  167.200  #dfdfde  223 7  0.0006
1562  167.500  #dfdfdf  224 1  0.0018
1563  167.600  #dfdfe0  224 2  0.0006
1564  167.800  #e0dfdf  224 3  0.0012
1565  168.000  #e0dfe0  224 4  0.0012
1566  168.500  #dfe0df  224 5  0.0030
1567  168.600  #dfe0e0  224 6  0.0006
1568  168.800  #e0e0df  224 7  0.0012
1569  169.000  #e0e0e0  225 1  0.0012
1570  169.100  #e0e0e1  225 2  0.0006
1571  169.400  #e1e0e0  225 3  0.0018
1572  169.600  #e1e0e1  225 4  0.0012
1573  170.000  #e0e1e0  225 5  0.0024
1574  170.200  #e0e1e1  225 6  0.0012
1575  170.500  #e1e1e0  225 7  0.0018
1576  170.700  #e1e1e1  226 1  0.0012
1577  170.900  #e1e1e2  226 2  0.0012
1578  171.100  #e2e1e1  226 3  0.0012
1579  171.200  #e2e1e2  226 4  0.0006
1580  171.900  #e1e2e1  226 5  0.0041
1581  172.000  #e1e2e2  226 6  0.0006
1582  172.200  #e2e2e1  226 7  0.0012
1583  172.400  #e2e2e2  227 1  0.0012
1584  172.600  #e2e2e3  227 2  0.0012
1585  172.800  #e3e2e2  227 3  0.0012
1586  172.900  #e3e2e3  227 4  0.0006
1587  173.500  #e2e3e2  227 5  0.0035
1588  173.700  #e2e3e3  227 6  0.0012
1589  173.900  #e3e3e2  227 7  0.0012
1590  174.000  #e3e3e3  228 1  0.0006
1591  174.000  #e3e3e4  228 2  0.0000
1592  174.000  #e4e3e3  228 3  0.0000
1593  174.000  #e4e3e4  228 4  0.0000
1594  175.000  #e3e4e3  228 5  0.0057
1595  174.900  #e3e4e4  228 6  -0.0006
1596  174.900  #e4e4e3  228 7  0.0000
1597  174.800  #e4e4e4  229 1  -0.0006
1598  175.100  #e4e4e5  229 2  0.0017
1599  175.300  #e5e4e4  229 3  0.0011
1600  175.000  #e5e4e5  229 4  -0.0017
1601  175.000  #e4e5e4  229 5  0.0000
1602  176.000  #e4e5e5  229 6  0.0057
1603  176.000  #e5e5e4  229 7  0.0000
1604  176.000  #e5e5e5  230 1  0.0000
1605  176.000  #e5e5e6  230 2  0.0000
1606  176.000  #e6e5e5  230 3  0.0000
1607  176.000  #e6e5e6  230 4  0.0000
1608  177.000  #e5e6e5  230 5  0.0057
1609  177.000  #e5e6e6  230 6  0.0000
1610  177.000  #e6e6e5  230 7  0.0000
1611  178.000  #e6e6e6  231 1  0.0056
1612  178.000  #e6e6e7  231 2  0.0000
1613  178.000  #e7e6e6  231 3  0.0000
1614  178.000  #e7e6e7  231 4  0.0000
1615  179.000  #e6e7e6  231 5  0.0056
1616  179.000  #e6e7e7  231 6  0.0000
1617  179.000  #e7e7e6  231 7  0.0000
1618  180.000  #e7e7e7  232 1  0.0056
1619  180.000  #e7e7e8  232 2  0.0000
1620  180.000  #e8e7e7  232 3  0.0000
1621  180.000  #e8e7e8  232 4  0.0000
1622  181.000  #e7e8e7  232 5  0.0055
1623  181.000  #e7e8e8  232 6  0.0000
1624  181.000  #e8e8e7  232 7  0.0000
1625  181.000  #e8e8e8  233 1  0.0000
1626  181.000  #e8e8e9  233 2  0.0000
1627  181.000  #e9e8e8  233 3  0.0000
1628  181.000  #e9e8e9  233 4  0.0000
1629  182.000  #e8e9e8  233 5  0.0055
1630  182.000  #e8e9e9  233 6  0.0000
1631  182.000  #e9e9e8  233 7  0.0000
1632  182.000  #e9e9e9  234 1  0.0000
1633  182.000  #e9e9ea  234 2  0.0000
1634  183.000  #eae9e9  234 3  0.0055
1635  183.000  #eae9ea  234 4  0.0000
1636  183.000  #e9eae9  234 5  0.0000
1637  184.000  #e9eaea  234 6  0.0054
1638  184.000  #eaeae9  234 7  0.0000
1639  184.000  #eaeaea  235 1  0.0000
1640  184.000  #eaeaeb  235 2  0.0000
1641  184.000  #ebeaea  235 3  0.0000
1642  184.000  #ebeaeb  235 4  0.0000
1643  185.000  #eaebea  235 5  0.0054
1644  185.000  #eaebeb  235 6  0.0000
1645  185.000  #ebebea  235 7  0.0000
1646  186.000  #ebebeb  236 1  0.0054
1647  186.000  #ebebec  236 2  0.0000
1648  186.000  #ecebeb  236 3  0.0000
1649  186.000  #ecebec  236 4  0.0000
1650  187.000  #ebeceb  236 5  0.0054
1651  187.000  #ebecec  236 6  0.0000
1652  187.000  #ececeb  236 7  0.0000
1653  187.000  #ececec  237 1  0.0000
1654  187.000  #ececed  237 2  0.0000
1655  188.000  #edecec  237 3  0.0053
1656  188.000  #edeced  237 4  0.0000
1657  188.000  #ecedec  237 5  0.0000
1658  188.000  #eceded  237 6  0.0000
1659  189.000  #ededec  237 7  0.0053
1660  189.000  #ededed  238 1  0.0000
1661  189.000  #ededee  238 2  0.0000
1662  189.000  #eeeded  238 3  0.0000
1663  189.000  #eeedee  238 4  0.0000
1664  190.000  #edeeed  238 5  0.0053
1665  190.000  #edeeee  238 6  0.0000
1666  190.000  #eeeeed  238 7  0.0000
1667  190.000  #eeeeee  239 1  0.0000
1668  190.000  #eeeeef  239 2  0.0000
1669  191.000  #efeeee  239 3  0.0052
1670  191.000  #efeeef  239 4  0.0000
1671  191.000  #eeefee  239 5  0.0000
1672  192.000  #eeefef  239 6  0.0052
1673  192.000  #efefee  239 7  0.0000
1674  192.000  #efefef  240 1  0.0000
1675  192.000  #efeff0  240 2  0.0000
1676  192.000  #f0efef  240 3  0.0000
1677  192.000  #f0eff0  240 4  0.0000
1678  193.000  #eff0ef  240 5  0.0052
1679  193.000  #eff0f0  240 6  0.0000
1680  193.000  #f0f0ef  240 7  0.0000
1681  194.000  #f0f0f0  241 1  0.0052
1682  194.000  #f0f0f1  241 2  0.0000
1683  194.000  #f1f0f0  241 3  0.0000
1684  194.000  #f1f0f1  241 4  0.0000
1685  194.000  #f0f1f0  241 5  0.0000
1686  195.000  #f0f1f1  241 6  0.0051
1687  195.000  #f1f1f0  241 7  0.0000
1688  195.000  #f1f1f1  242 1  0.0000
1689  195.000  #f1f1f2  242 2  0.0000
1690  195.000  #f2f1f1  242 3  0.0000
1691  195.000  #f2f1f2  242 4  0.0000
1692  196.000  #f1f2f1  242 5  0.0051
1693  196.000  #f1f2f2  242 6  0.0000
1694  196.000  #f2f2f1  242 7  0.0000
1695  197.000  #f2f2f2  243 1  0.0051
1696  197.000  #f2f2f3  243 2  0.0000
1697  197.000  #f3f2f2  243 3  0.0000
1698  197.000  #f3f2f3  243 4  0.0000
1699  198.000  #f2f3f2  243 5  0.0051
1700  198.000  #f2f3f3  243 6  0.0000
1701  198.000  #f3f3f2  243 7  0.0000
1702  198.000  #f3f3f3  244 1  0.0000
1703  198.000  #f3f3f4  244 2  0.0000
1704  199.000  #f4f3f3  244 3  0.0050
1705  199.000  #f4f3f4  244 4  0.0000
1706  199.000  #f3f4f3  244 5  0.0000
1707  200.000  #f3f4f4  244 6  0.0050
1708  200.000  #f4f4f3  244 7  0.0000
1709  200.000  #f4f4f4  245 1  0.0000
1710  200.000  #f4f4f5  245 2  0.0000
1711  200.000  #f5f4f4  245 3  0.0000
1712  200.000  #f5f4f5  245 4  0.0000
1713  201.000  #f4f5f4  245 5  0.0050
1714  201.000  #f4f5f5  245 6  0.0000
1715  201.000  #f5f5f4  245 7  0.0000
1716  201.000  #f5f5f5  246 1  0.0000
1717  201.000  #f5f5f6  246 2  0.0000
1718  201.000  #f6f5f5  246 3  0.0000
1719  202.000  #f6f5f6  246 4  0.0050
1720  202.000  #f5f6f5  246 5  0.0000
1721  202.000  #f5f6f6  246 6  0.0000
1722  203.000  #f6f6f5  246 7  0.0049
1723  203.000  #f6f6f6  247 1  0.0000
1724  203.000  #f6f6f7  247 2  0.0000
1725  203.000  #f7f6f6  247 3  0.0000
1726  204.000  #f7f6f7  247 4  0.0049
1727  204.000  #f6f7f6  247 5  0.0000
1728  204.000  #f6f7f7  247 6  0.0000
1729  205.000  #f7f7f6  247 7  0.0049
1730  205.000  #f7f7f7  248 1  0.0000
1731  205.000  #f7f7f8  248 2  0.0000
1732  205.000  #f8f7f7  248 3  0.0000
1733  205.000  #f8f7f8  248 4  0.0000
1734  205.000  #f7f8f7  248 5  0.0000
1735  205.000  #f7f8f8  248 6  0.0000
1736  206.000  #f8f8f7  248 7  0.0049
1737  206.000  #f8f8f8  249 1  0.0000
1738  206.000  #f8f8f9  249 2  0.0000
1739  206.000  #f9f8f8  249 3  0.0000
1740  206.000  #f9f8f9  249 4  0.0000
1741  207.000  #f8f9f8  249 5  0.0048
1742  207.000  #f8f9f9  249 6  0.0000
1743  207.000  #f9f9f8  249 7  0.0000
1744  207.000  #f9f9f9  250 1  0.0000
1745  207.000  #f9f9fa  250 2  0.0000
1746  208.000  #faf9f9  250 3  0.0048
1747  208.000  #faf9fa  250 4  0.0000
1748  208.000  #f9faf9  250 5  0.0000
1749  209.000  #f9fafa  250 6  0.0048
1750  209.000  #fafaf9  250 7  0.0000
1751  209.000  #fafafa  251 1  0.0000
1752  209.000  #fafafb  251 2  0.0000
1753  210.000  #fbfafa  251 3  0.0048
1754  210.000  #fbfafb  251 4  0.0000
1755  210.000  #fafbfa  251 5  0.0000
1756  210.000  #fafbfb  251 6  0.0000
1757  210.000  #fbfbfa  251 7  0.0000
1758  211.000  #fbfbfb  252 1  0.0048
1759  211.000  #fbfbfc  252 2  0.0000
1760  211.000  #fcfbfb  252 3  0.0000
1761  211.000  #fcfbfc  252 4  0.0000
1762  211.000  #fbfcfb  252 5  0.0000
1763  211.000  #fbfcfc  252 6  0.0000
1764  211.000  #fcfcfb  252 7  0.0000
1765  211.000  #fcfcfc  253 1  0.0000
1766  212.000  #fcfcfd  253 2  0.0047
1767  212.000  #fdfcfc  253 3  0.0000
1768  212.000  #fdfcfd  253 4  0.0000
1769  212.000  #fcfdfc  253 5  0.0000
1770  213.000  #fcfdfd  253 6  0.0047
1771  213.000  #fdfdfc  253 7  0.0000
1772  213.000  #fdfdfd  254 1  0.0000
1773  213.000  #fdfdfe  254 2  0.0000
1774  214.000  #fefdfd  254 3  0.0047
1775  214.000  #fefdfe  254 4  0.0000
1776  214.000  #fdfefd  254 5  0.0000
1777  214.000  #fdfefe  254 6  0.0000
1778  214.000  #fefefd  254 7  0.0000
1779  214.000  #fefefe  255 1  0.0000
1780  215.000  #fefeff  255 2  0.0047
1781  215.000  #fffefe  255 3  0.0000
1782  215.000  #fffeff  255 4  0.0000
1783  216.000  #fefffe  255 5  0.0046
1784  216.000  #feffff  255 6  0.0000
1785  216.000  #fffffe  255 7  0.0000
1786  217.000  #ffffff  256 1  0.0046
