#  lumResponse vers. 1.6 - 07/23/08 13:16:59
#  Display ID: DELL_2007FP_C95367C41ADL
#  iLdelay=1  avgN=1  ILlimit_plus=0.20 ILlimit_minus=-0.05  R=24.0% G=66.9% B=9.1%
#  51.9  #ff0000
#  144.9  #00ff00
#  19.8  #0000ff
   1    0.266  #000000    1 1  0.0000
   2    0.267  #000001    1 2  0.0038
   3    0.266  #010000    1 3  -0.0038
   4    0.266  #010001    1 4  0.0000
   5    0.266  #000100    1 5  0.0000
   6    0.266  #000101    1 6  0.0000
   7    0.266  #010100    1 7  0.0000
   8    0.266  #010101    2 1  0.0000
   9    0.268  #010102    2 2  0.0075
  10    0.270  #020101    2 3  0.0074
  11    0.271  #020102    2 4  0.0037
  12    0.276  #010201    2 5  0.0183
  13    0.277  #010202    2 6  0.0036
  14    0.279  #020201    2 7  0.0072
  15    0.281  #020202    3 1  0.0071
  16    0.282  #020203    3 2  0.0036
  17    0.285  #030202    3 3  0.0106
  18    0.287  #030203    3 4  0.0070
  19    0.293  #020302    3 5  0.0207
  20    0.294  #020303    3 6  0.0034
  21    0.297  #030302    3 7  0.0102
  22    0.299  #030303    4 1  0.0067
  23    0.300  #030304    4 2  0.0033
  24    0.302  #040303    4 3  0.0066
  25    0.303  #040304    4 4  0.0033
  26    0.307  #030403    4 5  0.0131
  27    0.309  #030404    4 6  0.0065
  28    0.311  #040403    4 7  0.0065
  29    0.312  #040404    5 1  0.0032
  30    0.313  #040405    5 2  0.0032
  31    0.316  #050404    5 3  0.0095
  32    0.317  #050405    5 4  0.0032
  33    0.322  #040504    5 5  0.0156
  34    0.324  #040505    5 6  0.0062
  35    0.326  #050504    5 7  0.0062
  36    0.328  #050505    6 1  0.0061
  37    0.331  #050506    6 2  0.0091
  38    0.337  #060505    6 3  0.0180
  39    0.341  #060506    6 4  0.0118
  40    0.353  #050605    6 5  0.0346
  41    0.357  #050606    6 6  0.0113
  42    0.362  #060605    6 7  0.0139
  43    0.366  #060606    7 1  0.0110
  44    0.371  #060607    7 2  0.0136
  45    0.378  #070606    7 3  0.0187
  46    0.383  #070607    7 4  0.0131
  47    0.399  #060706    7 5  0.0409
  48    0.403  #060707    7 6  0.0100
  49    0.411  #070706    7 7  0.0197
  50    0.415  #070707    8 1  0.0097
  51    0.418  #070708    8 2  0.0072
  52    0.423  #080707    8 3  0.0119
  53    0.426  #080708    8 4  0.0071
  54    0.436  #070807    8 5  0.0232
  55    0.439  #070808    8 6  0.0069
  56    0.443  #080807    8 7  0.0091
  57    0.446  #080808    9 1  0.0067
  58    0.449  #080809    9 2  0.0067
  59    0.455  #090808    9 3  0.0133
  60    0.458  #090809    9 4  0.0066
  61    0.469  #080908    9 5  0.0237
  62    0.472  #080909    9 6  0.0064
  63    0.477  #090908    9 7  0.0105
  64    0.481  #090909   10 1  0.0084
  65    0.487  #09090a   10 2  0.0124
  66    0.498  #0a0909   10 3  0.0223
  67    0.504  #0a090a   10 4  0.0120
  68    0.527  #090a09   10 5  0.0446
  69    0.533  #090a0a   10 6  0.0113
  70    0.544  #0a0a09   10 7  0.0204
  71    0.550  #0a0a0a   11 1  0.0110
  72    0.558  #0a0a0b   11 2  0.0144
  73    0.571  #0b0a0a   11 3  0.0230
  74    0.578  #0b0a0b   11 4  0.0122
  75    0.605  #0a0b0a   11 5  0.0456
  76    0.613  #0a0b0b   11 6  0.0131
  77    0.626  #0b0b0a   11 7  0.0210
  78    0.633  #0b0b0b   12 1  0.0111
  79    0.639  #0b0b0c   12 2  0.0094
  80    0.647  #0c0b0b   12 3  0.0124
  81    0.653  #0c0b0c   12 4  0.0092
  82    0.670  #0b0c0b   12 5  0.0257
  83    0.675  #0b0c0c   12 6  0.0074
  84    0.684  #0c0c0b   12 7  0.0132
  85    0.690  #0c0c0c   13 1  0.0087
  86    0.695  #0c0c0d   13 2  0.0072
  87    0.704  #0d0c0c   13 3  0.0129
  88    0.710  #0d0c0d   13 4  0.0085
  89    0.730  #0c0d0c   13 5  0.0278
  90    0.735  #0c0d0d   13 6  0.0068
  91    0.745  #0d0d0c   13 7  0.0135
  92    0.750  #0d0d0d   14 1  0.0067
  93    0.760  #0d0d0e   14 2  0.0132
  94    0.777  #0e0d0d   14 3  0.0221
  95    0.786  #0e0d0e   14 4  0.0115
  96    0.822  #0d0e0d   14 5  0.0448
  97    0.831  #0d0e0e   14 6  0.0109
  98    0.848  #0e0e0d   14 7  0.0203
  99    0.858  #0e0e0e   15 1  0.0117
 100    0.870  #0e0e0f   15 2  0.0139
 101    0.888  #0f0e0e   15 3  0.0205
 102    0.900  #0f0e0f   15 4  0.0134
 103    0.940  #0e0f0e   15 5  0.0435
 104    0.951  #0e0f0f   15 6  0.0116
 105    0.970  #0f0f0e   15 7  0.0198
 106    0.982  #0f0f0f   16 1  0.0123
 107    0.990  #0f0f10   16 2  0.0081
 108    1.004  #100f0f   16 3  0.0140
 109    1.013  #100f10   16 4  0.0089
 110    1.040  #0f100f   16 5  0.0263
 111    1.049  #0f1010   16 6  0.0086
 112    1.063  #10100f   16 7  0.0133
 113    1.070  #101010   17 1  0.0066
 114    1.079  #101011   17 2  0.0084
 115    1.093  #111010   17 3  0.0129
 116    1.101  #111011   17 4  0.0073
 117    1.131  #101110   17 5  0.0269
 118    1.139  #101111   17 6  0.0070
 119    1.153  #111110   17 7  0.0122
 120    1.161  #111111   18 1  0.0069
 121    1.173  #111112   18 2  0.0103
 122    1.193  #121111   18 3  0.0169
 123    1.205  #121112   18 4  0.0100
 124    1.248  #111211   18 5  0.0351
 125    1.261  #111212   18 6  0.0104
 126    1.281  #121211   18 7  0.0157
 127    1.294  #121212   19 1  0.0101
 128    1.307  #121213   19 2  0.0100
 129    1.330  #131212   19 3  0.0174
 130    1.343  #131213   19 4  0.0097
 131    1.391  #121312   19 5  0.0351
 132    1.404  #121313   19 6  0.0093
 133    1.427  #131312   19 7  0.0162
 134    1.441  #131313   20 1  0.0098
 135    1.451  #131314   20 2  0.0069
 136    1.470  #141313   20 3  0.0130
 137    1.481  #141314   20 4  0.0075
 138    1.518  #131413   20 5  0.0247
 139    1.529  #131414   20 6  0.0072
 140    1.548  #141413   20 7  0.0123
 141    1.558  #141414   21 1  0.0064
 142    1.572  #141415   21 2  0.0089
 143    1.592  #151414   21 3  0.0126
 144    1.605  #151415   21 4  0.0081
 145    1.648  #141514   21 5  0.0264
 146    1.660  #141515   21 6  0.0073
 147    1.681  #151514   21 7  0.0126
 148    1.692  #151515   22 1  0.0065
 149    1.710  #151516   22 2  0.0106
 150    1.741  #161515   22 3  0.0180
 151    1.750  #161516   22 4  0.0052
 152    1.820  #151615   22 5  0.0392
 153    1.840  #151616   22 6  0.0109
 154    1.870  #161615   22 7  0.0162
 155    1.890  #161616   23 1  0.0106
 156    1.910  #161617   23 2  0.0105
 157    1.940  #171616   23 3  0.0156
 158    1.960  #171617   23 4  0.0103
 159    2.030  #161716   23 5  0.0351
 160    2.050  #161717   23 6  0.0098
 161    2.080  #171716   23 7  0.0145
 162    2.110  #171717   24 1  0.0143
 163    2.120  #171718   24 2  0.0047
 164    2.150  #181717   24 3  0.0141
 165    2.160  #181718   24 4  0.0046
 166    2.220  #171817   24 5  0.0274
 167    2.240  #171818   24 6  0.0090
 168    2.260  #181817   24 7  0.0089
 169    2.280  #181818   25 1  0.0088
 170    2.300  #181819   25 2  0.0087
 171    2.320  #191818   25 3  0.0087
 172    2.340  #191819   25 4  0.0086
 173    2.400  #181918   25 5  0.0253
 174    2.410  #181919   25 6  0.0042
 175    2.440  #191918   25 7  0.0124
 176    2.460  #191919   26 1  0.0082
 177    2.480  #19191a   26 2  0.0081
 178    2.520  #1a1919   26 3  0.0160
 179    2.540  #1a191a   26 4  0.0079
 180    2.620  #191a19   26 5  0.0310
 181    2.640  #191a1a   26 6  0.0076
 182    2.680  #1a1a19   26 7  0.0150
 183    2.700  #1a1a1a   27 1  0.0074
 184    2.720  #1a1a1b   27 2  0.0074
 185    2.770  #1b1a1a   27 3  0.0182
 186    2.790  #1b1a1b   27 4  0.0072
 187    2.880  #1a1b1a   27 5  0.0317
 188    2.900  #1a1b1b   27 6  0.0069
 189    2.940  #1b1b1a   27 7  0.0137
 190    2.970  #1b1b1b   28 1  0.0102
 191    2.990  #1b1b1c   28 2  0.0067
 192    3.020  #1c1b1b   28 3  0.0100
 193    3.040  #1c1b1c   28 4  0.0066
 194    3.110  #1b1c1b   28 5  0.0228
 195    3.130  #1b1c1c   28 6  0.0064
 196    3.170  #1c1c1b   28 7  0.0127
 197    3.190  #1c1c1c   29 1  0.0063
 198    3.190  #1c1c1d   29 2  0.0000
 199    3.230  #1d1c1c   29 3  0.0125
 200    3.240  #1d1c1d   29 4  0.0031
 201    3.320  #1c1d1c   29 5  0.0244
 202    3.310  #1c1d1d   29 6  -0.0030
 203    3.360  #1d1d1c   29 7  0.0150
 204    3.360  #1d1d1d   30 1  0.0000
 205    3.380  #1d1d1e   30 2  0.0059
 206    3.420  #1e1d1d   30 3  0.0118
 207    3.440  #1e1d1e   30 4  0.0058
 208    3.520  #1d1e1d   30 5  0.0230
 209    3.530  #1d1e1e   30 6  0.0028
 210    3.570  #1e1e1d   30 7  0.0113
 211    3.590  #1e1e1e   31 1  0.0056
 212    3.610  #1e1e1f   31 2  0.0056
 213    3.650  #1f1e1e   31 3  0.0110
 214    3.670  #1f1e1f   31 4  0.0055
 215    3.750  #1e1f1e   31 5  0.0216
 216    3.770  #1e1f1f   31 6  0.0053
 217    3.810  #1f1f1e   31 7  0.0106
 218    3.840  #1f1f1f   32 1  0.0078
 219    3.860  #1f1f20   32 2  0.0052
 220    3.890  #201f1f   32 3  0.0077
 221    3.910  #201f20   32 4  0.0051
 222    3.980  #1f201f   32 5  0.0177
 223    4.010  #1f2020   32 6  0.0075
 224    4.040  #20201f   32 7  0.0075
 225    4.060  #202020   33 1  0.0049
 226    4.090  #202021   33 2  0.0074
 227    4.110  #212020   33 3  0.0049
 228    4.140  #212021   33 4  0.0073
 229    4.210  #202120   33 5  0.0168
 230    4.230  #202121   33 6  0.0047
 231    4.260  #212120   33 7  0.0071
 232    4.280  #212121   34 1  0.0047
 233    4.300  #212122   34 2  0.0047
 234    4.340  #222121   34 3  0.0093
 235    4.360  #222122   34 4  0.0046
 236    4.440  #212221   34 5  0.0182
 237    4.460  #212222   34 6  0.0045
 238    4.510  #222221   34 7  0.0111
 239    4.520  #222222   35 1  0.0022
 240    4.550  #222223   35 2  0.0066
 241    4.590  #232222   35 3  0.0088
 242    4.610  #232223   35 4  0.0043
 243    4.700  #222322   35 5  0.0193
 244    4.720  #222323   35 6  0.0042
 245    4.760  #232322   35 7  0.0084
 246    4.780  #232323   36 1  0.0042
 247    4.810  #232324   36 2  0.0063
 248    4.840  #242323   36 3  0.0062
 249    4.870  #242324   36 4  0.0062
 250    4.940  #232423   36 5  0.0143
 251    4.970  #232424   36 6  0.0061
 252    5.000  #242423   36 7  0.0060
 253    5.030  #242424   37 1  0.0060
 254    5.050  #242425   37 2  0.0040
 255    5.090  #252424   37 3  0.0079
 256    5.110  #252425   37 4  0.0039
 257    5.190  #242524   37 5  0.0155
 258    5.220  #242525   37 6  0.0058
 259    5.250  #252524   37 7  0.0057
 260    5.280  #252525   38 1  0.0057
 261    5.300  #252526   38 2  0.0038
 262    5.340  #262525   38 3  0.0075
 263    5.370  #262526   38 4  0.0056
 264    5.460  #252625   38 5  0.0166
 265    5.480  #252626   38 6  0.0037
 266    5.530  #262625   38 7  0.0091
 267    5.550  #262626   39 1  0.0036
 268    5.580  #262627   39 2  0.0054
 269    5.620  #272626   39 3  0.0071
 270    5.650  #272627   39 4  0.0053
 271    5.740  #262726   39 5  0.0158
 272    5.770  #262727   39 6  0.0052
 273    5.820  #272726   39 7  0.0086
 274    5.850  #272727   40 1  0.0051
 275    5.870  #272728   40 2  0.0034
 276    5.910  #282727   40 3  0.0068
 277    5.940  #282728   40 4  0.0051
 278    6.020  #272827   40 5  0.0134
 279    6.050  #272828   40 6  0.0050
 280    6.090  #282827   40 7  0.0066
 281    6.120  #282828   41 1  0.0049
 282    6.140  #282829   41 2  0.0033
 283    6.190  #292828   41 3  0.0081
 284    6.210  #292829   41 4  0.0032
 285    6.310  #282928   41 5  0.0160
 286    6.340  #282929   41 6  0.0047
 287    6.380  #292928   41 7  0.0063
 288    6.410  #292929   42 1  0.0047
 289    6.430  #29292a   42 2  0.0031
 290    6.480  #2a2929   42 3  0.0077
 291    6.510  #2a292a   42 4  0.0046
 292    6.620  #292a29   42 5  0.0168
 293    6.640  #292a2a   42 6  0.0030
 294    6.700  #2a2a29   42 7  0.0090
 295    6.720  #2a2a2a   43 1  0.0030
 296    6.760  #2a2a2b   43 2  0.0059
 297    6.800  #2b2a2a   43 3  0.0059
 298    6.840  #2b2a2b   43 4  0.0059
 299    6.950  #2a2b2a   43 5  0.0160
 300    6.980  #2a2b2b   43 6  0.0043
 301    7.040  #2b2b2a   43 7  0.0086
 302    7.060  #2b2b2b   44 1  0.0028
 303    7.100  #2b2b2c   44 2  0.0056
 304    7.150  #2c2b2b   44 3  0.0070
 305    7.170  #2c2b2c   44 4  0.0028
 306    7.280  #2b2c2b   44 5  0.0152
 307    7.300  #2b2c2c   44 6  0.0027
 308    7.350  #2c2c2b   44 7  0.0068
 309    7.380  #2c2c2c   45 1  0.0041
 310    7.400  #2c2c2d   45 2  0.0027
 311    7.460  #2d2c2c   45 3  0.0081
 312    7.490  #2d2c2d   45 4  0.0040
 313    7.590  #2c2d2c   45 5  0.0133
 314    7.620  #2c2d2d   45 6  0.0039
 315    7.660  #2d2d2c   45 7  0.0052
 316    7.700  #2d2d2d   46 1  0.0052
 317    7.730  #2d2d2e   46 2  0.0039
 318    7.780  #2e2d2d   46 3  0.0064
 319    7.820  #2e2d2e   46 4  0.0051
 320    7.930  #2d2e2d   46 5  0.0140
 321    7.970  #2d2e2e   46 6  0.0050
 322    8.020  #2e2e2d   46 7  0.0063
 323    8.050  #2e2e2e   47 1  0.0037
 324    8.090  #2e2e2f   47 2  0.0050
 325    8.140  #2f2e2e   47 3  0.0062
 326    8.180  #2f2e2f   47 4  0.0049
 327    8.300  #2e2f2e   47 5  0.0146
 328    8.330  #2e2f2f   47 6  0.0036
 329    8.390  #2f2f2e   47 7  0.0072
 330    8.420  #2f2f2f   48 1  0.0036
 331    8.460  #2f2f30   48 2  0.0047
 332    8.510  #302f2f   48 3  0.0059
 333    8.540  #302f30   48 4  0.0035
 334    8.660  #2f302f   48 5  0.0140
 335    8.680  #2f3030   48 6  0.0023
 336    8.740  #30302f   48 7  0.0069
 337    8.770  #303030   49 1  0.0034
 338    8.800  #303031   49 2  0.0034
 339    8.860  #313030   49 3  0.0068
 340    8.880  #313031   49 4  0.0023
 341    9.000  #303130   49 5  0.0134
 342    9.030  #303131   49 6  0.0033
 343    9.080  #313130   49 7  0.0055
 344    9.120  #313131   50 1  0.0044
 345    9.140  #313132   50 2  0.0022
 346    9.210  #323131   50 3  0.0076
 347    9.250  #323132   50 4  0.0043
 348    9.360  #313231   50 5  0.0118
 349    9.410  #313232   50 6  0.0053
 350    9.460  #323231   50 7  0.0053
 351    9.500  #323232   51 1  0.0042
 352    9.540  #323233   51 2  0.0042
 353    9.590  #333232   51 3  0.0052
 354    9.640  #333233   51 4  0.0052
 355    9.760  #323332   51 5  0.0124
 356    9.800  #323333   51 6  0.0041
 357    9.860  #333332   51 7  0.0061
 358    9.880  #333333   52 1  0.0020
 359    9.940  #333334   52 2  0.0061
 360    9.980  #343333   52 3  0.0040
 361   10.020  #343334   52 4  0.0040
 362   10.140  #333433   52 5  0.0119
 363   10.170  #333434   52 6  0.0030
 364   10.240  #343433   52 7  0.0069
 365   10.270  #343434   53 1  0.0029
 366   10.310  #343435   53 2  0.0039
 367   10.370  #353434   53 3  0.0058
 368   10.400  #353435   53 4  0.0029
 369   10.530  #343534   53 5  0.0124
 370   10.560  #343535   53 6  0.0028
 371   10.610  #353534   53 7  0.0047
 372   10.650  #353535   54 1  0.0038
 373   10.680  #353536   54 2  0.0028
 374   10.760  #363535   54 3  0.0075
 375   10.790  #363536   54 4  0.0028
 376   10.930  #353635   54 5  0.0129
 377   10.970  #353636   54 6  0.0037
 378   11.020  #363635   54 7  0.0045
 379   11.070  #363636   55 1  0.0045
 380   11.100  #363637   55 2  0.0027
 381   11.160  #373636   55 3  0.0054
 382   11.220  #373637   55 4  0.0054
 383   11.340  #363736   55 5  0.0106
 384   11.390  #363737   55 6  0.0044
 385   11.450  #373736   55 7  0.0053
 386   11.480  #373737   56 1  0.0026
 387   11.540  #373738   56 2  0.0052
 388   11.580  #383737   56 3  0.0035
 389   11.640  #383738   56 4  0.0052
 390   11.770  #373837   56 5  0.0111
 391   11.790  #373838   56 6  0.0017
 392   11.870  #383837   56 7  0.0068
 393   11.900  #383838   57 1  0.0025
 394   11.900  #383839   57 2  0.0000
 395   12.000  #393838   57 3  0.0084
 396   11.990  #393839   57 4  -0.0008
 397   12.180  #383938   57 5  0.0157
 398   12.160  #383939   57 6  -0.0016
 399   12.270  #393938   57 7  0.0090
 400   12.270  #393939   58 1  0.0000
 401   12.300  #39393a   58 2  0.0024
 402   12.390  #3a3939   58 3  0.0073
 403   12.420  #3a393a   58 4  0.0024
 404   12.570  #393a39   58 5  0.0120
 405   12.610  #393a3a   58 6  0.0032
 406   12.670  #3a3a39   58 7  0.0047
 407   12.720  #3a3a3a   59 1  0.0039
 408   12.760  #3a3a3b   59 2  0.0031
 409   12.830  #3b3a3a   59 3  0.0055
 410   12.870  #3b3a3b   59 4  0.0031
 411   13.010  #3a3b3a   59 5  0.0108
 412   13.070  #3a3b3b   59 6  0.0046
 413   13.130  #3b3b3a   59 7  0.0046
 414   13.180  #3b3b3b   60 1  0.0038
 415   13.220  #3b3b3c   60 2  0.0030
 416   13.280  #3c3b3b   60 3  0.0045
 417   13.330  #3c3b3c   60 4  0.0038
 418   13.470  #3b3c3b   60 5  0.0104
 419   13.510  #3b3c3c   60 6  0.0030
 420   13.580  #3c3c3b   60 7  0.0052
 421   13.610  #3c3c3c   61 1  0.0022
 422   13.670  #3c3c3d   61 2  0.0044
 423   13.720  #3d3c3c   61 3  0.0037
 424   13.760  #3d3c3d   61 4  0.0029
 425   13.900  #3c3d3c   61 5  0.0101
 426   13.930  #3c3d3d   61 6  0.0022
 427   14.010  #3d3d3c   61 7  0.0057
 428   14.050  #3d3d3d   62 1  0.0029
 429   14.090  #3d3d3e   62 2  0.0028
 430   14.160  #3e3d3d   62 3  0.0050
 431   14.190  #3e3d3e   62 4  0.0021
 432   14.340  #3d3e3d   62 5  0.0105
 433   14.390  #3d3e3e   62 6  0.0035
 434   14.440  #3e3e3d   62 7  0.0035
 435   14.490  #3e3e3e   63 1  0.0035
 436   14.520  #3e3e3f   63 2  0.0021
 437   14.610  #3f3e3e   63 3  0.0062
 438   14.640  #3f3e3f   63 4  0.0021
 439   14.790  #3e3f3e   63 5  0.0102
 440   14.840  #3e3f3f   63 6  0.0034
 441   14.900  #3f3f3e   63 7  0.0040
 442   14.960  #3f3f3f   64 1  0.0040
 443   15.000  #3f3f40   64 2  0.0027
 444   15.050  #403f3f   64 3  0.0033
 445   15.110  #403f40   64 4  0.0040
 446   15.240  #3f403f   64 5  0.0086
 447   15.300  #3f4040   64 6  0.0039
 448   15.360  #40403f   64 7  0.0039
 449   15.380  #404040   65 1  0.0013
 450   15.450  #404041   65 2  0.0045
 451   15.500  #414040   65 3  0.0032
 452   15.570  #414041   65 4  0.0045
 453   15.710  #404140   65 5  0.0090
 454   15.740  #404141   65 6  0.0019
 455   15.820  #414140   65 7  0.0051
 456   15.850  #414141   66 1  0.0019
 457   15.910  #414142   66 2  0.0038
 458   15.990  #424141   66 3  0.0050
 459   16.010  #424142   66 4  0.0013
 460   16.200  #414241   66 5  0.0118
 461   16.220  #414242   66 6  0.0012
 462   16.300  #424241   66 7  0.0049
 463   16.350  #424242   67 1  0.0031
 464   16.370  #424243   67 2  0.0012
 465   16.480  #434242   67 3  0.0067
 466   16.500  #434243   67 4  0.0012
 467   16.680  #424342   67 5  0.0108
 468   16.720  #424343   67 6  0.0024
 469   16.780  #434342   67 7  0.0036
 470   16.850  #434343   68 1  0.0042
 471   16.890  #434344   68 2  0.0024
 472   16.960  #444343   68 3  0.0041
 473   17.020  #444344   68 4  0.0035
 474   17.150  #434443   68 5  0.0076
 475   17.220  #434444   68 6  0.0041
 476   17.280  #444443   68 7  0.0035
 477   17.330  #444444   69 1  0.0029
 478   17.390  #444445   69 2  0.0035
 479   17.450  #454444   69 3  0.0034
 480   17.510  #454445   69 4  0.0034
 481   17.600  #444544   69 5  0.0051
 482   17.700  #444545   69 6  0.0057
 483   17.700  #454544   69 7  0.0000
 484   17.800  #454545   70 1  0.0056
 485   17.800  #454546   70 2  0.0000
 486   17.900  #464545   70 3  0.0056
 487   18.000  #464546   70 4  0.0056
 488   18.100  #454645   70 5  0.0055
 489   18.200  #454646   70 6  0.0055
 490   18.300  #464645   70 7  0.0055
 491   18.300  #464646   71 1  0.0000
 492   18.400  #464647   71 2  0.0054
 493   18.400  #474646   71 3  0.0000
 494   18.500  #474647   71 4  0.0054
 495   18.700  #464746   71 5  0.0108
 496   18.700  #464747   71 6  0.0000
 497   18.800  #474746   71 7  0.0053
 498   18.900  #474747   72 1  0.0053
 499   18.900  #474748   72 2  0.0000
 500   19.000  #484747   72 3  0.0053
 501   19.000  #484748   72 4  0.0000
 502   19.200  #474847   72 5  0.0105
 503   19.200  #474848   72 6  0.0000
 504   19.300  #484847   72 7  0.0052
 505   19.400  #484848   73 1  0.0052
 506   19.400  #484849   73 2  0.0000
 507   19.500  #494848   73 3  0.0051
 508   19.600  #494849   73 4  0.0051
 509   19.700  #484948   73 5  0.0051
 510   19.800  #484949   73 6  0.0051
 511   19.900  #494948   73 7  0.0050
 512   19.900  #494949   74 1  0.0000
 513   20.000  #49494a   74 2  0.0050
 514   20.000  #4a4949   74 3  0.0000
 515   20.100  #4a494a   74 4  0.0050
 516   20.300  #494a49   74 5  0.0099
 517   20.300  #494a4a   74 6  0.0000
 518   20.400  #4a4a49   74 7  0.0049
 519   20.500  #4a4a4a   75 1  0.0049
 520   20.500  #4a4a4b   75 2  0.0000
 521   20.600  #4b4a4a   75 3  0.0049
 522   20.700  #4b4a4b   75 4  0.0048
 523   20.900  #4a4b4a   75 5  0.0096
 524   20.900  #4a4b4b   75 6  0.0000
 525   21.000  #4b4b4a   75 7  0.0048
 526   21.100  #4b4b4b   76 1  0.0048
 527   21.100  #4b4b4c   76 2  0.0000
 528   21.200  #4c4b4b   76 3  0.0047
 529   21.200  #4c4b4c   76 4  0.0000
 530   21.400  #4b4c4b   76 5  0.0094
 531   21.500  #4b4c4c   76 6  0.0047
 532   21.600  #4c4c4b   76 7  0.0046
 533   21.700  #4c4c4c   77 1  0.0046
 534   21.700  #4c4c4d   77 2  0.0000
 535   21.800  #4d4c4c   77 3  0.0046
 536   21.800  #4d4c4d   77 4  0.0000
 537   22.000  #4c4d4c   77 5  0.0091
 538   22.100  #4c4d4d   77 6  0.0045
 539   22.100  #4d4d4c   77 7  0.0000
 540   22.200  #4d4d4d   78 1  0.0045
 541   22.300  #4d4d4e   78 2  0.0045
 542   22.300  #4e4d4d   78 3  0.0000
 543   22.400  #4e4d4e   78 4  0.0045
 544   22.600  #4d4e4d   78 5  0.0089
 545   22.600  #4d4e4e   78 6  0.0000
 546   22.700  #4e4e4d   78 7  0.0044
 547   22.800  #4e4e4e   79 1  0.0044
 548   22.800  #4e4e4f   79 2  0.0000
 549   23.000  #4f4e4e   79 3  0.0087
 550   23.000  #4f4e4f   79 4  0.0000
 551   23.200  #4e4f4e   79 5  0.0087
 552   23.200  #4e4f4f   79 6  0.0000
 553   23.300  #4f4f4e   79 7  0.0043
 554   23.400  #4f4f4f   80 1  0.0043
 555   23.400  #4f4f50   80 2  0.0000
 556   23.500  #504f4f   80 3  0.0043
 557   23.600  #504f50   80 4  0.0042
 558   23.800  #4f504f   80 5  0.0084
 559   23.800  #4f5050   80 6  0.0000
 560   23.900  #50504f   80 7  0.0042
 561   24.000  #505050   81 1  0.0042
 562   24.000  #505051   81 2  0.0000
 563   24.100  #515050   81 3  0.0042
 564   24.200  #515051   81 4  0.0041
 565   24.400  #505150   81 5  0.0082
 566   24.400  #505151   81 6  0.0000
 567   24.500  #515150   81 7  0.0041
 568   24.600  #515151   82 1  0.0041
 569   24.600  #515152   82 2  0.0000
 570   24.700  #525151   82 3  0.0041
 571   24.800  #525152   82 4  0.0040
 572   25.000  #515251   82 5  0.0080
 573   25.000  #515252   82 6  0.0000
 574   25.100  #525251   82 7  0.0040
 575   25.200  #525252   83 1  0.0040
 576   25.300  #525253   83 2  0.0040
 577   25.300  #535252   83 3  0.0000
 578   25.400  #535253   83 4  0.0039
 579   25.600  #525352   83 5  0.0078
 580   25.600  #525353   83 6  0.0000
 581   25.800  #535352   83 7  0.0078
 582   25.800  #535353   84 1  0.0000
 583   25.900  #535354   84 2  0.0039
 584   26.000  #545353   84 3  0.0039
 585   26.000  #545354   84 4  0.0000
 586   26.200  #535453   84 5  0.0077
 587   26.200  #535454   84 6  0.0000
 588   26.400  #545453   84 7  0.0076
 589   26.400  #545454   85 1  0.0000
 590   26.100  #545455   85 2  -0.0114
 591   26.300  #555454   85 3  0.0076
 592   26.300  #555455   85 4  0.0000
 593   26.500  #545554   85 5  0.0076
 594   26.500  #545555   85 6  0.0000
 595   26.500  #555554   85 7  0.0000
 596   26.700  #555555   86 1  0.0075
 597   26.700  #555556   86 2  0.0000
 598   26.800  #565555   86 3  0.0037
 599   26.800  #565556   86 4  0.0000
 600   27.000  #555655   86 5  0.0074
 601   27.100  #555656   86 6  0.0037
 602   27.200  #565655   86 7  0.0037
 603   27.200  #565656   87 1  0.0000
 604   27.300  #565657   87 2  0.0037
 605   27.300  #575656   87 3  0.0000
 606   27.500  #575657   87 4  0.0073
 607   27.600  #565756   87 5  0.0036
 608   27.700  #565757   87 6  0.0036
 609   27.800  #575756   87 7  0.0036
 610   27.800  #575757   88 1  0.0000
 611   27.900  #575758   88 2  0.0036
 612   28.000  #585757   88 3  0.0036
 613   28.000  #585758   88 4  0.0000
 614   28.200  #575857   88 5  0.0071
 615   28.200  #575858   88 6  0.0000
 616   28.400  #585857   88 7  0.0071
 617   28.400  #585858   89 1  0.0000
 618   28.500  #585859   89 2  0.0035
 619   28.600  #595858   89 3  0.0035
 620   28.600  #595859   89 4  0.0000
 621   28.800  #585958   89 5  0.0070
 622   28.900  #585959   89 6  0.0035
 623   28.900  #595958   89 7  0.0000
 624   29.100  #595959   90 1  0.0069
 625   29.100  #59595a   90 2  0.0000
 626   29.200  #5a5959   90 3  0.0034
 627   29.200  #5a595a   90 4  0.0000
 628   29.400  #595a59   90 5  0.0068
 629   29.500  #595a5a   90 6  0.0034
 630   29.500  #5a5a59   90 7  0.0000
 631   29.700  #5a5a5a   91 1  0.0068
 632   29.700  #5a5a5b   91 2  0.0000
 633   29.800  #5b5a5a   91 3  0.0034
 634   29.900  #5b5a5b   91 4  0.0034
 635   30.000  #5a5b5a   91 5  0.0033
 636   30.100  #5a5b5b   91 6  0.0033
 637   30.200  #5b5b5a   91 7  0.0033
 638   30.200  #5b5b5b   92 1  0.0000
 639   30.400  #5b5b5c   92 2  0.0066
 640   30.400  #5c5b5b   92 3  0.0000
 641   30.500  #5c5b5c   92 4  0.0033
 642   30.700  #5b5c5b   92 5  0.0065
 643   30.700  #5b5c5c   92 6  0.0000
 644   30.900  #5c5c5b   92 7  0.0065
 645   30.900  #5c5c5c   93 1  0.0000
 646   31.000  #5c5c5d   93 2  0.0032
 647   31.100  #5d5c5c   93 3  0.0032
 648   31.000  #5d5c5d   93 4  -0.0032
 649   31.300  #5c5d5c   93 5  0.0096
 650   31.300  #5c5d5d   93 6  0.0000
 651   31.400  #5d5d5c   93 7  0.0032
 652   31.500  #5d5d5d   94 1  0.0032
 653   31.500  #5d5d5e   94 2  0.0000
 654   31.700  #5e5d5d   94 3  0.0063
 655   31.700  #5e5d5e   94 4  0.0000
 656   31.900  #5d5e5d   94 5  0.0063
 657   32.000  #5d5e5e   94 6  0.0031
 658   32.000  #5e5e5d   94 7  0.0000
 659   32.200  #5e5e5e   95 1  0.0062
 660   32.100  #5e5e5f   95 2  -0.0031
 661   32.300  #5f5e5e   95 3  0.0062
 662   32.400  #5f5e5f   95 4  0.0031
 663   32.500  #5e5f5e   95 5  0.0031
 664   32.700  #5e5f5f   95 6  0.0061
 665   32.700  #5f5f5e   95 7  0.0000
 666   32.800  #5f5f5f   96 1  0.0031
 667   32.900  #5f5f60   96 2  0.0030
 668   32.800  #605f5f   96 3  -0.0030
 669   33.000  #605f60   96 4  0.0061
 670   33.100  #5f605f   96 5  0.0030
 671   33.300  #5f6060   96 6  0.0060
 672   33.400  #60605f   96 7  0.0030
 673   33.300  #606060   97 1  -0.0030
 674   33.500  #606061   97 2  0.0060
 675   33.500  #616060   97 3  0.0000
 676   33.600  #616061   97 4  0.0030
 677   33.800  #606160   97 5  0.0059
 678   33.800  #606161   97 6  0.0000
 679   34.000  #616160   97 7  0.0059
 680   34.000  #616161   98 1  0.0000
 681   34.100  #616162   98 2  0.0029
 682   34.200  #626161   98 3  0.0029
 683   34.200  #626162   98 4  0.0000
 684   34.500  #616261   98 5  0.0087
 685   34.500  #616262   98 6  0.0000
 686   34.600  #626261   98 7  0.0029
 687   34.700  #626262   99 1  0.0029
 688   34.700  #626263   99 2  0.0000
 689   34.900  #636262   99 3  0.0057
 690   34.800  #636263   99 4  -0.0029
 691   35.100  #626362   99 5  0.0086
 692   35.100  #626363   99 6  0.0000
 693   35.200  #636362   99 7  0.0028
 694   35.400  #636363  100 1  0.0057
 695   35.300  #636364  100 2  -0.0028
 696   35.500  #646363  100 3  0.0056
 697   35.500  #646364  100 4  0.0000
 698   35.700  #636463  100 5  0.0056
 699   35.800  #636464  100 6  0.0028
 700   35.800  #646463  100 7  0.0000
 701   36.000  #646464  101 1  0.0056
 702   36.000  #646465  101 2  0.0000
 703   36.100  #656464  101 3  0.0028
 704   36.200  #656465  101 4  0.0028
 705   36.300  #646564  101 5  0.0028
 706   36.500  #646565  101 6  0.0055
 707   36.500  #656564  101 7  0.0000
 708   36.600  #656565  102 1  0.0027
 709   36.700  #656566  102 2  0.0027
 710   36.700  #666565  102 3  0.0000
 711   36.900  #666566  102 4  0.0054
 712   37.000  #656665  102 5  0.0027
 713   37.100  #656666  102 6  0.0027
 714   37.200  #666665  102 7  0.0027
 715   37.200  #666666  103 1  0.0000
 716   37.400  #666667  103 2  0.0054
 717   37.400  #676666  103 3  0.0000
 718   37.500  #676667  103 4  0.0027
 719   37.700  #666766  103 5  0.0053
 720   37.700  #666767  103 6  0.0000
 721   37.900  #676766  103 7  0.0053
 722   37.900  #676767  104 1  0.0000
 723   37.900  #676768  104 2  0.0000
 724   38.100  #686767  104 3  0.0053
 725   38.100  #686768  104 4  0.0000
 726   38.400  #676867  104 5  0.0078
 727   38.400  #676868  104 6  0.0000
 728   38.400  #686867  104 7  0.0000
 729   38.600  #686868  105 1  0.0052
 730   38.600  #686869  105 2  0.0000
 731   38.700  #696868  105 3  0.0026
 732   38.800  #696869  105 4  0.0026
 733   38.900  #686968  105 5  0.0026
 734   39.100  #686969  105 6  0.0051
 735   39.100  #696968  105 7  0.0000
 736   39.200  #696969  106 1  0.0026
 737   39.300  #69696a  106 2  0.0025
 738   39.300  #6a6969  106 3  0.0000
 739   39.500  #6a696a  106 4  0.0051
 740   39.600  #696a69  106 5  0.0025
 741   39.700  #696a6a  106 6  0.0025
 742   39.800  #6a6a69  106 7  0.0025
 743   39.800  #6a6a6a  107 1  0.0000
 744   40.000  #6a6a6b  107 2  0.0050
 745   40.000  #6b6a6a  107 3  0.0000
 746   40.100  #6b6a6b  107 4  0.0025
 747   40.300  #6a6b6a  107 5  0.0050
 748   40.300  #6a6b6b  107 6  0.0000
 749   40.500  #6b6b6a  107 7  0.0050
 750   40.600  #6b6b6b  108 1  0.0025
 751   40.600  #6b6b6c  108 2  0.0000
 752   40.700  #6c6b6b  108 3  0.0025
 753   40.700  #6c6b6c  108 4  0.0000
 754   41.000  #6b6c6b  108 5  0.0073
 755   41.000  #6b6c6c  108 6  0.0000
 756   41.100  #6c6c6b  108 7  0.0024
 757   41.200  #6c6c6c  109 1  0.0024
 758   41.200  #6c6c6d  109 2  0.0000
 759   41.400  #6d6c6c  109 3  0.0048
 760   41.400  #6d6c6d  109 4  0.0000
 761   41.600  #6c6d6c  109 5  0.0048
 762   41.700  #6c6d6d  109 6  0.0024
 763   41.700  #6d6d6c  109 7  0.0000
 764   41.900  #6d6d6d  110 1  0.0048
 765   41.900  #6d6d6e  110 2  0.0000
 766   42.000  #6e6d6d  110 3  0.0024
 767   42.100  #6e6d6e  110 4  0.0024
 768   42.200  #6d6e6d  110 5  0.0024
 769   42.400  #6d6e6e  110 6  0.0047
 770   42.400  #6e6e6d  110 7  0.0000
 771   42.400  #6e6e6e  111 1  0.0000
 772   42.600  #6e6e6f  111 2  0.0047
 773   42.600  #6f6e6e  111 3  0.0000
 774   42.800  #6f6e6f  111 4  0.0047
 775   42.900  #6e6f6e  111 5  0.0023
 776   42.900  #6e6f6f  111 6  0.0000
 777   43.100  #6f6f6e  111 7  0.0047
 778   43.100  #6f6f6f  112 1  0.0000
 779   43.200  #6f6f70  112 2  0.0023
 780   43.300  #706f6f  112 3  0.0023
 781   43.300  #706f70  112 4  0.0000
 782   43.600  #6f706f  112 5  0.0069
 783   43.600  #6f7070  112 6  0.0000
 784   43.700  #70706f  112 7  0.0023
 785   43.800  #707070  113 1  0.0023
 786   43.800  #707071  113 2  0.0000
 787   44.000  #717070  113 3  0.0046
 788   44.000  #717071  113 4  0.0000
 789   44.200  #707170  113 5  0.0045
 790   44.300  #707171  113 6  0.0023
 791   44.300  #717170  113 7  0.0000
 792   44.500  #717171  114 1  0.0045
 793   44.400  #717172  114 2  -0.0022
 794   44.600  #727171  114 3  0.0045
 795   44.600  #727172  114 4  0.0000
 796   44.800  #717271  114 5  0.0045
 797   44.800  #717272  114 6  0.0000
 798   45.000  #727271  114 7  0.0045
 799   45.000  #727272  115 1  0.0000
 800   45.100  #727273  115 2  0.0022
 801   45.100  #737272  115 3  0.0000
 802   45.200  #737273  115 4  0.0022
 803   45.400  #727372  115 5  0.0044
 804   45.500  #727373  115 6  0.0022
 805   45.600  #737372  115 7  0.0022
 806   45.600  #737373  116 1  0.0000
 807   45.700  #737374  116 2  0.0022
 808   45.800  #747373  116 3  0.0022
 809   45.900  #747374  116 4  0.0022
 810   46.100  #737473  116 5  0.0043
 811   46.100  #737474  116 6  0.0000
 812   46.200  #747473  116 7  0.0022
 813   46.300  #747474  117 1  0.0022
 814   46.400  #747475  117 2  0.0022
 815   46.500  #757474  117 3  0.0022
 816   46.400  #757475  117 4  -0.0022
 817   46.700  #747574  117 5  0.0064
 818   46.700  #747575  117 6  0.0000
 819   46.800  #757574  117 7  0.0021
 820   46.900  #757575  118 1  0.0021
 821   46.900  #757576  118 2  0.0000
 822   47.100  #767575  118 3  0.0043
 823   47.100  #767576  118 4  0.0000
 824   47.400  #757675  118 5  0.0063
 825   47.400  #757676  118 6  0.0000
 826   47.400  #767675  118 7  0.0000
 827   47.600  #767676  119 1  0.0042
 828   47.600  #767677  119 2  0.0000
 829   47.700  #777676  119 3  0.0021
 830   47.800  #777677  119 4  0.0021
 831   47.900  #767776  119 5  0.0021
 832   48.100  #767777  119 6  0.0042
 833   48.100  #777776  119 7  0.0000
 834   48.200  #777777  120 1  0.0021
 835   48.300  #777778  120 2  0.0021
 836   48.300  #787777  120 3  0.0000
 837   48.400  #787778  120 4  0.0021
 838   48.600  #777877  120 5  0.0041
 839   48.700  #777878  120 6  0.0021
 840   48.800  #787877  120 7  0.0021
 841   48.800  #787878  121 1  0.0000
 842   48.900  #787879  121 2  0.0020
 843   49.000  #797878  121 3  0.0020
 844   49.100  #797879  121 4  0.0020
 845   49.300  #787978  121 5  0.0041
 846   49.300  #787979  121 6  0.0000
 847   49.500  #797978  121 7  0.0040
 848   49.500  #797979  122 1  0.0000
 849   49.600  #79797a  122 2  0.0020
 850   49.700  #7a7979  122 3  0.0020
 851   49.700  #7a797a  122 4  0.0000
 852   50.000  #797a79  122 5  0.0060
 853   50.000  #797a7a  122 6  0.0000
 854   50.100  #7a7a79  122 7  0.0020
 855   50.200  #7a7a7a  123 1  0.0020
 856   50.200  #7a7a7b  123 2  0.0000
 857   50.300  #7b7a7a  123 3  0.0020
 858   50.400  #7b7a7b  123 4  0.0020
 859   50.600  #7a7b7a  123 5  0.0040
 860   50.700  #7a7b7b  123 6  0.0020
 861   50.700  #7b7b7a  123 7  0.0000
 862   50.900  #7b7b7b  124 1  0.0039
 863   50.900  #7b7b7c  124 2  0.0000
 864   51.000  #7c7b7b  124 3  0.0020
 865   51.100  #7c7b7c  124 4  0.0020
 866   51.300  #7b7c7b  124 5  0.0039
 867   51.400  #7b7c7c  124 6  0.0019
 868   51.500  #7c7c7b  124 7  0.0019
 869   51.500  #7c7c7c  125 1  0.0000
 870   51.600  #7c7c7d  125 2  0.0019
 871   51.700  #7d7c7c  125 3  0.0019
 872   51.800  #7d7c7d  125 4  0.0019
 873   52.100  #7c7d7c  125 5  0.0058
 874   52.200  #7c7d7d  125 6  0.0019
 875   52.300  #7d7d7c  125 7  0.0019
 876   52.300  #7d7d7d  126 1  0.0000
 877   52.500  #7d7d7e  126 2  0.0038
 878   52.600  #7e7d7d  126 3  0.0019
 879   52.700  #7e7d7e  126 4  0.0019
 880   53.000  #7d7e7d  126 5  0.0057
 881   53.000  #7d7e7e  126 6  0.0000
 882   53.200  #7e7e7d  126 7  0.0038
 883   53.300  #7e7e7e  127 1  0.0019
 884   53.300  #7e7e7f  127 2  0.0000
 885   53.500  #7f7e7e  127 3  0.0037
 886   53.500  #7f7e7f  127 4  0.0000
 887   53.800  #7e7f7e  127 5  0.0056
 888   53.900  #7e7f7f  127 6  0.0019
 889   54.100  #7f7f7e  127 7  0.0037
 890   54.100  #7f7f7f  128 1  0.0000
 891   54.200  #7f7f80  128 2  0.0018
 892   54.400  #807f7f  128 3  0.0037
 893   54.400  #807f80  128 4  0.0000
 894   54.700  #7f807f  128 5  0.0055
 895   54.800  #7f8080  128 6  0.0018
 896   54.900  #80807f  128 7  0.0018
 897   55.000  #808080  129 1  0.0018
 898   55.100  #808081  129 2  0.0018
 899   55.100  #818080  129 3  0.0000
 900   55.300  #818081  129 4  0.0036
 901   55.500  #808180  129 5  0.0036
 902   55.700  #808181  129 6  0.0036
 903   55.800  #818180  129 7  0.0018
 904   55.800  #818181  130 1  0.0000
 905   55.900  #818182  130 2  0.0018
 906   56.000  #828181  130 3  0.0018
 907   56.200  #828182  130 4  0.0036
 908   56.400  #818281  130 5  0.0036
 909   56.500  #818282  130 6  0.0018
 910   56.700  #828281  130 7  0.0035
 911   56.700  #828282  131 1  0.0000
 912   56.900  #828283  131 2  0.0035
 913   57.000  #838282  131 3  0.0018
 914   57.100  #838283  131 4  0.0018
 915   57.400  #828382  131 5  0.0052
 916   57.400  #828383  131 6  0.0000
 917   57.600  #838382  131 7  0.0035
 918   57.700  #838383  132 1  0.0017
 919   57.800  #838384  132 2  0.0017
 920   57.900  #848383  132 3  0.0017
 921   58.000  #848384  132 4  0.0017
 922   58.300  #838483  132 5  0.0052
 923   58.300  #838484  132 6  0.0000
 924   58.500  #848483  132 7  0.0034
 925   58.600  #848484  133 1  0.0017
 926   58.600  #848485  133 2  0.0000
 927   58.800  #858484  133 3  0.0034
 928   58.900  #858485  133 4  0.0017
 929   59.200  #848584  133 5  0.0051
 930   59.300  #848585  133 6  0.0017
 931   59.400  #858584  133 7  0.0017
 932   59.500  #858585  134 1  0.0017
 933   59.600  #858586  134 2  0.0017
 934   59.700  #868585  134 3  0.0017
 935   59.800  #868586  134 4  0.0017
 936   60.100  #858685  134 5  0.0050
 937   60.200  #858686  134 6  0.0017
 938   60.300  #868685  134 7  0.0017
 939   60.400  #868686  135 1  0.0017
 940   60.500  #868687  135 2  0.0017
 941   60.700  #878686  135 3  0.0033
 942   60.800  #878687  135 4  0.0016
 943   61.000  #868786  135 5  0.0033
 944   61.100  #868787  135 6  0.0016
 945   61.300  #878786  135 7  0.0033
 946   61.300  #878787  136 1  0.0000
 947   61.500  #878788  136 2  0.0033
 948   61.600  #888787  136 3  0.0016
 949   61.700  #888788  136 4  0.0016
 950   62.000  #878887  136 5  0.0049
 951   62.000  #878888  136 6  0.0000
 952   62.200  #888887  136 7  0.0032
 953   62.300  #888888  137 1  0.0016
 954   62.400  #888889  137 2  0.0016
 955   62.600  #898888  137 3  0.0032
 956   62.600  #898889  137 4  0.0000
 957   63.000  #888988  137 5  0.0064
 958   63.000  #888989  137 6  0.0000
 959   63.200  #898988  137 7  0.0032
 960   63.300  #898989  138 1  0.0016
 961   63.300  #89898a  138 2  0.0000
 962   63.500  #8a8989  138 3  0.0032
 963   63.500  #8a898a  138 4  0.0000
 964   63.900  #898a89  138 5  0.0063
 965   64.100  #898a8a  138 6  0.0031
 966   64.100  #8a8a89  138 7  0.0000
 967   64.300  #8a8a8a  139 1  0.0031
 968   64.300  #8a8a8b  139 2  0.0000
 969   64.500  #8b8a8a  139 3  0.0031
 970   64.600  #8b8a8b  139 4  0.0015
 971   64.900  #8a8b8a  139 5  0.0046
 972   65.000  #8a8b8b  139 6  0.0015
 973   65.100  #8b8b8a  139 7  0.0015
 974   65.200  #8b8b8b  140 1  0.0015
 975   65.400  #8b8b8c  140 2  0.0031
 976   65.400  #8c8b8b  140 3  0.0000
 977   65.600  #8c8b8c  140 4  0.0031
 978   65.900  #8b8c8b  140 5  0.0046
 979   66.000  #8b8c8c  140 6  0.0015
 980   66.200  #8c8c8b  140 7  0.0030
 981   66.100  #8c8c8c  141 1  -0.0015
 982   66.300  #8c8c8d  141 2  0.0030
 983   66.400  #8d8c8c  141 3  0.0015
 984   66.500  #8d8c8d  141 4  0.0015
 985   66.900  #8c8d8c  141 5  0.0060
 986   66.900  #8c8d8d  141 6  0.0000
 987   67.100  #8d8d8c  141 7  0.0030
 988   67.200  #8d8d8d  142 1  0.0015
 989   67.200  #8d8d8e  142 2  0.0000
 990   67.500  #8e8d8d  142 3  0.0045
 991   67.500  #8e8d8e  142 4  0.0000
 992   67.900  #8d8e8d  142 5  0.0059
 993   68.000  #8d8e8e  142 6  0.0015
 994   68.000  #8e8e8d  142 7  0.0000
 995   68.300  #8e8e8e  143 1  0.0044
 996   68.200  #8e8e8f  143 2  -0.0015
 997   68.500  #8f8e8e  143 3  0.0044
 998   68.400  #8f8e8f  143 4  -0.0015
 999   68.800  #8e8f8e  143 5  0.0058
1000   69.000  #8e8f8f  143 6  0.0029
1001   69.100  #8f8f8e  143 7  0.0014
1002   69.100  #8f8f8f  144 1  0.0000
1003   69.200  #8f8f90  144 2  0.0014
1004   69.300  #908f8f  144 3  0.0014
1005   69.500  #908f90  144 4  0.0029
1006   69.800  #8f908f  144 5  0.0043
1007   69.900  #8f9090  144 6  0.0014
1008   70.000  #90908f  144 7  0.0014
1009   70.100  #909090  145 1  0.0014
1010   70.300  #909091  145 2  0.0028
1011   70.300  #919090  145 3  0.0000
1012   70.500  #919091  145 4  0.0028
1013   70.800  #909190  145 5  0.0042
1014   70.800  #909191  145 6  0.0000
1015   71.100  #919190  145 7  0.0042
1016   71.100  #919191  146 1  0.0000
1017   71.300  #919192  146 2  0.0028
1018   71.400  #929191  146 3  0.0014
1019   71.500  #929192  146 4  0.0014
1020   71.900  #919291  146 5  0.0056
1021   71.900  #919292  146 6  0.0000
1022   72.100  #929291  146 7  0.0028
1023   72.200  #929292  147 1  0.0014
1024   72.200  #929293  147 2  0.0000
1025   72.500  #939292  147 3  0.0041
1026   72.500  #939293  147 4  0.0000
1027   72.900  #929392  147 5  0.0055
1028   73.000  #929393  147 6  0.0014
1029   73.100  #939392  147 7  0.0014
1030   73.300  #939393  148 1  0.0027
1031   73.300  #939394  148 2  0.0000
1032   73.500  #949393  148 3  0.0027
1033   73.600  #949394  148 4  0.0014
1034   73.800  #939493  148 5  0.0027
1035   74.100  #939494  148 6  0.0041
1036   74.100  #949493  148 7  0.0000
1037   74.300  #949494  149 1  0.0027
1038   74.400  #949495  149 2  0.0013
1039   74.500  #959494  149 3  0.0013
1040   74.700  #959495  149 4  0.0027
1041   74.900  #949594  149 5  0.0027
1042   75.100  #949595  149 6  0.0027
1043   75.200  #959594  149 7  0.0013
1044   75.300  #959595  150 1  0.0013
1045   75.500  #959596  150 2  0.0027
1046   75.500  #969595  150 3  0.0000
1047   75.800  #969596  150 4  0.0040
1048   76.100  #959695  150 5  0.0039
1049   76.100  #959696  150 6  0.0000
1050   76.400  #969695  150 7  0.0039
1051   76.300  #969696  151 1  -0.0013
1052   76.600  #969697  151 2  0.0039
1053   76.700  #979696  151 3  0.0013
1054   76.800  #979697  151 4  0.0013
1055   77.200  #969796  151 5  0.0052
1056   77.200  #969797  151 6  0.0000
1057   77.500  #979796  151 7  0.0039
1058   77.500  #979797  152 1  0.0000
1059   77.600  #979798  152 2  0.0013
1060   77.900  #989797  152 3  0.0039
1061   77.800  #989798  152 4  -0.0013
1062   78.300  #979897  152 5  0.0064
1063   78.400  #979898  152 6  0.0013
1064   78.400  #989897  152 7  0.0000
1065   78.700  #989898  153 1  0.0038
1066   78.600  #989899  153 2  -0.0013
1067   78.900  #999898  153 3  0.0038
1068   79.000  #999899  153 4  0.0013
1069   79.300  #989998  153 5  0.0038
1070   79.500  #989999  153 6  0.0025
1071   79.500  #999998  153 7  0.0000
1072   79.700  #999999  154 1  0.0025
1073   79.800  #99999a  154 2  0.0013
1074   79.900  #9a9999  154 3  0.0013
1075   80.100  #9a999a  154 4  0.0025
1076   80.300  #999a99  154 5  0.0025
1077   80.600  #999a9a  154 6  0.0037
1078   80.700  #9a9a99  154 7  0.0012
1079   80.800  #9a9a9a  155 1  0.0012
1080   81.000  #9a9a9b  155 2  0.0025
1081   81.000  #9b9a9a  155 3  0.0000
1082   81.300  #9b9a9b  155 4  0.0037
1083   81.600  #9a9b9a  155 5  0.0037
1084   81.600  #9a9b9b  155 6  0.0000
1085   81.900  #9b9b9a  155 7  0.0037
1086   81.900  #9b9b9b  156 1  0.0000
1087   82.100  #9b9b9c  156 2  0.0024
1088   82.200  #9c9b9b  156 3  0.0012
1089   82.300  #9c9b9c  156 4  0.0012
1090   82.800  #9b9c9b  156 5  0.0061
1091   82.700  #9b9c9c  156 6  -0.0012
1092   83.000  #9c9c9b  156 7  0.0036
1093   83.100  #9c9c9c  157 1  0.0012
1094   83.100  #9c9c9d  157 2  0.0000
1095   83.400  #9d9c9c  157 3  0.0036
1096   83.300  #9d9c9d  157 4  -0.0012
1097   83.900  #9c9d9c  157 5  0.0072
1098   83.900  #9c9d9d  157 6  0.0000
1099   84.000  #9d9d9c  157 7  0.0012
1100   84.200  #9d9d9d  158 1  0.0024
1101   84.200  #9d9d9e  158 2  0.0000
1102   84.500  #9e9d9d  158 3  0.0036
1103   84.600  #9e9d9e  158 4  0.0012
1104   84.800  #9d9e9d  158 5  0.0024
1105   85.100  #9d9e9e  158 6  0.0035
1106   85.200  #9e9e9d  158 7  0.0012
1107   85.400  #9e9e9e  159 1  0.0023
1108   85.500  #9e9e9f  159 2  0.0012
1109   85.500  #9f9e9e  159 3  0.0000
1110   85.800  #9f9e9f  159 4  0.0035
1111   86.000  #9e9f9e  159 5  0.0023
1112   86.200  #9e9f9f  159 6  0.0023
1113   86.400  #9f9f9e  159 7  0.0023
1114   86.400  #9f9f9f  160 1  0.0000
1115   86.700  #9f9fa0  160 2  0.0035
1116   86.700  #a09f9f  160 3  0.0000
1117   86.900  #a09fa0  160 4  0.0023
1118   87.200  #9fa09f  160 5  0.0034
1119   87.200  #9fa0a0  160 6  0.0000
1120   87.500  #a0a09f  160 7  0.0034
1121   87.500  #a0a0a0  161 1  0.0000
1122   87.700  #a0a0a1  161 2  0.0023
1123   87.900  #a1a0a0  161 3  0.0023
1124   87.900  #a1a0a1  161 4  0.0000
1125   88.400  #a0a1a0  161 5  0.0057
1126   88.400  #a0a1a1  161 6  0.0000
1127   88.600  #a1a1a0  161 7  0.0023
1128   88.800  #a1a1a1  162 1  0.0023
1129   88.700  #a1a1a2  162 2  -0.0011
1130   89.100  #a2a1a1  162 3  0.0045
1131   89.100  #a2a1a2  162 4  0.0000
1132   89.500  #a1a2a1  162 5  0.0045
1133   89.700  #a1a2a2  162 6  0.0022
1134   89.600  #a2a2a1  162 7  -0.0011
1135   90.000  #a2a2a2  163 1  0.0045
1136   90.000  #a2a2a3  163 2  0.0000
1137   90.100  #a3a2a2  163 3  0.0011
1138   90.400  #a3a2a3  163 4  0.0033
1139   90.500  #a2a3a2  163 5  0.0011
1140   90.900  #a2a3a3  163 6  0.0044
1141   90.900  #a3a3a2  163 7  0.0000
1142   91.000  #a3a3a3  164 1  0.0011
1143   91.200  #a3a3a4  164 2  0.0022
1144   91.200  #a4a3a3  164 3  0.0000
1145   91.600  #a4a3a4  164 4  0.0044
1146   91.800  #a3a4a3  164 5  0.0022
1147   91.900  #a3a4a4  164 6  0.0011
1148   92.100  #a4a4a3  164 7  0.0022
1149   92.100  #a4a4a4  165 1  0.0000
1150   92.300  #a4a4a5  165 2  0.0022
1151   92.500  #a5a4a4  165 3  0.0022
1152   92.500  #a5a4a5  165 4  0.0000
1153   93.100  #a4a5a4  165 5  0.0065
1154   93.000  #a4a5a5  165 6  -0.0011
1155   93.300  #a5a5a4  165 7  0.0032
1156   93.400  #a5a5a5  166 1  0.0011
1157   93.300  #a5a5a6  166 2  -0.0011
1158   93.700  #a6a5a5  166 3  0.0043
1159   93.700  #a6a5a6  166 4  0.0000
1160   94.200  #a5a6a5  166 5  0.0053
1161   94.300  #a5a6a6  166 6  0.0011
1162   94.300  #a6a6a5  166 7  0.0000
1163   94.600  #a6a6a6  167 1  0.0032
1164   94.600  #a6a6a7  167 2  0.0000
1165   94.800  #a7a6a6  167 3  0.0021
1166   95.000  #a7a6a7  167 4  0.0021
1167   95.100  #a6a7a6  167 5  0.0011
1168   95.500  #a6a7a7  167 6  0.0042
1169   95.600  #a7a7a6  167 7  0.0010
1170   95.800  #a7a7a7  168 1  0.0021
1171   95.900  #a7a7a8  168 2  0.0010
1172   95.900  #a8a7a7  168 3  0.0000
1173   96.200  #a8a7a8  168 4  0.0031
1174   96.500  #a7a8a7  168 5  0.0031
1175   96.600  #a7a8a8  168 6  0.0010
1176   96.800  #a8a8a7  168 7  0.0021
1177   96.700  #a8a8a8  169 1  -0.0010
1178   97.100  #a8a8a9  169 2  0.0041
1179   97.100  #a9a8a8  169 3  0.0000
1180   97.300  #a9a8a9  169 4  0.0021
1181   97.700  #a8a9a8  169 5  0.0041
1182   97.600  #a8a9a9  169 6  -0.0010
1183   98.000  #a9a9a8  169 7  0.0041
1184   98.100  #a9a9a9  170 1  0.0010
1185   98.100  #a9a9aa  170 2  0.0000
1186   98.400  #aaa9a9  170 3  0.0031
1187   98.400  #aaa9aa  170 4  0.0000
1188   98.900  #a9aaa9  170 5  0.0051
1189   99.000  #a9aaaa  170 6  0.0010
1190   99.100  #aaaaa9  170 7  0.0010
1191   99.300  #aaaaaa  171 1  0.0020
1192   99.100  #aaaaab  171 2  -0.0020
1193   99.700  #abaaaa  171 3  0.0060
1194   99.600  #abaaab  171 4  -0.0010
1195  100.000  #aaabaa  171 5  0.0040
1196  100.100  #aaabab  171 6  0.0010
1197  100.200  #ababaa  171 7  0.0010
1198  100.400  #ababab  172 1  0.0020
1199  100.500  #ababac  172 2  0.0010
1200  100.600  #acabab  172 3  0.0010
1201  100.800  #acabac  172 4  0.0020
1202  101.000  #abacab  172 5  0.0020
1203  101.300  #abacac  172 6  0.0030
1204  101.400  #acacab  172 7  0.0010
1205  101.500  #acacac  173 1  0.0010
1206  101.700  #acacad  173 2  0.0020
1207  101.700  #adacac  173 3  0.0000
1208  102.000  #adacad  173 4  0.0029
1209  102.300  #acadac  173 5  0.0029
1210  102.400  #acadad  173 6  0.0010
1211  102.700  #adadac  173 7  0.0029
1212  102.600  #adadad  174 1  -0.0010
1213  102.900  #adadae  174 2  0.0029
1214  103.000  #aeadad  174 3  0.0010
1215  103.100  #aeadae  174 4  0.0010
1216  103.600  #adaead  174 5  0.0048
1217  103.500  #adaeae  174 6  -0.0010
1218  103.800  #aeaead  174 7  0.0029
1219  104.000  #aeaeae  175 1  0.0019
1220  104.000  #aeaeaf  175 2  0.0000
1221  104.300  #afaeae  175 3  0.0029
1222  104.300  #afaeaf  175 4  0.0000
1223  104.800  #aeafae  175 5  0.0048
1224  104.900  #aeafaf  175 6  0.0010
1225  105.000  #afafae  175 7  0.0010
1226  105.200  #afafaf  176 1  0.0019
1227  105.200  #afafb0  176 2  0.0000
1228  105.500  #b0afaf  176 3  0.0028
1229  105.600  #b0afb0  176 4  0.0009
1230  105.900  #afb0af  176 5  0.0028
1231  106.100  #afb0b0  176 6  0.0019
1232  106.100  #b0b0af  176 7  0.0000
1233  106.400  #b0b0b0  177 1  0.0028
1234  106.500  #b0b0b1  177 2  0.0009
1235  106.500  #b1b0b0  177 3  0.0000
1236  106.800  #b1b0b1  177 4  0.0028
1237  107.000  #b0b1b0  177 5  0.0019
1238  107.300  #b0b1b1  177 6  0.0028
1239  107.400  #b1b1b0  177 7  0.0009
1240  107.500  #b1b1b1  178 1  0.0009
1241  107.700  #b1b1b2  178 2  0.0019
1242  107.800  #b2b1b1  178 3  0.0009
1243  108.000  #b2b1b2  178 4  0.0019
1244  108.400  #b1b2b1  178 5  0.0037
1245  108.400  #b1b2b2  178 6  0.0000
1246  108.700  #b2b2b1  178 7  0.0028
1247  108.700  #b2b2b2  179 1  0.0000
1248  109.000  #b2b2b3  179 2  0.0028
1249  109.100  #b3b2b2  179 3  0.0009
1250  109.000  #b3b2b3  179 4  -0.0009
1251  109.600  #b2b3b2  179 5  0.0055
1252  109.700  #b2b3b3  179 6  0.0009
1253  109.900  #b3b3b2  179 7  0.0018
1254  110.000  #b3b3b3  180 1  0.0009
1255  110.000  #b3b3b4  180 2  0.0000
1256  110.300  #b4b3b3  180 3  0.0027
1257  110.400  #b4b3b4  180 4  0.0009
1258  110.800  #b3b4b3  180 5  0.0036
1259  110.900  #b3b4b4  180 6  0.0009
1260  111.000  #b4b4b3  180 7  0.0009
1261  111.200  #b4b4b4  181 1  0.0018
1262  111.200  #b4b4b5  181 2  0.0000
1263  111.500  #b5b4b4  181 3  0.0027
1264  111.600  #b5b4b5  181 4  0.0009
1265  111.900  #b4b5b4  181 5  0.0027
1266  112.200  #b4b5b5  181 6  0.0027
1267  112.200  #b5b5b4  181 7  0.0000
1268  112.400  #b5b5b5  182 1  0.0018
1269  112.500  #b5b5b6  182 2  0.0009
1270  112.600  #b6b5b5  182 3  0.0009
1271  112.800  #b6b5b6  182 4  0.0018
1272  113.100  #b5b6b5  182 5  0.0027
1273  113.300  #b5b6b6  182 6  0.0018
1274  113.500  #b6b6b5  182 7  0.0018
1275  113.500  #b6b6b6  183 1  0.0000
1276  113.700  #b6b6b7  183 2  0.0018
1277  113.900  #b7b6b6  183 3  0.0018
1278  114.000  #b7b6b7  183 4  0.0009
1279  114.400  #b6b7b6  183 5  0.0035
1280  114.400  #b6b7b7  183 6  0.0000
1281  114.700  #b7b7b6  183 7  0.0026
1282  114.800  #b7b7b7  184 1  0.0009
1283  114.900  #b7b7b8  184 2  0.0009
1284  115.100  #b8b7b7  184 3  0.0017
1285  115.100  #b8b7b8  184 4  0.0000
1286  115.600  #b7b8b7  184 5  0.0043
1287  115.700  #b7b8b8  184 6  0.0009
1288  115.800  #b8b8b7  184 7  0.0009
1289  116.000  #b8b8b8  185 1  0.0017
1290  116.000  #b8b8b9  185 2  0.0000
1291  116.400  #b9b8b8  185 3  0.0034
1292  116.400  #b9b8b9  185 4  0.0000
1293  116.700  #b8b9b8  185 5  0.0026
1294  116.900  #b8b9b9  185 6  0.0017
1295  117.000  #b9b9b8  185 7  0.0009
1296  117.300  #b9b9b9  186 1  0.0026
1297  117.300  #b9b9ba  186 2  0.0000
1298  117.400  #bab9b9  186 3  0.0009
1299  117.600  #bab9ba  186 4  0.0017
1300  117.900  #b9bab9  186 5  0.0025
1301  118.200  #b9baba  186 6  0.0025
1302  118.300  #babab9  186 7  0.0008
1303  118.300  #bababa  187 1  0.0000
1304  118.600  #bababb  187 2  0.0025
1305  118.600  #bbbaba  187 3  0.0000
1306  118.900  #bbbabb  187 4  0.0025
1307  119.200  #babbba  187 5  0.0025
1308  119.200  #babbbb  187 6  0.0000
1309  119.500  #bbbbba  187 7  0.0025
1310  119.600  #bbbbbb  188 1  0.0008
1311  119.900  #bbbbbc  188 2  0.0025
1312  119.900  #bcbbbb  188 3  0.0000
1313  119.900  #bcbbbc  188 4  0.0000
1314  120.500  #bbbcbb  188 5  0.0050
1315  120.500  #bbbcbc  188 6  0.0000
1316  120.800  #bcbcbb  188 7  0.0025
1317  120.800  #bcbcbc  189 1  0.0000
1318  120.800  #bcbcbd  189 2  0.0000
1319  121.200  #bdbcbc  189 3  0.0033
1320  121.100  #bdbcbd  189 4  -0.0008
1321  121.700  #bcbdbc  189 5  0.0049
1322  121.800  #bcbdbd  189 6  0.0008
1323  121.900  #bdbdbc  189 7  0.0008
1324  122.200  #bdbdbd  190 1  0.0025
1325  122.200  #bdbdbe  190 2  0.0000
1326  122.500  #bebdbd  190 3  0.0025
1327  122.600  #bebdbe  190 4  0.0008
1328  122.900  #bdbebd  190 5  0.0024
1329  123.200  #bdbebe  190 6  0.0024
1330  123.300  #bebebd  190 7  0.0008
1331  123.500  #bebebe  191 1  0.0016
1332  123.600  #bebebf  191 2  0.0008
1333  123.700  #bfbebe  191 3  0.0008
1334  124.000  #bfbebf  191 4  0.0024
1335  124.300  #bebfbe  191 5  0.0024
1336  124.500  #bebfbf  191 6  0.0016
1337  124.700  #bfbfbe  191 7  0.0016
1338  124.700  #bfbfbf  192 1  0.0000
1339  125.000  #bfbfc0  192 2  0.0024
1340  125.000  #c0bfbf  192 3  0.0000
1341  125.300  #c0bfc0  192 4  0.0024
1342  125.600  #bfc0bf  192 5  0.0024
1343  125.600  #bfc0c0  192 6  0.0000
1344  126.000  #c0c0bf  192 7  0.0032
1345  126.000  #c0c0c0  193 1  0.0000
1346  126.300  #c0c0c1  193 2  0.0024
1347  126.400  #c1c0c0  193 3  0.0008
1348  126.400  #c1c0c1  193 4  0.0000
1349  127.100  #c0c1c0  193 5  0.0055
1350  127.100  #c0c1c1  193 6  0.0000
1351  127.400  #c1c1c0  193 7  0.0024
1352  127.500  #c1c1c1  194 1  0.0008
1353  127.500  #c1c1c2  194 2  0.0000
1354  127.900  #c2c1c1  194 3  0.0031
1355  127.900  #c2c1c2  194 4  0.0000
1356  128.500  #c1c2c1  194 5  0.0047
1357  128.600  #c1c2c2  194 6  0.0008
1358  128.700  #c2c2c1  194 7  0.0008
1359  129.000  #c2c2c2  195 1  0.0023
1360  129.000  #c2c2c3  195 2  0.0000
1361  129.300  #c3c2c2  195 3  0.0023
1362  129.400  #c3c2c3  195 4  0.0008
1363  129.800  #c2c3c2  195 5  0.0031
1364  130.100  #c2c3c3  195 6  0.0023
1365  130.100  #c3c3c2  195 7  0.0000
1366  130.400  #c3c3c3  196 1  0.0023
1367  130.500  #c3c3c4  196 2  0.0008
1368  130.500  #c4c3c3  196 3  0.0000
1369  130.900  #c4c3c4  196 4  0.0031
1370  131.200  #c3c4c3  196 5  0.0023
1371  131.400  #c3c4c4  196 6  0.0015
1372  131.600  #c4c4c3  196 7  0.0015
1373  131.600  #c4c4c4  197 1  0.0000
1374  132.000  #c4c4c5  197 2  0.0030
1375  132.000  #c5c4c4  197 3  0.0000
1376  132.200  #c5c4c5  197 4  0.0015
1377  132.700  #c4c5c4  197 5  0.0038
1378  132.700  #c4c5c5  197 6  0.0000
1379  133.100  #c5c5c4  197 7  0.0030
1380  133.100  #c5c5c5  198 1  0.0000
1381  133.400  #c5c5c6  198 2  0.0023
1382  133.600  #c6c5c5  198 3  0.0015
1383  133.600  #c6c5c6  198 4  0.0000
1384  134.300  #c5c6c5  198 5  0.0052
1385  134.300  #c5c6c6  198 6  0.0000
1386  134.700  #c6c6c5  198 7  0.0030
1387  134.800  #c6c6c6  199 1  0.0007
1388  134.700  #c6c6c7  199 2  -0.0007
1389  135.200  #c7c6c6  199 3  0.0037
1390  135.100  #c7c6c7  199 4  -0.0007
1391  135.800  #c6c7c6  199 5  0.0052
1392  135.900  #c6c7c7  199 6  0.0007
1393  136.000  #c7c7c6  199 7  0.0007
1394  136.300  #c7c7c7  200 1  0.0022
1395  136.100  #c7c7c8  200 2  -0.0015
1396  136.600  #c8c7c7  200 3  0.0037
1397  136.600  #c8c7c8  200 4  0.0000
1398  137.000  #c7c8c7  200 5  0.0029
1399  137.200  #c7c8c8  200 6  0.0015
1400  137.300  #c8c8c7  200 7  0.0007
1401  137.500  #c8c8c8  201 1  0.0015
1402  137.600  #c8c8c9  201 2  0.0007
1403  137.600  #c9c8c8  201 3  0.0000
1404  138.000  #c9c8c9  201 4  0.0029
1405  138.300  #c8c9c8  201 5  0.0022
1406  138.600  #c8c9c9  201 6  0.0022
1407  138.800  #c9c9c8  201 7  0.0014
1408  138.800  #c9c9c9  202 1  0.0000
1409  139.200  #c9c9ca  202 2  0.0029
1410  139.100  #cac9c9  202 3  -0.0007
1411  139.500  #cac9ca  202 4  0.0029
1412  140.000  #c9cac9  202 5  0.0036
1413  140.000  #c9caca  202 6  0.0000
1414  140.400  #cacac9  202 7  0.0029
1415  140.300  #cacaca  203 1  -0.0007
1416  140.700  #cacacb  203 2  0.0028
1417  140.800  #cbcaca  203 3  0.0007
1418  140.800  #cbcacb  203 4  0.0000
1419  141.500  #cacbca  203 5  0.0050
1420  141.500  #cacbcb  203 6  0.0000
1421  141.900  #cbcbca  203 7  0.0028
1422  142.000  #cbcbcb  204 1  0.0007
1423  141.900  #cbcbcc  204 2  -0.0007
1424  142.400  #cccbcb  204 3  0.0035
1425  142.200  #cccbcc  204 4  -0.0014
1426  142.900  #cbcccb  204 5  0.0049
1427  143.000  #cbcccc  204 6  0.0007
1428  143.000  #cccccb  204 7  0.0000
1429  143.400  #cccccc  205 1  0.0028
1430  143.300  #cccccd  205 2  -0.0007
1431  143.700  #cdcccc  205 3  0.0028
1432  143.800  #cdcccd  205 4  0.0007
1433  144.100  #cccdcc  205 5  0.0021
1434  144.500  #cccdcd  205 6  0.0028
1435  144.500  #cdcdcc  205 7  0.0000
1436  144.800  #cdcdcd  206 1  0.0021
1437  145.000  #cdcdce  206 2  0.0014
1438  145.000  #cecdcd  206 3  0.0000
1439  145.400  #cecdce  206 4  0.0028
1440  145.700  #cdcecd  206 5  0.0021
1441  146.000  #cdcece  206 6  0.0021
1442  146.100  #cececd  206 7  0.0007
1443  146.100  #cecece  207 1  0.0000
1444  146.500  #cececf  207 2  0.0027
1445  146.500  #cfcece  207 3  0.0000
1446  146.800  #cfcecf  207 4  0.0020
1447  147.300  #cecfce  207 5  0.0034
1448  147.300  #cecfcf  207 6  0.0000
1449  147.700  #cfcfce  207 7  0.0027
1450  147.700  #cfcfcf  208 1  0.0000
1451  147.900  #cfcfd0  208 2  0.0014
1452  148.100  #d0cfcf  208 3  0.0014
1453  148.000  #d0cfd0  208 4  -0.0007
1454  148.800  #cfd0cf  208 5  0.0054
1455  148.600  #cfd0d0  208 6  -0.0013
1456  149.100  #d0d0cf  208 7  0.0034
1457  149.100  #d0d0d0  209 1  0.0000
1458  149.100  #d0d0d1  209 2  0.0000
1459  149.500  #d1d0d0  209 3  0.0027
1460  149.400  #d1d0d1  209 4  -0.0007
1461  150.100  #d0d1d0  209 5  0.0047
1462  150.200  #d0d1d1  209 6  0.0007
1463  150.200  #d1d1d0  209 7  0.0000
1464  150.700  #d1d1d1  210 1  0.0033
1465  150.600  #d1d1d2  210 2  -0.0007
1466  151.000  #d2d1d1  210 3  0.0027
1467  151.100  #d2d1d2  210 4  0.0007
1468  151.500  #d1d2d1  210 5  0.0026
1469  151.900  #d1d2d2  210 6  0.0026
1470  151.900  #d2d2d1  210 7  0.0000
1471  152.200  #d2d2d2  211 1  0.0020
1472  152.300  #d2d2d3  211 2  0.0007
1473  152.300  #d3d2d2  211 3  0.0000
1474  152.800  #d3d2d3  211 4  0.0033
1475  153.100  #d2d3d2  211 5  0.0020
1476  153.400  #d2d3d3  211 6  0.0020
1477  153.600  #d3d3d2  211 7  0.0013
1478  153.500  #d3d3d3  212 1  -0.0007
1479  153.900  #d3d3d4  212 2  0.0026
1480  153.900  #d4d3d3  212 3  0.0000
1481  154.100  #d4d3d4  212 4  0.0013
1482  154.700  #d3d4d3  212 5  0.0039
1483  154.500  #d3d4d4  212 6  -0.0013
1484  155.000  #d4d4d3  212 7  0.0032
1485  155.000  #d4d4d4  213 1  0.0000
1486  155.200  #d4d4d5  213 2  0.0013
1487  155.500  #d5d4d4  213 3  0.0019
1488  155.400  #d5d4d5  213 4  -0.0006
1489  156.100  #d4d5d4  213 5  0.0045
1490  156.200  #d4d5d5  213 6  0.0006
1491  156.500  #d5d5d4  213 7  0.0019
1492  156.700  #d5d5d5  214 1  0.0013
1493  156.600  #d5d5d6  214 2  -0.0006
1494  157.100  #d6d5d5  214 3  0.0032
1495  157.100  #d6d5d6  214 4  0.0000
1496  157.700  #d5d6d5  214 5  0.0038
1497  158.000  #d5d6d6  214 6  0.0019
1498  157.900  #d6d6d5  214 7  -0.0006
1499  158.300  #d6d6d6  215 1  0.0025
1500  158.300  #d6d6d7  215 2  0.0000
1501  158.600  #d7d6d6  215 3  0.0019
1502  158.800  #d7d6d7  215 4  0.0013
1503  159.100  #d6d7d6  215 5  0.0019
1504  159.600  #d6d7d7  215 6  0.0031
1505  159.500  #d7d7d6  215 7  -0.0006
1506  159.800  #d7d7d7  216 1  0.0019
1507  159.900  #d7d7d8  216 2  0.0006
1508  159.900  #d8d7d7  216 3  0.0000
1509  160.300  #d8d7d8  216 4  0.0025
1510  160.700  #d7d8d7  216 5  0.0025
1511  160.900  #d7d8d8  216 6  0.0012
1512  161.100  #d8d8d7  216 7  0.0012
1513  160.900  #d8d8d8  217 1  -0.0012
1514  161.400  #d8d8d9  217 2  0.0031
1515  161.400  #d9d8d8  217 3  0.0000
1516  161.600  #d9d8d9  217 4  0.0012
1517  162.200  #d8d9d8  217 5  0.0037
1518  162.100  #d8d9d9  217 6  -0.0006
1519  162.600  #d9d9d8  217 7  0.0031
1520  162.600  #d9d9d9  218 1  0.0000
1521  162.800  #d9d9da  218 2  0.0012
1522  163.100  #dad9d9  218 3  0.0018
1523  163.000  #dad9da  218 4  -0.0006
1524  163.800  #d9dad9  218 5  0.0049
1525  163.900  #d9dada  218 6  0.0006
1526  164.100  #dadad9  218 7  0.0012
1527  164.300  #dadada  219 1  0.0012
1528  164.200  #dadadb  219 2  -0.0006
1529  164.700  #dbdada  219 3  0.0030
1530  164.800  #dbdadb  219 4  0.0006
1531  165.200  #dadbda  219 5  0.0024
1532  165.600  #dadbdb  219 6  0.0024
1533  165.500  #dbdbda  219 7  -0.0006
1534  165.900  #dbdbdb  220 1  0.0024
1535  165.800  #dbdbdc  220 2  -0.0006
1536  166.100  #dcdbdb  220 3  0.0018
1537  166.200  #dcdbdc  220 4  0.0006
1538  166.500  #dbdcdb  220 5  0.0018
1539  166.800  #dbdcdc  220 6  0.0018
1540  167.000  #dcdcdb  220 7  0.0012
1541  167.200  #dcdcdc  221 1  0.0012
1542  167.300  #dcdcdd  221 2  0.0006
1543  167.300  #dddcdc  221 3  0.0000
1544  167.700  #dddcdd  221 4  0.0024
1545  168.100  #dcdddc  221 5  0.0024
1546  168.300  #dcdddd  221 6  0.0012
1547  168.400  #dddddc  221 7  0.0006
1548  168.300  #dddddd  222 1  -0.0006
1549  168.700  #ddddde  222 2  0.0024
1550  168.800  #dedddd  222 3  0.0006
1551  169.000  #deddde  222 4  0.0012
1552  169.500  #dddedd  222 5  0.0030
1553  169.500  #dddede  222 6  0.0000
1554  169.900  #dededd  222 7  0.0024
1555  170.000  #dedede  223 1  0.0006
1556  170.200  #dededf  223 2  0.0012
1557  170.500  #dfdede  223 3  0.0018
1558  170.300  #dfdedf  223 4  -0.0012
1559  171.100  #dedfde  223 5  0.0047
1560  171.100  #dedfdf  223 6  0.0000
1561  171.400  #dfdfde  223 7  0.0018
1562  171.500  #dfdfdf  224 1  0.0006
1563  171.500  #dfdfe0  224 2  0.0000
1564  171.800  #e0dfdf  224 3  0.0017
1565  172.000  #e0dfe0  224 4  0.0012
1566  172.400  #dfe0df  224 5  0.0023
1567  172.700  #dfe0e0  224 6  0.0017
1568  172.400  #e0e0df  224 7  -0.0017
1569  173.100  #e0e0e0  225 1  0.0041
1570  173.000  #e0e0e1  225 2  -0.0006
1571  173.300  #e1e0e0  225 3  0.0017
1572  173.500  #e1e0e1  225 4  0.0012
1573  173.700  #e0e1e0  225 5  0.0012
1574  174.100  #e0e1e1  225 6  0.0023
1575  174.100  #e1e1e0  225 7  0.0000
1576  174.500  #e1e1e1  226 1  0.0023
1577  174.700  #e1e1e2  226 2  0.0011
1578  174.600  #e2e1e1  226 3  -0.0006
1579  175.200  #e2e1e2  226 4  0.0034
1580  175.300  #e1e2e1  226 5  0.0006
1581  175.000  #e1e2e2  226 6  -0.0017
1582  175.000  #e2e2e1  226 7  0.0000
1583  176.000  #e2e2e2  227 1  0.0057
1584  176.000  #e2e2e3  227 2  0.0000
1585  176.000  #e3e2e2  227 3  0.0000
1586  176.000  #e3e2e3  227 4  0.0000
1587  177.000  #e2e3e2  227 5  0.0057
1588  177.000  #e2e3e3  227 6  0.0000
1589  177.000  #e3e3e2  227 7  0.0000
1590  177.000  #e3e3e3  228 1  0.0000
1591  177.000  #e3e3e4  228 2  0.0000
1592  177.000  #e4e3e3  228 3  0.0000
1593  177.000  #e4e3e4  228 4  0.0000
1594  178.000  #e3e4e3  228 5  0.0056
1595  178.000  #e3e4e4  228 6  0.0000
1596  178.000  #e4e4e3  228 7  0.0000
1597  178.000  #e4e4e4  229 1  0.0000
1598  178.000  #e4e4e5  229 2  0.0000
1599  178.000  #e5e4e4  229 3  0.0000
1600  178.000  #e5e4e5  229 4  0.0000
1601  179.000  #e4e5e4  229 5  0.0056
1602  179.000  #e4e5e5  229 6  0.0000
1603  180.000  #e5e5e4  229 7  0.0056
1604  180.000  #e5e5e5  230 1  0.0000
1605  179.000  #e5e5e6  230 2  -0.0056
1606  180.000  #e6e5e5  230 3  0.0056
1607  180.000  #e6e5e6  230 4  0.0000
1608  181.000  #e5e6e5  230 5  0.0055
1609  181.000  #e5e6e6  230 6  0.0000
1610  181.000  #e6e6e5  230 7  0.0000
1611  181.000  #e6e6e6  231 1  0.0000
1612  181.000  #e6e6e7  231 2  0.0000
1613  181.000  #e7e6e6  231 3  0.0000
1614  182.000  #e7e6e7  231 4  0.0055
1615  182.000  #e6e7e6  231 5  0.0000
1616  182.000  #e6e7e7  231 6  0.0000
1617  182.000  #e7e7e6  231 7  0.0000
1618  183.000  #e7e7e7  232 1  0.0055
1619  183.000  #e7e7e8  232 2  0.0000
1620  183.000  #e8e7e7  232 3  0.0000
1621  183.000  #e8e7e8  232 4  0.0000
1622  183.000  #e7e8e7  232 5  0.0000
1623  184.000  #e7e8e8  232 6  0.0054
1624  184.000  #e8e8e7  232 7  0.0000
1625  184.000  #e8e8e8  233 1  0.0000
1626  184.000  #e8e8e9  233 2  0.0000
1627  184.000  #e9e8e8  233 3  0.0000
1628  184.000  #e9e8e9  233 4  0.0000
1629  185.000  #e8e9e8  233 5  0.0054
1630  185.000  #e8e9e9  233 6  0.0000
1631  185.000  #e9e9e8  233 7  0.0000
1632  185.000  #e9e9e9  234 1  0.0000
1633  185.000  #e9e9ea  234 2  0.0000
1634  186.000  #eae9e9  234 3  0.0054
1635  186.000  #eae9ea  234 4  0.0000
1636  187.000  #e9eae9  234 5  0.0054
1637  186.000  #e9eaea  234 6  -0.0054
1638  187.000  #eaeae9  234 7  0.0054
1639  187.000  #eaeaea  235 1  0.0000
1640  187.000  #eaeaeb  235 2  0.0000
1641  187.000  #ebeaea  235 3  0.0000
1642  187.000  #ebeaeb  235 4  0.0000
1643  188.000  #eaebea  235 5  0.0053
1644  188.000  #eaebeb  235 6  0.0000
1645  188.000  #ebebea  235 7  0.0000
1646  188.000  #ebebeb  236 1  0.0000
1647  188.000  #ebebec  236 2  0.0000
1648  189.000  #ecebeb  236 3  0.0053
1649  189.000  #ecebec  236 4  0.0000
1650  189.000  #ebeceb  236 5  0.0000
1651  190.000  #ebecec  236 6  0.0053
1652  189.000  #ececeb  236 7  -0.0053
1653  190.000  #ececec  237 1  0.0053
1654  190.000  #ececed  237 2  0.0000
1655  190.000  #edecec  237 3  0.0000
1656  190.000  #edeced  237 4  0.0000
1657  190.000  #ecedec  237 5  0.0000
1658  191.000  #eceded  237 6  0.0052
1659  191.000  #ededec  237 7  0.0000
1660  191.000  #ededed  238 1  0.0000
1661  191.000  #ededee  238 2  0.0000
1662  191.000  #eeeded  238 3  0.0000
1663  191.000  #eeedee  238 4  0.0000
1664  192.000  #edeeed  238 5  0.0052
1665  192.000  #edeeee  238 6  0.0000
1666  192.000  #eeeeed  238 7  0.0000
1667  192.000  #eeeeee  239 1  0.0000
1668  193.000  #eeeeef  239 2  0.0052
1669  193.000  #efeeee  239 3  0.0000
1670  193.000  #efeeef  239 4  0.0000
1671  194.000  #eeefee  239 5  0.0052
1672  194.000  #eeefef  239 6  0.0000
1673  194.000  #efefee  239 7  0.0000
1674  194.000  #efefef  240 1  0.0000
1675  194.000  #efeff0  240 2  0.0000
1676  194.000  #f0efef  240 3  0.0000
1677  194.000  #f0eff0  240 4  0.0000
1678  195.000  #eff0ef  240 5  0.0051
1679  195.000  #eff0f0  240 6  0.0000
1680  195.000  #f0f0ef  240 7  0.0000
1681  195.000  #f0f0f0  241 1  0.0000
1682  195.000  #f0f0f1  241 2  0.0000
1683  195.000  #f1f0f0  241 3  0.0000
1684  195.000  #f1f0f1  241 4  0.0000
1685  196.000  #f0f1f0  241 5  0.0051
1686  196.000  #f0f1f1  241 6  0.0000
1687  196.000  #f1f1f0  241 7  0.0000
1688  197.000  #f1f1f1  242 1  0.0051
1689  197.000  #f1f1f2  242 2  0.0000
1690  197.000  #f2f1f1  242 3  0.0000
1691  197.000  #f2f1f2  242 4  0.0000
1692  197.000  #f1f2f1  242 5  0.0000
1693  198.000  #f1f2f2  242 6  0.0051
1694  198.000  #f2f2f1  242 7  0.0000
1695  198.000  #f2f2f2  243 1  0.0000
1696  198.000  #f2f2f3  243 2  0.0000
1697  198.000  #f3f2f2  243 3  0.0000
1698  198.000  #f3f2f3  243 4  0.0000
1699  199.000  #f2f3f2  243 5  0.0050
1700  199.000  #f2f3f3  243 6  0.0000
1701  199.000  #f3f3f2  243 7  0.0000
1702  199.000  #f3f3f3  244 1  0.0000
1703  200.000  #f3f3f4  244 2  0.0050
1704  200.000  #f4f3f3  244 3  0.0000
1705  200.000  #f4f3f4  244 4  0.0000
1706  200.000  #f3f4f3  244 5  0.0000
1707  200.000  #f3f4f4  244 6  0.0000
1708  201.000  #f4f4f3  244 7  0.0050
1709  200.000  #f4f4f4  245 1  -0.0050
1710  201.000  #f4f4f5  245 2  0.0050
1711  201.000  #f5f4f4  245 3  0.0000
1712  201.000  #f5f4f5  245 4  0.0000
1713  201.000  #f4f5f4  245 5  0.0000
1714  201.000  #f4f5f5  245 6  0.0000
1715  201.000  #f5f5f4  245 7  0.0000
1716  202.000  #f5f5f5  246 1  0.0050
1717  201.000  #f5f5f6  246 2  -0.0050
1718  202.000  #f6f5f5  246 3  0.0050
1719  202.000  #f6f5f6  246 4  0.0000
1720  203.000  #f5f6f5  246 5  0.0049
1721  203.000  #f5f6f6  246 6  0.0000
1722  203.000  #f6f6f5  246 7  0.0000
1723  203.000  #f6f6f6  247 1  0.0000
1724  203.000  #f6f6f7  247 2  0.0000
1725  204.000  #f7f6f6  247 3  0.0049
1726  204.000  #f7f6f7  247 4  0.0000
1727  204.000  #f6f7f6  247 5  0.0000
1728  204.000  #f6f7f7  247 6  0.0000
1729  204.000  #f7f7f6  247 7  0.0000
1730  205.000  #f7f7f7  248 1  0.0049
1731  205.000  #f7f7f8  248 2  0.0000
1732  204.000  #f8f7f7  248 3  -0.0049
1733  205.000  #f8f7f8  248 4  0.0049
1734  205.000  #f7f8f7  248 5  0.0000
1735  205.000  #f7f8f8  248 6  0.0000
1736  205.000  #f8f8f7  248 7  0.0000
1737  205.000  #f8f8f8  249 1  0.0000
1738  206.000  #f8f8f9  249 2  0.0049
1739  205.000  #f9f8f8  249 3  -0.0049
1740  206.000  #f9f8f9  249 4  0.0049
1741  206.000  #f8f9f8  249 5  0.0000
1742  206.000  #f8f9f9  249 6  0.0000
1743  207.000  #f9f9f8  249 7  0.0048
1744  206.000  #f9f9f9  250 1  -0.0048
1745  207.000  #f9f9fa  250 2  0.0048
1746  207.000  #faf9f9  250 3  0.0000
1747  207.000  #faf9fa  250 4  0.0000
1748  207.000  #f9faf9  250 5  0.0000
1749  207.000  #f9fafa  250 6  0.0000
1750  208.000  #fafaf9  250 7  0.0048
1751  208.000  #fafafa  251 1  0.0000
1752  208.000  #fafafb  251 2  0.0000
1753  208.000  #fbfafa  251 3  0.0000
1754  208.000  #fbfafb  251 4  0.0000
1755  209.000  #fafbfa  251 5  0.0048
1756  209.000  #fafbfb  251 6  0.0000
1757  209.000  #fbfbfa  251 7  0.0000
1758  210.000  #fbfbfb  252 1  0.0048
1759  210.000  #fbfbfc  252 2  0.0000
1760  210.000  #fcfbfb  252 3  0.0000
1761  210.000  #fcfbfc  252 4  0.0000
1762  211.000  #fbfcfb  252 5  0.0048
1763  211.000  #fbfcfc  252 6  0.0000
1764  211.000  #fcfcfb  252 7  0.0000
1765  212.000  #fcfcfc  253 1  0.0047
1766  212.000  #fcfcfd  253 2  0.0000
1767  211.000  #fdfcfc  253 3  -0.0047
1768  212.000  #fdfcfd  253 4  0.0047
1769  211.000  #fcfdfc  253 5  -0.0047
1770  212.000  #fcfdfd  253 6  0.0047
1771  212.000  #fdfdfc  253 7  0.0000
1772  211.000  #fdfdfd  254 1  -0.0047
1773  212.000  #fdfdfe  254 2  0.0047
1774  211.000  #fefdfd  254 3  -0.0047
1775  212.000  #fefdfe  254 4  0.0047
1776  212.000  #fdfefd  254 5  0.0000
1777  212.000  #fdfefe  254 6  0.0000
1778  212.000  #fefefd  254 7  0.0000
1779  211.000  #fefefe  255 1  -0.0047
1780  212.000  #fefeff  255 2  0.0047
1781  212.000  #fffefe  255 3  0.0000
1782  212.000  #fffeff  255 4  0.0000
1783  212.000  #fefffe  255 5  0.0000
1784  212.000  #feffff  255 6  0.0000
1785  212.000  #fffffe  255 7  0.0000
1786  212.000  #ffffff  256 1  0.0000
