#  lumResponse vers. 1.5f - 12/08/06
#  Display ID: DELL_2007FP_C953667D3GYL
#  iLdelay=1  avgN=1  ILlimit_plus=0.50 ILlimit_minus=-0.05  R=22.1% G=68.8% B=9.1%
#  54.0  #ff0000
#  168.1  #00ff00
#  22.2  #0000ff
   1    0.349  #000000    1 1  0.0000
   2    0.349  #000001    1 2  0.0000
   3    0.349  #010000    1 3  0.0000
   4    0.349  #010001    1 4  0.0000
   5    0.349  #000100    1 5  0.0000
   6    0.349  #000101    1 6  0.0000
   7    0.349  #010100    1 7  0.0000
   8    0.349  #010101    2 1  0.0000
   9    0.350  #010102    2 2  0.0029
  10    0.352  #020101    2 3  0.0057
  11    0.353  #020102    2 4  0.0028
  12    0.358  #010201    2 5  0.0141
  13    0.360  #010202    2 6  0.0056
  14    0.362  #020201    2 7  0.0055
  15    0.363  #020202    3 1  0.0028
  16    0.364  #020203    3 2  0.0028
  17    0.364  #030202    3 3  0.0000
  18    0.364  #030203    3 4  0.0000
  19    0.364  #020302    3 5  0.0000
  20    0.365  #020303    3 6  0.0027
  21    0.365  #030302    3 7  0.0000
  22    0.365  #030303    4 1  0.0000
  23    0.366  #030304    4 2  0.0027
  24    0.366  #040303    4 3  0.0000
  25    0.366  #040304    4 4  0.0000
  26    0.367  #030403    4 5  0.0027
  27    0.368  #030404    4 6  0.0027
  28    0.368  #040403    4 7  0.0000
  29    0.368  #040404    5 1  0.0000
  30    0.369  #040405    5 2  0.0027
  31    0.370  #050404    5 3  0.0027
  32    0.371  #050405    5 4  0.0027
  33    0.372  #040504    5 5  0.0027
  34    0.373  #040505    5 6  0.0027
  35    0.374  #050504    5 7  0.0027
  36    0.375  #050505    6 1  0.0027
  37    0.375  #050506    6 2  0.0000
  38    0.377  #060505    6 3  0.0053
  39    0.378  #060506    6 4  0.0026
  40    0.381  #050605    6 5  0.0079
  41    0.382  #050606    6 6  0.0026
  42    0.383  #060605    6 7  0.0026
  43    0.384  #060606    7 1  0.0026
  44    0.385  #060607    7 2  0.0026
  45    0.386  #070606    7 3  0.0026
  46    0.388  #070607    7 4  0.0052
  47    0.391  #060706    7 5  0.0077
  48    0.393  #060707    7 6  0.0051
  49    0.394  #070706    7 7  0.0025
  50    0.396  #070707    8 1  0.0051
  51    0.397  #070708    8 2  0.0025
  52    0.398  #080707    8 3  0.0025
  53    0.400  #080708    8 4  0.0050
  54    0.404  #070807    8 5  0.0100
  55    0.405  #070808    8 6  0.0025
  56    0.406  #080807    8 7  0.0025
  57    0.408  #080808    9 1  0.0049
  58    0.409  #080809    9 2  0.0024
  59    0.411  #090808    9 3  0.0049
  60    0.413  #090809    9 4  0.0049
  61    0.418  #080908    9 5  0.0120
  62    0.420  #080909    9 6  0.0048
  63    0.422  #090908    9 7  0.0048
  64    0.423  #090909   10 1  0.0024
  65    0.426  #09090a   10 2  0.0071
  66    0.429  #0a0909   10 3  0.0070
  67    0.432  #0a090a   10 4  0.0070
  68    0.441  #090a09   10 5  0.0206
  69    0.443  #090a0a   10 6  0.0045
  70    0.447  #0a0a09   10 7  0.0090
  71    0.449  #0a0a0a   11 1  0.0045
  72    0.452  #0a0a0b   11 2  0.0067
  73    0.457  #0b0a0a   11 3  0.0110
  74    0.460  #0b0a0b   11 4  0.0065
  75    0.471  #0a0b0a   11 5  0.0236
  76    0.474  #0a0b0b   11 6  0.0063
  77    0.479  #0b0b0a   11 7  0.0105
  78    0.482  #0b0b0b   12 1  0.0062
  79    0.485  #0b0b0c   12 2  0.0062
  80    0.489  #0c0b0b   12 3  0.0082
  81    0.492  #0c0b0c   12 4  0.0061
  82    0.502  #0b0c0b   12 5  0.0201
  83    0.505  #0b0c0c   12 6  0.0060
  84    0.509  #0c0c0b   12 7  0.0079
  85    0.512  #0c0c0c   13 1  0.0059
  86    0.515  #0c0c0d   13 2  0.0058
  87    0.520  #0d0c0c   13 3  0.0097
  88    0.523  #0d0c0d   13 4  0.0058
  89    0.534  #0c0d0c   13 5  0.0208
  90    0.537  #0c0d0d   13 6  0.0056
  91    0.541  #0d0d0c   13 7  0.0074
  92    0.544  #0d0d0d   14 1  0.0055
  93    0.549  #0d0d0e   14 2  0.0091
  94    0.556  #0e0d0d   14 3  0.0127
  95    0.561  #0e0d0e   14 4  0.0090
  96    0.578  #0d0e0d   14 5  0.0299
  97    0.583  #0d0e0e   14 6  0.0086
  98    0.589  #0e0e0d   14 7  0.0102
  99    0.594  #0e0e0e   15 1  0.0085
 100    0.600  #0e0e0f   15 2  0.0101
 101    0.607  #0f0e0e   15 3  0.0116
 102    0.613  #0f0e0f   15 4  0.0098
 103    0.634  #0e0f0e   15 5  0.0337
 104    0.640  #0e0f0f   15 6  0.0094
 105    0.648  #0f0f0e   15 7  0.0124
 106    0.653  #0f0f0f   16 1  0.0077
 107    0.658  #0f0f10   16 2  0.0076
 108    0.665  #100f0f   16 3  0.0106
 109    0.670  #100f10   16 4  0.0075
 110    0.688  #0f100f   16 5  0.0265
 111    0.694  #0f1010   16 6  0.0087
 112    0.700  #10100f   16 7  0.0086
 113    0.705  #101010   17 1  0.0071
 114    0.711  #101011   17 2  0.0085
 115    0.719  #111010   17 3  0.0112
 116    0.724  #111011   17 4  0.0069
 117    0.744  #101110   17 5  0.0272
 118    0.749  #101111   17 6  0.0067
 119    0.757  #111110   17 7  0.0106
 120    0.762  #111111   18 1  0.0066
 121    0.770  #111112   18 2  0.0104
 122    0.780  #121111   18 3  0.0129
 123    0.788  #121112   18 4  0.0102
 124    0.817  #111211   18 5  0.0361
 125    0.824  #111212   18 6  0.0085
 126    0.835  #121211   18 7  0.0133
 127    0.842  #121212   19 1  0.0083
 128    0.852  #121213   19 2  0.0118
 129    0.864  #131212   19 3  0.0140
 130    0.873  #131213   19 4  0.0104
 131    0.906  #121312   19 5  0.0371
 132    0.915  #121313   19 6  0.0099
 133    0.927  #131312   19 7  0.0130
 134    0.936  #131313   20 1  0.0097
 135    0.944  #131314   20 2  0.0085
 136    0.954  #141313   20 3  0.0105
 137    0.962  #141314   20 4  0.0084
 138    0.991  #131413   20 5  0.0297
 139    1.000  #131414   20 6  0.0090
 140    1.011  #141413   20 7  0.0109
 141    1.019  #141414   21 1  0.0079
 142    1.027  #141415   21 2  0.0078
 143    1.037  #151414   21 3  0.0097
 144    1.045  #151415   21 4  0.0077
 145    1.073  #141514   21 5  0.0264
 146    1.081  #141515   21 6  0.0074
 147    1.091  #151514   21 7  0.0092
 148    1.099  #151515   22 1  0.0073
 149    1.110  #151516   22 2  0.0100
 150    1.123  #161515   22 3  0.0116
 151    1.133  #161516   22 4  0.0089
 152    1.169  #151615   22 5  0.0313
 153    1.179  #151616   22 6  0.0085
 154    1.193  #161615   22 7  0.0118
 155    1.203  #161616   23 1  0.0083
 156    1.214  #161617   23 2  0.0091
 157    1.229  #171616   23 3  0.0123
 158    1.240  #171617   23 4  0.0089
 159    1.281  #161716   23 5  0.0325
 160    1.292  #161717   23 6  0.0086
 161    1.307  #171716   23 7  0.0115
 162    1.318  #171717   24 1  0.0084
 163    1.329  #171718   24 2  0.0083
 164    1.343  #181717   24 3  0.0105
 165    1.354  #181718   24 4  0.0082
 166    1.392  #171817   24 5  0.0277
 167    1.402  #171818   24 6  0.0072
 168    1.416  #181817   24 7  0.0099
 169    1.427  #181818   25 1  0.0077
 170    1.438  #181819   25 2  0.0077
 171    1.454  #191818   25 3  0.0111
 172    1.465  #191819   25 4  0.0075
 173    1.509  #181918   25 5  0.0296
 174    1.520  #181919   25 6  0.0073
 175    1.536  #191918   25 7  0.0105
 176    1.547  #191919   26 1  0.0071
 177    1.563  #19191a   26 2  0.0103
 178    1.582  #1a1919   26 3  0.0121
 179    1.598  #1a191a   26 4  0.0101
 180    1.652  #191a19   26 5  0.0332
 181    1.667  #191a1a   26 6  0.0090
 182    1.687  #1a1a19   26 7  0.0119
 183    1.702  #1a1a1a   27 1  0.0089
 184    1.718  #1a1a1b   27 2  0.0094
 185    1.741  #1b1a1a   27 3  0.0133
 186    1.750  #1b1a1b   27 4  0.0052
 187    1.810  #1a1b1a   27 5  0.0337
 188    1.830  #1a1b1b   27 6  0.0110
 189    1.850  #1b1b1a   27 7  0.0109
 190    1.870  #1b1b1b   28 1  0.0108
 191    1.880  #1b1b1c   28 2  0.0053
 192    1.910  #1c1b1b   28 3  0.0158
 193    1.920  #1c1b1c   28 4  0.0052
 194    1.980  #1b1c1b   28 5  0.0308
 195    1.990  #1b1c1c   28 6  0.0050
 196    2.010  #1c1c1b   28 7  0.0100
 197    2.030  #1c1c1c   29 1  0.0099
 198    2.030  #1c1c1d   29 2  0.0000
 199    2.030  #1d1c1c   29 3  0.0000
 200    2.030  #1d1c1d   29 4  0.0000
 201    2.140  #1c1d1c   29 5  0.0528
 202    2.130  #1c1d1d   29 6  -0.0047
 203    2.140  #1d1d1c   29 7  0.0047
 204    2.140  #1d1d1d   30 1  0.0000
 205    2.150  #1d1d1e   30 2  0.0047
 206    2.170  #1e1d1d   30 3  0.0093
 207    2.190  #1e1d1e   30 4  0.0092
 208    2.270  #1d1e1d   30 5  0.0359
 209    2.280  #1d1e1e   30 6  0.0044
 210    2.300  #1e1e1d   30 7  0.0087
 211    2.320  #1e1e1e   31 1  0.0087
 212    2.340  #1e1e1f   31 2  0.0086
 213    2.360  #1f1e1e   31 3  0.0085
 214    2.380  #1f1e1f   31 4  0.0084
 215    2.460  #1e1f1e   31 5  0.0331
 216    2.480  #1e1f1f   31 6  0.0081
 217    2.500  #1f1f1e   31 7  0.0080
 218    2.520  #1f1f1f   32 1  0.0080
 219    2.540  #1f1f20   32 2  0.0079
 220    2.570  #201f1f   32 3  0.0117
 221    2.590  #201f20   32 4  0.0078
 222    2.660  #1f201f   32 5  0.0267
 223    2.680  #1f2020   32 6  0.0075
 224    2.710  #20201f   32 7  0.0111
 225    2.730  #202020   33 1  0.0074
 226    2.750  #202021   33 2  0.0073
 227    2.770  #212020   33 3  0.0072
 228    2.790  #212021   33 4  0.0072
 229    2.840  #202120   33 5  0.0178
 230    2.850  #202121   33 6  0.0035
 231    2.880  #212120   33 7  0.0105
 232    2.900  #212121   34 1  0.0069
 233    2.920  #212122   34 2  0.0069
 234    2.940  #222121   34 3  0.0068
 235    2.950  #222122   34 4  0.0034
 236    3.020  #212221   34 5  0.0235
 237    3.040  #212222   34 6  0.0066
 238    3.060  #222221   34 7  0.0066
 239    3.070  #222222   35 1  0.0033
 240    3.090  #222223   35 2  0.0065
 241    3.110  #232222   35 3  0.0065
 242    3.130  #232223   35 4  0.0064
 243    3.200  #222322   35 5  0.0221
 244    3.220  #222323   35 6  0.0062
 245    3.240  #232322   35 7  0.0062
 246    3.260  #232323   36 1  0.0062
 247    3.280  #232324   36 2  0.0061
 248    3.300  #242323   36 3  0.0061
 249    3.320  #242324   36 4  0.0060
 250    3.390  #232423   36 5  0.0209
 251    3.410  #232424   36 6  0.0059
 252    3.430  #242423   36 7  0.0058
 253    3.450  #242424   37 1  0.0058
 254    3.470  #242425   37 2  0.0058
 255    3.490  #252424   37 3  0.0057
 256    3.510  #252425   37 4  0.0057
 257    3.570  #242524   37 5  0.0169
 258    3.590  #242525   37 6  0.0056
 259    3.610  #252524   37 7  0.0056
 260    3.630  #252525   38 1  0.0055
 261    3.650  #252526   38 2  0.0055
 262    3.670  #262525   38 3  0.0055
 263    3.690  #262526   38 4  0.0054
 264    3.770  #252625   38 5  0.0214
 265    3.780  #252626   38 6  0.0026
 266    3.810  #262625   38 7  0.0079
 267    3.820  #262626   39 1  0.0026
 268    3.840  #262627   39 2  0.0052
 269    3.870  #272626   39 3  0.0078
 270    3.880  #272627   39 4  0.0026
 271    3.960  #262726   39 5  0.0204
 272    3.980  #262727   39 6  0.0050
 273    4.010  #272726   39 7  0.0075
 274    4.030  #272727   40 1  0.0050
 275    4.050  #272728   40 2  0.0050
 276    4.070  #282727   40 3  0.0049
 277    4.090  #282728   40 4  0.0049
 278    4.160  #272827   40 5  0.0170
 279    4.180  #272828   40 6  0.0048
 280    4.210  #282827   40 7  0.0072
 281    4.230  #282828   41 1  0.0047
 282    4.250  #282829   41 2  0.0047
 283    4.280  #292828   41 3  0.0070
 284    4.300  #292829   41 4  0.0047
 285    4.370  #282928   41 5  0.0161
 286    4.390  #282929   41 6  0.0046
 287    4.420  #292928   41 7  0.0068
 288    4.430  #292929   42 1  0.0023
 289    4.450  #29292a   42 2  0.0045
 290    4.480  #2a2929   42 3  0.0067
 291    4.500  #2a292a   42 4  0.0045
 292    4.580  #292a29   42 5  0.0176
 293    4.610  #292a2a   42 6  0.0065
 294    4.630  #2a2a29   42 7  0.0043
 295    4.650  #2a2a2a   43 1  0.0043
 296    4.670  #2a2a2b   43 2  0.0043
 297    4.700  #2b2a2a   43 3  0.0064
 298    4.720  #2b2a2b   43 4  0.0042
 299    4.810  #2a2b2a   43 5  0.0189
 300    4.830  #2a2b2b   43 6  0.0041
 301    4.850  #2b2b2a   43 7  0.0041
 302    4.880  #2b2b2b   44 1  0.0062
 303    4.900  #2b2b2c   44 2  0.0041
 304    4.930  #2c2b2b   44 3  0.0061
 305    4.950  #2c2b2c   44 4  0.0040
 306    5.030  #2b2c2b   44 5  0.0160
 307    5.060  #2b2c2c   44 6  0.0059
 308    5.090  #2c2c2b   44 7  0.0059
 309    5.110  #2c2c2c   45 1  0.0039
 310    5.130  #2c2c2d   45 2  0.0039
 311    5.160  #2d2c2c   45 3  0.0058
 312    5.180  #2d2c2d   45 4  0.0039
 313    5.270  #2c2d2c   45 5  0.0172
 314    5.290  #2c2d2d   45 6  0.0038
 315    5.320  #2d2d2c   45 7  0.0057
 316    5.340  #2d2d2d   46 1  0.0038
 317    5.370  #2d2d2e   46 2  0.0056
 318    5.400  #2e2d2d   46 3  0.0056
 319    5.420  #2e2d2e   46 4  0.0037
 320    5.520  #2d2e2d   46 5  0.0183
 321    5.540  #2d2e2e   46 6  0.0036
 322    5.570  #2e2e2d   46 7  0.0054
 323    5.590  #2e2e2e   47 1  0.0036
 324    5.620  #2e2e2f   47 2  0.0054
 325    5.650  #2f2e2e   47 3  0.0053
 326    5.680  #2f2e2f   47 4  0.0053
 327    5.770  #2e2f2e   47 5  0.0157
 328    5.800  #2e2f2f   47 6  0.0052
 329    5.830  #2f2f2e   47 7  0.0052
 330    5.860  #2f2f2f   48 1  0.0051
 331    5.880  #2f2f30   48 2  0.0034
 332    5.910  #302f2f   48 3  0.0051
 333    5.940  #302f30   48 4  0.0051
 334    6.040  #2f302f   48 5  0.0167
 335    6.060  #2f3030   48 6  0.0033
 336    6.100  #30302f   48 7  0.0066
 337    6.120  #303030   49 1  0.0033
 338    6.150  #303031   49 2  0.0049
 339    6.180  #313030   49 3  0.0049
 340    6.210  #313031   49 4  0.0048
 341    6.300  #303130   49 5  0.0144
 342    6.330  #303131   49 6  0.0048
 343    6.360  #313130   49 7  0.0047
 344    6.390  #313131   50 1  0.0047
 345    6.420  #313132   50 2  0.0047
 346    6.450  #323131   50 3  0.0047
 347    6.480  #323132   50 4  0.0046
 348    6.590  #313231   50 5  0.0168
 349    6.610  #313232   50 6  0.0030
 350    6.640  #323231   50 7  0.0045
 351    6.670  #323232   51 1  0.0045
 352    6.690  #323233   51 2  0.0030
 353    6.730  #333232   51 3  0.0060
 354    6.760  #333233   51 4  0.0044
 355    6.870  #323332   51 5  0.0161
 356    6.900  #323333   51 6  0.0044
 357    6.930  #333332   51 7  0.0043
 358    6.960  #333333   52 1  0.0043
 359    6.990  #333334   52 2  0.0043
 360    7.020  #343333   52 3  0.0043
 361    7.050  #343334   52 4  0.0043
 362    7.160  #333433   52 5  0.0155
 363    7.190  #333434   52 6  0.0042
 364    7.230  #343433   52 7  0.0055
 365    7.260  #343434   53 1  0.0041
 366    7.280  #343435   53 2  0.0028
 367    7.310  #353434   53 3  0.0041
 368    7.350  #353435   53 4  0.0055
 369    7.450  #343534   53 5  0.0135
 370    7.480  #343535   53 6  0.0040
 371    7.520  #353534   53 7  0.0053
 372    7.550  #353535   54 1  0.0040
 373    7.570  #353536   54 2  0.0026
 374    7.610  #363535   54 3  0.0053
 375    7.630  #363536   54 4  0.0026
 376    7.750  #353635   54 5  0.0156
 377    7.780  #353636   54 6  0.0039
 378    7.820  #363635   54 7  0.0051
 379    7.850  #363636   55 1  0.0038
 380    7.870  #363637   55 2  0.0025
 381    7.910  #373636   55 3  0.0051
 382    7.940  #373637   55 4  0.0038
 383    8.060  #363736   55 5  0.0150
 384    8.090  #363737   55 6  0.0037
 385    8.140  #373736   55 7  0.0062
 386    8.160  #373737   56 1  0.0025
 387    8.190  #373738   56 2  0.0037
 388    8.230  #383737   56 3  0.0049
 389    8.260  #383738   56 4  0.0036
 390    8.380  #373837   56 5  0.0144
 391    8.410  #373838   56 6  0.0036
 392    8.450  #383837   56 7  0.0047
 393    8.480  #383838   57 1  0.0035
 394    8.480  #383839   57 2  0.0000
 395    8.480  #393838   57 3  0.0000
 396    8.480  #393839   57 4  0.0000
 397    8.690  #383938   57 5  0.0245
 398    8.690  #383939   57 6  0.0000
 399    8.690  #393938   57 7  0.0000
 400    8.700  #393939   58 1  0.0012
 401    8.730  #39393a   58 2  0.0034
 402    8.760  #3a3939   58 3  0.0034
 403    8.790  #3a393a   58 4  0.0034
 404    8.920  #393a39   58 5  0.0147
 405    8.950  #393a3a   58 6  0.0034
 406    8.990  #3a3a39   58 7  0.0045
 407    9.020  #3a3a3a   59 1  0.0033
 408    9.050  #3a3a3b   59 2  0.0033
 409    9.090  #3b3a3a   59 3  0.0044
 410    9.120  #3b3a3b   59 4  0.0033
 411    9.260  #3a3b3a   59 5  0.0152
 412    9.280  #3a3b3b   59 6  0.0022
 413    9.330  #3b3b3a   59 7  0.0054
 414    9.360  #3b3b3b   60 1  0.0032
 415    9.390  #3b3b3c   60 2  0.0032
 416    9.430  #3c3b3b   60 3  0.0043
 417    9.460  #3c3b3c   60 4  0.0032
 418    9.600  #3b3c3b   60 5  0.0147
 419    9.630  #3b3c3c   60 6  0.0031
 420    9.670  #3c3c3b   60 7  0.0041
 421    9.700  #3c3c3c   61 1  0.0031
 422    9.740  #3c3c3d   61 2  0.0041
 423    9.780  #3d3c3c   61 3  0.0041
 424    9.810  #3d3c3d   61 4  0.0031
 425    9.940  #3c3d3c   61 5  0.0132
 426    9.980  #3c3d3d   61 6  0.0040
 427   10.020  #3d3d3c   61 7  0.0040
 428   10.050  #3d3d3d   62 1  0.0030
 429   10.080  #3d3d3e   62 2  0.0030
 430   10.140  #3e3d3d   62 3  0.0059
 431   10.160  #3e3d3e   62 4  0.0020
 432   10.300  #3d3e3d   62 5  0.0137
 433   10.340  #3d3e3e   62 6  0.0039
 434   10.390  #3e3e3d   62 7  0.0048
 435   10.420  #3e3e3e   63 1  0.0029
 436   10.440  #3e3e3f   63 2  0.0019
 437   10.500  #3f3e3e   63 3  0.0057
 438   10.530  #3f3e3f   63 4  0.0029
 439   10.680  #3e3f3e   63 5  0.0141
 440   10.710  #3e3f3f   63 6  0.0028
 441   10.770  #3f3f3e   63 7  0.0056
 442   10.790  #3f3f3f   64 1  0.0019
 443   10.820  #3f3f40   64 2  0.0028
 444   10.880  #403f3f   64 3  0.0055
 445   10.920  #403f40   64 4  0.0037
 446   11.040  #3f403f   64 5  0.0109
 447   11.090  #3f4040   64 6  0.0045
 448   11.150  #40403f   64 7  0.0054
 449   11.180  #404040   65 1  0.0027
 450   11.200  #404041   65 2  0.0018
 451   11.260  #414040   65 3  0.0053
 452   11.300  #414041   65 4  0.0035
 453   11.450  #404140   65 5  0.0132
 454   11.510  #404141   65 6  0.0052
 455   11.550  #414140   65 7  0.0035
 456   11.580  #414141   66 1  0.0026
 457   11.620  #414142   66 2  0.0034
 458   11.680  #424141   66 3  0.0052
 459   11.710  #424142   66 4  0.0026
 460   11.900  #414241   66 5  0.0161
 461   11.940  #414242   66 6  0.0034
 462   11.980  #424241   66 7  0.0033
 463   12.020  #424242   67 1  0.0033
 464   12.070  #424243   67 2  0.0042
 465   12.110  #434242   67 3  0.0033
 466   12.140  #434243   67 4  0.0025
 467   12.340  #424342   67 5  0.0163
 468   12.370  #424343   67 6  0.0024
 469   12.420  #434342   67 7  0.0040
 470   12.470  #434343   68 1  0.0040
 471   12.510  #434344   68 2  0.0032
 472   12.570  #444343   68 3  0.0048
 473   12.610  #444344   68 4  0.0032
 474   12.780  #434443   68 5  0.0134
 475   12.810  #434444   68 6  0.0023
 476   12.880  #444443   68 7  0.0054
 477   12.920  #444444   69 1  0.0031
 478   12.960  #444445   69 2  0.0031
 479   13.030  #454444   69 3  0.0054
 480   13.070  #454445   69 4  0.0031
 481   13.220  #444544   69 5  0.0114
 482   13.290  #444545   69 6  0.0053
 483   13.340  #454544   69 7  0.0038
 484   13.380  #454545   70 1  0.0030
 485   13.440  #454546   70 2  0.0045
 486   13.490  #464545   70 3  0.0037
 487   13.520  #464546   70 4  0.0022
 488   13.730  #454645   70 5  0.0154
 489   13.770  #454646   70 6  0.0029
 490   13.810  #464645   70 7  0.0029
 491   13.880  #464646   71 1  0.0051
 492   13.920  #464647   71 2  0.0029
 493   13.970  #474646   71 3  0.0036
 494   14.020  #474647   71 4  0.0036
 495   14.220  #464746   71 5  0.0142
 496   14.260  #464747   71 6  0.0028
 497   14.330  #474746   71 7  0.0049
 498   14.370  #474747   72 1  0.0028
 499   14.410  #474748   72 2  0.0028
 500   14.490  #484747   72 3  0.0055
 501   14.520  #484748   72 4  0.0021
 502   14.710  #474847   72 5  0.0130
 503   14.760  #474848   72 6  0.0034
 504   14.820  #484847   72 7  0.0041
 505   14.870  #484848   73 1  0.0034
 506   14.920  #484849   73 2  0.0034
 507   14.980  #494848   73 3  0.0040
 508   15.020  #494849   73 4  0.0027
 509   15.220  #484948   73 5  0.0132
 510   15.270  #484949   73 6  0.0033
 511   15.330  #494948   73 7  0.0039
 512   15.390  #494949   74 1  0.0039
 513   15.430  #49494a   74 2  0.0026
 514   15.500  #4a4949   74 3  0.0045
 515   15.550  #4a494a   74 4  0.0032
 516   15.750  #494a49   74 5  0.0128
 517   15.820  #494a4a   74 6  0.0044
 518   15.870  #4a4a49   74 7  0.0032
 519   15.910  #4a4a4a   75 1  0.0025
 520   15.980  #4a4a4b   75 2  0.0044
 521   16.040  #4b4a4a   75 3  0.0037
 522   16.080  #4b4a4b   75 4  0.0025
 523   16.310  #4a4b4a   75 5  0.0142
 524   16.350  #4a4b4b   75 6  0.0024
 525   16.410  #4b4b4a   75 7  0.0037
 526   16.480  #4b4b4b   76 1  0.0043
 527   16.520  #4b4b4c   76 2  0.0024
 528   16.590  #4c4b4b   76 3  0.0042
 529   16.640  #4c4b4c   76 4  0.0030
 530   16.840  #4b4c4b   76 5  0.0119
 531   16.900  #4b4c4c   76 6  0.0036
 532   16.970  #4c4c4b   76 7  0.0041
 533   17.010  #4c4c4c   77 1  0.0024
 534   17.090  #4c4c4d   77 2  0.0047
 535   17.150  #4d4c4c   77 3  0.0035
 536   17.200  #4d4c4d   77 4  0.0029
 537   17.420  #4c4d4c   77 5  0.0127
 538   17.460  #4c4d4d   77 6  0.0023
 539   17.540  #4d4d4c   77 7  0.0046
 540   17.500  #4d4d4d   78 1  -0.0023
 541   17.600  #4d4d4e   78 2  0.0057
 542   17.700  #4e4d4d   78 3  0.0057
 543   17.700  #4e4d4e   78 4  0.0000
 544   17.900  #4d4e4d   78 5  0.0112
 545   18.000  #4d4e4e   78 6  0.0056
 546   18.100  #4e4e4d   78 7  0.0055
 547   18.100  #4e4e4e   79 1  0.0000
 548   18.200  #4e4e4f   79 2  0.0055
 549   18.200  #4f4e4e   79 3  0.0000
 550   18.300  #4f4e4f   79 4  0.0055
 551   18.500  #4e4f4e   79 5  0.0109
 552   18.600  #4e4f4f   79 6  0.0054
 553   18.700  #4f4f4e   79 7  0.0054
 554   18.700  #4f4f4f   80 1  0.0000
 555   18.800  #4f4f50   80 2  0.0053
 556   18.900  #504f4f   80 3  0.0053
 557   18.900  #504f50   80 4  0.0000
 558   19.100  #4f504f   80 5  0.0105
 559   19.200  #4f5050   80 6  0.0052
 560   19.300  #50504f   80 7  0.0052
 561   19.300  #505050   81 1  0.0000
 562   19.400  #505051   81 2  0.0052
 563   19.500  #515050   81 3  0.0051
 564   19.500  #515051   81 4  0.0000
 565   19.700  #505150   81 5  0.0102
 566   19.800  #505151   81 6  0.0051
 567   19.900  #515150   81 7  0.0050
 568   20.000  #515151   82 1  0.0050
 569   20.000  #515152   82 2  0.0000
 570   20.100  #525151   82 3  0.0050
 571   20.100  #525152   82 4  0.0000
 572   20.400  #515251   82 5  0.0148
 573   20.500  #515252   82 6  0.0049
 574   20.500  #525251   82 7  0.0000
 575   20.600  #525252   83 1  0.0049
 576   20.600  #525253   83 2  0.0000
 577   20.700  #535252   83 3  0.0048
 578   20.800  #535253   83 4  0.0048
 579   21.000  #525352   83 5  0.0096
 580   21.100  #525353   83 6  0.0048
 581   21.100  #535352   83 7  0.0000
 582   21.200  #535353   84 1  0.0047
 583   21.300  #535354   84 2  0.0047
 584   21.400  #545353   84 3  0.0047
 585   21.400  #545354   84 4  0.0000
 586   21.700  #535453   84 5  0.0139
 587   21.700  #535454   84 6  0.0000
 588   21.800  #545453   84 7  0.0046
 589   21.800  #545454   85 1  0.0000
 590   21.900  #545455   85 2  0.0046
 591   22.000  #555454   85 3  0.0046
 592   22.000  #555455   85 4  0.0000
 593   22.300  #545554   85 5  0.0135
 594   22.300  #545555   85 6  0.0000
 595   22.400  #555554   85 7  0.0045
 596   22.500  #555555   86 1  0.0045
 597   22.500  #555556   86 2  0.0000
 598   22.500  #565555   86 3  0.0000
 599   22.500  #565556   86 4  0.0000
 600   22.900  #555655   86 5  0.0176
 601   22.900  #555656   86 6  0.0000
 602   22.900  #565655   86 7  0.0000
 603   23.000  #565656   87 1  0.0044
 604   23.000  #565657   87 2  0.0000
 605   23.100  #575656   87 3  0.0043
 606   23.200  #575657   87 4  0.0043
 607   23.400  #565756   87 5  0.0086
 608   23.500  #565757   87 6  0.0043
 609   23.500  #575756   87 7  0.0000
 610   23.600  #575757   88 1  0.0042
 611   23.700  #575758   88 2  0.0042
 612   23.700  #585757   88 3  0.0000
 613   23.800  #585758   88 4  0.0042
 614   24.100  #575857   88 5  0.0125
 615   24.100  #575858   88 6  0.0000
 616   24.200  #585857   88 7  0.0041
 617   24.200  #585858   89 1  0.0000
 618   24.300  #585859   89 2  0.0041
 619   24.400  #595858   89 3  0.0041
 620   24.500  #595859   89 4  0.0041
 621   24.700  #585958   89 5  0.0081
 622   24.700  #585959   89 6  0.0000
 623   24.900  #595958   89 7  0.0081
 624   24.900  #595959   90 1  0.0000
 625   25.000  #59595a   90 2  0.0040
 626   25.100  #5a5959   90 3  0.0040
 627   25.100  #5a595a   90 4  0.0000
 628   25.400  #595a59   90 5  0.0119
 629   25.400  #595a5a   90 6  0.0000
 630   25.500  #5a5a59   90 7  0.0039
 631   25.600  #5a5a5a   91 1  0.0039
 632   25.700  #5a5a5b   91 2  0.0039
 633   25.800  #5b5a5a   91 3  0.0039
 634   25.800  #5b5a5b   91 4  0.0000
 635   26.100  #5a5b5a   91 5  0.0116
 636   26.100  #5a5b5b   91 6  0.0000
 637   26.200  #5b5b5a   91 7  0.0038
 638   26.300  #5b5b5b   92 1  0.0038
 639   26.300  #5b5b5c   92 2  0.0000
 640   26.400  #5c5b5b   92 3  0.0038
 641   26.100  #5c5b5c   92 4  -0.0114
 642   26.400  #5b5c5b   92 5  0.0114
 643   26.500  #5b5c5c   92 6  0.0038
 644   26.500  #5c5c5b   92 7  0.0000
 645   26.600  #5c5c5c   93 1  0.0038
 646   26.600  #5c5c5d   93 2  0.0000
 647   26.700  #5d5c5c   93 3  0.0038
 648   26.800  #5d5c5d   93 4  0.0037
 649   27.000  #5c5d5c   93 5  0.0074
 650   27.100  #5c5d5d   93 6  0.0037
 651   27.200  #5d5d5c   93 7  0.0037
 652   27.200  #5d5d5d   94 1  0.0000
 653   27.300  #5d5d5e   94 2  0.0037
 654   27.400  #5e5d5d   94 3  0.0037
 655   27.500  #5e5d5e   94 4  0.0036
 656   27.700  #5d5e5d   94 5  0.0072
 657   27.800  #5d5e5e   94 6  0.0036
 658   27.900  #5e5e5d   94 7  0.0036
 659   27.900  #5e5e5e   95 1  0.0000
 660   28.000  #5e5e5f   95 2  0.0036
 661   28.100  #5f5e5e   95 3  0.0036
 662   28.100  #5f5e5f   95 4  0.0000
 663   28.400  #5e5f5e   95 5  0.0106
 664   28.400  #5e5f5f   95 6  0.0000
 665   28.600  #5f5f5e   95 7  0.0070
 666   28.600  #5f5f5f   96 1  0.0000
 667   28.700  #5f5f60   96 2  0.0035
 668   28.800  #605f5f   96 3  0.0035
 669   28.800  #605f60   96 4  0.0000
 670   29.100  #5f605f   96 5  0.0104
 671   29.100  #5f6060   96 6  0.0000
 672   29.200  #60605f   96 7  0.0034
 673   29.300  #606060   97 1  0.0034
 674   29.400  #606061   97 2  0.0034
 675   29.500  #616060   97 3  0.0034
 676   29.500  #616061   97 4  0.0000
 677   29.800  #606160   97 5  0.0101
 678   29.800  #606161   97 6  0.0000
 679   29.900  #616160   97 7  0.0034
 680   30.000  #616161   98 1  0.0033
 681   30.000  #616162   98 2  0.0000
 682   30.200  #626161   98 3  0.0066
 683   30.200  #626162   98 4  0.0000
 684   30.500  #616261   98 5  0.0099
 685   30.500  #616262   98 6  0.0000
 686   30.600  #626261   98 7  0.0033
 687   30.700  #626262   99 1  0.0033
 688   30.700  #626263   99 2  0.0000
 689   30.900  #636262   99 3  0.0065
 690   30.900  #636263   99 4  0.0000
 691   31.200  #626362   99 5  0.0097
 692   31.200  #626363   99 6  0.0000
 693   31.300  #636362   99 7  0.0032
 694   31.400  #636363  100 1  0.0032
 695   31.400  #636364  100 2  0.0000
 696   31.600  #646363  100 3  0.0063
 697   31.600  #646364  100 4  0.0000
 698   31.900  #636463  100 5  0.0094
 699   32.000  #636464  100 6  0.0031
 700   32.000  #646463  100 7  0.0000
 701   32.100  #646464  101 1  0.0031
 702   32.200  #646465  101 2  0.0031
 703   32.300  #656464  101 3  0.0031
 704   32.400  #656465  101 4  0.0031
 705   32.500  #646564  101 5  0.0031
 706   32.700  #646565  101 6  0.0061
 707   32.700  #656564  101 7  0.0000
 708   32.800  #656565  102 1  0.0031
 709   32.900  #656566  102 2  0.0030
 710   33.000  #666565  102 3  0.0030
 711   33.100  #666566  102 4  0.0030
 712   33.300  #656665  102 5  0.0060
 713   33.400  #656666  102 6  0.0030
 714   33.400  #666665  102 7  0.0000
 715   33.500  #666666  103 1  0.0030
 716   33.600  #666667  103 2  0.0030
 717   33.700  #676666  103 3  0.0030
 718   33.800  #676667  103 4  0.0030
 719   34.000  #666766  103 5  0.0059
 720   34.100  #666767  103 6  0.0029
 721   34.200  #676766  103 7  0.0029
 722   34.300  #676767  104 1  0.0029
 723   34.300  #676768  104 2  0.0000
 724   34.400  #686767  104 3  0.0029
 725   34.500  #686768  104 4  0.0029
 726   34.800  #676867  104 5  0.0087
 727   34.800  #676868  104 6  0.0000
 728   34.900  #686867  104 7  0.0029
 729   35.000  #686868  105 1  0.0029
 730   35.100  #686869  105 2  0.0029
 731   35.100  #696868  105 3  0.0000
 732   35.300  #696869  105 4  0.0057
 733   35.500  #686968  105 5  0.0056
 734   35.600  #686969  105 6  0.0028
 735   35.700  #696968  105 7  0.0028
 736   35.700  #696969  106 1  0.0000
 737   35.800  #69696a  106 2  0.0028
 738   35.900  #6a6969  106 3  0.0028
 739   36.000  #6a696a  106 4  0.0028
 740   36.200  #696a69  106 5  0.0055
 741   36.300  #696a6a  106 6  0.0028
 742   36.400  #6a6a69  106 7  0.0028
 743   36.400  #6a6a6a  107 1  0.0000
 744   36.600  #6a6a6b  107 2  0.0055
 745   36.600  #6b6a6a  107 3  0.0000
 746   36.700  #6b6a6b  107 4  0.0027
 747   37.000  #6a6b6a  107 5  0.0081
 748   37.000  #6a6b6b  107 6  0.0000
 749   37.200  #6b6b6a  107 7  0.0054
 750   37.200  #6b6b6b  108 1  0.0000
 751   37.300  #6b6b6c  108 2  0.0027
 752   37.400  #6c6b6b  108 3  0.0027
 753   37.500  #6c6b6c  108 4  0.0027
 754   37.700  #6b6c6b  108 5  0.0053
 755   37.700  #6b6c6c  108 6  0.0000
 756   37.900  #6c6c6b  108 7  0.0053
 757   37.900  #6c6c6c  109 1  0.0000
 758   38.000  #6c6c6d  109 2  0.0026
 759   38.100  #6d6c6c  109 3  0.0026
 760   38.200  #6d6c6d  109 4  0.0026
 761   38.400  #6c6d6c  109 5  0.0052
 762   38.500  #6c6d6d  109 6  0.0026
 763   38.600  #6d6d6c  109 7  0.0026
 764   38.700  #6d6d6d  110 1  0.0026
 765   38.800  #6d6d6e  110 2  0.0026
 766   38.800  #6e6d6d  110 3  0.0000
 767   38.900  #6e6d6e  110 4  0.0026
 768   39.200  #6d6e6d  110 5  0.0077
 769   39.200  #6d6e6e  110 6  0.0000
 770   39.400  #6e6e6d  110 7  0.0051
 771   39.400  #6e6e6e  111 1  0.0000
 772   39.500  #6e6e6f  111 2  0.0025
 773   39.600  #6f6e6e  111 3  0.0025
 774   39.700  #6f6e6f  111 4  0.0025
 775   40.000  #6e6f6e  111 5  0.0075
 776   40.000  #6e6f6f  111 6  0.0000
 777   40.100  #6f6f6e  111 7  0.0025
 778   40.100  #6f6f6f  112 1  0.0000
 779   40.300  #6f6f70  112 2  0.0050
 780   40.400  #706f6f  112 3  0.0025
 781   40.400  #706f70  112 4  0.0000
 782   40.700  #6f706f  112 5  0.0074
 783   40.700  #6f7070  112 6  0.0000
 784   40.900  #70706f  112 7  0.0049
 785   40.900  #707070  113 1  0.0000
 786   41.000  #707071  113 2  0.0024
 787   41.100  #717070  113 3  0.0024
 788   41.200  #717071  113 4  0.0024
 789   41.500  #707170  113 5  0.0073
 790   41.500  #707171  113 6  0.0000
 791   41.600  #717170  113 7  0.0024
 792   41.700  #717171  114 1  0.0024
 793   41.700  #717172  114 2  0.0000
 794   41.700  #727171  114 3  0.0000
 795   41.600  #727172  114 4  -0.0024
 796   42.200  #717271  114 5  0.0143
 797   42.100  #717272  114 6  -0.0024
 798   42.200  #727271  114 7  0.0024
 799   42.200  #727272  115 1  0.0000
 800   42.300  #727273  115 2  0.0024
 801   42.400  #737272  115 3  0.0024
 802   42.400  #737273  115 4  0.0000
 803   42.700  #727372  115 5  0.0071
 804   42.700  #727373  115 6  0.0000
 805   42.900  #737372  115 7  0.0047
 806   42.900  #737373  116 1  0.0000
 807   43.000  #737374  116 2  0.0023
 808   43.100  #747373  116 3  0.0023
 809   43.200  #747374  116 4  0.0023
 810   43.500  #737473  116 5  0.0069
 811   43.400  #737474  116 6  -0.0023
 812   43.600  #747473  116 7  0.0046
 813   43.700  #747474  117 1  0.0023
 814   43.800  #747475  117 2  0.0023
 815   43.800  #757474  117 3  0.0000
 816   43.900  #757475  117 4  0.0023
 817   44.200  #747574  117 5  0.0068
 818   44.200  #747575  117 6  0.0000
 819   44.400  #757574  117 7  0.0045
 820   44.400  #757575  118 1  0.0000
 821   44.500  #757576  118 2  0.0022
 822   44.600  #767575  118 3  0.0022
 823   44.700  #767576  118 4  0.0022
 824   44.900  #757675  118 5  0.0045
 825   44.900  #757676  118 6  0.0000
 826   45.100  #767675  118 7  0.0044
 827   45.100  #767676  119 1  0.0000
 828   45.200  #767677  119 2  0.0022
 829   45.300  #777676  119 3  0.0022
 830   45.400  #777677  119 4  0.0022
 831   45.700  #767776  119 5  0.0066
 832   45.700  #767777  119 6  0.0000
 833   45.900  #777776  119 7  0.0044
 834   45.900  #777777  120 1  0.0000
 835   46.000  #777778  120 2  0.0022
 836   46.100  #787777  120 3  0.0022
 837   46.200  #787778  120 4  0.0022
 838   46.400  #777877  120 5  0.0043
 839   46.500  #777878  120 6  0.0022
 840   46.600  #787877  120 7  0.0021
 841   46.600  #787878  121 1  0.0000
 842   46.800  #787879  121 2  0.0043
 843   46.800  #797878  121 3  0.0000
 844   46.900  #797879  121 4  0.0021
 845   47.100  #787978  121 5  0.0043
 846   47.200  #787979  121 6  0.0021
 847   47.300  #797978  121 7  0.0021
 848   47.300  #797979  122 1  0.0000
 849   47.500  #79797a  122 2  0.0042
 850   47.500  #7a7979  122 3  0.0000
 851   47.600  #7a797a  122 4  0.0021
 852   47.900  #797a79  122 5  0.0063
 853   48.000  #797a7a  122 6  0.0021
 854   48.100  #7a7a79  122 7  0.0021
 855   48.100  #7a7a7a  123 1  0.0000
 856   48.200  #7a7a7b  123 2  0.0021
 857   48.200  #7b7a7a  123 3  0.0000
 858   48.400  #7b7a7b  123 4  0.0041
 859   48.600  #7a7b7a  123 5  0.0041
 860   48.700  #7a7b7b  123 6  0.0021
 861   48.800  #7b7b7a  123 7  0.0021
 862   48.900  #7b7b7b  124 1  0.0020
 863   49.000  #7b7b7c  124 2  0.0020
 864   49.000  #7c7b7b  124 3  0.0000
 865   49.100  #7c7b7c  124 4  0.0020
 866   49.300  #7b7c7b  124 5  0.0041
 867   49.400  #7b7c7c  124 6  0.0020
 868   49.500  #7c7c7b  124 7  0.0020
 869   49.600  #7c7c7c  125 1  0.0020
 870   49.700  #7c7c7d  125 2  0.0020
 871   49.800  #7d7c7c  125 3  0.0020
 872   49.800  #7d7c7d  125 4  0.0000
 873   50.100  #7c7d7c  125 5  0.0060
 874   50.200  #7c7d7d  125 6  0.0020
 875   50.200  #7d7d7c  125 7  0.0000
 876   50.400  #7d7d7d  126 1  0.0040
 877   50.400  #7d7d7e  126 2  0.0000
 878   50.600  #7e7d7d  126 3  0.0040
 879   50.600  #7e7d7e  126 4  0.0000
 880   51.000  #7d7e7d  126 5  0.0079
 881   51.000  #7d7e7e  126 6  0.0000
 882   51.100  #7e7e7d  126 7  0.0020
 883   51.200  #7e7e7e  127 1  0.0020
 884   51.200  #7e7e7f  127 2  0.0000
 885   51.400  #7f7e7e  127 3  0.0039
 886   51.400  #7f7e7f  127 4  0.0000
 887   51.700  #7e7f7e  127 5  0.0058
 888   51.800  #7e7f7f  127 6  0.0019
 889   51.900  #7f7f7e  127 7  0.0019
 890   52.000  #7f7f7f  128 1  0.0019
 891   52.000  #7f7f80  128 2  0.0000
 892   52.100  #807f7f  128 3  0.0019
 893   52.200  #807f80  128 4  0.0019
 894   52.500  #7f807f  128 5  0.0057
 895   52.500  #7f8080  128 6  0.0000
 896   52.700  #80807f  128 7  0.0038
 897   52.700  #808080  129 1  0.0000
 898   52.800  #808081  129 2  0.0019
 899   52.900  #818080  129 3  0.0019
 900   53.000  #818081  129 4  0.0019
 901   53.400  #808180  129 5  0.0075
 902   53.500  #808181  129 6  0.0019
 903   53.600  #818180  129 7  0.0019
 904   53.600  #818181  130 1  0.0000
 905   53.800  #818182  130 2  0.0037
 906   53.800  #828181  130 3  0.0000
 907   54.000  #828182  130 4  0.0037
 908   54.300  #818281  130 5  0.0055
 909   54.400  #818282  130 6  0.0018
 910   54.500  #828281  130 7  0.0018
 911   54.600  #828282  131 1  0.0018
 912   54.700  #828283  131 2  0.0018
 913   54.800  #838282  131 3  0.0018
 914   54.900  #838283  131 4  0.0018
 915   55.300  #828382  131 5  0.0073
 916   55.400  #828383  131 6  0.0018
 917   55.500  #838382  131 7  0.0018
 918   55.600  #838383  132 1  0.0018
 919   55.700  #838384  132 2  0.0018
 920   55.800  #848383  132 3  0.0018
 921   55.800  #848384  132 4  0.0000
 922   56.200  #838483  132 5  0.0071
 923   56.300  #838484  132 6  0.0018
 924   56.500  #848483  132 7  0.0035
 925   56.500  #848484  133 1  0.0000
 926   56.700  #848485  133 2  0.0035
 927   56.700  #858484  133 3  0.0000
 928   56.800  #858485  133 4  0.0018
 929   57.200  #848584  133 5  0.0070
 930   57.400  #848585  133 6  0.0035
 931   57.500  #858584  133 7  0.0017
 932   57.600  #858585  134 1  0.0017
 933   57.700  #858586  134 2  0.0017
 934   57.700  #868585  134 3  0.0000
 935   57.800  #868586  134 4  0.0017
 936   58.300  #858685  134 5  0.0086
 937   58.400  #858686  134 6  0.0017
 938   58.600  #868685  134 7  0.0034
 939   58.700  #868686  135 1  0.0017
 940   58.800  #868687  135 2  0.0017
 941   58.900  #878686  135 3  0.0017
 942   59.000  #878687  135 4  0.0017
 943   59.400  #868786  135 5  0.0068
 944   59.500  #868787  135 6  0.0017
 945   59.600  #878786  135 7  0.0017
 946   59.700  #878787  136 1  0.0017
 947   59.900  #878788  136 2  0.0033
 948   60.000  #888787  136 3  0.0017
 949   60.100  #888788  136 4  0.0017
 950   60.400  #878887  136 5  0.0050
 951   60.500  #878888  136 6  0.0017
 952   60.700  #888887  136 7  0.0033
 953   60.800  #888888  137 1  0.0016
 954   60.900  #888889  137 2  0.0016
 955   61.100  #898888  137 3  0.0033
 956   61.100  #898889  137 4  0.0000
 957   61.500  #888988  137 5  0.0065
 958   61.600  #888989  137 6  0.0016
 959   61.700  #898988  137 7  0.0016
 960   61.800  #898989  138 1  0.0016
 961   62.000  #89898a  138 2  0.0032
 962   62.000  #8a8989  138 3  0.0000
 963   62.200  #8a898a  138 4  0.0032
 964   62.500  #898a89  138 5  0.0048
 965   62.700  #898a8a  138 6  0.0032
 966   62.800  #8a8a89  138 7  0.0016
 967   62.900  #8a8a8a  139 1  0.0016
 968   63.000  #8a8a8b  139 2  0.0016
 969   63.200  #8b8a8a  139 3  0.0032
 970   63.300  #8b8a8b  139 4  0.0016
 971   63.700  #8a8b8a  139 5  0.0063
 972   63.800  #8a8b8b  139 6  0.0016
 973   64.000  #8b8b8a  139 7  0.0031
 974   64.000  #8b8b8b  140 1  0.0000
 975   64.100  #8b8b8c  140 2  0.0016
 976   64.200  #8c8b8b  140 3  0.0016
 977   64.300  #8c8b8c  140 4  0.0016
 978   64.700  #8b8c8b  140 5  0.0062
 979   64.900  #8b8c8c  140 6  0.0031
 980   65.000  #8c8c8b  140 7  0.0015
 981   65.100  #8c8c8c  141 1  0.0015
 982   65.200  #8c8c8d  141 2  0.0015
 983   65.400  #8d8c8c  141 3  0.0031
 984   65.400  #8d8c8d  141 4  0.0000
 985   65.800  #8c8d8c  141 5  0.0061
 986   65.900  #8c8d8d  141 6  0.0015
 987   66.100  #8d8d8c  141 7  0.0030
 988   66.100  #8d8d8d  142 1  0.0000
 989   66.300  #8d8d8e  142 2  0.0030
 990   66.400  #8e8d8d  142 3  0.0015
 991   66.500  #8e8d8e  142 4  0.0015
 992   66.900  #8d8e8d  142 5  0.0060
 993   67.100  #8d8e8e  142 6  0.0030
 994   67.200  #8e8e8d  142 7  0.0015
 995   67.300  #8e8e8e  143 1  0.0015
 996   67.300  #8e8e8f  143 2  0.0000
 997   67.300  #8f8e8e  143 3  0.0000
 998   67.400  #8f8e8f  143 4  0.0015
 999   68.100  #8e8f8e  143 5  0.0103
1000   68.100  #8e8f8f  143 6  0.0000
1001   68.100  #8f8f8e  143 7  0.0000
1002   68.100  #8f8f8f  144 1  0.0000
1003   68.200  #8f8f90  144 2  0.0015
1004   68.400  #908f8f  144 3  0.0029
1005   68.400  #908f90  144 4  0.0000
1006   68.900  #8f908f  144 5  0.0073
1007   68.900  #8f9090  144 6  0.0000
1008   69.100  #90908f  144 7  0.0029
1009   69.200  #909090  145 1  0.0014
1010   69.300  #909091  145 2  0.0014
1011   69.400  #919090  145 3  0.0014
1012   69.600  #919091  145 4  0.0029
1013   70.000  #909190  145 5  0.0057
1014   70.100  #909191  145 6  0.0014
1015   70.200  #919190  145 7  0.0014
1016   70.400  #919191  146 1  0.0028
1017   70.500  #919192  146 2  0.0014
1018   70.700  #929191  146 3  0.0028
1019   70.700  #929192  146 4  0.0000
1020   71.200  #919291  146 5  0.0070
1021   71.300  #919292  146 6  0.0014
1022   71.400  #929291  146 7  0.0014
1023   71.600  #929292  147 1  0.0028
1024   71.700  #929293  147 2  0.0014
1025   71.800  #939292  147 3  0.0014
1026   71.900  #939293  147 4  0.0014
1027   72.400  #929392  147 5  0.0069
1028   72.400  #929393  147 6  0.0000
1029   72.700  #939392  147 7  0.0041
1030   72.700  #939393  148 1  0.0000
1031   72.900  #939394  148 2  0.0027
1032   73.000  #949393  148 3  0.0014
1033   73.100  #949394  148 4  0.0014
1034   73.500  #939493  148 5  0.0055
1035   73.700  #939494  148 6  0.0027
1036   73.800  #949493  148 7  0.0014
1037   73.900  #949494  149 1  0.0014
1038   74.000  #949495  149 2  0.0014
1039   74.100  #959494  149 3  0.0014
1040   74.300  #959495  149 4  0.0027
1041   74.700  #949594  149 5  0.0054
1042   74.800  #949595  149 6  0.0013
1043   74.900  #959594  149 7  0.0013
1044   75.100  #959595  150 1  0.0027
1045   75.200  #959596  150 2  0.0013
1046   75.400  #969595  150 3  0.0027
1047   75.400  #969596  150 4  0.0000
1048   76.000  #959695  150 5  0.0079
1049   76.100  #959696  150 6  0.0013
1050   76.200  #969695  150 7  0.0013
1051   76.400  #969696  151 1  0.0026
1052   76.400  #969697  151 2  0.0000
1053   76.700  #979696  151 3  0.0039
1054   76.700  #979697  151 4  0.0000
1055   77.200  #969796  151 5  0.0065
1056   77.200  #969797  151 6  0.0000
1057   77.500  #979796  151 7  0.0039
1058   77.600  #979797  152 1  0.0013
1059   77.700  #979798  152 2  0.0013
1060   77.900  #989797  152 3  0.0026
1061   78.000  #989798  152 4  0.0013
1062   78.400  #979897  152 5  0.0051
1063   78.500  #979898  152 6  0.0013
1064   78.700  #989897  152 7  0.0025
1065   78.700  #989898  153 1  0.0000
1066   78.900  #989899  153 2  0.0025
1067   79.000  #999898  153 3  0.0013
1068   79.200  #999899  153 4  0.0025
1069   79.600  #989998  153 5  0.0050
1070   79.700  #989999  153 6  0.0013
1071   79.900  #999998  153 7  0.0025
1072   80.000  #999999  154 1  0.0013
1073   80.100  #99999a  154 2  0.0012
1074   80.200  #9a9999  154 3  0.0012
1075   80.400  #9a999a  154 4  0.0025
1076   80.800  #999a99  154 5  0.0050
1077   81.000  #999a9a  154 6  0.0025
1078   81.100  #9a9a99  154 7  0.0012
1079   81.300  #9a9a9a  155 1  0.0025
1080   81.400  #9a9a9b  155 2  0.0012
1081   81.500  #9b9a9a  155 3  0.0012
1082   81.700  #9b9a9b  155 4  0.0025
1083   82.200  #9a9b9a  155 5  0.0061
1084   82.400  #9a9b9b  155 6  0.0024
1085   82.400  #9b9b9a  155 7  0.0000
1086   82.600  #9b9b9b  156 1  0.0024
1087   82.700  #9b9b9c  156 2  0.0012
1088   82.900  #9c9b9b  156 3  0.0024
1089   83.000  #9c9b9c  156 4  0.0012
1090   83.400  #9b9c9b  156 5  0.0048
1091   83.600  #9b9c9c  156 6  0.0024
1092   83.700  #9c9c9b  156 7  0.0012
1093   83.900  #9c9c9c  157 1  0.0024
1094   83.900  #9c9c9d  157 2  0.0000
1095   84.200  #9d9c9c  157 3  0.0036
1096   84.200  #9d9c9d  157 4  0.0000
1097   84.800  #9c9d9c  157 5  0.0071
1098   84.800  #9c9d9d  157 6  0.0000
1099   85.000  #9d9d9c  157 7  0.0024
1100   85.200  #9d9d9d  158 1  0.0024
1101   85.200  #9d9d9e  158 2  0.0000
1102   85.400  #9e9d9d  158 3  0.0023
1103   85.400  #9e9d9e  158 4  0.0000
1104   86.000  #9d9e9d  158 5  0.0070
1105   86.100  #9d9e9e  158 6  0.0012
1106   86.300  #9e9e9d  158 7  0.0023
1107   86.500  #9e9e9e  159 1  0.0023
1108   86.500  #9e9e9f  159 2  0.0000
1109   86.800  #9f9e9e  159 3  0.0035
1110   86.800  #9f9e9f  159 4  0.0000
1111   87.400  #9e9f9e  159 5  0.0069
1112   87.400  #9e9f9f  159 6  0.0000
1113   87.600  #9f9f9e  159 7  0.0023
1114   87.800  #9f9f9f  160 1  0.0023
1115   87.800  #9f9fa0  160 2  0.0000
1116   88.100  #a09f9f  160 3  0.0034
1117   88.100  #a09fa0  160 4  0.0000
1118   88.700  #9fa09f  160 5  0.0068
1119   88.700  #9fa0a0  160 6  0.0000
1120   89.000  #a0a09f  160 7  0.0034
1121   89.100  #a0a0a0  161 1  0.0011
1122   89.200  #a0a0a1  161 2  0.0011
1123   89.400  #a1a0a0  161 3  0.0022
1124   89.400  #a1a0a1  161 4  0.0000
1125   90.000  #a0a1a0  161 5  0.0067
1126   90.000  #a0a1a1  161 6  0.0000
1127   90.200  #a1a1a0  161 7  0.0022
1128   90.400  #a1a1a1  162 1  0.0022
1129   90.500  #a1a1a2  162 2  0.0011
1130   90.800  #a2a1a1  162 3  0.0033
1131   90.800  #a2a1a2  162 4  0.0000
1132   91.400  #a1a2a1  162 5  0.0066
1133   91.400  #a1a2a2  162 6  0.0000
1134   91.600  #a2a2a1  162 7  0.0022
1135   91.700  #a2a2a2  163 1  0.0011
1136   91.800  #a2a2a3  163 2  0.0011
1137   92.000  #a3a2a2  163 3  0.0022
1138   92.100  #a3a2a3  163 4  0.0011
1139   92.700  #a2a3a2  163 5  0.0065
1140   92.800  #a2a3a3  163 6  0.0011
1141   92.900  #a3a3a2  163 7  0.0011
1142   93.200  #a3a3a3  164 1  0.0032
1143   93.200  #a3a3a4  164 2  0.0000
1144   93.400  #a4a3a3  164 3  0.0021
1145   93.500  #a4a3a4  164 4  0.0011
1146   93.900  #a3a4a3  164 5  0.0043
1147   94.200  #a3a4a4  164 6  0.0032
1148   94.300  #a4a4a3  164 7  0.0011
1149   94.400  #a4a4a4  165 1  0.0011
1150   94.600  #a4a4a5  165 2  0.0021
1151   94.700  #a5a4a4  165 3  0.0011
1152   94.900  #a5a4a5  165 4  0.0021
1153   95.300  #a4a5a4  165 5  0.0042
1154   95.400  #a4a5a5  165 6  0.0010
1155   95.700  #a5a5a4  165 7  0.0031
1156   95.700  #a5a5a5  166 1  0.0000
1157   95.900  #a5a5a6  166 2  0.0021
1158   96.100  #a6a5a5  166 3  0.0021
1159   96.200  #a6a5a6  166 4  0.0010
1160   96.800  #a5a6a5  166 5  0.0062
1161   96.800  #a5a6a6  166 6  0.0000
1162   97.000  #a6a6a5  166 7  0.0021
1163   97.200  #a6a6a6  167 1  0.0021
1164   97.200  #a6a6a7  167 2  0.0000
1165   97.500  #a7a6a6  167 3  0.0031
1166   97.600  #a7a6a7  167 4  0.0010
1167   98.100  #a6a7a6  167 5  0.0051
1168   98.300  #a6a7a7  167 6  0.0020
1169   98.400  #a7a7a6  167 7  0.0010
1170   98.500  #a7a7a7  168 1  0.0010
1171   98.700  #a7a7a8  168 2  0.0020
1172   98.800  #a8a7a7  168 3  0.0010
1173   99.000  #a8a7a8  168 4  0.0020
1174   99.400  #a7a8a7  168 5  0.0040
1175   99.500  #a7a8a8  168 6  0.0010
1176   99.800  #a8a8a7  168 7  0.0030
1177   99.800  #a8a8a8  169 1  0.0000
1178  100.000  #a8a8a9  169 2  0.0020
1179  100.200  #a9a8a8  169 3  0.0020
1180  100.300  #a9a8a9  169 4  0.0010
1181  100.900  #a8a9a8  169 5  0.0060
1182  100.900  #a8a9a9  169 6  0.0000
1183  101.100  #a9a9a8  169 7  0.0020
1184  101.300  #a9a9a9  170 1  0.0020
1185  101.200  #a9a9aa  170 2  -0.0010
1186  101.600  #aaa9a9  170 3  0.0039
1187  101.800  #aaa9aa  170 4  0.0020
1188  102.100  #a9aaa9  170 5  0.0029
1189  102.300  #a9aaaa  170 6  0.0020
1190  102.600  #aaaaa9  170 7  0.0029
1191  102.600  #aaaaaa  171 1  0.0000
1192  102.600  #aaaaab  171 2  0.0000
1193  102.700  #abaaaa  171 3  0.0010
1194  102.700  #abaaab  171 4  0.0000
1195  103.700  #aaabaa  171 5  0.0097
1196  103.500  #aaabab  171 6  -0.0019
1197  103.700  #ababaa  171 7  0.0019
1198  103.600  #ababab  172 1  -0.0010
1199  103.700  #ababac  172 2  0.0010
1200  104.000  #acabab  172 3  0.0029
1201  104.100  #acabac  172 4  0.0010
1202  104.400  #abacab  172 5  0.0029
1203  104.700  #abacac  172 6  0.0029
1204  104.900  #acacab  172 7  0.0019
1205  104.900  #acacac  173 1  0.0000
1206  105.200  #acacad  173 2  0.0029
1207  105.300  #adacac  173 3  0.0010
1208  105.400  #adacad  173 4  0.0009
1209  106.000  #acadac  173 5  0.0057
1210  106.000  #acadad  173 6  0.0000
1211  106.200  #adadac  173 7  0.0019
1212  106.500  #adadad  174 1  0.0028
1213  106.400  #adadae  174 2  -0.0009
1214  106.700  #aeadad  174 3  0.0028
1215  106.900  #aeadae  174 4  0.0019
1216  107.200  #adaead  174 5  0.0028
1217  107.500  #adaeae  174 6  0.0028
1218  107.700  #aeaead  174 7  0.0019
1219  107.700  #aeaeae  175 1  0.0000
1220  108.100  #aeaeaf  175 2  0.0037
1221  108.100  #afaeae  175 3  0.0000
1222  108.200  #afaeaf  175 4  0.0009
1223  108.900  #aeafae  175 5  0.0064
1224  108.900  #aeafaf  175 6  0.0000
1225  109.000  #afafae  175 7  0.0009
1226  109.300  #afafaf  176 1  0.0027
1227  109.400  #afafb0  176 2  0.0009
1228  109.600  #b0afaf  176 3  0.0018
1229  109.700  #b0afb0  176 4  0.0009
1230  110.200  #afb0af  176 5  0.0045
1231  110.300  #afb0b0  176 6  0.0009
1232  110.500  #b0b0af  176 7  0.0018
1233  110.700  #b0b0b0  177 1  0.0018
1234  110.700  #b0b0b1  177 2  0.0000
1235  111.000  #b1b0b0  177 3  0.0027
1236  111.200  #b1b0b1  177 4  0.0018
1237  111.500  #b0b1b0  177 5  0.0027
1238  111.800  #b0b1b1  177 6  0.0027
1239  112.000  #b1b1b0  177 7  0.0018
1240  112.000  #b1b1b1  178 1  0.0000
1241  112.300  #b1b1b2  178 2  0.0027
1242  112.400  #b2b1b1  178 3  0.0009
1243  112.500  #b2b1b2  178 4  0.0009
1244  113.100  #b1b2b1  178 5  0.0053
1245  113.300  #b1b2b2  178 6  0.0018
1246  113.400  #b2b2b1  178 7  0.0009
1247  113.500  #b2b2b2  179 1  0.0009
1248  113.800  #b2b2b3  179 2  0.0026
1249  113.800  #b3b2b2  179 3  0.0000
1250  114.100  #b3b2b3  179 4  0.0026
1251  114.600  #b2b3b2  179 5  0.0044
1252  114.600  #b2b3b3  179 6  0.0000
1253  114.900  #b3b3b2  179 7  0.0026
1254  115.000  #b3b3b3  180 1  0.0009
1255  115.200  #b3b3b4  180 2  0.0017
1256  115.300  #b4b3b3  180 3  0.0009
1257  115.500  #b4b3b4  180 4  0.0017
1258  116.000  #b3b4b3  180 5  0.0043
1259  116.100  #b3b4b4  180 6  0.0009
1260  116.400  #b4b4b3  180 7  0.0026
1261  116.400  #b4b4b4  181 1  0.0000
1262  116.600  #b4b4b5  181 2  0.0017
1263  116.800  #b5b4b4  181 3  0.0017
1264  117.000  #b5b4b5  181 4  0.0017
1265  117.300  #b4b5b4  181 5  0.0026
1266  117.500  #b4b5b5  181 6  0.0017
1267  117.700  #b5b5b4  181 7  0.0017
1268  117.800  #b5b5b5  182 1  0.0008
1269  118.000  #b5b5b6  182 2  0.0017
1270  118.200  #b6b5b5  182 3  0.0017
1271  118.400  #b6b5b6  182 4  0.0017
1272  118.900  #b5b6b5  182 5  0.0042
1273  119.100  #b5b6b6  182 6  0.0017
1274  119.200  #b6b6b5  182 7  0.0008
1275  119.400  #b6b6b6  183 1  0.0017
1276  119.500  #b6b6b7  183 2  0.0008
1277  119.700  #b7b6b6  183 3  0.0017
1278  119.800  #b7b6b7  183 4  0.0008
1279  120.400  #b6b7b6  183 5  0.0050
1280  120.600  #b6b7b7  183 6  0.0017
1281  120.700  #b7b7b6  183 7  0.0008
1282  121.000  #b7b7b7  184 1  0.0025
1283  121.000  #b7b7b8  184 2  0.0000
1284  121.300  #b8b7b7  184 3  0.0025
1285  121.300  #b8b7b8  184 4  0.0000
1286  121.900  #b7b8b7  184 5  0.0049
1287  121.900  #b7b8b8  184 6  0.0000
1288  122.200  #b8b8b7  184 7  0.0025
1289  122.300  #b8b8b8  185 1  0.0008
1290  122.500  #b8b8b9  185 2  0.0016
1291  122.600  #b9b8b8  185 3  0.0008
1292  122.800  #b9b8b9  185 4  0.0016
1293  123.300  #b8b9b8  185 5  0.0041
1294  123.400  #b8b9b9  185 6  0.0008
1295  123.600  #b9b9b8  185 7  0.0016
1296  123.800  #b9b9b9  186 1  0.0016
1297  124.000  #b9b9ba  186 2  0.0016
1298  124.000  #bab9b9  186 3  0.0000
1299  124.200  #bab9ba  186 4  0.0016
1300  124.800  #b9bab9  186 5  0.0048
1301  124.900  #b9baba  186 6  0.0008
1302  125.100  #babab9  186 7  0.0016
1303  125.300  #bababa  187 1  0.0016
1304  125.300  #bababb  187 2  0.0000
1305  125.600  #bbbaba  187 3  0.0024
1306  125.700  #bbbabb  187 4  0.0008
1307  126.300  #babbba  187 5  0.0048
1308  126.300  #babbbb  187 6  0.0000
1309  126.600  #bbbbba  187 7  0.0024
1310  126.700  #bbbbbb  188 1  0.0008
1311  126.800  #bbbbbc  188 2  0.0008
1312  127.000  #bcbbbb  188 3  0.0016
1313  127.200  #bcbbbc  188 4  0.0016
1314  127.600  #bbbcbb  188 5  0.0031
1315  127.800  #bbbcbc  188 6  0.0016
1316  128.000  #bcbcbb  188 7  0.0016
1317  128.200  #bcbcbc  189 1  0.0016
1318  128.300  #bcbcbd  189 2  0.0008
1319  128.400  #bdbcbc  189 3  0.0008
1320  128.700  #bdbcbd  189 4  0.0023
1321  129.100  #bcbdbc  189 5  0.0031
1322  129.300  #bcbdbd  189 6  0.0015
1323  129.500  #bdbdbc  189 7  0.0015
1324  129.700  #bdbdbd  190 1  0.0015
1325  129.700  #bdbdbe  190 2  0.0000
1326  130.000  #bebdbd  190 3  0.0023
1327  130.100  #bebdbe  190 4  0.0008
1328  130.700  #bdbebd  190 5  0.0046
1329  130.700  #bdbebe  190 6  0.0000
1330  131.000  #bebebd  190 7  0.0023
1331  131.100  #bebebe  191 1  0.0008
1332  131.300  #bebebf  191 2  0.0015
1333  131.400  #bfbebe  191 3  0.0008
1334  131.700  #bfbebf  191 4  0.0023
1335  132.100  #bebfbe  191 5  0.0030
1336  132.200  #bebfbf  191 6  0.0008
1337  132.500  #bfbfbe  191 7  0.0023
1338  132.600  #bfbfbf  192 1  0.0008
1339  132.800  #bfbfc0  192 2  0.0015
1340  132.900  #c0bfbf  192 3  0.0008
1341  133.200  #c0bfc0  192 4  0.0023
1342  133.400  #bfc0bf  192 5  0.0015
1343  133.700  #bfc0c0  192 6  0.0022
1344  133.900  #c0c0bf  192 7  0.0015
1345  134.100  #c0c0c0  193 1  0.0015
1346  134.100  #c0c0c1  193 2  0.0000
1347  134.300  #c1c0c0  193 3  0.0015
1348  134.600  #c1c0c1  193 4  0.0022
1349  135.100  #c0c1c0  193 5  0.0037
1350  135.300  #c0c1c1  193 6  0.0015
1351  135.400  #c1c1c0  193 7  0.0007
1352  135.700  #c1c1c1  194 1  0.0022
1353  135.700  #c1c1c2  194 2  0.0000
1354  136.000  #c2c1c1  194 3  0.0022
1355  136.100  #c2c1c2  194 4  0.0007
1356  136.800  #c1c2c1  194 5  0.0051
1357  136.800  #c1c2c2  194 6  0.0000
1358  137.000  #c2c2c1  194 7  0.0015
1359  137.200  #c2c2c2  195 1  0.0015
1360  137.300  #c2c2c3  195 2  0.0007
1361  137.500  #c3c2c2  195 3  0.0015
1362  137.700  #c3c2c3  195 4  0.0015
1363  138.300  #c2c3c2  195 5  0.0043
1364  138.400  #c2c3c3  195 6  0.0007
1365  138.500  #c3c3c2  195 7  0.0007
1366  138.800  #c3c3c3  196 1  0.0022
1367  138.900  #c3c3c4  196 2  0.0007
1368  139.100  #c4c3c3  196 3  0.0014
1369  139.300  #c4c3c4  196 4  0.0014
1370  139.800  #c3c4c3  196 5  0.0036
1371  140.100  #c3c4c4  196 6  0.0021
1372  140.100  #c4c4c3  196 7  0.0000
1373  140.200  #c4c4c4  197 1  0.0007
1374  140.500  #c4c4c5  197 2  0.0021
1375  140.600  #c5c4c4  197 3  0.0007
1376  140.800  #c5c4c5  197 4  0.0014
1377  141.500  #c4c5c4  197 5  0.0050
1378  141.600  #c4c5c5  197 6  0.0007
1379  141.900  #c5c5c4  197 7  0.0021
1380  141.900  #c5c5c5  198 1  0.0000
1381  142.100  #c5c5c6  198 2  0.0014
1382  142.400  #c6c5c5  198 3  0.0021
1383  142.400  #c6c5c6  198 4  0.0000
1384  143.100  #c5c6c5  198 5  0.0049
1385  143.300  #c5c6c6  198 6  0.0014
1386  143.400  #c6c6c5  198 7  0.0007
1387  143.700  #c6c6c6  199 1  0.0021
1388  143.800  #c6c6c7  199 2  0.0007
1389  144.000  #c7c6c6  199 3  0.0014
1390  144.300  #c7c6c7  199 4  0.0021
1391  144.800  #c6c7c6  199 5  0.0035
1392  144.900  #c6c7c7  199 6  0.0007
1393  145.200  #c7c7c6  199 7  0.0021
1394  145.300  #c7c7c7  200 1  0.0007
1395  145.300  #c7c7c8  200 2  0.0000
1396  145.300  #c8c7c7  200 3  0.0000
1397  145.300  #c8c7c8  200 4  0.0000
1398  146.500  #c7c8c7  200 5  0.0082
1399  146.400  #c7c8c8  200 6  -0.0007
1400  146.400  #c8c8c7  200 7  0.0000
1401  146.500  #c8c8c8  201 1  0.0007
1402  146.600  #c8c8c9  201 2  0.0007
1403  146.800  #c9c8c8  201 3  0.0014
1404  147.000  #c9c8c9  201 4  0.0014
1405  147.600  #c8c9c8  201 5  0.0041
1406  147.800  #c8c9c9  201 6  0.0014
1407  148.000  #c9c9c8  201 7  0.0014
1408  148.100  #c9c9c9  202 1  0.0007
1409  148.400  #c9c9ca  202 2  0.0020
1410  148.600  #cac9c9  202 3  0.0013
1411  148.600  #cac9ca  202 4  0.0000
1412  149.500  #c9cac9  202 5  0.0060
1413  149.600  #c9caca  202 6  0.0007
1414  149.800  #cacac9  202 7  0.0013
1415  150.000  #cacaca  203 1  0.0013
1416  150.100  #cacacb  203 2  0.0007
1417  150.300  #cbcaca  203 3  0.0013
1418  150.600  #cbcacb  203 4  0.0020
1419  151.200  #cacbca  203 5  0.0040
1420  151.300  #cacbcb  203 6  0.0007
1421  151.700  #cbcbca  203 7  0.0026
1422  151.700  #cbcbcb  204 1  0.0000
1423  151.800  #cbcbcc  204 2  0.0007
1424  152.100  #cccbcb  204 3  0.0020
1425  152.200  #cccbcc  204 4  0.0007
1426  152.900  #cbcccb  204 5  0.0046
1427  153.100  #cbcccc  204 6  0.0013
1428  153.100  #cccccb  204 7  0.0000
1429  153.400  #cccccc  205 1  0.0020
1430  153.600  #cccccd  205 2  0.0013
1431  153.800  #cdcccc  205 3  0.0013
1432  153.900  #cdcccd  205 4  0.0006
1433  154.700  #cccdcc  205 5  0.0052
1434  154.800  #cccdcd  205 6  0.0006
1435  155.100  #cdcdcc  205 7  0.0019
1436  155.200  #cdcdcd  206 1  0.0006
1437  155.300  #cdcdce  206 2  0.0006
1438  155.600  #cecdcd  206 3  0.0019
1439  155.800  #cecdce  206 4  0.0013
1440  156.300  #cdcecd  206 5  0.0032
1441  156.600  #cdcece  206 6  0.0019
1442  156.900  #cececd  206 7  0.0019
1443  157.000  #cecece  207 1  0.0006
1444  157.200  #cececf  207 2  0.0013
1445  157.400  #cfcece  207 3  0.0013
1446  157.500  #cfcecf  207 4  0.0006
1447  158.300  #cecfce  207 5  0.0051
1448  158.400  #cecfcf  207 6  0.0006
1449  158.500  #cfcfce  207 7  0.0006
1450  158.800  #cfcfcf  208 1  0.0019
1451  159.000  #cfcfd0  208 2  0.0013
1452  159.100  #d0cfcf  208 3  0.0006
1453  159.300  #d0cfd0  208 4  0.0013
1454  159.900  #cfd0cf  208 5  0.0038
1455  160.000  #cfd0d0  208 6  0.0006
1456  160.300  #d0d0cf  208 7  0.0019
1457  160.400  #d0d0d0  209 1  0.0006
1458  160.500  #d0d0d1  209 2  0.0006
1459  160.900  #d1d0d0  209 3  0.0025
1460  161.100  #d1d0d1  209 4  0.0012
1461  161.500  #d0d1d0  209 5  0.0025
1462  161.800  #d0d1d1  209 6  0.0019
1463  162.100  #d1d1d0  209 7  0.0019
1464  162.300  #d1d1d1  210 1  0.0012
1465  162.400  #d1d1d2  210 2  0.0006
1466  162.700  #d2d1d1  210 3  0.0018
1467  162.900  #d2d1d2  210 4  0.0012
1468  163.400  #d1d2d1  210 5  0.0031
1469  163.700  #d1d2d2  210 6  0.0018
1470  163.900  #d2d2d1  210 7  0.0012
1471  164.000  #d2d2d2  211 1  0.0006
1472  164.400  #d2d2d3  211 2  0.0024
1473  164.600  #d3d2d2  211 3  0.0012
1474  164.600  #d3d2d3  211 4  0.0000
1475  165.300  #d2d3d2  211 5  0.0042
1476  165.600  #d2d3d3  211 6  0.0018
1477  165.700  #d3d3d2  211 7  0.0006
1478  165.800  #d3d3d3  212 1  0.0006
1479  166.000  #d3d3d4  212 2  0.0012
1480  166.300  #d4d3d3  212 3  0.0018
1481  166.400  #d4d3d4  212 4  0.0006
1482  167.000  #d3d4d3  212 5  0.0036
1483  167.100  #d3d4d4  212 6  0.0006
1484  167.300  #d4d4d3  212 7  0.0012
1485  167.500  #d4d4d4  213 1  0.0012
1486  167.800  #d4d4d5  213 2  0.0018
1487  167.800  #d5d4d4  213 3  0.0000
1488  168.000  #d5d4d5  213 4  0.0012
1489  168.900  #d4d5d4  213 5  0.0053
1490  169.000  #d4d5d5  213 6  0.0006
1491  169.100  #d5d5d4  213 7  0.0006
1492  169.400  #d5d5d5  214 1  0.0018
1493  169.700  #d5d5d6  214 2  0.0018
1494  169.800  #d6d5d5  214 3  0.0006
1495  170.000  #d6d5d6  214 4  0.0012
1496  170.700  #d5d6d5  214 5  0.0041
1497  170.900  #d5d6d6  214 6  0.0012
1498  171.100  #d6d6d5  214 7  0.0012
1499  171.300  #d6d6d6  215 1  0.0012
1500  171.400  #d6d6d7  215 2  0.0006
1501  171.600  #d7d6d6  215 3  0.0012
1502  171.800  #d7d6d7  215 4  0.0012
1503  172.600  #d6d7d6  215 5  0.0046
1504  172.700  #d6d7d7  215 6  0.0006
1505  172.800  #d7d7d6  215 7  0.0006
1506  173.100  #d7d7d7  216 1  0.0017
1507  173.200  #d7d7d8  216 2  0.0006
1508  173.400  #d8d7d7  216 3  0.0012
1509  173.600  #d8d7d8  216 4  0.0012
1510  174.300  #d7d8d7  216 5  0.0040
1511  174.300  #d7d8d8  216 6  0.0000
1512  174.600  #d8d8d7  216 7  0.0017
1513  174.800  #d8d8d8  217 1  0.0011
1514  175.000  #d8d8d9  217 2  0.0011
1515  175.200  #d9d8d8  217 3  0.0011
1516  175.000  #d9d8d9  217 4  -0.0011
1517  176.000  #d8d9d8  217 5  0.0057
1518  176.000  #d8d9d9  217 6  0.0000
1519  176.000  #d9d9d8  217 7  0.0000
1520  176.000  #d9d9d9  218 1  0.0000
1521  177.000  #d9d9da  218 2  0.0057
1522  177.000  #dad9d9  218 3  0.0000
1523  177.000  #dad9da  218 4  0.0000
1524  178.000  #d9dad9  218 5  0.0056
1525  178.000  #d9dada  218 6  0.0000
1526  178.000  #dadad9  218 7  0.0000
1527  178.000  #dadada  219 1  0.0000
1528  178.000  #dadadb  219 2  0.0000
1529  179.000  #dbdada  219 3  0.0056
1530  179.000  #dbdadb  219 4  0.0000
1531  180.000  #dadbda  219 5  0.0056
1532  180.000  #dadbdb  219 6  0.0000
1533  180.000  #dbdbda  219 7  0.0000
1534  180.000  #dbdbdb  220 1  0.0000
1535  180.000  #dbdbdc  220 2  0.0000
1536  181.000  #dcdbdb  220 3  0.0055
1537  181.000  #dcdbdc  220 4  0.0000
1538  181.000  #dbdcdb  220 5  0.0000
1539  181.000  #dbdcdc  220 6  0.0000
1540  182.000  #dcdcdb  220 7  0.0055
1541  182.000  #dcdcdc  221 1  0.0000
1542  182.000  #dcdcdd  221 2  0.0000
1543  182.000  #dddcdc  221 3  0.0000
1544  182.000  #dddcdd  221 4  0.0000
1545  183.000  #dcdddc  221 5  0.0055
1546  183.000  #dcdddd  221 6  0.0000
1547  184.000  #dddddc  221 7  0.0054
1548  184.000  #dddddd  222 1  0.0000
1549  184.000  #ddddde  222 2  0.0000
1550  184.000  #dedddd  222 3  0.0000
1551  184.000  #deddde  222 4  0.0000
1552  185.000  #dddedd  222 5  0.0054
1553  185.000  #dddede  222 6  0.0000
1554  185.000  #dededd  222 7  0.0000
1555  186.000  #dedede  223 1  0.0054
1556  186.000  #dededf  223 2  0.0000
1557  186.000  #dfdede  223 3  0.0000
1558  186.000  #dfdedf  223 4  0.0000
1559  187.000  #dedfde  223 5  0.0054
1560  187.000  #dedfdf  223 6  0.0000
1561  187.000  #dfdfde  223 7  0.0000
1562  188.000  #dfdfdf  224 1  0.0053
1563  188.000  #dfdfe0  224 2  0.0000
1564  188.000  #e0dfdf  224 3  0.0000
1565  188.000  #e0dfe0  224 4  0.0000
1566  189.000  #dfe0df  224 5  0.0053
1567  189.000  #dfe0e0  224 6  0.0000
1568  189.000  #e0e0df  224 7  0.0000
1569  189.000  #e0e0e0  225 1  0.0000
1570  189.000  #e0e0e1  225 2  0.0000
1571  190.000  #e1e0e0  225 3  0.0053
1572  190.000  #e1e0e1  225 4  0.0000
1573  190.000  #e0e1e0  225 5  0.0000
1574  191.000  #e0e1e1  225 6  0.0052
1575  191.000  #e1e1e0  225 7  0.0000
1576  191.000  #e1e1e1  226 1  0.0000
1577  191.000  #e1e1e2  226 2  0.0000
1578  191.000  #e2e1e1  226 3  0.0000
1579  192.000  #e2e1e2  226 4  0.0052
1580  192.000  #e1e2e1  226 5  0.0000
1581  192.000  #e1e2e2  226 6  0.0000
1582  193.000  #e2e2e1  226 7  0.0052
1583  193.000  #e2e2e2  227 1  0.0000
1584  193.000  #e2e2e3  227 2  0.0000
1585  193.000  #e3e2e2  227 3  0.0000
1586  194.000  #e3e2e3  227 4  0.0052
1587  194.000  #e2e3e2  227 5  0.0000
1588  194.000  #e2e3e3  227 6  0.0000
1589  194.000  #e3e3e2  227 7  0.0000
1590  195.000  #e3e3e3  228 1  0.0051
1591  195.000  #e3e3e4  228 2  0.0000
1592  195.000  #e4e3e3  228 3  0.0000
1593  195.000  #e4e3e4  228 4  0.0000
1594  196.000  #e3e4e3  228 5  0.0051
1595  196.000  #e3e4e4  228 6  0.0000
1596  196.000  #e4e4e3  228 7  0.0000
1597  196.000  #e4e4e4  229 1  0.0000
1598  196.000  #e4e4e5  229 2  0.0000
1599  196.000  #e5e4e4  229 3  0.0000
1600  197.000  #e5e4e5  229 4  0.0051
1601  197.000  #e4e5e4  229 5  0.0000
1602  197.000  #e4e5e5  229 6  0.0000
1603  198.000  #e5e5e4  229 7  0.0051
1604  198.000  #e5e5e5  230 1  0.0000
1605  198.000  #e5e5e6  230 2  0.0000
1606  198.000  #e6e5e5  230 3  0.0000
1607  198.000  #e6e5e6  230 4  0.0000
1608  199.000  #e5e6e5  230 5  0.0050
1609  199.000  #e5e6e6  230 6  0.0000
1610  200.000  #e6e6e5  230 7  0.0050
1611  200.000  #e6e6e6  231 1  0.0000
1612  200.000  #e6e6e7  231 2  0.0000
1613  200.000  #e7e6e6  231 3  0.0000
1614  201.000  #e7e6e7  231 4  0.0050
1615  201.000  #e6e7e6  231 5  0.0000
1616  201.000  #e6e7e7  231 6  0.0000
1617  202.000  #e7e7e6  231 7  0.0050
1618  202.000  #e7e7e7  232 1  0.0000
1619  202.000  #e7e7e8  232 2  0.0000
1620  202.000  #e8e7e7  232 3  0.0000
1621  202.000  #e8e7e8  232 4  0.0000
1622  203.000  #e7e8e7  232 5  0.0049
1623  203.000  #e7e8e8  232 6  0.0000
1624  203.000  #e8e8e7  232 7  0.0000
1625  203.000  #e8e8e8  233 1  0.0000
1626  203.000  #e8e8e9  233 2  0.0000
1627  204.000  #e9e8e8  233 3  0.0049
1628  204.000  #e9e8e9  233 4  0.0000
1629  205.000  #e8e9e8  233 5  0.0049
1630  205.000  #e8e9e9  233 6  0.0000
1631  205.000  #e9e9e8  233 7  0.0000
1632  205.000  #e9e9e9  234 1  0.0000
1633  205.000  #e9e9ea  234 2  0.0000
1634  205.000  #eae9e9  234 3  0.0000
1635  205.000  #eae9ea  234 4  0.0000
1636  206.000  #e9eae9  234 5  0.0049
1637  207.000  #e9eaea  234 6  0.0048
1638  207.000  #eaeae9  234 7  0.0000
1639  207.000  #eaeaea  235 1  0.0000
1640  207.000  #eaeaeb  235 2  0.0000
1641  207.000  #ebeaea  235 3  0.0000
1642  208.000  #ebeaeb  235 4  0.0048
1643  208.000  #eaebea  235 5  0.0000
1644  209.000  #eaebeb  235 6  0.0048
1645  209.000  #ebebea  235 7  0.0000
1646  209.000  #ebebeb  236 1  0.0000
1647  209.000  #ebebec  236 2  0.0000
1648  210.000  #ecebeb  236 3  0.0048
1649  210.000  #ecebec  236 4  0.0000
1650  210.000  #ebeceb  236 5  0.0000
1651  210.000  #ebecec  236 6  0.0000
1652  210.000  #ececeb  236 7  0.0000
1653  211.000  #ececec  237 1  0.0048
1654  211.000  #ececed  237 2  0.0000
1655  211.000  #edecec  237 3  0.0000
1656  211.000  #edeced  237 4  0.0000
1657  212.000  #ecedec  237 5  0.0047
1658  212.000  #eceded  237 6  0.0000
1659  212.000  #ededec  237 7  0.0000
1660  212.000  #ededed  238 1  0.0000
1661  212.000  #ededee  238 2  0.0000
1662  213.000  #eeeded  238 3  0.0047
1663  213.000  #eeedee  238 4  0.0000
1664  214.000  #edeeed  238 5  0.0047
1665  214.000  #edeeee  238 6  0.0000
1666  214.000  #eeeeed  238 7  0.0000
1667  214.000  #eeeeee  239 1  0.0000
1668  215.000  #eeeeef  239 2  0.0047
1669  215.000  #efeeee  239 3  0.0000
1670  215.000  #efeeef  239 4  0.0000
1671  216.000  #eeefee  239 5  0.0046
1672  216.000  #eeefef  239 6  0.0000
1673  216.000  #efefee  239 7  0.0000
1674  216.000  #efefef  240 1  0.0000
1675  217.000  #efeff0  240 2  0.0046
1676  217.000  #f0efef  240 3  0.0000
1677  217.000  #f0eff0  240 4  0.0000
1678  217.000  #eff0ef  240 5  0.0000
1679  217.000  #eff0f0  240 6  0.0000
1680  218.000  #f0f0ef  240 7  0.0046
1681  218.000  #f0f0f0  241 1  0.0000
1682  218.000  #f0f0f1  241 2  0.0000
1683  218.000  #f1f0f0  241 3  0.0000
1684  218.000  #f1f0f1  241 4  0.0000
1685  219.000  #f0f1f0  241 5  0.0046
1686  219.000  #f0f1f1  241 6  0.0000
1687  220.000  #f1f1f0  241 7  0.0046
1688  220.000  #f1f1f1  242 1  0.0000
1689  220.000  #f1f1f2  242 2  0.0000
1690  220.000  #f2f1f1  242 3  0.0000
1691  220.000  #f2f1f2  242 4  0.0000
1692  221.000  #f1f2f1  242 5  0.0045
1693  221.000  #f1f2f2  242 6  0.0000
1694  221.000  #f2f2f1  242 7  0.0000
1695  222.000  #f2f2f2  243 1  0.0045
1696  222.000  #f2f2f3  243 2  0.0000
1697  222.000  #f3f2f2  243 3  0.0000
1698  222.000  #f3f2f3  243 4  0.0000
1699  223.000  #f2f3f2  243 5  0.0045
1700  223.000  #f2f3f3  243 6  0.0000
1701  224.000  #f3f3f2  243 7  0.0045
1702  224.000  #f3f3f3  244 1  0.0000
1703  224.000  #f3f3f4  244 2  0.0000
1704  224.000  #f4f3f3  244 3  0.0000
1705  224.000  #f4f3f4  244 4  0.0000
1706  225.000  #f3f4f3  244 5  0.0045
1707  225.000  #f3f4f4  244 6  0.0000
1708  225.000  #f4f4f3  244 7  0.0000
1709  225.000  #f4f4f4  245 1  0.0000
1710  225.000  #f4f4f5  245 2  0.0000
1711  226.000  #f5f4f4  245 3  0.0044
1712  226.000  #f5f4f5  245 4  0.0000
1713  226.000  #f4f5f4  245 5  0.0000
1714  227.000  #f4f5f5  245 6  0.0044
1715  227.000  #f5f5f4  245 7  0.0000
1716  227.000  #f5f5f5  246 1  0.0000
1717  227.000  #f5f5f6  246 2  0.0000
1718  227.000  #f6f5f5  246 3  0.0000
1719  228.000  #f6f5f6  246 4  0.0044
1720  228.000  #f5f6f5  246 5  0.0000
1721  229.000  #f5f6f6  246 6  0.0044
1722  229.000  #f6f6f5  246 7  0.0000
1723  229.000  #f6f6f6  247 1  0.0000
1724  229.000  #f6f6f7  247 2  0.0000
1725  230.000  #f7f6f6  247 3  0.0044
1726  230.000  #f7f6f7  247 4  0.0000
1727  230.000  #f6f7f6  247 5  0.0000
1728  231.000  #f6f7f7  247 6  0.0043
1729  231.000  #f7f7f6  247 7  0.0000
1730  231.000  #f7f7f7  248 1  0.0000
1731  231.000  #f7f7f8  248 2  0.0000
1732  231.000  #f8f7f7  248 3  0.0000
1733  231.000  #f8f7f8  248 4  0.0000
1734  232.000  #f7f8f7  248 5  0.0043
1735  232.000  #f7f8f8  248 6  0.0000
1736  232.000  #f8f8f7  248 7  0.0000
1737  232.000  #f8f8f8  249 1  0.0000
1738  233.000  #f8f8f9  249 2  0.0043
1739  233.000  #f9f8f8  249 3  0.0000
1740  233.000  #f9f8f9  249 4  0.0000
1741  234.000  #f8f9f8  249 5  0.0043
1742  234.000  #f8f9f9  249 6  0.0000
1743  234.000  #f9f9f8  249 7  0.0000
1744  234.000  #f9f9f9  250 1  0.0000
1745  234.000  #f9f9fa  250 2  0.0000
1746  234.000  #faf9f9  250 3  0.0000
1747  235.000  #faf9fa  250 4  0.0043
1748  236.000  #f9faf9  250 5  0.0042
1749  236.000  #f9fafa  250 6  0.0000
1750  236.000  #fafaf9  250 7  0.0000
1751  236.000  #fafafa  251 1  0.0000
1752  236.000  #fafafb  251 2  0.0000
1753  237.000  #fbfafa  251 3  0.0042
1754  237.000  #fbfafb  251 4  0.0000
1755  237.000  #fafbfa  251 5  0.0000
1756  238.000  #fafbfb  251 6  0.0042
1757  238.000  #fbfbfa  251 7  0.0000
1758  238.000  #fbfbfb  252 1  0.0000
1759  238.000  #fbfbfc  252 2  0.0000
1760  238.000  #fcfbfb  252 3  0.0000
1761  238.000  #fcfbfc  252 4  0.0000
1762  239.000  #fbfcfb  252 5  0.0042
1763  239.000  #fbfcfc  252 6  0.0000
1764  239.000  #fcfcfb  252 7  0.0000
1765  239.000  #fcfcfc  253 1  0.0000
1766  239.000  #fcfcfd  253 2  0.0000
1767  240.000  #fdfcfc  253 3  0.0042
1768  240.000  #fdfcfd  253 4  0.0000
1769  240.000  #fcfdfc  253 5  0.0000
1770  241.000  #fcfdfd  253 6  0.0042
1771  241.000  #fdfdfc  253 7  0.0000
1772  241.000  #fdfdfd  254 1  0.0000
1773  241.000  #fdfdfe  254 2  0.0000
1774  241.000  #fefdfd  254 3  0.0000
1775  242.000  #fefdfe  254 4  0.0041
1776  242.000  #fdfefd  254 5  0.0000
1777  242.000  #fdfefe  254 6  0.0000
1778  242.000  #fefefd  254 7  0.0000
1779  242.000  #fefefe  255 1  0.0000
1780  243.000  #fefeff  255 2  0.0041
1781  243.000  #fffefe  255 3  0.0000
1782  243.000  #fffeff  255 4  0.0000
1783  245.000  #fefffe  255 5  0.0082
1784  245.000  #feffff  255 6  0.0000
1785  245.000  #fffffe  255 7  0.0000
1786  245.000  #ffffff  256 1  0.0000
