#  lumResponse vers. 1.8 - 10/29/09 09:32:15
#  Display ID: L200ME_810KCHE4Y169
#  iLdelay=1  avgN=1  ILlimit_plus=0.20 ILlimit_minus=-0.05  R=22.7% G=67.4% B=9.9%
#  74.769  #ff0000
#  222.24  #00ff00
#  32.798  #0000ff
   1    0.344  #000000    1 1  0.0000
   2    0.342  #000001    1 2  -0.0079
   3    0.343  #010000    1 3  0.0029
   4    0.341  #010001    1 4  -0.0050
   5    0.355  #000100    1 5  0.0406
   6    0.344  #000101    1 6  -0.0325
   7    0.340  #010100    1 7  -0.0095
   8    0.340  #010101    2 1  -0.0021
   9    0.340  #010102    2 2  0.0023
  10    0.338  #020101    2 3  -0.0073
  11    0.340  #020102    2 4  0.0071
  12    0.341  #010201    2 5  0.0009
  13    0.349  #010202    2 6  0.0227
  14    0.341  #020201    2 7  -0.0212
  15    0.344  #020202    3 1  0.0081
  16    0.341  #020203    3 2  -0.0081
  17    0.345  #030202    3 3  0.0101
  18    0.344  #030203    3 4  -0.0036
  19    0.349  #020302    3 5  0.0161
  20    0.350  #020303    3 6  0.0017
  21    0.348  #030302    3 7  -0.0035
  22    0.349  #030303    4 1  0.0009
  23    0.340  #030304    4 2  -0.0253
  24    0.346  #040303    4 3  0.0182
  25    0.340  #040304    4 4  -0.0182
  26    0.351  #030403    4 5  0.0306
  27    0.348  #030404    4 6  -0.0082
  28    0.351  #040403    4 7  0.0082
  29    0.347  #040404    5 1  -0.0108
  30    0.347  #040405    5 2  -0.0005
  31    0.345  #050404    5 3  -0.0064
  32    0.345  #050405    5 4  0.0028
  33    0.348  #040504    5 5  0.0060
  34    0.347  #040505    5 6  -0.0004
  35    0.355  #050504    5 7  0.0223
  36    0.354  #050505    6 1  -0.0039
  37    0.357  #050506    6 2  0.0099
  38    0.367  #060505    6 3  0.0277
  39    0.359  #060506    6 4  -0.0234
  40    0.361  #050605    6 5  0.0049
  41    0.349  #050606    6 6  -0.0333
  42    0.360  #060605    6 7  0.0324
  43    0.373  #060606    7 1  0.0346
  44    0.370  #060607    7 2  -0.0092
  45    0.365  #070606    7 3  -0.0117
  46    0.369  #070607    7 4  0.0109
  47    0.367  #060706    7 5  -0.0064
  48    0.372  #060707    7 6  0.0125
  49    0.375  #070706    7 7  0.0083
  50    0.367  #070707    8 1  -0.0198
  51    0.386  #070708    8 2  0.0500
  52    0.386  #080707    8 3  -0.0002
  53    0.384  #080708    8 4  -0.0052
  54    0.391  #070807    8 5  0.0180
  55    0.385  #070808    8 6  -0.0165
  56    0.388  #080807    8 7  0.0085
  57    0.389  #080808    9 1  0.0039
  58    0.385  #080809    9 2  -0.0107
  59    0.409  #090808    9 3  0.0586
  60    0.412  #090809    9 4  0.0078
  61    0.412  #080908    9 5  0.0008
  62    0.415  #080909    9 6  0.0070
  63    0.417  #090908    9 7  0.0039
  64    0.419  #090909   10 1  0.0049
  65    0.411  #09090a   10 2  -0.0190
  66    0.409  #0a0909   10 3  -0.0040
  67    0.435  #0a090a   10 4  0.0606
  68    0.449  #090a09   10 5  0.0316
  69    0.438  #090a0a   10 6  -0.0232
  70    0.444  #0a0a09   10 7  0.0128
  71    0.446  #0a0a0a   11 1  0.0038
  72    0.440  #0a0a0b   11 2  -0.0118
  73    0.441  #0b0a0a   11 3  0.0021
  74    0.443  #0b0a0b   11 4  0.0040
  75    0.474  #0a0b0a   11 5  0.0667
  76    0.475  #0a0b0b   11 6  0.0021
  77    0.486  #0b0b0a   11 7  0.0232
  78    0.479  #0b0b0b   12 1  -0.0136
  79    0.479  #0b0b0c   12 2  -0.0003
  80    0.474  #0c0b0b   12 3  -0.0097
  81    0.467  #0c0b0c   12 4  -0.0149
  82    0.478  #0b0c0b   12 5  0.0233
  83    0.531  #0b0c0c   12 6  0.1038
  84    0.531  #0c0c0b   12 7  -0.0001
  85    0.534  #0c0c0c   13 1  0.0064
  86    0.525  #0c0c0d   13 2  -0.0175
  87    0.519  #0d0c0c   13 3  -0.0122
  88    0.520  #0d0c0d   13 4  0.0033
  89    0.534  #0c0d0c   13 5  0.0259
  90    0.532  #0c0d0d   13 6  -0.0038
  91    0.597  #0d0d0c   13 7  0.1158
  92    0.590  #0d0d0d   14 1  -0.0116
  93    0.582  #0d0d0e   14 2  -0.0152
  94    0.583  #0e0d0d   14 3  0.0019
  95    0.571  #0e0d0e   14 4  -0.0204
  96    0.590  #0d0e0d   14 5  0.0327
  97    0.582  #0d0e0e   14 6  -0.0134
  98    0.598  #0e0e0d   14 7  0.0273
  99    0.591  #0e0e0e   15 1  -0.0119
 100    0.648  #0e0e0f   15 2  0.0927
 101    0.642  #0f0e0e   15 3  -0.0095
 102    0.650  #0f0e0f   15 4  0.0114
 103    0.644  #0e0f0e   15 5  -0.0092
 104    0.646  #0e0f0f   15 6  0.0039
 105    0.663  #0f0f0e   15 7  0.0259
 106    0.650  #0f0f0f   16 1  -0.0204
 107    0.652  #0f0f10   16 2  0.0034
 108    0.718  #100f0f   16 3  0.0958
 109    0.720  #100f10   16 4  0.0034
 110    0.722  #0f100f   16 5  0.0022
 111    0.738  #0f1010   16 6  0.0228
 112    0.734  #10100f   16 7  -0.0064
 113    0.718  #101010   17 1  -0.0211
 114    0.729  #101011   17 2  0.0154
 115    0.712  #111010   17 3  -0.0240
 116    0.794  #111011   17 4  0.1089
 117    0.815  #101110   17 5  0.0256
 118    0.809  #101111   17 6  -0.0074
 119    0.813  #111110   17 7  0.0058
 120    0.814  #111111   18 1  0.0003
 121    0.805  #111112   18 2  -0.0110
 122    0.803  #121111   18 3  -0.0024
 123    0.787  #121112   18 4  -0.0192
 124    0.895  #111211   18 5  0.1280
 125    0.895  #111212   18 6  -0.0000
 126    0.887  #121211   18 7  -0.0086
 127    0.886  #121212   19 1  -0.0010
 128    0.892  #121213   19 2  0.0063
 129    0.886  #131212   19 3  -0.0065
 130    0.901  #131213   19 4  0.0165
 131    0.892  #121312   19 5  -0.0099
 132    0.894  #121313   19 6  0.0018
 133    1.003  #131312   19 7  0.1152
 134    1.008  #131313   20 1  0.0049
 135    0.995  #131314   20 2  -0.0123
 136    0.991  #141313   20 3  -0.0043
 137    0.992  #141314   20 4  0.0008
 138    1.005  #131413   20 5  0.0132
 139    1.002  #131414   20 6  -0.0033
 140    1.146  #141413   20 7  0.1344
 141    1.129  #141414   21 1  -0.0151
 142    1.113  #141415   21 2  -0.0143
 143    1.100  #151414   21 3  -0.0118
 144    1.088  #151415   21 4  -0.0112
 145    1.137  #141514   21 5  0.0447
 146    1.124  #141515   21 6  -0.0118
 147    1.127  #151514   21 7  0.0026
 148    1.122  #151515   22 1  -0.0042
 149    1.245  #151516   22 2  0.1039
 150    1.224  #161515   22 3  -0.0168
 151    1.230  #161516   22 4  0.0046
 152    1.246  #151615   22 5  0.0132
 153    1.246  #151616   22 6  0.0000
 154    1.244  #161615   22 7  -0.0018
 155    1.240  #161616   23 1  -0.0034
 156    1.241  #161617   23 2  0.0006
 157    1.384  #171616   23 3  0.1093
 158    1.359  #171617   23 4  -0.0184
 159    1.429  #161716   23 5  0.0506
 160    1.381  #161717   23 6  -0.0343
 161    1.400  #171716   23 7  0.0137
 162    1.409  #171717   24 1  0.0059
 163    1.383  #171718   24 2  -0.0184
 164    1.379  #181717   24 3  -0.0025
 165    1.549  #181718   24 4  0.1158
 166    1.593  #171817   24 5  0.0283
 167    1.567  #171818   24 6  -0.0165
 168    1.595  #181817   24 7  0.0171
 169    1.588  #181818   25 1  -0.0043
 170    1.565  #181819   25 2  -0.0143
 171    1.558  #191818   25 3  -0.0050
 172    1.552  #191819   25 4  -0.0036
 173    1.762  #181918   25 5  0.1266
 174    1.761  #181919   25 6  -0.0003
 175    1.752  #191918   25 7  -0.0049
 176    1.753  #191919   26 1  0.0001
 177    1.758  #19191a   26 2  0.0028
 178    1.728  #1a1919   26 3  -0.0171
 179    1.745  #1a191a   26 4  0.0100
 180    1.752  #191a19   26 5  0.0042
 181    1.946  #191a1a   26 6  0.1045
 182    1.980  #1a1a19   26 7  0.0178
 183    1.973  #1a1a1a   27 1  -0.0039
 184    1.948  #1a1a1b   27 2  -0.0129
 185    1.950  #1b1a1a   27 3  0.0012
 186    1.917  #1b1a1b   27 4  -0.0169
 187    1.971  #1a1b1a   27 5  0.0276
 188    1.944  #1a1b1b   27 6  -0.0138
 189    2.216  #1b1b1a   27 7  0.1307
 190    2.212  #1b1b1b   28 1  -0.0014
 191    2.178  #1b1b1c   28 2  -0.0159
 192    2.190  #1c1b1b   28 3  0.0056
 193    2.146  #1c1b1c   28 4  -0.0201
 194    2.213  #1b1c1b   28 5  0.0308
 195    2.216  #1b1c1c   28 6  0.0012
 196    2.209  #1c1c1b   28 7  -0.0030
 197    2.392  #1c1c1c   29 1  0.0794
 198    2.428  #1c1c1d   29 2  0.0149
 199    2.389  #1d1c1c   29 3  -0.0161
 200    2.401  #1d1c1d   29 4  0.0051
 201    2.392  #1c1d1c   29 5  -0.0041
 202    2.409  #1c1d1d   29 6  0.0071
 203    2.391  #1d1d1c   29 7  -0.0072
 204    2.391  #1d1d1d   30 1  0.0000
 205    2.415  #1d1d1e   30 2  0.0099
 206    2.601  #1e1d1d   30 3  0.0743
 207    2.588  #1e1d1e   30 4  -0.0050
 208    2.633  #1d1e1d   30 5  0.0172
 209    2.598  #1d1e1e   30 6  -0.0137
 210    2.619  #1e1e1d   30 7  0.0081
 211    2.622  #1e1e1e   31 1  0.0013
 212    2.609  #1e1e1f   31 2  -0.0050
 213    2.600  #1f1e1e   31 3  -0.0034
 214    2.805  #1f1e1f   31 4  0.0759
 215    2.852  #1e1f1e   31 5  0.0165
 216    2.842  #1e1f1f   31 6  -0.0033
 217    2.857  #1f1f1e   31 7  0.0050
 218    2.868  #1f1f1f   32 1  0.0040
 219    2.832  #1f1f20   32 2  -0.0127
 220    2.845  #201f1f   32 3  0.0045
 221    2.802  #201f20   32 4  -0.0152
 222    3.037  #1f201f   32 5  0.0807
 223    3.051  #1f2020   32 6  0.0044
 224    3.033  #20201f   32 7  -0.0060
 225    3.036  #202020   33 1  0.0013
 226    3.041  #202021   33 2  0.0014
 227    3.015  #212020   33 3  -0.0085
 228    3.031  #212021   33 4  0.0052
 229    3.036  #202120   33 5  0.0017
 230    3.240  #202121   33 6  0.0649
 231    3.264  #212120   33 7  0.0076
 232    3.265  #212121   34 1  0.0002
 233    3.240  #212122   34 2  -0.0076
 234    3.242  #222121   34 3  0.0006
 235    3.208  #222122   34 4  -0.0103
 236    3.255  #212221   34 5  0.0144
 237    3.240  #212222   34 6  -0.0046
 238    3.505  #222221   34 7  0.0786
 239    3.508  #222222   35 1  0.0007
 240    3.492  #222223   35 2  -0.0046
 241    3.482  #232222   35 3  -0.0026
 242    3.454  #232223   35 4  -0.0083
 243    3.508  #222322   35 5  0.0156
 244    3.474  #222323   35 6  -0.0097
 245    3.509  #232322   35 7  0.0098
 246    3.506  #232323   36 1  -0.0009
 247    3.727  #232324   36 2  0.0613
 248    3.699  #242323   36 3  -0.0076
 249    3.714  #242324   36 4  0.0041
 250    3.712  #232423   36 5  -0.0004
 251    3.732  #232424   36 6  0.0053
 252    3.713  #242423   36 7  -0.0052
 253    3.712  #242424   37 1  -0.0002
 254    3.732  #242425   37 2  0.0054
 255    3.956  #252424   37 3  0.0582
 256    3.933  #252425   37 4  -0.0058
 257    3.990  #242524   37 5  0.0143
 258    3.965  #242525   37 6  -0.0061
 259    3.990  #252524   37 7  0.0063
 260    3.983  #252525   38 1  -0.0017
 261    3.954  #252526   38 2  -0.0074
 262    3.955  #262525   38 3  0.0001
 263    4.196  #262526   38 4  0.0593
 264    4.259  #252625   38 5  0.0148
 265    4.232  #252626   38 6  -0.0063
 266    4.261  #262625   38 7  0.0069
 267    4.262  #262626   39 1  0.0002
 268    4.229  #262627   39 2  -0.0077
 269    4.223  #272626   39 3  -0.0014
 270    4.199  #272627   39 4  -0.0057
 271    4.478  #262726   39 5  0.0642
 272    4.491  #262727   39 6  0.0030
 273    4.477  #272726   39 7  -0.0031
 274    4.495  #272727   40 1  0.0041
 275    4.489  #272728   40 2  -0.0014
 276    4.462  #282727   40 3  -0.0061
 277    4.467  #282728   40 4  0.0011
 278    4.476  #272827   40 5  0.0020
 279    4.732  #272828   40 6  0.0556
 280    4.764  #282827   40 7  0.0067
 281    4.766  #282828   41 1  0.0005
 282    4.731  #282829   41 2  -0.0075
 283    4.735  #292828   41 3  0.0008
 284    4.694  #292829   41 4  -0.0086
 285    4.779  #282928   41 5  0.0179
 286    4.728  #282929   41 6  -0.0106
 287    5.008  #292928   41 7  0.0575
 288    5.004  #292929   42 1  -0.0008
 289    5.025  #29292a   42 2  0.0041
 290    4.985  #2a2929   42 3  -0.0079
 291    4.996  #2a292a   42 4  0.0022
 292    5.005  #292a29   42 5  0.0017
 293    5.019  #292a2a   42 6  0.0029
 294    5.000  #2a2a29   42 7  -0.0039
 295    5.330  #2a2a2a   43 1  0.0639
 296    5.343  #2a2a2b   43 2  0.0026
 297    5.300  #2b2a2a   43 3  -0.0082
 298    5.316  #2b2a2b   43 4  0.0030
 299    5.336  #2a2b2a   43 5  0.0038
 300    5.341  #2a2b2b   43 6  0.0008
 301    5.322  #2b2b2a   43 7  -0.0035
 302    5.323  #2b2b2b   44 1  0.0003
 303    5.333  #2b2b2c   44 2  0.0018
 304    5.624  #2c2b2b   44 3  0.0530
 305    5.583  #2c2b2c   44 4  -0.0073
 306    5.658  #2b2c2b   44 5  0.0135
 307    5.621  #2b2c2c   44 6  -0.0066
 308    5.662  #2c2c2b   44 7  0.0073
 309    5.679  #2c2c2c   45 1  0.0031
 310    5.625  #2c2c2d   45 2  -0.0096
 311    5.925  #2d2c2c   45 3  0.0520
 312    5.939  #2d2c2d   45 4  0.0024
 313    5.943  #2c2d2c   45 5  0.0007
 314    5.967  #2c2d2d   45 6  0.0040
 315    5.949  #2d2d2c   45 7  -0.0031
 316    5.948  #2d2d2d   46 1  -0.0001
 317    5.971  #2d2d2e   46 2  0.0039
 318    5.925  #2e2d2d   46 3  -0.0078
 319    5.932  #2e2d2e   46 4  0.0012
 320    6.308  #2d2e2d   46 5  0.0614
 321    6.328  #2d2e2e   46 6  0.0031
 322    6.312  #2e2e2d   46 7  -0.0024
 323    6.301  #2e2e2e   47 1  -0.0018
 324    6.321  #2e2e2f   47 2  0.0032
 325    6.285  #2f2e2e   47 3  -0.0056
 326    6.298  #2f2e2f   47 4  0.0021
 327    6.299  #2e2f2e   47 5  0.0001
 328    6.660  #2e2f2f   47 6  0.0557
 329    6.685  #2f2f2e   47 7  0.0038
 330    6.675  #2f2f2f   48 1  -0.0015
 331    6.644  #2f2f30   48 2  -0.0046
 332    6.634  #302f2f   48 3  -0.0016
 333    6.599  #302f30   48 4  -0.0053
 334    6.671  #2f302f   48 5  0.0108
 335    6.626  #2f3030   48 6  -0.0068
 336    6.981  #30302f   48 7  0.0522
 337    6.981  #303030   49 1  0.0000
 338    7.008  #303031   49 2  0.0038
 339    6.948  #313030   49 3  -0.0086
 340    6.968  #313031   49 4  0.0029
 341    6.972  #303130   49 5  0.0006
 342    6.997  #303131   49 6  0.0036
 343    6.962  #313130   49 7  -0.0050
 344    7.374  #313131   50 1  0.0575
 345    7.389  #313132   50 2  0.0020
 346    7.358  #323131   50 3  -0.0043
 347    7.362  #323132   50 4  0.0006
 348    7.370  #313231   50 5  0.0011
 349    7.403  #313232   50 6  0.0044
 350    7.366  #323231   50 7  -0.0050
 351    7.374  #323232   51 1  0.0010
 352    7.380  #323233   51 2  0.0009
 353    7.741  #333232   51 3  0.0478
 354    7.682  #333233   51 4  -0.0077
 355    7.792  #323332   51 5  0.0143
 356    7.747  #323333   51 6  -0.0058
 357    7.783  #333332   51 7  0.0047
 358    7.791  #333333   52 1  0.0010
 359    7.739  #333334   52 2  -0.0067
 360    7.742  #343333   52 3  0.0003
 361    8.113  #343334   52 4  0.0469
 362    8.123  #333433   52 5  0.0012
 363    8.133  #333434   52 6  0.0013
 364    8.130  #343433   52 7  -0.0004
 365    8.120  #343434   53 1  -0.0011
 366    8.133  #343435   53 2  0.0016
 367    8.090  #353434   53 3  -0.0053
 368    8.110  #353435   53 4  0.0025
 369    8.540  #343534   53 5  0.0516
 370    8.561  #343535   53 6  0.0025
 371    8.547  #353534   53 7  -0.0017
 372    8.546  #353535   54 1  -0.0000
 373    8.561  #353536   54 2  0.0017
 374    8.516  #363535   54 3  -0.0052
 375    8.540  #363536   54 4  0.0028
 376    8.536  #353635   54 5  -0.0005
 377    8.929  #353636   54 6  0.0450
 378    8.979  #363635   54 7  0.0055
 379    8.971  #363636   55 1  -0.0009
 380    8.925  #363637   55 2  -0.0051
 381    8.931  #373636   55 3  0.0008
 382    8.875  #373637   55 4  -0.0063
 383    8.980  #363736   55 5  0.0117
 384    8.924  #363737   55 6  -0.0062
 385    9.329  #373736   55 7  0.0445
 386    9.341  #373737   56 1  0.0013
 387    9.353  #373738   56 2  0.0012
 388    9.309  #383737   56 3  -0.0047
 389    9.333  #383738   56 4  0.0026
 390    9.328  #373837   56 5  -0.0005
 391    9.359  #373838   56 6  0.0032
 392    9.329  #383837   56 7  -0.0031
 393    9.818  #383838   57 1  0.0510
 394    9.847  #383839   57 2  0.0030
 395    9.775  #393838   57 3  -0.0073
 396    9.802  #393839   57 4  0.0028
 397    9.819  #383938   57 5  0.0018
 398    9.834  #383939   57 6  0.0015
 399    9.820  #393938   57 7  -0.0014
 400    9.814  #393939   58 1  -0.0006
 401   10.242  #39393a   58 2  0.0426
 402   10.239  #3a3939   58 3  -0.0003
 403   10.191  #3a393a   58 4  -0.0047
 404   10.289  #393a39   58 5  0.0096
 405   10.239  #393a3a   58 6  -0.0049
 406   10.302  #3a3a39   58 7  0.0061
 407   10.293  #3a3a3a   59 1  -0.0009
 408   10.241  #3a3a3b   59 2  -0.0051
 409   10.652  #3b3a3a   59 3  0.0393
 410   10.689  #3b3a3b   59 4  0.0035
 411   10.689  #3a3b3a   59 5  0.0000
 412   10.717  #3a3b3b   59 6  0.0026
 413   10.690  #3b3b3a   59 7  -0.0025
 414   10.682  #3b3b3b   60 1  -0.0007
 415   10.721  #3b3b3c   60 2  0.0036
 416   10.647  #3c3b3b   60 3  -0.0069
 417   10.671  #3c3b3c   60 4  0.0023
 418   11.199  #3b3c3b   60 5  0.0483
 419   11.153  #3b3c3c   60 6  -0.0041
 420   11.199  #3c3c3b   60 7  0.0041
 421   11.189  #3c3c3c   61 1  -0.0009
 422   11.139  #3c3c3d   61 2  -0.0045
 423   11.126  #3d3c3c   61 3  -0.0012
 424   11.071  #3d3c3d   61 4  -0.0050
 425   11.186  #3c3d3c   61 5  0.0103
 426   11.714  #3c3d3d   61 6  0.0461
 427   11.791  #3d3d3c   61 7  0.0066
 428   11.793  #3d3d3d   62 1  0.0002
 429   11.696  #3d3d3e   62 2  -0.0083
 430   11.690  #3e3d3d   62 3  -0.0005
 431   11.618  #3e3d3e   62 4  -0.0062
 432   11.780  #3d3e3d   62 5  0.0138
 433   11.698  #3d3e3e   62 6  -0.0070
 434   12.273  #3e3e3d   62 7  0.0480
 435   12.263  #3e3e3e   63 1  -0.0008
 436   12.281  #3e3e3f   63 2  0.0015
 437   12.206  #3f3e3e   63 3  -0.0061
 438   12.223  #3f3e3f   63 4  0.0014
 439   12.246  #3e3f3e   63 5  0.0019
 440   12.275  #3e3f3f   63 6  0.0024
 441   12.254  #3f3f3e   63 7  -0.0017
 442   12.268  #3f3f3f   64 1  0.0011
 443   12.825  #3f3f40   64 2  0.0444
 444   12.806  #403f3f   64 3  -0.0015
 445   12.736  #403f40   64 4  -0.0055
 446   12.883  #3f403f   64 5  0.0115
 447   12.820  #3f4040   64 6  -0.0049
 448   12.877  #40403f   64 7  0.0044
 449   12.906  #404040   65 1  0.0022
 450   13.489  #404041   65 2  0.0442
 451   13.483  #414040   65 3  -0.0004
 452   13.416  #414041   65 4  -0.0050
 453   13.585  #404140   65 5  0.0125
 454   13.490  #404141   65 6  -0.0070
 455   13.570  #414140   65 7  0.0059
 456   13.561  #414141   66 1  -0.0007
 457   13.481  #414142   66 2  -0.0059
 458   14.074  #424141   66 3  0.0430
 459   14.102  #424142   66 4  0.0020
 460   14.125  #414241   66 5  0.0016
 461   14.149  #414242   66 6  0.0017
 462   14.129  #424241   66 7  -0.0014
 463   14.125  #424242   67 1  -0.0003
 464   14.153  #424243   67 2  0.0020
 465   14.063  #434242   67 3  -0.0064
 466   14.097  #434243   67 4  0.0024
 467   14.837  #424342   67 5  0.0512
 468   14.756  #424343   67 6  -0.0055
 469   14.755  #434342   67 7  -0.0001
 470   14.826  #434343   68 1  0.0048
 471   14.754  #434344   68 2  -0.0049
 472   14.735  #444343   68 3  -0.0013
 473   14.657  #444344   68 4  -0.0053
 474   14.824  #434443   68 5  0.0113
 475   15.501  #434444   68 6  0.0446
 476   15.580  #444443   68 7  0.0051
 477   15.584  #444444   69 1  0.0003
 478   15.488  #444445   69 2  -0.0062
 479   15.485  #454444   69 3  -0.0002
 480   15.394  #454445   69 4  -0.0059
 481   15.583  #444544   69 5  0.0122
 482   15.515  #444545   69 6  -0.0044
 483   16.202  #454544   69 7  0.0433
 484   16.209  #454545   70 1  0.0004
 485   16.234  #454546   70 2  0.0015
 486   16.132  #464545   70 3  -0.0063
 487   16.183  #464546   70 4  0.0032
 488   16.201  #454645   70 5  0.0011
 489   16.230  #454646   70 6  0.0018
 490   16.208  #464645   70 7  -0.0014
 491   17.009  #464646   71 1  0.0482
 492   16.907  #464647   71 2  -0.0060
 493   16.891  #474646   71 3  -0.0009
 494   16.811  #474647   71 4  -0.0047
 495   16.990  #464746   71 5  0.0106
 496   16.902  #464747   71 6  -0.0052
 497   16.882  #474746   71 7  -0.0012
 498   16.999  #474747   72 1  0.0069
 499   16.889  #474748   72 2  -0.0065
 500   17.757  #484747   72 3  0.0501
 501   17.674  #484748   72 4  -0.0047
 502   17.836  #474847   72 5  0.0091
 503   17.745  #474848   72 6  -0.0051
 504   17.840  #484847   72 7  0.0053
 505   17.845  #484848   73 1  0.0003
 506   17.741  #484849   73 2  -0.0058
 507   18.466  #494848   73 3  0.0400
 508   18.509  #494849   73 4  0.0023
 509   18.516  #484948   73 5  0.0004
 510   18.578  #484949   73 6  0.0033
 511   18.514  #494948   73 7  -0.0035
 512   18.529  #494949   74 1  0.0008
 513   18.562  #49494a   74 2  0.0018
 514   18.456  #4a4949   74 3  -0.0057
 515   18.482  #4a494a   74 4  0.0014
 516   19.435  #494a49   74 5  0.0503
 517   19.343  #494a4a   74 6  -0.0047
 518   19.441  #4a4a49   74 7  0.0051
 519   19.434  #4a4a4a   75 1  -0.0004
 520   19.342  #4a4a4b   75 2  -0.0047
 521   19.318  #4b4a4a   75 3  -0.0012
 522   19.212  #4b4a4b   75 4  -0.0055
 523   19.431  #4a4b4a   75 5  0.0113
 524   20.250  #4a4b4b   75 6  0.0413
 525   20.238  #4b4b4a   75 7  -0.0006
 526   20.340  #4b4b4b   76 1  0.0050
 527   20.265  #4b4b4c   76 2  -0.0037
 528   20.263  #4c4b4b   76 3  -0.0001
 529   20.145  #4c4b4c   76 4  -0.0058
 530   20.330  #4b4c4b   76 5  0.0091
 531   20.255  #4b4c4c   76 6  -0.0037
 532   21.130  #4c4c4b   76 7  0.0423
 533   21.130  #4c4c4c   77 1  0.0000
 534   21.162  #4c4c4d   77 2  0.0015
 535   21.044  #4d4c4c   77 3  -0.0056
 536   21.094  #4d4c4d   77 4  0.0024
 537   21.101  #4c4d4c   77 5  0.0003
 538   21.151  #4c4d4d   77 6  0.0024
 539   21.108  #4d4d4c   77 7  -0.0020
 540   22.078  #4d4d4d   78 1  0.0449
 541   21.999  #4d4d4e   78 2  -0.0036
 542   21.965  #4e4d4d   78 3  -0.0015
 543   21.877  #4e4d4e   78 4  -0.0040
 544   22.096  #4d4e4d   78 5  0.0100
 545   21.969  #4d4e4e   78 6  -0.0058
 546   22.070  #4e4e4d   78 7  0.0046
 547   22.088  #4e4e4e   79 1  0.0008
 548   21.963  #4e4e4f   79 2  -0.0057
 549   22.785  #4f4e4e   79 3  0.0367
 550   22.854  #4f4e4f   79 4  0.0030
 551   22.879  #4e4f4e   79 5  0.0011
 552   22.936  #4e4f4f   79 6  0.0025
 553   22.807  #4f4f4e   79 7  -0.0056
 554   22.858  #4f4f4f   80 1  0.0022
 555   22.924  #4f4f50   80 2  0.0029
 556   23.835  #504f4f   80 3  0.0390
 557   23.865  #504f50   80 4  0.0013
 558   23.874  #4f504f   80 5  0.0004
 559   23.946  #4f5050   80 6  0.0030
 560   23.883  #50504f   80 7  -0.0026
 561   23.878  #505050   81 1  -0.0002
 562   23.932  #505051   81 2  0.0023
 563   23.799  #515050   81 3  -0.0056
 564   23.855  #515051   81 4  0.0024
 565   24.903  #505150   81 5  0.0430
 566   24.772  #505151   81 6  -0.0053
 567   24.886  #515150   81 7  0.0046
 568   24.913  #515151   82 1  0.0011
 569   24.789  #515152   82 2  -0.0050
 570   24.757  #525151   82 3  -0.0013
 571   24.665  #525152   82 4  -0.0037
 572   24.897  #515251   82 5  0.0094
 573   25.776  #515252   82 6  0.0347
 574   25.713  #525251   82 7  -0.0024
 575   25.740  #525252   83 1  0.0010
 576   25.771  #525253   83 2  0.0012
 577   25.654  #535252   83 3  -0.0046
 578   25.690  #535253   83 4  0.0014
 579   25.702  #525352   83 5  0.0005
 580   25.780  #525353   83 6  0.0030
 581   26.703  #535352   83 7  0.0352
 582   26.788  #535353   84 1  0.0032
 583   26.835  #535354   84 2  0.0018
 584   26.685  #545353   84 3  -0.0056
 585   26.737  #545354   84 4  0.0019
 586   26.764  #535453   84 5  0.0010
 587   26.812  #535454   84 6  0.0018
 588   26.752  #545453   84 7  -0.0022
 589   27.837  #545454   85 1  0.0398
 590   27.720  #545455   85 2  -0.0042
 591   27.700  #555454   85 3  -0.0007
 592   27.611  #555455   85 4  -0.0032
 593   27.833  #545554   85 5  0.0080
 594   27.728  #545555   85 6  -0.0038
 595   27.822  #555554   85 7  0.0034
 596   27.821  #555555   86 1  -0.0000
 597   28.736  #555556   86 2  0.0324
 598   28.615  #565555   86 3  -0.0042
 599   28.676  #565556   86 4  0.0021
 600   28.687  #555655   86 5  0.0004
 601   28.732  #555656   86 6  0.0016
 602   28.662  #565655   86 7  -0.0024
 603   28.680  #565656   87 1  0.0006
 604   28.734  #565657   87 2  0.0019
 605   29.731  #575656   87 3  0.0341
 606   29.820  #575657   87 4  0.0030
 607   29.821  #565756   87 5  0.0000
 608   29.868  #565757   87 6  0.0016
 609   29.727  #575756   87 7  -0.0047
 610   29.810  #575757   88 1  0.0028
 611   29.870  #575758   88 2  0.0020
 612   29.741  #585757   88 3  -0.0043
 613   29.787  #585758   88 4  0.0015
 614   30.932  #575857   88 5  0.0377
 615   30.793  #575858   88 6  -0.0045
 616   30.909  #585857   88 7  0.0038
 617   30.917  #585858   89 1  0.0003
 618   30.791  #585859   89 2  -0.0041
 619   30.791  #595858   89 3  0.0000
 620   30.661  #595859   89 4  -0.0042
 621   31.815  #585958   89 5  0.0369
 622   31.853  #585959   89 6  0.0012
 623   31.781  #595958   89 7  -0.0023
 624   31.794  #595959   90 1  0.0004
 625   31.850  #59595a   90 2  0.0018
 626   31.690  #5a5959   90 3  -0.0050
 627   31.774  #5a595a   90 4  0.0026
 628   31.772  #595a59   90 5  -0.0001
 629   31.826  #595a5a   90 6  0.0017
 630   32.900  #5a5a59   90 7  0.0332
 631   32.917  #5a5a5a   91 1  0.0005
 632   32.962  #5a5a5b   91 2  0.0014
 633   32.830  #5b5a5a   91 3  -0.0040
 634   32.885  #5b5a5b   91 4  0.0017
 635   32.895  #5a5b5a   91 5  0.0003
 636   32.960  #5a5b5b   91 6  0.0020
 637   32.820  #5b5b5a   91 7  -0.0043
 638   34.048  #5b5b5b   92 1  0.0367
 639   33.910  #5b5b5c   92 2  -0.0041
 640   33.917  #5c5b5b   92 3  0.0002
 641   33.791  #5c5b5c   92 4  -0.0037
 642   34.031  #5b5c5b   92 5  0.0071
 643   33.902  #5b5c5c   92 6  -0.0038
 644   34.027  #5c5c5b   92 7  0.0037
 645   34.016  #5c5c5c   93 1  -0.0003
 646   35.043  #5c5c5d   93 2  0.0297
 647   34.887  #5d5c5c   93 3  -0.0045
 648   34.960  #5d5c5d   93 4  0.0021
 649   34.943  #5c5d5c   93 5  -0.0005
 650   35.008  #5c5d5d   93 6  0.0019
 651   34.949  #5d5d5c   93 7  -0.0017
 652   34.939  #5d5d5d   94 1  -0.0003
 653   35.013  #5d5d5e   94 2  0.0021
 654   36.112  #5e5d5d   94 3  0.0309
 655   36.175  #5e5d5e   94 4  0.0017
 656   36.186  #5d5e5d   94 5  0.0003
 657   36.275  #5d5e5e   94 6  0.0025
 658   36.212  #5e5e5d   94 7  -0.0017
 659   36.213  #5e5e5e   95 1  0.0000
 660   36.276  #5e5e5f   95 2  0.0017
 661   36.099  #5f5e5e   95 3  -0.0049
 662   36.179  #5f5e5f   95 4  0.0022
 663   37.430  #5e5f5e   95 5  0.0340
 664   37.313  #5e5f5f   95 6  -0.0031
 665   37.298  #5f5f5e   95 7  -0.0004
 666   37.437  #5f5f5f   96 1  0.0037
 667   37.285  #5f5f60   96 2  -0.0041
 668   37.284  #605f5f   96 3  -0.0000
 669   37.138  #605f60   96 4  -0.0039
 670   37.409  #5f605f   96 5  0.0073
 671   38.420  #5f6060   96 6  0.0267
 672   38.366  #60605f   96 7  -0.0014
 673   38.363  #606060   97 1  -0.0001
 674   38.440  #606061   97 2  0.0020
 675   38.294  #616060   97 3  -0.0038
 676   38.351  #616061   97 4  0.0015
 677   38.344  #606160   97 5  -0.0002
 678   38.424  #606161   97 6  0.0021
 679   39.598  #616160   97 7  0.0301
 680   39.620  #616161   98 1  0.0006
 681   39.462  #616162   98 2  -0.0040
 682   39.453  #626161   98 3  -0.0002
 683   39.308  #626162   98 4  -0.0037
 684   39.585  #616261   98 5  0.0070
 685   39.463  #616262   98 6  -0.0031
 686   39.460  #626261   98 7  -0.0001
 687   40.827  #626262   99 1  0.0341
 688   40.680  #626263   99 2  -0.0036
 689   40.659  #636262   99 3  -0.0005
 690   40.546  #636263   99 4  -0.0028
 691   40.816  #626362   99 5  0.0066
 692   40.658  #626363   99 6  -0.0039
 693   40.657  #636362   99 7  -0.0000
 694   40.678  #636363  100 1  0.0005
 695   41.874  #636364  100 2  0.0290
 696   41.694  #646363  100 3  -0.0043
 697   41.760  #646364  100 4  0.0016
 698   41.798  #636463  100 5  0.0009
 699   41.874  #636464  100 6  0.0018
 700   41.785  #646463  100 7  -0.0021
 701   41.749  #646464  101 1  -0.0009
 702   41.842  #646465  101 2  0.0022
 703   42.900  #656464  101 3  0.0250
 704   42.781  #656465  101 4  -0.0028
 705   43.024  #646564  101 5  0.0057
 706   42.908  #646565  101 6  -0.0027
 707   43.024  #656564  101 7  0.0027
 708   43.027  #656565  102 1  0.0001
 709   42.894  #656566  102 2  -0.0031
 710   42.880  #666565  102 3  -0.0003
 711   44.026  #666566  102 4  0.0264
 712   44.294  #656665  102 5  0.0061
 713   44.158  #656666  102 6  -0.0031
 714   44.126  #666665  102 7  -0.0007
 715   44.150  #666666  103 1  0.0005
 716   44.151  #666667  103 2  0.0000
 717   44.117  #676666  103 3  -0.0008
 718   44.002  #676667  103 4  -0.0026
 719   45.387  #666766  103 5  0.0310
 720   45.449  #666767  103 6  0.0014
 721   45.307  #676766  103 7  -0.0031
 722   45.445  #676767  104 1  0.0030
 723   45.454  #676768  104 2  0.0002
 724   45.301  #686767  104 3  -0.0034
 725   45.356  #686768  104 4  0.0012
 726   45.348  #676867  104 5  -0.0002
 727   45.450  #676868  104 6  0.0022
 728   46.667  #686867  104 7  0.0264
 729   46.659  #686868  105 1  -0.0002
 730   46.530  #686869  105 2  -0.0028
 731   46.521  #696868  105 3  -0.0002
 732   46.403  #696869  105 4  -0.0025
 733   46.664  #686968  105 5  0.0056
 734   46.538  #686969  105 6  -0.0027
 735   47.939  #696968  105 7  0.0297
 736   47.819  #696969  106 1  -0.0025
 737   47.826  #69696a  106 2  0.0001
 738   47.785  #6a6969  106 3  -0.0009
 739   47.682  #6a696a  106 4  -0.0022
 740   47.925  #696a69  106 5  0.0051
 741   47.787  #696a6a  106 6  -0.0029
 742   47.791  #6a6a69  106 7  0.0001
 743   47.923  #6a6a6a  107 1  0.0028
 744   49.042  #6a6a6b  107 2  0.0231
 745   48.891  #6b6a6a  107 3  -0.0031
 746   48.950  #6b6a6b  107 4  0.0012
 747   48.975  #6a6b6a  107 5  0.0005
 748   49.035  #6a6b6b  107 6  0.0012
 749   48.861  #6b6b6a  107 7  -0.0036
 750   49.026  #6b6b6b  108 1  0.0034
 751   49.031  #6b6b6c  108 2  0.0001
 752   50.101  #6c6b6b  108 3  0.0216
 753   49.966  #6c6b6c  108 4  -0.0027
 754   50.231  #6b6c6b  108 5  0.0053
 755   50.123  #6b6c6c  108 6  -0.0022
 756   50.236  #6c6c6b  108 7  0.0023
 757   50.236  #6c6c6c  109 1  0.0000
 758   50.110  #6c6c6d  109 2  -0.0025
 759   50.070  #6d6c6c  109 3  -0.0008
 760   51.241  #6d6c6d  109 4  0.0231
 761   51.526  #6c6d6c  109 5  0.0055
 762   51.414  #6c6d6d  109 6  -0.0022
 763   51.526  #6d6d6c  109 7  0.0022
 764   51.525  #6d6d6d  110 1  -0.0000
 765   51.406  #6d6d6e  110 2  -0.0023
 766   51.363  #6e6d6d  110 3  -0.0008
 767   51.242  #6e6d6e  110 4  -0.0024
 768   52.553  #6d6e6d  110 5  0.0253
 769   52.649  #6d6e6e  110 6  0.0018
 770   52.481  #6e6e6d  110 7  -0.0032
 771   52.636  #6e6e6e  111 1  0.0029
 772   52.630  #6e6e6f  111 2  -0.0001
 773   52.436  #6f6e6e  111 3  -0.0037
 774   52.526  #6f6e6f  111 4  0.0017
 775   52.528  #6e6f6e  111 5  0.0000
 776   52.613  #6e6f6f  111 6  0.0016
 777   53.766  #6f6f6e  111 7  0.0217
 778   53.796  #6f6f6f  112 1  0.0006
 779   53.777  #6f6f70  112 2  -0.0004
 780   53.742  #706f6f  112 3  -0.0007
 781   53.609  #706f70  112 4  -0.0025
 782   53.930  #6f706f  112 5  0.0060
 783   53.775  #6f7070  112 6  -0.0029
 784   55.258  #70706f  112 7  0.0272
 785   55.255  #707070  113 1  -0.0001
 786   55.153  #707071  113 2  -0.0018
 787   55.080  #717070  113 3  -0.0013
 788   54.972  #717071  113 4  -0.0020
 789   55.248  #707170  113 5  0.0050
 790   55.116  #707171  113 6  -0.0024
 791   55.246  #717170  113 7  0.0024
 792   55.224  #717171  114 1  -0.0004
 793   56.381  #717172  114 2  0.0207
 794   56.180  #727171  114 3  -0.0036
 795   56.291  #727172  114 4  0.0020
 796   56.289  #717271  114 5  -0.0000
 797   56.357  #717272  114 6  0.0012
 798   56.173  #727271  114 7  -0.0033
 799   56.274  #727272  115 1  0.0018
 800   56.334  #727273  115 2  0.0011
 801   57.429  #737272  115 3  0.0193
 802   57.315  #737273  115 4  -0.0020
 803   57.586  #727372  115 5  0.0047
 804   57.452  #727373  115 6  -0.0023
 805   57.426  #737372  115 7  -0.0005
 806   57.564  #737373  116 1  0.0024
 807   57.437  #737374  116 2  -0.0022
 808   57.418  #747373  116 3  -0.0003
 809   58.607  #747374  116 4  0.0205
 810   58.599  #737473  116 5  -0.0001
 811   58.672  #737474  116 6  0.0012
 812   58.581  #747473  116 7  -0.0016
 813   58.583  #747474  117 1  0.0000
 814   58.680  #747475  117 2  0.0017
 815   58.503  #757474  117 3  -0.0030
 816   58.580  #757475  117 4  0.0013
 817   59.891  #747574  117 5  0.0221
 818   59.970  #747575  117 6  0.0013
 819   59.877  #757574  117 7  -0.0016
 820   59.873  #757575  118 1  -0.0001
 821   59.969  #757576  118 2  0.0016
 822   59.781  #767575  118 3  -0.0031
 823   59.864  #767576  118 4  0.0014
 824   59.867  #757675  118 5  0.0001
 825   61.056  #757676  118 6  0.0197
 826   61.019  #767675  118 7  -0.0006
 827   61.042  #767676  119 1  0.0004
 828   61.061  #767677  119 2  0.0003
 829   61.024  #777676  119 3  -0.0006
 830   60.892  #777677  119 4  -0.0022
 831   61.154  #767776  119 5  0.0043
 832   61.036  #767777  119 6  -0.0019
 833   62.119  #777776  119 7  0.0176
 834   62.292  #777777  120 1  0.0028
 835   62.279  #777778  120 2  -0.0002
 836   62.108  #787777  120 3  -0.0027
 837   62.206  #787778  120 4  0.0016
 838   62.189  #777877  120 5  -0.0003
 839   62.273  #777878  120 6  0.0013
 840   62.188  #787877  120 7  -0.0014
 841   63.617  #787878  121 1  0.0227
 842   63.694  #787879  121 2  0.0012
 843   63.511  #797878  121 3  -0.0029
 844   63.587  #797879  121 4  0.0012
 845   63.601  #787978  121 5  0.0002
 846   63.686  #787979  121 6  0.0013
 847   63.590  #797978  121 7  -0.0015
 848   63.572  #797979  122 1  -0.0003
 849   63.644  #79797a  122 2  0.0011
 850   64.757  #7a7979  122 3  0.0173
 851   64.622  #7a797a  122 4  -0.0021
 852   64.905  #797a79  122 5  0.0044
 853   64.785  #797a7a  122 6  -0.0019
 854   64.745  #7a7a79  122 7  -0.0006
 855   64.879  #7a7a7a  123 1  0.0021
 856   64.752  #7a7a7b  123 2  -0.0020
 857   64.719  #7b7a7a  123 3  -0.0005
 858   65.960  #7b7a7b  123 4  0.0190
 859   65.994  #7a7b7a  123 5  0.0005
 860   66.051  #7a7b7b  123 6  0.0009
 861   65.867  #7b7b7a  123 7  -0.0028
 862   65.982  #7b7b7b  124 1  0.0017
 863   66.057  #7b7b7c  124 2  0.0011
 864   65.829  #7c7b7b  124 3  -0.0035
 865   65.940  #7c7b7c  124 4  0.0017
 866   67.397  #7b7c7b  124 5  0.0219
 867   67.429  #7b7c7c  124 6  0.0005
 868   67.388  #7c7c7b  124 7  -0.0006
 869   67.425  #7c7c7c  125 1  0.0005
 870   67.426  #7c7c7d  125 2  0.0000
 871   67.235  #7d7c7c  125 3  -0.0028
 872   67.296  #7d7c7d  125 4  0.0009
 873   67.362  #7c7d7c  125 5  0.0010
 874   67.412  #7c7d7d  125 6  0.0007
 875   68.864  #7d7d7c  125 7  0.0213
 876   68.679  #7d7d7d  126 1  -0.0027
 877   68.667  #7d7d7e  126 2  -0.0002
 878   68.635  #7e7d7d  126 3  -0.0005
 879   68.456  #7e7d7e  126 4  -0.0026
 880   68.844  #7d7e7d  126 5  0.0057
 881   68.667  #7d7e7e  126 6  -0.0026
 882   68.607  #7e7e7d  126 7  -0.0009
 883   70.142  #7e7e7e  127 1  0.0221
 884   70.129  #7e7e7f  127 2  -0.0002
 885   69.914  #7f7e7e  127 3  -0.0031
 886   69.993  #7f7e7f  127 4  0.0011
 887   70.041  #7e7f7e  127 5  0.0007
 888   70.124  #7e7f7f  127 6  0.0012
 889   69.899  #7f7f7e  127 7  -0.0032
 890   70.105  #7f7f7f  128 1  0.0029
 891   71.724  #7f7f80  128 2  0.0228
 892   71.536  #807f7f  128 3  -0.0026
 893   71.594  #807f80  128 4  0.0008
 894   71.633  #7f807f  128 5  0.0005
 895   71.711  #7f8080  128 6  0.0011
 896   71.484  #80807f  128 7  -0.0032
 897   71.629  #808080  129 1  0.0020
 898   71.701  #808081  129 2  0.0010
 899   73.068  #818080  129 3  0.0189
 900   72.898  #818081  129 4  -0.0023
 901   73.243  #808180  129 5  0.0047
 902   73.079  #808181  129 6  -0.0022
 903   73.028  #818180  129 7  -0.0007
 904   73.238  #818181  130 1  0.0029
 905   73.069  #818182  130 2  -0.0023
 906   73.033  #828181  130 3  -0.0005
 907   74.534  #828182  130 4  0.0203
 908   74.524  #818281  130 5  -0.0001
 909   74.635  #818282  130 6  0.0015
 910   74.394  #828281  130 7  -0.0032
 911   74.535  #828282  131 1  0.0019
 912   74.610  #828283  131 2  0.0010
 913   74.379  #838282  131 3  -0.0031
 914   74.467  #838283  131 4  0.0012
 915   76.177  #828382  131 5  0.0227
 916   76.289  #828383  131 6  0.0015
 917   76.059  #838382  131 7  -0.0030
 918   76.151  #838383  132 1  0.0012
 919   76.274  #838384  132 2  0.0016
 920   76.043  #848383  132 3  -0.0030
 921   76.128  #848384  132 4  0.0011
 922   76.151  #838483  132 5  0.0003
 923   77.682  #838484  132 6  0.0199
 924   77.642  #848483  132 7  -0.0005
 925   77.834  #848484  133 1  0.0025
 926   77.659  #848485  133 2  -0.0023
 927   77.595  #858484  133 3  -0.0008
 928   77.428  #858485  133 4  -0.0022
 929   77.785  #848584  133 5  0.0046
 930   77.624  #848585  133 6  -0.0021
 931   79.035  #858584  133 7  0.0180
 932   79.168  #858585  134 1  0.0017
 933   79.242  #858586  134 2  0.0009
 934   79.009  #868585  134 3  -0.0029
 935   79.095  #868586  134 4  0.0011
 936   79.152  #858685  134 5  0.0007
 937   79.253  #858686  134 6  0.0013
 938   78.996  #868685  134 7  -0.0032
 939   79.220  #868686  135 1  0.0028
 940   80.739  #868687  135 2  0.0190
 941   80.695  #878686  135 3  -0.0005
 942   80.484  #878687  135 4  -0.0026
 943   80.918  #868786  135 5  0.0054
 944   80.715  #868787  135 6  -0.0025
 945   80.660  #878786  135 7  -0.0007
 946   80.493  #878787  136 1  -0.0021
 947   80.701  #878788  136 2  0.0026
 948   82.454  #888787  136 3  0.0215
 949   82.277  #888788  136 4  -0.0021
 950   82.665  #878887  136 5  0.0047
 951   82.470  #878888  136 6  -0.0024
 952   82.414  #888887  136 7  -0.0007
 953   82.617  #888888  137 1  0.0025
 954   82.474  #888889  137 2  -0.0017
 955   82.404  #898888  137 3  -0.0008
 956   84.007  #898889  137 4  0.0193
 957   84.060  #888988  137 5  0.0006
 958   84.143  #888989  137 6  0.0010
 959   83.871  #898988  137 7  -0.0032
 960   84.125  #898989  138 1  0.0030
 961   84.123  #89898a  138 2  -0.0000
 962   83.866  #8a8989  138 3  -0.0031
 963   83.964  #8a898a  138 4  0.0012
 964   85.795  #898a89  138 5  0.0216
 965   85.598  #898a8a  138 6  -0.0023
 966   85.569  #8a8a89  138 7  -0.0003
 967   85.784  #8a8a8a  139 1  0.0025
 968   85.601  #8a8a8b  139 2  -0.0021
 969   85.544  #8b8a8a  139 3  -0.0007
 970   85.361  #8b8a8b  139 4  -0.0021
 971   85.765  #8a8b8a  139 5  0.0047
 972   85.567  #8a8b8b  139 6  -0.0023
 973   87.322  #8b8b8a  139 7  0.0203
 974   87.173  #8b8b8b  140 1  -0.0017
 975   87.399  #8b8b8c  140 2  0.0026
 976   87.335  #8c8b8b  140 3  -0.0007
 977   87.149  #8c8b8c  140 4  -0.0021
 978   87.530  #8b8c8b  140 5  0.0044
 979   87.335  #8b8c8c  140 6  -0.0022
 980   88.889  #8c8c8b  140 7  0.0176
 981   89.070  #8c8c8c  141 1  0.0020
 982   89.196  #8c8c8d  141 2  0.0014
 983   88.920  #8d8c8c  141 3  -0.0031
 984   89.004  #8d8c8d  141 4  0.0009
 985   89.007  #8c8d8c  141 5  0.0000
 986   89.144  #8c8d8d  141 6  0.0015
 987   88.860  #8d8d8c  141 7  -0.0032
 988   89.039  #8d8d8d  142 1  0.0020
 989   90.831  #8d8d8e  142 2  0.0199
 990   90.764  #8e8d8d  142 3  -0.0007
 991   90.588  #8e8d8e  142 4  -0.0019
 992   91.017  #8d8e8d  142 5  0.0047
 993   90.807  #8d8e8e  142 6  -0.0023
 994   90.759  #8e8e8d  142 7  -0.0005
 995   90.779  #8e8e8e  143 1  0.0002
 996   90.787  #8e8e8f  143 2  0.0001
 997   92.602  #8f8e8e  143 3  0.0198
 998   92.417  #8f8e8f  143 4  -0.0020
 999   92.831  #8e8f8e  143 5  0.0045
1000   92.661  #8e8f8f  143 6  -0.0018
1001   92.584  #8f8f8e  143 7  -0.0008
1002   92.401  #8f8f8f  144 1  -0.0020
1003   92.634  #8f8f90  144 2  0.0025
1004   92.567  #908f8f  144 3  -0.0007
1005   94.279  #908f90  144 4  0.0183
1006   94.313  #8f908f  144 5  0.0004
1007   94.421  #8f9090  144 6  0.0011
1008   94.172  #90908f  144 7  -0.0026
1009   94.313  #909090  145 1  0.0015
1010   94.432  #909091  145 2  0.0013
1011   94.141  #919090  145 3  -0.0031
1012   94.266  #919091  145 4  0.0013
1013   96.222  #909190  145 5  0.0205
1014   96.054  #909191  145 6  -0.0017
1015   95.989  #919190  145 7  -0.0007
1016   96.211  #919191  146 1  0.0023
1017   96.031  #919192  146 2  -0.0019
1018   95.978  #929191  146 3  -0.0006
1019   95.760  #929192  146 4  -0.0023
1020   96.173  #919291  146 5  0.0043
1021   98.005  #919292  146 6  0.0189
1022   97.910  #929291  146 7  -0.0010
1023   98.168  #929292  147 1  0.0026
1024   97.936  #929293  147 2  -0.0024
1025   97.898  #939292  147 3  -0.0004
1026   97.671  #939293  147 4  -0.0023
1027   98.157  #929392  147 5  0.0050
1028   97.940  #929393  147 6  -0.0022
1029   99.657  #939392  147 7  0.0174
1030   99.612  #939393  148 1  -0.0005
1031   99.896  #939394  148 2  0.0028
1032   99.622  #949393  148 3  -0.0027
1033   99.726  #949394  148 4  0.0010
1034   99.761  #939493  148 5  0.0004
1035   99.859  #939494  148 6  0.0010
1036   99.580  #949493  148 7  -0.0028
1037  101.740  #949494  149 1  0.0215
1038  101.520  #949495  149 2  -0.0022
1039  101.470  #959494  149 3  -0.0005
1040  101.260  #959495  149 4  -0.0021
1041  101.700  #949594  149 5  0.0043
1042  101.500  #949595  149 6  -0.0020
1043  101.420  #959594  149 7  -0.0008
1044  101.690  #959595  150 1  0.0027
1045  101.470  #959596  150 2  -0.0022
1046  103.420  #969595  150 3  0.0190
1047  103.230  #969596  150 4  -0.0018
1048  103.670  #959695  150 5  0.0043
1049  103.460  #959696  150 6  -0.0020
1050  103.410  #969695  150 7  -0.0005
1051  103.450  #969696  151 1  0.0004
1052  103.470  #969697  151 2  0.0002
1053  103.400  #979696  151 3  -0.0007
1054  105.240  #979697  151 4  0.0176
1055  105.300  #969796  151 5  0.0006
1056  105.400  #969797  151 6  0.0009
1057  105.090  #979796  151 7  -0.0029
1058  105.190  #979797  152 1  0.0010
1059  105.340  #979798  152 2  0.0014
1060  105.060  #989797  152 3  -0.0027
1061  105.180  #989798  152 4  0.0011
1062  107.360  #979897  152 5  0.0205
1063  107.130  #979898  152 6  -0.0021
1064  107.070  #989897  152 7  -0.0006
1065  107.350  #989898  153 1  0.0026
1066  107.160  #989899  153 2  -0.0018
1067  107.070  #999898  153 3  -0.0008
1068  106.860  #999899  153 4  -0.0020
1069  107.310  #989998  153 5  0.0042
1070  109.120  #989999  153 6  0.0167
1071  108.860  #999998  153 7  -0.0024
1072  109.010  #999999  154 1  0.0014
1073  109.140  #99999a  154 2  0.0012
1074  108.850  #9a9999  154 3  -0.0027
1075  108.970  #9a999a  154 4  0.0011
1076  109.000  #999a99  154 5  0.0003
1077  109.110  #999a9a  154 6  0.0010
1078  110.890  #9a9a99  154 7  0.0162
1079  111.110  #9a9a9a  155 1  0.0020
1080  111.190  #9a9a9b  155 2  0.0007
1081  110.920  #9b9a9a  155 3  -0.0024
1082  111.000  #9b9a9b  155 4  0.0007
1083  111.030  #9a9b9a  155 5  0.0003
1084  111.170  #9a9b9b  155 6  0.0013
1085  110.870  #9b9b9a  155 7  -0.0027
1086  110.900  #9b9b9b  156 1  0.0003
1087  112.960  #9b9b9c  156 2  0.0184
1088  112.870  #9c9b9b  156 3  -0.0008
1089  112.640  #9c9b9c  156 4  -0.0020
1090  113.140  #9b9c9b  156 5  0.0044
1091  112.930  #9b9c9c  156 6  -0.0019
1092  112.900  #9c9c9b  156 7  -0.0003
1093  112.920  #9c9c9c  157 1  0.0002
1094  112.900  #9c9c9d  157 2  -0.0002
1095  114.650  #9d9c9c  157 3  0.0154
1096  114.760  #9d9c9d  157 4  0.0010
1097  114.790  #9c9d9c  157 5  0.0003
1098  114.940  #9c9d9d  157 6  0.0013
1099  114.620  #9d9d9c  157 7  -0.0028
1100  114.910  #9d9d9d  158 1  0.0025
1101  114.910  #9d9d9e  158 2  0.0000
1102  114.580  #9e9d9d  158 3  -0.0029
1103  116.960  #9e9d9e  158 4  0.0206
1104  117.010  #9d9e9d  158 5  0.0004
1105  117.140  #9d9e9e  158 6  0.0011
1106  116.790  #9e9e9d  158 7  -0.0030
1107  117.140  #9e9e9e  159 1  0.0030
1108  117.090  #9e9e9f  159 2  -0.0004
1109  116.770  #9f9e9e  159 3  -0.0027
1110  116.920  #9f9e9f  159 4  0.0013
1111  119.140  #9e9f9e  159 5  0.0188
1112  118.960  #9e9f9f  159 6  -0.0015
1113  118.870  #9f9f9e  159 7  -0.0008
1114  118.610  #9f9f9f  160 1  -0.0022
1115  118.900  #9f9fa0  160 2  0.0024
1116  118.810  #a09f9f  160 3  -0.0008
1117  118.600  #a09fa0  160 4  -0.0018
1118  119.070  #9fa09f  160 5  0.0040
1119  120.970  #9fa0a0  160 6  0.0158
1120  120.620  #a0a09f  160 7  -0.0029
1121  120.800  #a0a0a0  161 1  0.0015
1122  120.920  #a0a0a1  161 2  0.0010
1123  120.610  #a1a0a0  161 3  -0.0026
1124  120.740  #a1a0a1  161 4  0.0011
1125  120.790  #a0a1a0  161 5  0.0004
1126  120.910  #a0a1a1  161 6  0.0010
1127  122.780  #a1a1a0  161 7  0.0153
1128  123.080  #a1a1a1  162 1  0.0024
1129  123.080  #a1a1a2  162 2  0.0000
1130  122.750  #a2a1a1  162 3  -0.0027
1131  122.890  #a2a1a2  162 4  0.0011
1132  122.920  #a1a2a1  162 5  0.0002
1133  123.030  #a1a2a2  162 6  0.0009
1134  122.720  #a2a2a1  162 7  -0.0025
1135  124.640  #a2a2a2  163 1  0.0155
1136  124.940  #a2a2a3  163 2  0.0024
1137  124.860  #a3a2a2  163 3  -0.0006
1138  124.660  #a3a2a3  163 4  -0.0016
1139  125.170  #a2a3a2  163 5  0.0041
1140  124.890  #a2a3a3  163 6  -0.0022
1141  124.810  #a3a3a2  163 7  -0.0006
1142  124.590  #a3a3a3  164 1  -0.0018
1143  124.890  #a3a3a4  164 2  0.0024
1144  126.730  #a4a3a3  164 3  0.0146
1145  126.840  #a4a3a4  164 4  0.0009
1146  126.910  #a3a4a3  164 5  0.0006
1147  127.060  #a3a4a4  164 6  0.0012
1148  126.710  #a4a4a3  164 7  -0.0028
1149  126.980  #a4a4a4  165 1  0.0021
1150  126.990  #a4a4a5  165 2  0.0001
1151  128.890  #a5a4a4  165 3  0.0149
1152  129.020  #a5a4a5  165 4  0.0010
1153  129.080  #a4a5a4  165 5  0.0005
1154  129.180  #a4a5a5  165 6  0.0008
1155  128.850  #a5a5a4  165 7  -0.0026
1156  129.160  #a5a5a5  166 1  0.0024
1157  129.160  #a5a5a6  166 2  0.0000
1158  128.840  #a6a5a5  166 3  -0.0025
1159  128.950  #a6a5a6  166 4  0.0009
1160  131.240  #a5a6a5  166 5  0.0176
1161  131.010  #a5a6a6  166 6  -0.0018
1162  130.950  #a6a6a5  166 7  -0.0005
1163  130.700  #a6a6a6  167 1  -0.0019
1164  131.040  #a6a6a7  167 2  0.0026
1165  130.870  #a7a6a6  167 3  -0.0013
1166  130.690  #a7a6a7  167 4  -0.0014
1167  131.180  #a6a7a6  167 5  0.0037
1168  133.100  #a6a7a7  167 6  0.0145
1169  132.780  #a7a7a6  167 7  -0.0024
1170  132.910  #a7a7a7  168 1  0.0010
1171  133.070  #a7a7a8  168 2  0.0012
1172  132.740  #a8a7a7  168 3  -0.0025
1173  132.860  #a8a7a8  168 4  0.0009
1174  132.900  #a7a8a7  168 5  0.0003
1175  133.060  #a7a8a8  168 6  0.0012
1176  135.080  #a8a8a7  168 7  0.0151
1177  135.350  #a8a8a8  169 1  0.0020
1178  135.360  #a8a8a9  169 2  0.0001
1179  135.010  #a9a8a8  169 3  -0.0026
1180  135.160  #a9a8a9  169 4  0.0011
1181  135.180  #a8a9a8  169 5  0.0001
1182  135.320  #a8a9a9  169 6  0.0010
1183  135.000  #a9a9a8  169 7  -0.0024
1184  137.220  #a9a9a9  170 1  0.0163
1185  137.190  #a9a9aa  170 2  -0.0002
1186  137.120  #aaa9a9  170 3  -0.0005
1187  136.910  #aaa9aa  170 4  -0.0015
1188  137.370  #a9aaa9  170 5  0.0034
1189  137.150  #a9aaaa  170 6  -0.0016
1190  137.060  #aaaaa9  170 7  -0.0007
1191  136.830  #aaaaaa  171 1  -0.0017
1192  137.140  #aaaaab  171 2  0.0023
1193  138.940  #abaaaa  171 3  0.0130
1194  139.070  #abaaab  171 4  0.0009
1195  139.110  #aaabaa  171 5  0.0003
1196  139.240  #aaabab  171 6  0.0009
1197  138.910  #ababaa  171 7  -0.0024
1198  139.010  #ababab  172 1  0.0007
1199  139.230  #ababac  172 2  0.0016
1200  138.880  #acabab  172 3  -0.0025
1201  140.830  #acabac  172 4  0.0139
1202  141.260  #abacab  172 5  0.0030
1203  141.000  #abacac  172 6  -0.0018
1204  140.920  #acacab  172 7  -0.0006
1205  141.010  #acacac  173 1  0.0006
1206  140.980  #acacad  173 2  -0.0002
1207  140.910  #adacac  173 3  -0.0005
1208  140.700  #adacad  173 4  -0.0015
1209  143.440  #acadac  173 5  0.0193
1210  143.230  #acadad  173 6  -0.0015
1211  143.150  #adadac  173 7  -0.0006
1212  143.240  #adadad  174 1  0.0006
1213  143.210  #adadae  174 2  -0.0002
1214  143.140  #aeadad  174 3  -0.0005
1215  142.920  #aeadae  174 4  -0.0015
1216  143.400  #adaead  174 5  0.0034
1217  145.370  #adaeae  174 6  0.0136
1218  145.060  #aeaead  174 7  -0.0021
1219  145.140  #aeaeae  175 1  0.0006
1220  145.350  #aeaeaf  175 2  0.0014
1221  145.010  #afaeae  175 3  -0.0023
1222  145.110  #afaeaf  175 4  0.0007
1223  145.220  #aeafae  175 5  0.0008
1224  145.310  #aeafaf  175 6  0.0006
1225  147.150  #afafae  175 7  0.0126
1226  146.930  #afafaf  176 1  -0.0015
1227  147.220  #afafb0  176 2  0.0020
1228  147.120  #b0afaf  176 3  -0.0007
1229  146.890  #b0afb0  176 4  -0.0016
1230  147.420  #afb0af  176 5  0.0036
1231  147.170  #afb0b0  176 6  -0.0017
1232  147.090  #b0b0af  176 7  -0.0005
1233  149.420  #b0b0b0  177 1  0.0157
1234  149.400  #b0b0b1  177 2  -0.0001
1235  149.330  #b1b0b0  177 3  -0.0005
1236  149.110  #b1b0b1  177 4  -0.0015
1237  149.600  #b0b1b0  177 5  0.0033
1238  149.380  #b0b1b1  177 6  -0.0015
1239  149.300  #b1b1b0  177 7  -0.0005
1240  149.340  #b1b1b1  178 1  0.0003
1241  151.560  #b1b1b2  178 2  0.0148
1242  151.260  #b2b1b1  178 3  -0.0020
1243  151.390  #b2b1b2  178 4  0.0009
1244  151.430  #b1b2b1  178 5  0.0003
1245  151.520  #b1b2b2  178 6  0.0006
1246  151.170  #b2b2b1  178 7  -0.0023
1247  151.310  #b2b2b2  179 1  0.0009
1248  151.520  #b2b2b3  179 2  0.0014
1249  153.330  #b3b2b2  179 3  0.0119
1250  153.100  #b3b2b3  179 4  -0.0015
1251  153.620  #b2b3b2  179 5  0.0034
1252  153.400  #b2b3b3  179 6  -0.0014
1253  153.310  #b3b3b2  179 7  -0.0006
1254  153.070  #b3b3b3  180 1  -0.0016
1255  153.360  #b3b3b4  180 2  0.0019
1256  153.280  #b4b3b3  180 3  -0.0005
1257  153.060  #b4b3b4  180 4  -0.0014
1258  155.850  #b3b4b3  180 5  0.0181
1259  155.640  #b3b4b4  180 6  -0.0013
1260  155.540  #b4b4b3  180 7  -0.0006
1261  155.600  #b4b4b4  181 1  0.0004
1262  155.590  #b4b4b5  181 2  -0.0001
1263  155.530  #b5b4b4  181 3  -0.0004
1264  155.280  #b5b4b5  181 4  -0.0016
1265  157.630  #b4b5b4  181 5  0.0150
1266  157.740  #b4b5b5  181 6  0.0007
1267  157.410  #b5b5b4  181 7  -0.0021
1268  157.760  #b5b5b5  182 1  0.0022
1269  157.760  #b5b5b6  182 2  0.0000
1270  157.410  #b6b5b5  182 3  -0.0022
1271  157.540  #b6b5b6  182 4  0.0008
1272  157.580  #b5b6b5  182 5  0.0003
1273  157.710  #b5b6b6  182 6  0.0008
1274  159.530  #b6b6b5  182 7  0.0115
1275  159.300  #b6b6b6  183 1  -0.0014
1276  159.580  #b6b6b7  183 2  0.0018
1277  159.500  #b7b6b6  183 3  -0.0005
1278  159.270  #b7b6b7  183 4  -0.0014
1279  159.810  #b6b7b6  183 5  0.0034
1280  159.550  #b6b7b7  183 6  -0.0016
1281  159.440  #b7b7b6  183 7  -0.0007
1282  161.540  #b7b7b7  184 1  0.0131
1283  161.840  #b7b7b8  184 2  0.0019
1284  161.740  #b8b7b7  184 3  -0.0006
1285  161.520  #b8b7b8  184 4  -0.0014
1286  161.980  #b7b8b7  184 5  0.0028
1287  161.820  #b7b8b8  184 6  -0.0010
1288  161.740  #b8b8b7  184 7  -0.0005
1289  161.780  #b8b8b8  185 1  0.0002
1290  163.980  #b8b8b9  185 2  0.0135
1291  163.640  #b9b8b8  185 3  -0.0021
1292  163.800  #b9b8b9  185 4  0.0010
1293  163.800  #b8b9b8  185 5  0.0000
1294  163.930  #b8b9b9  185 6  0.0008
1295  163.590  #b9b9b8  185 7  -0.0021
1296  163.910  #b9b9b9  186 1  0.0020
1297  163.920  #b9b9ba  186 2  0.0001
1298  165.750  #bab9b9  186 3  0.0111
1299  165.540  #bab9ba  186 4  -0.0013
1300  166.060  #b9bab9  186 5  0.0031
1301  165.820  #b9baba  186 6  -0.0014
1302  165.740  #babab9  186 7  -0.0005
1303  165.490  #bababa  187 1  -0.0015
1304  165.810  #bababb  187 2  0.0019
1305  165.710  #bbbaba  187 3  -0.0006
1306  165.460  #bbbabb  187 4  -0.0015
1307  168.860  #babbba  187 5  0.0203
1308  168.570  #babbbb  187 6  -0.0017
1309  168.450  #bbbbba  187 7  -0.0007
1310  168.120  #bbbbbb  188 1  -0.0020
1311  168.510  #bbbbbc  188 2  0.0023
1312  168.410  #bcbbbb  188 3  -0.0006
1313  168.110  #bcbbbc  188 4  -0.0018
1314  168.750  #bbbcbb  188 5  0.0038
1315  170.740  #bbbcbc  188 6  0.0117
1316  170.420  #bcbcbb  188 7  -0.0019
1317  170.790  #bcbcbc  189 1  0.0022
1318  170.740  #bcbcbd  189 2  -0.0003
1319  170.390  #bdbcbc  189 3  -0.0021
1320  170.530  #bdbcbd  189 4  0.0008
1321  170.590  #bcbdbc  189 5  0.0004
1322  170.690  #bcbdbd  189 6  0.0006
1323  172.560  #bdbdbc  189 7  0.0109
1324  172.620  #bdbdbd  190 1  0.0003
1325  172.600  #bdbdbe  190 2  -0.0001
1326  172.490  #bebdbd  190 3  -0.0006
1327  172.260  #bebdbe  190 4  -0.0013
1328  172.770  #bdbebd  190 5  0.0030
1329  172.540  #bdbebe  190 6  -0.0013
1330  172.490  #bebebd  190 7  -0.0003
1331  174.480  #bebebe  191 1  0.0115
1332  174.690  #bebebf  191 2  0.0012
1333  174.330  #bfbebe  191 3  -0.0021
1334  174.430  #bfbebf  191 4  0.0006
1335  174.540  #bebfbe  191 5  0.0006
1336  174.640  #bebfbf  191 6  0.0006
1337  174.300  #bfbfbe  191 7  -0.0019
1338  174.420  #bfbfbf  192 1  0.0007
1339  174.600  #bfbfc0  192 2  0.0010
1340  176.550  #c0bfbf  192 3  0.0111
1341  176.710  #c0bfc0  192 4  0.0009
1342  176.760  #bfc0bf  192 5  0.0003
1343  176.880  #bfc0c0  192 6  0.0007
1344  176.520  #c0c0bf  192 7  -0.0020
1345  176.730  #c0c0c0  193 1  0.0012
1346  176.880  #c0c0c1  193 2  0.0008
1347  178.710  #c1c0c0  193 3  0.0103
1348  178.490  #c1c0c1  193 4  -0.0012
1349  179.090  #c0c1c0  193 5  0.0034
1350  178.830  #c0c1c1  193 6  -0.0015
1351  178.680  #c1c1c0  193 7  -0.0008
1352  178.420  #c1c1c1  194 1  -0.0015
1353  178.720  #c1c1c2  194 2  0.0017
1354  178.670  #c2c1c1  194 3  -0.0003
1355  180.860  #c2c1c2  194 4  0.0122
1356  180.890  #c1c2c1  194 5  0.0002
1357  181.040  #c1c2c2  194 6  0.0008
1358  180.620  #c2c2c1  194 7  -0.0023
1359  180.770  #c2c2c2  195 1  0.0008
1360  181.010  #c2c2c3  195 2  0.0013
1361  180.630  #c3c2c2  195 3  -0.0021
1362  180.770  #c3c2c3  195 4  0.0008
1363  183.290  #c2c3c2  195 5  0.0138
1364  183.390  #c2c3c3  195 6  0.0005
1365  183.030  #c3c3c2  195 7  -0.0020
1366  183.140  #c3c3c3  196 1  0.0006
1367  183.350  #c3c3c4  196 2  0.0011
1368  183.010  #c4c3c3  196 3  -0.0019
1369  183.110  #c4c3c4  196 4  0.0005
1370  183.240  #c3c4c3  196 5  0.0007
1371  183.360  #c3c4c4  196 6  0.0007
1372  185.350  #c4c4c3  196 7  0.0108
1373  185.460  #c4c4c4  197 1  0.0006
1374  185.430  #c4c4c5  197 2  -0.0002
1375  185.320  #c5c4c4  197 3  -0.0006
1376  185.030  #c5c4c5  197 4  -0.0016
1377  185.690  #c4c5c4  197 5  0.0036
1378  185.390  #c4c5c5  197 6  -0.0016
1379  185.280  #c5c5c4  197 7  -0.0006
1380  187.620  #c5c5c5  198 1  0.0126
1381  187.810  #c5c5c6  198 2  0.0010
1382  187.410  #c6c5c5  198 3  -0.0021
1383  187.520  #c6c5c6  198 4  0.0006
1384  187.660  #c5c6c5  198 5  0.0007
1385  187.760  #c5c6c6  198 6  0.0005
1386  187.400  #c6c6c5  198 7  -0.0019
1387  187.520  #c6c6c6  199 1  0.0006
1388  187.720  #c6c6c7  199 2  0.0011
1389  189.900  #c7c6c6  199 3  0.0115
1390  190.020  #c7c6c7  199 4  0.0006
1391  190.090  #c6c7c6  199 5  0.0004
1392  190.200  #c6c7c7  199 6  0.0006
1393  189.830  #c7c7c6  199 7  -0.0019
1394  189.980  #c7c7c7  200 1  0.0008
1395  190.200  #c7c7c8  200 2  0.0012
1396  192.280  #c8c7c7  200 3  0.0109
1397  191.970  #c8c7c8  200 4  -0.0016
1398  192.580  #c7c8c7  200 5  0.0032
1399  192.330  #c7c8c8  200 6  -0.0013
1400  192.190  #c8c8c7  200 7  -0.0007
1401  192.310  #c8c8c8  201 1  0.0006
1402  192.290  #c8c8c9  201 2  -0.0001
1403  192.170  #c9c8c8  201 3  -0.0006
1404  191.910  #c9c8c9  201 4  -0.0014
1405  194.500  #c8c9c8  201 5  0.0134
1406  194.690  #c8c9c9  201 6  0.0010
1407  194.250  #c9c9c8  201 7  -0.0023
1408  194.380  #c9c9c9  202 1  0.0007
1409  194.630  #c9c9ca  202 2  0.0013
1410  194.230  #cac9c9  202 3  -0.0021
1411  194.390  #cac9ca  202 4  0.0008
1412  194.450  #c9cac9  202 5  0.0003
1413  197.090  #c9caca  202 6  0.0135
1414  196.740  #cacac9  202 7  -0.0018
1415  196.830  #cacaca  203 1  0.0005
1416  197.060  #cacacb  203 2  0.0012
1417  196.690  #cbcaca  203 3  -0.0019
1418  196.820  #cbcacb  203 4  0.0007
1419  196.900  #cacbca  203 5  0.0004
1420  197.010  #cacbcb  203 6  0.0006
1421  199.040  #cbcbca  203 7  0.0103
1422  198.730  #cbcbcb  204 1  -0.0016
1423  199.090  #cbcbcc  204 2  0.0018
1424  199.000  #cccbcb  204 3  -0.0005
1425  198.730  #cccbcc  204 4  -0.0014
1426  199.280  #cbcccb  204 5  0.0028
1427  199.060  #cbcccc  204 6  -0.0011
1428  198.960  #cccccb  204 7  -0.0005
1429  201.410  #cccccc  205 1  0.0122
1430  201.420  #cccccd  205 2  0.0000
1431  200.970  #cdcccc  205 3  -0.0022
1432  201.110  #cdcccd  205 4  0.0007
1433  201.250  #cccdcc  205 5  0.0007
1434  201.350  #cccdcd  205 6  0.0005
1435  200.940  #cdcdcc  205 7  -0.0020
1436  201.090  #cdcdcd  206 1  0.0007
1437  203.860  #cdcdce  206 2  0.0137
1438  203.450  #cecdcd  206 3  -0.0020
1439  203.580  #cecdce  206 4  0.0006
1440  203.660  #cdcecd  206 5  0.0004
1441  203.770  #cdcece  206 6  0.0005
1442  203.410  #cececd  206 7  -0.0018
1443  203.500  #cecece  207 1  0.0004
1444  203.810  #cececf  207 2  0.0015
1445  205.760  #cfcece  207 3  0.0095
1446  205.520  #cfcecf  207 4  -0.0012
1447  206.030  #cecfce  207 5  0.0025
1448  205.820  #cecfcf  207 6  -0.0010
1449  205.720  #cfcfce  207 7  -0.0005
1450  205.460  #cfcfcf  208 1  -0.0013
1451  205.800  #cfcfd0  208 2  0.0017
1452  205.720  #d0cfcf  208 3  -0.0004
1453  205.450  #d0cfd0  208 4  -0.0013
1454  208.150  #cfd0cf  208 5  0.0131
1455  208.380  #cfd0d0  208 6  0.0011
1456  207.820  #d0d0cf  208 7  -0.0027
1457  208.260  #d0d0d0  209 1  0.0021
1458  208.260  #d0d0d1  209 2  0.0000
1459  207.780  #d1d0d0  209 3  -0.0023
1460  207.960  #d1d0d1  209 4  0.0009
1461  210.960  #d0d1d0  209 5  0.0143
1462  210.690  #d0d1d1  209 6  -0.0013
1463  210.570  #d1d1d0  209 7  -0.0006
1464  210.250  #d1d1d1  210 1  -0.0015
1465  210.650  #d1d1d2  210 2  0.0019
1466  210.550  #d2d1d1  210 3  -0.0005
1467  210.240  #d2d1d2  210 4  -0.0015
1468  210.880  #d1d2d1  210 5  0.0030
1469  210.620  #d1d2d2  210 6  -0.0012
1470  213.050  #d2d2d1  210 7  0.0115
1471  212.780  #d2d2d2  211 1  -0.0013
1472  213.100  #d2d2d3  211 2  0.0015
1473  212.980  #d3d2d2  211 3  -0.0006
1474  212.710  #d3d2d3  211 4  -0.0013
1475  213.370  #d2d3d2  211 5  0.0031
1476  213.060  #d2d3d3  211 6  -0.0015
1477  212.960  #d3d3d2  211 7  -0.0005
1478  215.210  #d3d3d3  212 1  0.0105
1479  215.470  #d3d3d4  212 2  0.0012
1480  215.070  #d4d3d3  212 3  -0.0019
1481  215.170  #d4d3d4  212 4  0.0005
1482  215.320  #d3d4d3  212 5  0.0007
1483  215.450  #d3d4d4  212 6  0.0006
1484  215.040  #d4d4d3  212 7  -0.0019
1485  215.400  #d4d4d4  213 1  0.0017
1486  217.560  #d4d4d5  213 2  0.0100
1487  217.440  #d5d4d4  213 3  -0.0006
1488  217.170  #d5d4d5  213 4  -0.0012
1489  217.830  #d4d5d4  213 5  0.0030
1490  217.520  #d4d5d5  213 6  -0.0014
1491  217.410  #d5d5d4  213 7  -0.0005
1492  217.090  #d5d5d5  214 1  -0.0015
1493  217.490  #d5d5d6  214 2  0.0018
1494  219.900  #d6d5d5  214 3  0.0110
1495  219.670  #d6d5d6  214 4  -0.0010
1496  220.300  #d5d6d5  214 5  0.0029
1497  219.970  #d5d6d6  214 6  -0.0015
1498  219.880  #d6d6d5  214 7  -0.0004
1499  219.590  #d6d6d6  215 1  -0.0013
1500  219.950  #d6d6d7  215 2  0.0016
1501  219.860  #d7d6d6  215 3  -0.0004
1502  219.580  #d7d6d7  215 4  -0.0013
1503  222.290  #d6d7d6  215 5  0.0123
1504  222.400  #d6d7d7  215 6  0.0005
1505  222.030  #d7d7d6  215 7  -0.0017
1506  222.090  #d7d7d7  216 1  0.0003
1507  222.350  #d7d7d8  216 2  0.0012
1508  221.980  #d8d7d7  216 3  -0.0017
1509  222.090  #d8d7d8  216 4  0.0005
1510  224.780  #d7d8d7  216 5  0.0120
1511  224.490  #d7d8d8  216 6  -0.0013
1512  224.370  #d8d8d7  216 7  -0.0005
1513  224.490  #d8d8d8  217 1  0.0005
1514  224.480  #d8d8d9  217 2  -0.0000
1515  224.390  #d9d8d8  217 3  -0.0004
1516  224.080  #d9d8d9  217 4  -0.0014
1517  224.710  #d8d9d8  217 5  0.0028
1518  224.480  #d8d9d9  217 6  -0.0010
1519  226.870  #d9d9d8  217 7  0.0106
1520  226.600  #d9d9d9  218 1  -0.0012
1521  227.020  #d9d9da  218 2  0.0019
1522  226.870  #dad9d9  218 3  -0.0007
1523  226.580  #dad9da  218 4  -0.0013
1524  227.220  #d9dad9  218 5  0.0028
1525  226.950  #d9dada  218 6  -0.0012
1526  226.780  #dadad9  218 7  -0.0007
1527  229.080  #dadada  219 1  0.0101
1528  229.350  #dadadb  219 2  0.0012
1529  228.920  #dbdada  219 3  -0.0019
1530  229.080  #dbdadb  219 4  0.0007
1531  229.170  #dadbda  219 5  0.0004
1532  229.310  #dadbdb  219 6  0.0006
1533  228.940  #dbdbda  219 7  -0.0016
1534  229.030  #dbdbdb  220 1  0.0004
1535  231.370  #dbdbdc  220 2  0.0102
1536  231.260  #dcdbdb  220 3  -0.0005
1537  230.990  #dcdbdc  220 4  -0.0012
1538  231.540  #dbdcdb  220 5  0.0024
1539  231.300  #dbdcdc  220 6  -0.0010
1540  231.190  #dcdcdb  220 7  -0.0005
1541  231.240  #dcdcdc  221 1  0.0002
1542  231.270  #dcdcdd  221 2  0.0001
1543  233.630  #dddcdc  221 3  0.0102
1544  233.330  #dddcdd  221 4  -0.0013
1545  233.970  #dcdddc  221 5  0.0027
1546  233.700  #dcdddd  221 6  -0.0012
1547  233.560  #dddddc  221 7  -0.0006
1548  233.300  #dddddd  222 1  -0.0011
1549  233.690  #ddddde  222 2  0.0017
1550  233.550  #dedddd  222 3  -0.0006
1551  235.780  #deddde  222 4  0.0095
1552  235.870  #dddedd  222 5  0.0004
1553  236.020  #dddede  222 6  0.0006
1554  235.600  #dededd  222 7  -0.0018
1555  235.680  #dedede  223 1  0.0003
1556  235.940  #dededf  223 2  0.0011
1557  235.530  #dfdede  223 3  -0.0017
1558  235.660  #dfdedf  223 4  0.0006
1559  238.200  #dedfde  223 5  0.0107
1560  237.970  #dedfdf  223 6  -0.0010
1561  237.860  #dfdfde  223 7  -0.0005
1562  237.590  #dfdfdf  224 1  -0.0011
1563  237.930  #dfdfe0  224 2  0.0014
1564  237.820  #e0dfdf  224 3  -0.0005
1565  237.520  #e0dfe0  224 4  -0.0013
1566  238.140  #dfe0df  224 5  0.0026
1567  237.910  #dfe0e0  224 6  -0.0010
1568  240.160  #e0e0df  224 7  0.0094
1569  239.890  #e0e0e0  225 1  -0.0011
1570  240.230  #e0e0e1  225 2  0.0014
1571  240.100  #e1e0e0  225 3  -0.0005
1572  239.860  #e1e0e1  225 4  -0.0010
1573  240.470  #e0e1e0  225 5  0.0025
1574  240.220  #e0e1e1  225 6  -0.0010
1575  242.090  #e1e1e0  225 7  0.0078
1576  242.160  #e1e1e1  226 1  0.0003
1577  242.410  #e1e1e2  226 2  0.0010
1578  242.030  #e2e1e1  226 3  -0.0016
1579  242.120  #e2e1e2  226 4  0.0004
1580  242.260  #e1e2e1  226 5  0.0006
1581  242.350  #e1e2e2  226 6  0.0004
1582  241.940  #e2e2e1  226 7  -0.0017
1583  242.090  #e2e2e2  227 1  0.0006
1584  244.010  #e2e2e3  227 2  0.0079
1585  244.290  #e3e2e2  227 3  0.0011
1586  243.990  #e3e2e3  227 4  -0.0012
1587  244.650  #e2e3e2  227 5  0.0027
1588  244.350  #e2e3e3  227 6  -0.0012
1589  244.250  #e3e3e2  227 7  -0.0004
1590  243.950  #e3e3e3  228 1  -0.0012
1591  243.930  #e3e3e4  228 2  -0.0001
1592  246.280  #e4e3e3  228 3  0.0096
1593  246.370  #e4e3e4  228 4  0.0004
1594  246.590  #e3e4e3  228 5  0.0009
1595  246.720  #e3e4e4  228 6  0.0005
1596  246.270  #e4e4e3  228 7  -0.0018
1597  246.360  #e4e4e4  229 1  0.0004
1598  246.620  #e4e4e5  229 2  0.0011
1599  246.260  #e5e4e4  229 3  -0.0015
1600  248.930  #e5e4e5  229 4  0.0108
1601  249.170  #e4e5e4  229 5  0.0010
1602  249.310  #e4e5e5  229 6  0.0006
1603  248.780  #e5e5e4  229 7  -0.0021
1604  248.860  #e5e5e5  230 1  0.0003
1605  249.280  #e5e5e6  230 2  0.0017
1606  248.720  #e6e5e5  230 3  -0.0022
1607  248.830  #e6e5e6  230 4  0.0004
1608  252.050  #e5e6e5  230 5  0.0129
1609  251.760  #e5e6e6  230 6  -0.0012
1610  251.620  #e6e6e5  230 7  -0.0006
1611  251.310  #e6e6e6  231 1  -0.0012
1612  251.330  #e6e6e7  231 2  0.0001
1613  251.250  #e7e6e6  231 3  -0.0003
1614  251.240  #e7e6e7  231 4  -0.0000
1615  251.990  #e6e7e6  231 5  0.0030
1616  251.650  #e6e7e7  231 6  -0.0014
1617  253.700  #e7e7e6  231 7  0.0081
1618  253.810  #e7e7e7  232 1  0.0004
1619  253.810  #e7e7e8  232 2  0.0000
1620  253.660  #e8e7e7  232 3  -0.0006
1621  253.780  #e8e7e8  232 4  0.0005
1622  253.960  #e7e8e7  232 5  0.0007
1623  254.070  #e7e8e8  232 6  0.0004
1624  256.180  #e8e8e7  232 7  0.0083
1625  256.280  #e8e8e8  233 1  0.0004
1626  256.540  #e8e8e9  233 2  0.0010
1627  256.120  #e9e8e8  233 3  -0.0016
1628  256.230  #e9e8e9  233 4  0.0004
1629  256.340  #e8e9e8  233 5  0.0004
1630  256.490  #e8e9e9  233 6  0.0006
1631  256.070  #e9e9e8  233 7  -0.0016
1632  256.150  #e9e9e9  234 1  0.0003
1633  258.610  #e9e9ea  234 2  0.0096
1634  258.460  #eae9e9  234 3  -0.0006
1635  258.110  #eae9ea  234 4  -0.0014
1636  258.790  #e9eae9  234 5  0.0026
1637  258.530  #e9eaea  234 6  -0.0010
1638  258.420  #eaeae9  234 7  -0.0004
1639  258.170  #eaeaea  235 1  -0.0010
1640  258.120  #eaeaeb  235 2  -0.0002
1641  260.370  #ebeaea  235 3  0.0087
1642  260.520  #ebeaeb  235 4  0.0006
1643  260.680  #eaebea  235 5  0.0006
1644  260.770  #eaebeb  235 6  0.0003
1645  260.410  #ebebea  235 7  -0.0014
1646  260.490  #ebebeb  236 1  0.0003
1647  260.470  #ebebec  236 2  -0.0001
1648  260.340  #ecebeb  236 3  -0.0005
1649  262.820  #ecebec  236 4  0.0095
1650  262.980  #ebeceb  236 5  0.0006
1651  263.030  #ebecec  236 6  0.0002
1652  262.690  #ececeb  236 7  -0.0013
1653  262.770  #ececec  237 1  0.0003
1654  263.040  #ececed  237 2  0.0010
1655  262.650  #edecec  237 3  -0.0015
1656  262.720  #edeced  237 4  0.0003
1657  265.270  #ecedec  237 5  0.0097
1658  264.980  #eceded  237 6  -0.0011
1659  264.900  #ededec  237 7  -0.0003
1660  264.620  #ededed  238 1  -0.0011
1661  264.980  #ededee  238 2  0.0014
1662  264.890  #eeeded  238 3  -0.0003
1663  264.550  #eeedee  238 4  -0.0013
1664  265.210  #edeeed  238 5  0.0025
1665  267.140  #edeeee  238 6  0.0073
1666  266.750  #eeeeed  238 7  -0.0015
1667  266.820  #eeeeee  239 1  0.0003
1668  266.820  #eeeeef  239 2  0.0000
1669  266.790  #efeeee  239 3  -0.0001
1670  266.810  #efeeef  239 4  0.0001
1671  266.990  #eeefee  239 5  0.0007
1672  267.050  #eeefef  239 6  0.0002
1673  268.980  #efefee  239 7  0.0072
1674  269.060  #efefef  240 1  0.0003
1675  269.040  #efeff0  240 2  -0.0001
1676  268.940  #f0efef  240 3  -0.0004
1677  269.010  #f0eff0  240 4  0.0003
1678  269.160  #eff0ef  240 5  0.0006
1679  269.280  #eff0f0  240 6  0.0004
1680  268.930  #f0f0ef  240 7  -0.0013
1681  270.760  #f0f0f0  241 1  0.0068
1682  271.150  #f0f0f1  241 2  0.0014
1683  270.990  #f1f0f0  241 3  -0.0006
1684  270.740  #f1f0f1  241 4  -0.0009
1685  271.340  #f0f1f0  241 5  0.0022
1686  271.070  #f0f1f1  241 6  -0.0010
1687  270.970  #f1f1f0  241 7  -0.0004
1688  270.650  #f1f1f1  242 1  -0.0012
1689  271.040  #f1f1f2  242 2  0.0014
1690  272.810  #f2f1f1  242 3  0.0065
1691  272.890  #f2f1f2  242 4  0.0003
1692  273.060  #f1f2f1  242 5  0.0006
1693  273.100  #f1f2f2  242 6  0.0001
1694  272.800  #f2f2f1  242 7  -0.0011
1695  272.870  #f2f2f2  243 1  0.0003
1696  272.820  #f2f2f3  243 2  -0.0002
1697  272.720  #f3f2f2  243 3  -0.0004
1698  275.030  #f3f2f3  243 4  0.0084
1699  275.260  #f2f3f2  243 5  0.0008
1700  275.290  #f2f3f3  243 6  0.0001
1701  274.970  #f3f3f2  243 7  -0.0012
1702  275.020  #f3f3f3  244 1  0.0002
1703  275.010  #f3f3f4  244 2  -0.0000
1704  274.900  #f4f3f3  244 3  -0.0004
1705  275.000  #f4f3f4  244 4  0.0004
1706  277.420  #f3f4f3  244 5  0.0088
1707  277.100  #f3f4f4  244 6  -0.0012
1708  277.010  #f4f4f3  244 7  -0.0003
1709  276.750  #f4f4f4  245 1  -0.0009
1710  277.110  #f4f4f5  245 2  0.0013
1711  276.990  #f5f4f4  245 3  -0.0004
1712  276.680  #f5f4f5  245 4  -0.0011
1713  277.310  #f4f5f4  245 5  0.0023
1714  279.200  #f4f5f5  245 6  0.0068
1715  278.840  #f5f5f4  245 7  -0.0013
1716  278.890  #f5f5f5  246 1  0.0002
1717  279.170  #f5f5f6  246 2  0.0010
1718  278.780  #f6f5f5  246 3  -0.0014
1719  278.830  #f6f5f6  246 4  0.0002
1720  279.050  #f5f6f5  246 5  0.0008
1721  279.140  #f5f6f6  246 6  0.0003
1722  280.870  #f6f6f5  246 7  0.0062
1723  280.570  #f6f6f6  247 1  -0.0011
1724  280.560  #f6f6f7  247 2  -0.0000
1725  280.830  #f7f6f6  247 3  0.0010
1726  280.550  #f7f6f7  247 4  -0.0010
1727  281.100  #f6f7f6  247 5  0.0020
1728  280.860  #f6f7f7  247 6  -0.0009
1729  280.790  #f7f7f6  247 7  -0.0002
1730  280.480  #f7f7f7  248 1  -0.0011
1731  282.580  #f7f7f8  248 2  0.0075
1732  282.810  #f8f7f7  248 3  0.0008
1733  282.510  #f8f7f8  248 4  -0.0011
1734  282.990  #f7f8f7  248 5  0.0017
1735  282.890  #f7f8f8  248 6  -0.0004
1736  282.770  #f8f8f7  248 7  -0.0004
1737  282.470  #f8f8f8  249 1  -0.0011
1738  282.830  #f8f8f9  249 2  0.0013
1739  284.350  #f9f8f8  249 3  0.0054
1740  284.390  #f9f8f9  249 4  0.0001
1741  284.690  #f8f9f8  249 5  0.0011
1742  284.700  #f8f9f9  249 6  0.0000
1743  284.330  #f9f9f8  249 7  -0.0013
1744  284.360  #f9f9f9  250 1  0.0001
1745  284.670  #f9f9fa  250 2  0.0011
1746  284.230  #faf9f9  250 3  -0.0015
1747  285.970  #faf9fa  250 4  0.0061
1748  286.370  #f9faf9  250 5  0.0014
1749  286.120  #f9fafa  250 6  -0.0009
1750  286.170  #fafaf9  250 7  0.0002
1751  285.900  #fafafa  251 1  -0.0009
1752  285.860  #fafafb  251 2  -0.0001
1753  286.100  #fbfafa  251 3  0.0008
1754  285.850  #fbfafb  251 4  -0.0009
1755  289.110  #fafbfa  251 5  0.0113
1756  288.360  #fafbfb  251 6  -0.0026
1757  288.100  #fbfbfa  251 7  -0.0009
1758  287.510  #fbfbfb  252 1  -0.0020
1759  287.530  #fbfbfc  252 2  0.0001
1760  287.510  #fcfbfb  252 3  -0.0001
1761  287.520  #fcfbfc  252 4  0.0000
1762  289.060  #fbfcfb  252 5  0.0053
1763  292.180  #fbfcfc  252 6  0.0107
1764  290.880  #fcfcfb  252 7  -0.0045
1765  290.550  #fcfcfc  253 1  -0.0011
1766  292.120  #fcfcfd  253 2  0.0054
1767  290.850  #fdfcfc  253 3  -0.0044
1768  290.530  #fdfcfd  253 4  -0.0011
1769  292.440  #fcfdfc  253 5  0.0066
1770  291.990  #fcfdfd  253 6  -0.0015
1771  293.920  #fdfdfc  253 7  0.0066
1772  294.300  #fdfdfd  254 1  0.0013
1773  293.420  #fdfdfe  254 2  -0.0030
1774  293.900  #fefdfd  254 3  0.0016
1775  294.280  #fefdfe  254 4  0.0013
1776  292.960  #fdfefd  254 5  -0.0045
1777  293.360  #fdfefe  254 6  0.0014
1778  293.830  #fefefd  254 7  0.0016
1779  294.190  #fefefe  255 1  0.0012
1780  294.190  #fefeff  255 2  0.0000
1781  294.050  #fffefe  255 3  -0.0005
1782  294.160  #fffeff  255 4  0.0004
1783  293.880  #fefffe  255 5  -0.0010
1784  293.970  #feffff  255 6  0.0003
1785  294.010  #fffffe  255 7  0.0001
1786  294.090  #ffffff  256 1  0.0003
