#  lumResponse vers. 1.8 - 10/29/09 10:17:08
#  Display ID: L200ME_810KCQX4Y172
#  iLdelay=1  avgN=1  ILlimit_plus=0.20 ILlimit_minus=-0.05  R=22.7% G=67.0% B=10.2%
#  71.569  #ff0000
#  211.21  #00ff00
#  32.233  #0000ff
   1    0.367  #000000    1 1  0.0000
   2    0.369  #000001    1 2  0.0045
   3    0.370  #010000    1 3  0.0033
   4    0.373  #010001    1 4  0.0077
   5    0.371  #000100    1 5  -0.0064
   6    0.360  #000101    1 6  -0.0284
   7    0.366  #010100    1 7  0.0163
   8    0.370  #010101    2 1  0.0103
   9    0.363  #010102    2 2  -0.0180
  10    0.369  #020101    2 3  0.0163
  11    0.370  #020102    2 4  0.0004
  12    0.369  #010201    2 5  -0.0022
  13    0.368  #010202    2 6  -0.0011
  14    0.367  #020201    2 7  -0.0031
  15    0.372  #020202    3 1  0.0126
  16    0.367  #020203    3 2  -0.0144
  17    0.375  #030202    3 3  0.0220
  18    0.371  #030203    3 4  -0.0111
  19    0.379  #020302    3 5  0.0222
  20    0.372  #020303    3 6  -0.0196
  21    0.376  #030302    3 7  0.0118
  22    0.368  #030303    4 1  -0.0219
  23    0.371  #030304    4 2  0.0075
  24    0.370  #040303    4 3  -0.0005
  25    0.368  #040304    4 4  -0.0054
  26    0.388  #030403    4 5  0.0522
  27    0.384  #030404    4 6  -0.0107
  28    0.384  #040403    4 7  0.0008
  29    0.379  #040404    5 1  -0.0136
  30    0.393  #040405    5 2  0.0360
  31    0.377  #050404    5 3  -0.0407
  32    0.378  #050405    5 4  0.0003
  33    0.376  #040504    5 5  -0.0029
  34    0.381  #040505    5 6  0.0126
  35    0.407  #050504    5 7  0.0659
  36    0.409  #050505    6 1  0.0034
  37    0.396  #050506    6 2  -0.0312
  38    0.387  #060505    6 3  -0.0235
  39    0.388  #060506    6 4  0.0031
  40    0.395  #050605    6 5  0.0170
  41    0.407  #050606    6 6  0.0310
  42    0.392  #060605    6 7  -0.0368
  43    0.405  #060606    7 1  0.0319
  44    0.410  #060607    7 2  0.0122
  45    0.398  #070606    7 3  -0.0301
  46    0.399  #070607    7 4  0.0023
  47    0.412  #060706    7 5  0.0318
  48    0.408  #060707    7 6  -0.0095
  49    0.411  #070706    7 7  0.0068
  50    0.404  #070707    8 1  -0.0157
  51    0.428  #070708    8 2  0.0568
  52    0.421  #080707    8 3  -0.0155
  53    0.421  #080708    8 4  -0.0014
  54    0.430  #070807    8 5  0.0220
  55    0.426  #070808    8 6  -0.0100
  56    0.432  #080807    8 7  0.0140
  57    0.427  #080808    9 1  -0.0103
  58    0.428  #080809    9 2  0.0007
  59    0.450  #090808    9 3  0.0514
  60    0.449  #090809    9 4  -0.0020
  61    0.444  #080908    9 5  -0.0124
  62    0.456  #080909    9 6  0.0262
  63    0.452  #090908    9 7  -0.0076
  64    0.448  #090909   10 1  -0.0086
  65    0.451  #09090a   10 2  0.0066
  66    0.440  #0a0909   10 3  -0.0257
  67    0.488  #0a090a   10 4  0.1047
  68    0.486  #090a09   10 5  -0.0054
  69    0.476  #090a0a   10 6  -0.0204
  70    0.485  #0a0a09   10 7  0.0185
  71    0.501  #0a0a0a   11 1  0.0333
  72    0.479  #0a0a0b   11 2  -0.0455
  73    0.478  #0b0a0a   11 3  -0.0029
  74    0.492  #0b0a0b   11 4  0.0305
  75    0.521  #0a0b0a   11 5  0.0573
  76    0.521  #0a0b0b   11 6  -0.0001
  77    0.518  #0b0b0a   11 7  -0.0058
  78    0.524  #0b0b0b   12 1  0.0105
  79    0.516  #0b0b0c   12 2  -0.0151
  80    0.514  #0c0b0b   12 3  -0.0030
  81    0.513  #0c0b0c   12 4  -0.0031
  82    0.514  #0b0c0b   12 5  0.0028
  83    0.570  #0b0c0c   12 6  0.1027
  84    0.575  #0c0c0b   12 7  0.0081
  85    0.573  #0c0c0c   13 1  -0.0034
  86    0.573  #0c0c0d   13 2  0.0010
  87    0.568  #0d0c0c   13 3  -0.0094
  88    0.561  #0d0c0d   13 4  -0.0127
  89    0.576  #0c0d0c   13 5  0.0270
  90    0.572  #0c0d0d   13 6  -0.0073
  91    0.642  #0d0d0c   13 7  0.1160
  92    0.638  #0d0d0d   14 1  -0.0060
  93    0.622  #0d0d0e   14 2  -0.0253
  94    0.622  #0e0d0d   14 3  0.0000
  95    0.616  #0e0d0e   14 4  -0.0097
  96    0.642  #0d0e0d   14 5  0.0400
  97    0.619  #0d0e0e   14 6  -0.0364
  98    0.643  #0e0e0d   14 7  0.0387
  99    0.632  #0e0e0e   15 1  -0.0181
 100    0.701  #0e0e0f   15 2  0.1036
 101    0.697  #0f0e0e   15 3  -0.0051
 102    0.689  #0f0e0f   15 4  -0.0120
 103    0.706  #0e0f0e   15 5  0.0243
 104    0.698  #0e0f0f   15 6  -0.0114
 105    0.697  #0f0f0e   15 7  -0.0010
 106    0.700  #0f0f0f   16 1  0.0041
 107    0.700  #0f0f10   16 2  0.0004
 108    0.767  #100f0f   16 3  0.0917
 109    0.778  #100f10   16 4  0.0137
 110    0.780  #0f100f   16 5  0.0026
 111    0.783  #0f1010   16 6  0.0037
 112    0.781  #10100f   16 7  -0.0023
 113    0.783  #101010   17 1  0.0018
 114    0.779  #101011   17 2  -0.0050
 115    0.767  #111010   17 3  -0.0147
 116    0.847  #111011   17 4  0.0987
 117    0.875  #101110   17 5  0.0322
 118    0.861  #101111   17 6  -0.0156
 119    0.870  #111110   17 7  0.0101
 120    0.862  #111111   18 1  -0.0092
 121    0.862  #111112   18 2  0.0004
 122    0.854  #121111   18 3  -0.0091
 123    0.839  #121112   18 4  -0.0179
 124    0.950  #111211   18 5  0.1232
 125    0.955  #111212   18 6  0.0053
 126    0.955  #121211   18 7  0.0009
 127    0.943  #121212   19 1  -0.0131
 128    0.948  #121213   19 2  0.0053
 129    0.938  #131212   19 3  -0.0101
 130    0.940  #131213   19 4  0.0021
 131    0.947  #121312   19 5  0.0072
 132    0.948  #121313   19 6  0.0011
 133    1.068  #131312   19 7  0.1184
 134    1.060  #131313   20 1  -0.0076
 135    1.054  #131314   20 2  -0.0057
 136    1.047  #141313   20 3  -0.0059
 137    1.049  #141314   20 4  0.0019
 138    1.056  #131413   20 5  0.0067
 139    1.055  #131414   20 6  -0.0017
 140    1.188  #141413   20 7  0.1185
 141    1.196  #141414   21 1  0.0070
 142    1.173  #141415   21 2  -0.0192
 143    1.160  #151414   21 3  -0.0114
 144    1.148  #151415   21 4  -0.0107
 145    1.186  #141514   21 5  0.0331
 146    1.192  #141515   21 6  0.0052
 147    1.187  #151514   21 7  -0.0049
 148    1.191  #151515   22 1  0.0038
 149    1.303  #151516   22 2  0.0901
 150    1.294  #161515   22 3  -0.0069
 151    1.290  #161516   22 4  -0.0034
 152    1.308  #151615   22 5  0.0138
 153    1.304  #151616   22 6  -0.0028
 154    1.313  #161615   22 7  0.0067
 155    1.301  #161616   23 1  -0.0091
 156    1.306  #161617   23 2  0.0036
 157    1.436  #171616   23 3  0.0951
 158    1.427  #171617   23 4  -0.0062
 159    1.474  #161716   23 5  0.0325
 160    1.447  #161717   23 6  -0.0187
 161    1.474  #171716   23 7  0.0181
 162    1.470  #171717   24 1  -0.0026
 163    1.455  #171718   24 2  -0.0102
 164    1.460  #181717   24 3  0.0037
 165    1.609  #181718   24 4  0.0970
 166    1.662  #171817   24 5  0.0323
 167    1.634  #171818   24 6  -0.0167
 168    1.679  #181817   24 7  0.0269
 169    1.659  #181818   25 1  -0.0120
 170    1.631  #181819   25 2  -0.0167
 171    1.625  #191818   25 3  -0.0039
 172    1.614  #191819   25 4  -0.0067
 173    1.824  #181918   25 5  0.1223
 174    1.829  #181919   25 6  0.0027
 175    1.815  #191918   25 7  -0.0076
 176    1.825  #191919   26 1  0.0052
 177    1.833  #19191a   26 2  0.0043
 178    1.801  #1a1919   26 3  -0.0172
 179    1.810  #1a191a   26 4  0.0047
 180    1.825  #191a19   26 5  0.0084
 181    2.022  #191a1a   26 6  0.1025
 182    2.046  #1a1a19   26 7  0.0115
 183    2.045  #1a1a1a   27 1  -0.0003
 184    2.018  #1a1a1b   27 2  -0.0133
 185    2.008  #1b1a1a   27 3  -0.0049
 186    1.990  #1b1a1b   27 4  -0.0091
 187    2.045  #1a1b1a   27 5  0.0276
 188    2.019  #1a1b1b   27 6  -0.0128
 189    2.279  #1b1b1a   27 7  0.1207
 190    2.289  #1b1b1b   28 1  0.0044
 191    2.253  #1b1b1c   28 2  -0.0157
 192    2.248  #1c1b1b   28 3  -0.0024
 193    2.217  #1c1b1c   28 4  -0.0138
 194    2.287  #1b1c1b   28 5  0.0310
 195    2.281  #1b1c1c   28 6  -0.0023
 196    2.277  #1c1c1b   28 7  -0.0018
 197    2.466  #1c1c1c   29 1  0.0793
 198    2.493  #1c1c1d   29 2  0.0112
 199    2.456  #1d1c1c   29 3  -0.0149
 200    2.471  #1d1c1d   29 4  0.0058
 201    2.465  #1c1d1c   29 5  -0.0023
 202    2.482  #1c1d1d   29 6  0.0071
 203    2.472  #1d1d1c   29 7  -0.0044
 204    2.473  #1d1d1d   30 1  0.0005
 205    2.481  #1d1d1e   30 2  0.0033
 206    2.679  #1e1d1d   30 3  0.0767
 207    2.661  #1e1d1e   30 4  -0.0066
 208    2.698  #1d1e1d   30 5  0.0137
 209    2.691  #1d1e1e   30 6  -0.0027
 210    2.699  #1e1e1d   30 7  0.0030
 211    2.693  #1e1e1e   31 1  -0.0022
 212    2.672  #1e1e1f   31 2  -0.0078
 213    2.676  #1f1e1e   31 3  0.0016
 214    2.880  #1f1e1f   31 4  0.0734
 215    2.936  #1e1f1e   31 5  0.0193
 216    2.913  #1e1f1f   31 6  -0.0080
 217    2.936  #1f1f1e   31 7  0.0080
 218    2.932  #1f1f1f   32 1  -0.0015
 219    2.909  #1f1f20   32 2  -0.0080
 220    2.907  #201f1f   32 3  -0.0005
 221    2.874  #201f20   32 4  -0.0115
 222    3.121  #1f201f   32 5  0.0825
 223    3.133  #1f2020   32 6  0.0038
 224    3.124  #20201f   32 7  -0.0028
 225    3.114  #202020   33 1  -0.0033
 226    3.123  #202021   33 2  0.0028
 227    3.105  #212020   33 3  -0.0057
 228    3.110  #212021   33 4  0.0015
 229    3.119  #202120   33 5  0.0029
 230    3.334  #202121   33 6  0.0667
 231    3.364  #212120   33 7  0.0089
 232    3.365  #212121   34 1  0.0004
 233    3.341  #212122   34 2  -0.0072
 234    3.328  #222121   34 3  -0.0037
 235    3.300  #222122   34 4  -0.0086
 236    3.356  #212221   34 5  0.0167
 237    3.326  #212222   34 6  -0.0090
 238    3.623  #222221   34 7  0.0857
 239    3.619  #222222   35 1  -0.0013
 240    3.584  #222223   35 2  -0.0097
 241    3.582  #232222   35 3  -0.0006
 242    3.555  #232223   35 4  -0.0074
 243    3.604  #222322   35 5  0.0138
 244    3.578  #222323   35 6  -0.0075
 245    3.608  #232322   35 7  0.0086
 246    3.601  #232323   36 1  -0.0021
 247    3.855  #232324   36 2  0.0683
 248    3.805  #242323   36 3  -0.0131
 249    3.827  #242324   36 4  0.0057
 250    3.841  #232423   36 5  0.0037
 251    3.845  #232424   36 6  0.0011
 252    3.823  #242423   36 7  -0.0058
 253    3.838  #242424   37 1  0.0041
 254    3.839  #242425   37 2  0.0002
 255    4.068  #252424   37 3  0.0578
 256    4.046  #252425   37 4  -0.0054
 257    4.105  #242524   37 5  0.0145
 258    4.074  #242525   37 6  -0.0076
 259    4.108  #252524   37 7  0.0083
 260    4.103  #252525   38 1  -0.0013
 261    4.067  #252526   38 2  -0.0088
 262    4.061  #262525   38 3  -0.0014
 263    4.318  #262526   38 4  0.0614
 264    4.385  #252625   38 5  0.0152
 265    4.350  #252626   38 6  -0.0079
 266    4.374  #262625   38 7  0.0055
 267    4.378  #262626   39 1  0.0010
 268    4.343  #262627   39 2  -0.0081
 269    4.335  #272626   39 3  -0.0018
 270    4.309  #272627   39 4  -0.0061
 271    4.608  #262726   39 5  0.0671
 272    4.620  #262727   39 6  0.0025
 273    4.604  #272726   39 7  -0.0034
 274    4.602  #272727   40 1  -0.0004
 275    4.630  #272728   40 2  0.0061
 276    4.579  #282727   40 3  -0.0111
 277    4.591  #282728   40 4  0.0025
 278    4.604  #272827   40 5  0.0030
 279    4.869  #272828   40 6  0.0559
 280    4.907  #282827   40 7  0.0077
 281    4.903  #282828   41 1  -0.0008
 282    4.872  #282829   41 2  -0.0062
 283    4.864  #292828   41 3  -0.0018
 284    4.833  #292829   41 4  -0.0063
 285    4.897  #282928   41 5  0.0130
 286    4.863  #282929   41 6  -0.0069
 287    5.165  #292928   41 7  0.0603
 288    5.171  #292929   42 1  0.0011
 289    5.173  #29292a   42 2  0.0003
 290    5.136  #2a2929   42 3  -0.0070
 291    5.143  #2a292a   42 4  0.0013
 292    5.152  #292a29   42 5  0.0017
 293    5.166  #292a2a   42 6  0.0027
 294    5.155  #2a2a29   42 7  -0.0022
 295    5.491  #2a2a2a   43 1  0.0631
 296    5.499  #2a2a2b   43 2  0.0016
 297    5.453  #2b2a2a   43 3  -0.0085
 298    5.480  #2b2a2b   43 4  0.0049
 299    5.480  #2a2b2a   43 5  0.0001
 300    5.499  #2a2b2b   43 6  0.0035
 301    5.487  #2b2b2a   43 7  -0.0022
 302    5.489  #2b2b2b   44 1  0.0004
 303    5.500  #2b2b2c   44 2  0.0020
 304    5.802  #2c2b2b   44 3  0.0534
 305    5.750  #2c2b2c   44 4  -0.0090
 306    5.846  #2b2c2b   44 5  0.0165
 307    5.805  #2b2c2c   44 6  -0.0071
 308    5.843  #2c2c2b   44 7  0.0065
 309    5.843  #2c2c2c   45 1  0.0001
 310    5.797  #2c2c2d   45 2  -0.0079
 311    6.107  #2d2c2c   45 3  0.0521
 312    6.120  #2d2c2d   45 4  0.0021
 313    6.136  #2c2d2c   45 5  0.0025
 314    6.156  #2c2d2d   45 6  0.0032
 315    6.132  #2d2d2c   45 7  -0.0038
 316    6.138  #2d2d2d   46 1  0.0010
 317    6.146  #2d2d2e   46 2  0.0013
 318    6.112  #2e2d2d   46 3  -0.0057
 319    6.126  #2e2d2e   46 4  0.0024
 320    6.507  #2d2e2d   46 5  0.0602
 321    6.526  #2d2e2e   46 6  0.0029
 322    6.509  #2e2e2d   46 7  -0.0026
 323    6.509  #2e2e2e   47 1  0.0001
 324    6.515  #2e2e2f   47 2  0.0009
 325    6.476  #2f2e2e   47 3  -0.0060
 326    6.507  #2f2e2f   47 4  0.0047
 327    6.500  #2e2f2e   47 5  -0.0010
 328    6.852  #2e2f2f   47 6  0.0528
 329    6.892  #2f2f2e   47 7  0.0058
 330    6.892  #2f2f2f   48 1  -0.0000
 331    6.846  #2f2f30   48 2  -0.0067
 332    6.839  #302f2f   48 3  -0.0009
 333    6.796  #302f30   48 4  -0.0064
 334    6.885  #2f302f   48 5  0.0129
 335    6.838  #2f3030   48 6  -0.0068
 336    7.203  #30302f   48 7  0.0520
 337    7.205  #303030   49 1  0.0003
 338    7.223  #303031   49 2  0.0026
 339    7.172  #313030   49 3  -0.0071
 340    7.193  #313031   49 4  0.0030
 341    7.208  #303130   49 5  0.0020
 342    7.227  #303131   49 6  0.0027
 343    7.202  #313130   49 7  -0.0036
 344    7.625  #313131   50 1  0.0571
 345    7.643  #313132   50 2  0.0023
 346    7.608  #323131   50 3  -0.0046
 347    7.601  #323132   50 4  -0.0009
 348    7.622  #313231   50 5  0.0027
 349    7.641  #313232   50 6  0.0025
 350    7.621  #323231   50 7  -0.0026
 351    7.607  #323232   51 1  -0.0018
 352    7.628  #323233   51 2  0.0028
 353    8.002  #333232   51 3  0.0479
 354    7.956  #333233   51 4  -0.0058
 355    8.061  #323332   51 5  0.0131
 356    8.011  #323333   51 6  -0.0063
 357    8.039  #333332   51 7  0.0035
 358    8.053  #333333   52 1  0.0018
 359    8.002  #333334   52 2  -0.0063
 360    7.994  #343333   52 3  -0.0010
 361    8.399  #343334   52 4  0.0494
 362    8.398  #333433   52 5  -0.0002
 363    8.418  #333434   52 6  0.0025
 364    8.403  #343433   52 7  -0.0018
 365    8.390  #343434   53 1  -0.0015
 366    8.411  #343435   53 2  0.0025
 367    8.359  #353434   53 3  -0.0063
 368    8.375  #353435   53 4  0.0019
 369    8.837  #343534   53 5  0.0537
 370    8.855  #343535   53 6  0.0020
 371    8.833  #353534   53 7  -0.0024
 372    8.835  #353535   54 1  0.0002
 373    8.852  #353536   54 2  0.0019
 374    8.801  #363535   54 3  -0.0057
 375    8.815  #363536   54 4  0.0015
 376    8.825  #353635   54 5  0.0012
 377    9.234  #353636   54 6  0.0453
 378    9.293  #363635   54 7  0.0063
 379    9.285  #363636   55 1  -0.0008
 380    9.233  #363637   55 2  -0.0056
 381    9.232  #373636   55 3  -0.0001
 382    9.191  #373637   55 4  -0.0045
 383    9.281  #363736   55 5  0.0098
 384    9.240  #363737   55 6  -0.0045
 385    9.680  #373736   55 7  0.0466
 386    9.672  #373737   56 1  -0.0008
 387    9.697  #373738   56 2  0.0026
 388    9.638  #383737   56 3  -0.0061
 389    9.647  #383738   56 4  0.0009
 390    9.677  #373837   56 5  0.0031
 391    9.699  #373838   56 6  0.0022
 392    9.683  #383837   56 7  -0.0017
 393   10.184  #383838   57 1  0.0505
 394   10.190  #383839   57 2  0.0006
 395   10.139  #393838   57 3  -0.0050
 396   10.175  #393839   57 4  0.0035
 397   10.175  #383938   57 5  0.0000
 398   10.187  #383939   57 6  0.0012
 399   10.166  #393938   57 7  -0.0021
 400   10.164  #393939   58 1  -0.0002
 401   10.615  #39393a   58 2  0.0434
 402   10.603  #3a3939   58 3  -0.0011
 403   10.557  #3a393a   58 4  -0.0043
 404   10.672  #393a39   58 5  0.0108
 405   10.614  #393a3a   58 6  -0.0054
 406   10.673  #3a3a39   58 7  0.0055
 407   10.680  #3a3a3a   59 1  0.0007
 408   10.602  #3a3a3b   59 2  -0.0073
 409   11.052  #3b3a3a   59 3  0.0416
 410   11.061  #3b3a3b   59 4  0.0008
 411   11.079  #3a3b3a   59 5  0.0016
 412   11.100  #3a3b3b   59 6  0.0019
 413   11.095  #3b3b3a   59 7  -0.0005
 414   11.075  #3b3b3b   60 1  -0.0018
 415   11.102  #3b3b3c   60 2  0.0024
 416   11.039  #3c3b3b   60 3  -0.0057
 417   11.056  #3c3b3c   60 4  0.0015
 418   11.636  #3b3c3b   60 5  0.0511
 419   11.563  #3b3c3c   60 6  -0.0063
 420   11.627  #3c3c3b   60 7  0.0055
 421   11.627  #3c3c3c   61 1  0.0000
 422   11.561  #3c3c3d   61 2  -0.0057
 423   11.549  #3d3c3c   61 3  -0.0010
 424   11.494  #3d3c3d   61 4  -0.0048
 425   11.629  #3c3d3c   61 5  0.0117
 426   12.147  #3c3d3d   61 6  0.0436
 427   12.228  #3d3d3c   61 7  0.0066
 428   12.233  #3d3d3d   62 1  0.0004
 429   12.150  #3d3d3e   62 2  -0.0068
 430   12.131  #3e3d3d   62 3  -0.0016
 431   12.059  #3e3d3e   62 4  -0.0060
 432   12.211  #3d3e3d   62 5  0.0125
 433   12.142  #3d3e3e   62 6  -0.0057
 434   12.737  #3e3e3d   62 7  0.0478
 435   12.717  #3e3e3e   63 1  -0.0016
 436   12.739  #3e3e3f   63 2  0.0017
 437   12.655  #3f3e3e   63 3  -0.0066
 438   12.681  #3f3e3f   63 4  0.0021
 439   12.711  #3e3f3e   63 5  0.0024
 440   12.735  #3e3f3f   63 6  0.0019
 441   12.710  #3f3f3e   63 7  -0.0020
 442   12.712  #3f3f3f   64 1  0.0002
 443   13.296  #3f3f40   64 2  0.0449
 444   13.284  #403f3f   64 3  -0.0009
 445   13.202  #403f40   64 4  -0.0062
 446   13.371  #3f403f   64 5  0.0127
 447   13.286  #3f4040   64 6  -0.0064
 448   13.362  #40403f   64 7  0.0057
 449   13.362  #404040   65 1  0.0000
 450   13.994  #404041   65 2  0.0462
 451   13.979  #414040   65 3  -0.0011
 452   13.905  #414041   65 4  -0.0053
 453   14.064  #404140   65 5  0.0114
 454   13.978  #404141   65 6  -0.0061
 455   14.063  #414140   65 7  0.0061
 456   14.163  #414141   66 1  0.0071
 457   14.073  #414142   66 2  -0.0064
 458   14.678  #424141   66 3  0.0421
 459   14.701  #424142   66 4  0.0016
 460   14.715  #414241   66 5  0.0010
 461   14.760  #414242   66 6  0.0031
 462   14.705  #424241   66 7  -0.0037
 463   14.716  #424242   67 1  0.0007
 464   14.743  #424243   67 2  0.0018
 465   14.648  #434242   67 3  -0.0065
 466   14.675  #434243   67 4  0.0018
 467   15.451  #424342   67 5  0.0515
 468   15.358  #424343   67 6  -0.0060
 469   15.360  #434342   67 7  0.0001
 470   15.446  #434343   68 1  0.0056
 471   15.366  #434344   68 2  -0.0052
 472   15.335  #444343   68 3  -0.0020
 473   15.261  #444344   68 4  -0.0048
 474   15.450  #434443   68 5  0.0123
 475   16.124  #434444   68 6  0.0427
 476   16.194  #444443   68 7  0.0043
 477   16.203  #444444   69 1  0.0006
 478   16.122  #444445   69 2  -0.0050
 479   16.099  #454444   69 3  -0.0014
 480   16.019  #454445   69 4  -0.0050
 481   16.201  #444544   69 5  0.0113
 482   16.089  #444545   69 6  -0.0069
 483   16.824  #454544   69 7  0.0447
 484   16.823  #454545   70 1  -0.0001
 485   16.847  #454546   70 2  0.0014
 486   16.759  #464545   70 3  -0.0052
 487   16.789  #464546   70 4  0.0018
 488   16.815  #454645   70 5  0.0015
 489   16.857  #454646   70 6  0.0025
 490   16.820  #464645   70 7  -0.0022
 491   17.656  #464646   71 1  0.0485
 492   17.569  #464647   71 2  -0.0049
 493   17.554  #474646   71 3  -0.0009
 494   17.454  #474647   71 4  -0.0057
 495   17.644  #464746   71 5  0.0108
 496   17.565  #464747   71 6  -0.0045
 497   17.543  #474746   71 7  -0.0013
 498   17.648  #474747   72 1  0.0060
 499   17.544  #474748   72 2  -0.0059
 500   18.379  #484747   72 3  0.0465
 501   18.315  #484748   72 4  -0.0035
 502   18.507  #474847   72 5  0.0104
 503   18.400  #474848   72 6  -0.0058
 504   18.488  #484847   72 7  0.0048
 505   18.503  #484848   73 1  0.0008
 506   18.393  #484849   73 2  -0.0060
 507   19.137  #494848   73 3  0.0396
 508   19.197  #494849   73 4  0.0031
 509   19.202  #484948   73 5  0.0003
 510   19.251  #484949   73 6  0.0025
 511   19.203  #494948   73 7  -0.0025
 512   19.199  #494949   74 1  -0.0002
 513   19.241  #49494a   74 2  0.0022
 514   19.129  #4a4949   74 3  -0.0058
 515   19.175  #4a494a   74 4  0.0024
 516   20.115  #494a49   74 5  0.0478
 517   20.047  #494a4a   74 6  -0.0034
 518   20.113  #4a4a49   74 7  0.0033
 519   20.107  #4a4a4a   75 1  -0.0003
 520   20.019  #4a4a4b   75 2  -0.0044
 521   19.987  #4b4a4a   75 3  -0.0016
 522   19.905  #4b4a4b   75 4  -0.0041
 523   20.108  #4a4b4a   75 5  0.0101
 524   20.942  #4a4b4b   75 6  0.0406
 525   20.945  #4b4b4a   75 7  0.0001
 526   21.042  #4b4b4b   76 1  0.0046
 527   20.924  #4b4b4c   76 2  -0.0056
 528   20.944  #4c4b4b   76 3  0.0010
 529   20.814  #4c4b4c   76 4  -0.0062
 530   21.039  #4b4c4b   76 5  0.0108
 531   20.943  #4b4c4c   76 6  -0.0046
 532   21.825  #4c4c4b   76 7  0.0412
 533   21.817  #4c4c4c   77 1  -0.0004
 534   21.862  #4c4c4d   77 2  0.0021
 535   21.724  #4d4c4c   77 3  -0.0063
 536   21.786  #4d4c4d   77 4  0.0028
 537   21.806  #4c4d4c   77 5  0.0009
 538   21.868  #4c4d4d   77 6  0.0028
 539   21.804  #4d4d4c   77 7  -0.0029
 540   22.806  #4d4d4d   78 1  0.0449
 541   22.693  #4d4d4e   78 2  -0.0050
 542   22.651  #4e4d4d   78 3  -0.0019
 543   22.579  #4e4d4e   78 4  -0.0032
 544   22.813  #4d4e4d   78 5  0.0103
 545   22.670  #4d4e4e   78 6  -0.0063
 546   22.787  #4e4e4d   78 7  0.0051
 547   22.792  #4e4e4e   79 1  0.0002
 548   22.666  #4e4e4f   79 2  -0.0055
 549   23.523  #4f4e4e   79 3  0.0371
 550   23.587  #4f4e4f   79 4  0.0027
 551   23.592  #4e4f4e   79 5  0.0002
 552   23.642  #4e4f4f   79 6  0.0021
 553   23.519  #4f4f4e   79 7  -0.0052
 554   23.576  #4f4f4f   80 1  0.0024
 555   23.645  #4f4f50   80 2  0.0029
 556   24.552  #504f4f   80 3  0.0376
 557   24.598  #504f50   80 4  0.0019
 558   24.611  #4f504f   80 5  0.0005
 559   24.671  #4f5050   80 6  0.0024
 560   24.617  #50504f   80 7  -0.0022
 561   24.600  #505050   81 1  -0.0007
 562   24.672  #505051   81 2  0.0029
 563   24.512  #515050   81 3  -0.0065
 564   24.572  #515051   81 4  0.0024
 565   25.654  #505150   81 5  0.0431
 566   25.544  #505151   81 6  -0.0043
 567   25.652  #515150   81 7  0.0042
 568   25.644  #515151   82 1  -0.0003
 569   25.558  #515152   82 2  -0.0034
 570   25.503  #525151   82 3  -0.0022
 571   25.395  #525152   82 4  -0.0042
 572   25.634  #515251   82 5  0.0094
 573   26.542  #515252   82 6  0.0348
 574   26.485  #525251   82 7  -0.0021
 575   26.478  #525252   83 1  -0.0003
 576   26.541  #525253   83 2  0.0024
 577   26.411  #535252   83 3  -0.0049
 578   26.441  #535253   83 4  0.0011
 579   26.467  #525352   83 5  0.0010
 580   26.516  #525353   83 6  0.0018
 581   27.479  #535352   83 7  0.0357
 582   27.559  #535353   84 1  0.0029
 583   27.619  #535354   84 2  0.0022
 584   27.468  #545353   84 3  -0.0055
 585   27.531  #545354   84 4  0.0023
 586   27.551  #535453   84 5  0.0007
 587   27.592  #535454   84 6  0.0015
 588   27.514  #545453   84 7  -0.0028
 589   28.618  #545454   85 1  0.0393
 590   28.499  #545455   85 2  -0.0042
 591   28.459  #555454   85 3  -0.0014
 592   28.358  #555455   85 4  -0.0036
 593   28.600  #545554   85 5  0.0085
 594   28.473  #545555   85 6  -0.0045
 595   28.600  #555554   85 7  0.0045
 596   28.619  #555555   86 1  0.0007
 597   29.528  #555556   86 2  0.0313
 598   29.403  #565555   86 3  -0.0042
 599   29.456  #565556   86 4  0.0018
 600   29.457  #555655   86 5  0.0000
 601   29.537  #555656   86 6  0.0027
 602   29.497  #565655   86 7  -0.0014
 603   29.499  #565656   87 1  0.0001
 604   29.557  #565657   87 2  0.0020
 605   30.534  #575656   87 3  0.0325
 606   30.576  #575657   87 4  0.0014
 607   30.600  #565756   87 5  0.0008
 608   30.632  #565757   87 6  0.0010
 609   30.505  #575756   87 7  -0.0042
 610   30.596  #575757   88 1  0.0030
 611   30.656  #575758   88 2  0.0020
 612   30.505  #585757   88 3  -0.0049
 613   30.546  #585758   88 4  0.0013
 614   31.679  #575857   88 5  0.0364
 615   31.585  #575858   88 6  -0.0030
 616   31.668  #585857   88 7  0.0026
 617   31.675  #585858   89 1  0.0002
 618   31.579  #585859   89 2  -0.0030
 619   31.537  #595858   89 3  -0.0013
 620   31.438  #595859   89 4  -0.0031
 621   32.564  #585958   89 5  0.0352
 622   32.610  #585959   89 6  0.0014
 623   32.556  #595958   89 7  -0.0017
 624   32.552  #595959   90 1  -0.0001
 625   32.601  #59595a   90 2  0.0015
 626   32.484  #5a5959   90 3  -0.0036
 627   32.513  #5a595a   90 4  0.0009
 628   32.542  #595a59   90 5  0.0009
 629   32.612  #595a5a   90 6  0.0021
 630   33.695  #5a5a59   90 7  0.0327
 631   33.682  #5a5a5a   91 1  -0.0004
 632   33.741  #5a5a5b   91 2  0.0018
 633   33.587  #5b5a5a   91 3  -0.0046
 634   33.667  #5b5a5b   91 4  0.0024
 635   33.673  #5a5b5a   91 5  0.0002
 636   33.739  #5a5b5b   91 6  0.0020
 637   33.601  #5b5b5a   91 7  -0.0041
 638   34.844  #5b5b5b   92 1  0.0363
 639   34.700  #5b5b5c   92 2  -0.0041
 640   34.682  #5c5b5b   92 3  -0.0005
 641   34.558  #5c5b5c   92 4  -0.0036
 642   34.808  #5b5c5b   92 5  0.0072
 643   34.712  #5b5c5c   92 6  -0.0028
 644   34.826  #5c5c5b   92 7  0.0033
 645   34.815  #5c5c5c   93 1  -0.0003
 646   35.878  #5c5c5d   93 2  0.0301
 647   35.687  #5d5c5c   93 3  -0.0053
 648   35.769  #5d5c5d   93 4  0.0023
 649   35.763  #5c5d5c   93 5  -0.0002
 650   35.841  #5c5d5d   93 6  0.0022
 651   35.755  #5d5d5c   93 7  -0.0024
 652   35.772  #5d5d5d   94 1  0.0005
 653   35.818  #5d5d5e   94 2  0.0013
 654   36.940  #5e5d5d   94 3  0.0308
 655   37.008  #5e5d5e   94 4  0.0018
 656   37.012  #5d5e5d   94 5  0.0001
 657   37.111  #5d5e5e   94 6  0.0027
 658   37.018  #5e5e5d   94 7  -0.0025
 659   36.986  #5e5e5e   95 1  -0.0009
 660   37.058  #5e5e5f   95 2  0.0019
 661   36.907  #5f5e5e   95 3  -0.0041
 662   36.986  #5f5e5f   95 4  0.0021
 663   38.209  #5e5f5e   95 5  0.0325
 664   38.069  #5e5f5f   95 6  -0.0037
 665   38.040  #5f5f5e   95 7  -0.0008
 666   38.205  #5f5f5f   96 1  0.0043
 667   38.055  #5f5f60   96 2  -0.0039
 668   38.054  #605f5f   96 3  -0.0000
 669   37.928  #605f60   96 4  -0.0033
 670   38.173  #5f605f   96 5  0.0064
 671   39.236  #5f6060   96 6  0.0275
 672   39.168  #60605f   96 7  -0.0017
 673   39.164  #606060   97 1  -0.0001
 674   39.213  #606061   97 2  0.0013
 675   39.053  #616060   97 3  -0.0041
 676   39.108  #616061   97 4  0.0014
 677   39.135  #606160   97 5  0.0007
 678   39.188  #606161   97 6  0.0014
 679   40.384  #616160   97 7  0.0301
 680   40.349  #616161   98 1  -0.0009
 681   40.245  #616162   98 2  -0.0026
 682   40.230  #626161   98 3  -0.0004
 683   40.076  #626162   98 4  -0.0038
 684   40.366  #616261   98 5  0.0072
 685   40.212  #616262   98 6  -0.0038
 686   40.185  #626261   98 7  -0.0007
 687   41.589  #626262   99 1  0.0343
 688   41.438  #626263   99 2  -0.0036
 689   41.413  #636262   99 3  -0.0006
 690   41.308  #636263   99 4  -0.0025
 691   41.538  #626362   99 5  0.0056
 692   41.455  #626363   99 6  -0.0020
 693   41.407  #636362   99 7  -0.0012
 694   41.430  #636363  100 1  0.0006
 695   42.644  #636364  100 2  0.0289
 696   42.461  #646363  100 3  -0.0043
 697   42.543  #646364  100 4  0.0019
 698   42.575  #636463  100 5  0.0008
 699   42.638  #636464  100 6  0.0015
 700   42.523  #646463  100 7  -0.0027
 701   42.556  #646464  101 1  0.0008
 702   42.623  #646465  101 2  0.0016
 703   43.645  #656464  101 3  0.0237
 704   43.538  #656465  101 4  -0.0025
 705   43.790  #646564  101 5  0.0058
 706   43.673  #646565  101 6  -0.0027
 707   43.787  #656564  101 7  0.0026
 708   43.791  #656565  102 1  0.0001
 709   43.635  #656566  102 2  -0.0036
 710   43.625  #666565  102 3  -0.0002
 711   44.826  #666566  102 4  0.0272
 712   45.126  #656665  102 5  0.0067
 713   44.987  #656666  102 6  -0.0031
 714   44.948  #666665  102 7  -0.0009
 715   44.972  #666666  103 1  0.0005
 716   44.972  #666667  103 2  0.0000
 717   44.917  #676666  103 3  -0.0012
 718   44.805  #676667  103 4  -0.0025
 719   46.169  #666766  103 5  0.0300
 720   46.226  #666767  103 6  0.0012
 721   46.056  #676766  103 7  -0.0037
 722   46.245  #676767  104 1  0.0041
 723   46.228  #676768  104 2  -0.0004
 724   46.081  #686767  104 3  -0.0032
 725   46.132  #686768  104 4  0.0011
 726   46.133  #676867  104 5  0.0000
 727   46.203  #676868  104 6  0.0015
 728   47.418  #686867  104 7  0.0260
 729   47.413  #686868  105 1  -0.0001
 730   47.288  #686869  105 2  -0.0026
 731   47.244  #696868  105 3  -0.0009
 732   47.146  #696869  105 4  -0.0021
 733   47.401  #686968  105 5  0.0054
 734   47.279  #686969  105 6  -0.0026
 735   48.683  #696968  105 7  0.0293
 736   48.583  #696969  106 1  -0.0021
 737   48.570  #69696a  106 2  -0.0003
 738   48.527  #6a6969  106 3  -0.0009
 739   48.415  #6a696a  106 4  -0.0023
 740   48.678  #696a69  106 5  0.0054
 741   48.553  #696a6a  106 6  -0.0026
 742   48.509  #6a6a69  106 7  -0.0009
 743   48.651  #6a6a6a  107 1  0.0029
 744   49.785  #6a6a6b  107 2  0.0230
 745   49.586  #6b6a6a  107 3  -0.0040
 746   49.661  #6b6a6b  107 4  0.0015
 747   49.673  #6a6b6a  107 5  0.0002
 748   49.752  #6a6b6b  107 6  0.0016
 749   49.580  #6b6b6a  107 7  -0.0035
 750   49.785  #6b6b6b  108 1  0.0041
 751   49.784  #6b6b6c  108 2  -0.0000
 752   50.794  #6c6b6b  108 3  0.0201
 753   50.700  #6c6b6c  108 4  -0.0019
 754   50.967  #6b6c6b  108 5  0.0053
 755   50.836  #6b6c6c  108 6  -0.0026
 756   50.946  #6c6c6b  108 7  0.0022
 757   50.944  #6c6c6c  109 1  -0.0000
 758   50.824  #6c6c6d  109 2  -0.0024
 759   50.788  #6d6c6c  109 3  -0.0007
 760   51.974  #6d6c6d  109 4  0.0231
 761   52.238  #6c6d6c  109 5  0.0051
 762   52.099  #6c6d6d  109 6  -0.0027
 763   52.229  #6d6d6c  109 7  0.0025
 764   52.221  #6d6d6d  110 1  -0.0002
 765   52.095  #6d6d6e  110 2  -0.0024
 766   52.078  #6e6d6d  110 3  -0.0003
 767   51.950  #6e6d6e  110 4  -0.0025
 768   53.268  #6d6e6d  110 5  0.0251
 769   53.339  #6d6e6e  110 6  0.0013
 770   53.160  #6e6e6d  110 7  -0.0034
 771   53.326  #6e6e6e  111 1  0.0031
 772   53.336  #6e6e6f  111 2  0.0002
 773   53.156  #6f6e6e  111 3  -0.0034
 774   53.218  #6f6e6f  111 4  0.0012
 775   53.238  #6e6f6e  111 5  0.0004
 776   53.305  #6e6f6f  111 6  0.0013
 777   54.507  #6f6f6e  111 7  0.0223
 778   54.525  #6f6f6f  112 1  0.0003
 779   54.522  #6f6f70  112 2  -0.0001
 780   54.470  #706f6f  112 3  -0.0010
 781   54.355  #706f70  112 4  -0.0021
 782   54.649  #6f706f  112 5  0.0054
 783   54.501  #6f7070  112 6  -0.0027
 784   55.937  #70706f  112 7  0.0260
 785   55.898  #707070  113 1  -0.0007
 786   55.819  #707071  113 2  -0.0014
 787   55.797  #717070  113 3  -0.0004
 788   55.641  #717071  113 4  -0.0028
 789   55.884  #707170  113 5  0.0044
 790   55.787  #707171  113 6  -0.0017
 791   55.908  #717170  113 7  0.0022
 792   55.911  #717171  114 1  0.0001
 793   57.029  #717172  114 2  0.0198
 794   56.847  #727171  114 3  -0.0032
 795   56.937  #727172  114 4  0.0016
 796   56.954  #717271  114 5  0.0003
 797   57.007  #717272  114 6  0.0009
 798   56.846  #727271  114 7  -0.0028
 799   56.944  #727272  115 1  0.0017
 800   57.000  #727273  115 2  0.0010
 801   58.079  #737272  115 3  0.0188
 802   57.950  #737273  115 4  -0.0022
 803   58.217  #727372  115 5  0.0046
 804   58.103  #727373  115 6  -0.0020
 805   58.066  #737372  115 7  -0.0006
 806   58.207  #737373  116 1  0.0024
 807   58.075  #737374  116 2  -0.0023
 808   58.061  #747373  116 3  -0.0002
 809   59.232  #747374  116 4  0.0200
 810   59.230  #737473  116 5  -0.0000
 811   59.328  #737474  116 6  0.0017
 812   59.202  #747473  116 7  -0.0021
 813   59.234  #747474  117 1  0.0005
 814   59.312  #747475  117 2  0.0013
 815   59.124  #757474  117 3  -0.0032
 816   59.213  #757475  117 4  0.0015
 817   60.516  #747574  117 5  0.0218
 818   60.582  #747575  117 6  0.0011
 819   60.507  #757574  117 7  -0.0012
 820   60.491  #757575  118 1  -0.0003
 821   60.570  #757576  118 2  0.0013
 822   60.396  #767575  118 3  -0.0029
 823   60.475  #767576  118 4  0.0013
 824   60.479  #757675  118 5  0.0001
 825   61.642  #757676  118 6  0.0190
 826   61.601  #767675  118 7  -0.0007
 827   61.642  #767676  119 1  0.0007
 828   61.625  #767677  119 2  -0.0003
 829   61.612  #777676  119 3  -0.0002
 830   61.472  #777677  119 4  -0.0023
 831   61.761  #767776  119 5  0.0047
 832   61.625  #767777  119 6  -0.0022
 833   62.742  #777776  119 7  0.0180
 834   62.920  #777777  120 1  0.0028
 835   62.901  #777778  120 2  -0.0003
 836   62.713  #787777  120 3  -0.0030
 837   62.791  #787778  120 4  0.0012
 838   62.830  #777877  120 5  0.0006
 839   62.888  #777878  120 6  0.0009
 840   62.805  #787877  120 7  -0.0013
 841   64.174  #787878  121 1  0.0216
 842   64.240  #787879  121 2  0.0010
 843   64.044  #797878  121 3  -0.0031
 844   64.107  #797879  121 4  0.0010
 845   64.148  #787978  121 5  0.0006
 846   64.221  #787979  121 6  0.0011
 847   64.136  #797978  121 7  -0.0013
 848   64.142  #797979  122 1  0.0001
 849   64.211  #79797a  122 2  0.0011
 850   65.285  #7a7979  122 3  0.0166
 851   65.157  #7a797a  122 4  -0.0020
 852   65.447  #797a79  122 5  0.0044
 853   65.298  #797a7a  122 6  -0.0023
 854   65.264  #7a7a79  122 7  -0.0005
 855   65.436  #7a7a7a  123 1  0.0026
 856   65.293  #7a7a7b  123 2  -0.0022
 857   65.262  #7b7a7a  123 3  -0.0005
 858   66.474  #7b7a7b  123 4  0.0184
 859   66.481  #7a7b7a  123 5  0.0001
 860   66.567  #7a7b7b  123 6  0.0013
 861   66.374  #7b7b7a  123 7  -0.0029
 862   66.493  #7b7b7b  124 1  0.0018
 863   66.567  #7b7b7c  124 2  0.0011
 864   66.357  #7c7b7b  124 3  -0.0032
 865   66.429  #7c7b7c  124 4  0.0011
 866   67.876  #7b7c7b  124 5  0.0215
 867   67.947  #7b7c7c  124 6  0.0010
 868   67.893  #7c7c7b  124 7  -0.0008
 869   67.943  #7c7c7c  125 1  0.0007
 870   67.966  #7c7c7d  125 2  0.0003
 871   67.742  #7d7c7c  125 3  -0.0033
 872   67.798  #7d7c7d  125 4  0.0008
 873   67.862  #7c7d7c  125 5  0.0009
 874   67.923  #7c7d7d  125 6  0.0009
 875   69.316  #7d7d7c  125 7  0.0203
 876   69.160  #7d7d7d  126 1  -0.0023
 877   69.156  #7d7d7e  126 2  -0.0001
 878   69.089  #7e7d7d  126 3  -0.0010
 879   68.931  #7e7d7e  126 4  -0.0023
 880   69.296  #7d7e7d  126 5  0.0053
 881   69.101  #7d7e7e  126 6  -0.0028
 882   69.089  #7e7e7d  126 7  -0.0002
 883   70.563  #7e7e7e  127 1  0.0211
 884   70.562  #7e7e7f  127 2  -0.0000
 885   70.328  #7f7e7e  127 3  -0.0033
 886   70.392  #7f7e7f  127 4  0.0009
 887   70.464  #7e7f7e  127 5  0.0010
 888   70.541  #7e7f7f  127 6  0.0011
 889   70.340  #7f7f7e  127 7  -0.0029
 890   70.526  #7f7f7f  128 1  0.0026
 891   72.105  #7f7f80  128 2  0.0221
 892   71.864  #807f7f  128 3  -0.0033
 893   71.969  #807f80  128 4  0.0015
 894   71.999  #7f807f  128 5  0.0004
 895   72.087  #7f8080  128 6  0.0012
 896   71.843  #80807f  128 7  -0.0034
 897   71.999  #808080  129 1  0.0022
 898   72.070  #808081  129 2  0.0010
 899   73.376  #818080  129 3  0.0180
 900   73.241  #818081  129 4  -0.0018
 901   73.546  #808180  129 5  0.0042
 902   73.389  #808181  129 6  -0.0021
 903   73.351  #818180  129 7  -0.0005
 904   73.565  #818181  130 1  0.0029
 905   73.397  #818182  130 2  -0.0023
 906   73.334  #828181  130 3  -0.0009
 907   74.792  #828182  130 4  0.0197
 908   74.816  #818281  130 5  0.0003
 909   74.915  #818282  130 6  0.0013
 910   74.673  #828281  130 7  -0.0032
 911   74.810  #828282  131 1  0.0018
 912   74.899  #828283  131 2  0.0012
 913   74.643  #838282  131 3  -0.0034
 914   74.740  #838283  131 4  0.0013
 915   76.413  #828382  131 5  0.0221
 916   76.493  #828383  131 6  0.0010
 917   76.268  #838382  131 7  -0.0029
 918   76.333  #838383  132 1  0.0009
 919   76.468  #838384  132 2  0.0018
 920   76.249  #848383  132 3  -0.0029
 921   76.327  #848384  132 4  0.0010
 922   76.368  #838483  132 5  0.0005
 923   77.815  #838484  132 6  0.0188
 924   77.763  #848483  132 7  -0.0007
 925   77.982  #848484  133 1  0.0028
 926   77.802  #848485  133 2  -0.0023
 927   77.737  #858484  133 3  -0.0008
 928   77.592  #858485  133 4  -0.0019
 929   77.946  #848584  133 5  0.0046
 930   77.771  #848585  133 6  -0.0022
 931   79.161  #858584  133 7  0.0177
 932   79.281  #858585  134 1  0.0015
 933   79.351  #858586  134 2  0.0009
 934   79.115  #868585  134 3  -0.0030
 935   79.193  #868586  134 4  0.0010
 936   79.235  #858685  134 5  0.0005
 937   79.351  #858686  134 6  0.0015
 938   79.083  #868685  134 7  -0.0034
 939   79.310  #868686  135 1  0.0029
 940   80.785  #868687  135 2  0.0184
 941   80.732  #878686  135 3  -0.0007
 942   80.583  #878687  135 4  -0.0018
 943   80.986  #868786  135 5  0.0050
 944   80.774  #868787  135 6  -0.0026
 945   80.726  #878786  135 7  -0.0006
 946   80.536  #878787  136 1  -0.0024
 947   80.774  #878788  136 2  0.0030
 948   82.449  #888787  136 3  0.0205
 949   82.284  #888788  136 4  -0.0020
 950   82.645  #878887  136 5  0.0044
 951   82.478  #878888  136 6  -0.0020
 952   82.428  #888887  136 7  -0.0006
 953   82.630  #888888  137 1  0.0024
 954   82.457  #888889  137 2  -0.0021
 955   82.403  #898888  137 3  -0.0007
 956   83.959  #898889  137 4  0.0187
 957   83.974  #888988  137 5  0.0002
 958   84.085  #888989  137 6  0.0013
 959   83.837  #898988  137 7  -0.0030
 960   84.093  #898989  138 1  0.0030
 961   84.081  #89898a  138 2  -0.0001
 962   83.825  #8a8989  138 3  -0.0030
 963   83.934  #8a898a  138 4  0.0013
 964   85.708  #898a89  138 5  0.0209
 965   85.517  #898a8a  138 6  -0.0022
 966   85.480  #8a8a89  138 7  -0.0004
 967   85.668  #8a8a8a  139 1  0.0022
 968   85.497  #8a8a8b  139 2  -0.0020
 969   85.456  #8b8a8a  139 3  -0.0005
 970   85.283  #8b8a8b  139 4  -0.0020
 971   85.666  #8a8b8a  139 5  0.0045
 972   85.503  #8a8b8b  139 6  -0.0019
 973   87.194  #8b8b8a  139 7  0.0196
 974   87.010  #8b8b8b  140 1  -0.0021
 975   87.257  #8b8b8c  140 2  0.0028
 976   87.184  #8c8b8b  140 3  -0.0008
 977   86.997  #8c8b8c  140 4  -0.0021
 978   87.391  #8b8c8b  140 5  0.0045
 979   87.224  #8b8c8c  140 6  -0.0019
 980   88.663  #8c8c8b  140 7  0.0164
 981   88.861  #8c8c8c  141 1  0.0022
 982   88.938  #8c8c8d  141 2  0.0009
 983   88.654  #8d8c8c  141 3  -0.0032
 984   88.788  #8d8c8d  141 4  0.0015
 985   88.792  #8c8d8c  141 5  0.0000
 986   88.920  #8c8d8d  141 6  0.0014
 987   88.611  #8d8d8c  141 7  -0.0035
 988   88.795  #8d8d8d  142 1  0.0021
 989   90.576  #8d8d8e  142 2  0.0199
 990   90.510  #8e8d8d  142 3  -0.0007
 991   90.327  #8e8d8e  142 4  -0.0020
 992   90.778  #8d8e8d  142 5  0.0050
 993   90.560  #8d8e8e  142 6  -0.0024
 994   90.489  #8e8e8d  142 7  -0.0008
 995   90.557  #8e8e8e  143 1  0.0008
 996   90.559  #8e8e8f  143 2  0.0000
 997   92.302  #8f8e8e  143 3  0.0191
 998   92.123  #8f8e8f  143 4  -0.0019
 999   92.534  #8e8f8e  143 5  0.0045
1000   92.355  #8e8f8f  143 6  -0.0019
1001   92.288  #8f8f8e  143 7  -0.0007
1002   92.124  #8f8f8f  144 1  -0.0018
1003   92.353  #8f8f90  144 2  0.0025
1004   92.265  #908f8f  144 3  -0.0010
1005   93.931  #908f90  144 4  0.0179
1006   93.965  #8f908f  144 5  0.0004
1007   94.078  #8f9090  144 6  0.0012
1008   93.797  #90908f  144 7  -0.0030
1009   93.947  #909090  145 1  0.0016
1010   94.033  #909091  145 2  0.0009
1011   93.782  #919090  145 3  -0.0027
1012   93.877  #919091  145 4  0.0010
1013   95.802  #909190  145 5  0.0203
1014   95.577  #909191  145 6  -0.0024
1015   95.558  #919190  145 7  -0.0002
1016   95.777  #919191  146 1  0.0023
1017   95.596  #919192  146 2  -0.0019
1018   95.534  #929191  146 3  -0.0006
1019   95.339  #929192  146 4  -0.0020
1020   95.749  #919291  146 5  0.0043
1021   97.443  #919292  146 6  0.0175
1022   97.410  #929291  146 7  -0.0003
1023   97.638  #929292  147 1  0.0023
1024   97.440  #929293  147 2  -0.0020
1025   97.396  #939292  147 3  -0.0005
1026   97.177  #939293  147 4  -0.0023
1027   97.622  #929392  147 5  0.0046
1028   97.441  #929393  147 6  -0.0019
1029   99.063  #939392  147 7  0.0165
1030   99.058  #939393  148 1  -0.0001
1031   99.335  #939394  148 2  0.0028
1032   99.048  #949393  148 3  -0.0029
1033   99.171  #949394  148 4  0.0012
1034   99.184  #939493  148 5  0.0001
1035   99.294  #939494  148 6  0.0011
1036   98.991  #949493  148 7  -0.0031
1037  101.120  #949494  149 1  0.0213
1038  100.910  #949495  149 2  -0.0021
1039  100.850  #959494  149 3  -0.0006
1040  100.650  #959495  149 4  -0.0020
1041  101.060  #949594  149 5  0.0041
1042  100.870  #949595  149 6  -0.0019
1043  100.790  #959594  149 7  -0.0008
1044  101.060  #959595  150 1  0.0027
1045  100.850  #959596  150 2  -0.0021
1046  102.740  #969595  150 3  0.0186
1047  102.540  #969596  150 4  -0.0019
1048  102.970  #959695  150 5  0.0042
1049  102.790  #959696  150 6  -0.0017
1050  102.710  #969695  150 7  -0.0008
1051  102.760  #969696  151 1  0.0005
1052  102.780  #969697  151 2  0.0002
1053  102.680  #979696  151 3  -0.0010
1054  104.460  #979697  151 4  0.0172
1055  104.490  #969796  151 5  0.0003
1056  104.580  #969797  151 6  0.0009
1057  104.290  #979796  151 7  -0.0028
1058  104.420  #979797  152 1  0.0012
1059  104.580  #979798  152 2  0.0015
1060  104.280  #989797  152 3  -0.0029
1061  104.400  #989798  152 4  0.0012
1062  106.420  #979897  152 5  0.0192
1063  106.230  #979898  152 6  -0.0018
1064  106.140  #989897  152 7  -0.0008
1065  106.400  #989898  153 1  0.0024
1066  106.210  #989899  153 2  -0.0018
1067  106.140  #999898  153 3  -0.0007
1068  105.930  #999899  153 4  -0.0020
1069  106.350  #989998  153 5  0.0040
1070  108.210  #989999  153 6  0.0173
1071  107.900  #999998  153 7  -0.0029
1072  108.050  #999999  154 1  0.0014
1073  108.160  #99999a  154 2  0.0010
1074  107.870  #9a9999  154 3  -0.0027
1075  108.010  #9a999a  154 4  0.0013
1076  108.030  #999a99  154 5  0.0002
1077  108.140  #999a9a  154 6  0.0010
1078  109.920  #9a9a99  154 7  0.0163
1079  110.020  #9a9a9a  155 1  0.0009
1080  110.150  #9a9a9b  155 2  0.0012
1081  109.830  #9b9a9a  155 3  -0.0029
1082  109.940  #9b9a9b  155 4  0.0010
1083  110.010  #9a9b9a  155 5  0.0006
1084  110.120  #9a9b9b  155 6  0.0010
1085  109.810  #9b9b9a  155 7  -0.0028
1086  109.820  #9b9b9b  156 1  0.0001
1087  111.810  #9b9b9c  156 2  0.0180
1088  111.740  #9c9b9b  156 3  -0.0006
1089  111.510  #9c9b9c  156 4  -0.0021
1090  111.980  #9b9c9b  156 5  0.0042
1091  111.780  #9b9c9c  156 6  -0.0018
1092  111.730  #9c9c9b  156 7  -0.0004
1093  111.760  #9c9c9c  157 1  0.0003
1094  111.770  #9c9c9d  157 2  0.0001
1095  113.400  #9d9c9c  157 3  0.0145
1096  113.520  #9d9c9d  157 4  0.0011
1097  113.580  #9c9d9c  157 5  0.0005
1098  113.710  #9c9d9d  157 6  0.0011
1099  113.380  #9d9d9c  157 7  -0.0029
1100  113.690  #9d9d9d  158 1  0.0027
1101  113.670  #9d9d9e  158 2  -0.0002
1102  113.390  #9e9d9d  158 3  -0.0025
1103  115.560  #9e9d9e  158 4  0.0190
1104  115.600  #9d9e9d  158 5  0.0003
1105  115.720  #9d9e9e  158 6  0.0010
1106  115.410  #9e9e9d  158 7  -0.0027
1107  115.720  #9e9e9e  159 1  0.0027
1108  115.700  #9e9e9f  159 2  -0.0002
1109  115.400  #9f9e9e  159 3  -0.0026
1110  115.480  #9f9e9f  159 4  0.0007
1111  117.690  #9e9f9e  159 5  0.0190
1112  117.480  #9e9f9f  159 6  -0.0018
1113  117.390  #9f9f9e  159 7  -0.0008
1114  117.220  #9f9f9f  160 1  -0.0014
1115  117.500  #9f9fa0  160 2  0.0024
1116  117.440  #a09f9f  160 3  -0.0005
1117  117.210  #a09fa0  160 4  -0.0020
1118  117.660  #9fa09f  160 5  0.0038
1119  119.420  #9fa0a0  160 6  0.0148
1120  119.110  #a0a09f  160 7  -0.0026
1121  119.300  #a0a0a0  161 1  0.0016
1122  119.400  #a0a0a1  161 2  0.0008
1123  119.080  #a1a0a0  161 3  -0.0027
1124  119.220  #a1a0a1  161 4  0.0012
1125  119.250  #a0a1a0  161 5  0.0003
1126  119.390  #a0a1a1  161 6  0.0012
1127  121.160  #a1a1a0  161 7  0.0147
1128  121.440  #a1a1a1  162 1  0.0023
1129  121.420  #a1a1a2  162 2  -0.0002
1130  121.150  #a2a1a1  162 3  -0.0022
1131  121.240  #a2a1a2  162 4  0.0007
1132  121.310  #a1a2a1  162 5  0.0006
1133  121.410  #a1a2a2  162 6  0.0008
1134  121.100  #a2a2a1  162 7  -0.0026
1135  122.890  #a2a2a2  163 1  0.0147
1136  123.170  #a2a2a3  163 2  0.0023
1137  123.060  #a3a2a2  163 3  -0.0009
1138  122.880  #a3a2a3  163 4  -0.0015
1139  123.360  #a2a3a2  163 5  0.0039
1140  123.130  #a2a3a3  163 6  -0.0019
1141  123.040  #a3a3a2  163 7  -0.0007
1142  122.850  #a3a3a3  164 1  -0.0015
1143  123.110  #a3a3a4  164 2  0.0021
1144  124.890  #a4a3a3  164 3  0.0144
1145  124.970  #a4a3a4  164 4  0.0006
1146  125.050  #a3a4a3  164 5  0.0006
1147  125.170  #a3a4a4  164 6  0.0010
1148  124.840  #a4a4a3  164 7  -0.0026
1149  125.150  #a4a4a4  165 1  0.0025
1150  125.140  #a4a4a5  165 2  -0.0001
1151  126.970  #a5a4a4  165 3  0.0145
1152  127.110  #a5a4a5  165 4  0.0011
1153  127.150  #a4a5a4  165 5  0.0003
1154  127.250  #a4a5a5  165 6  0.0008
1155  126.940  #a5a5a4  165 7  -0.0024
1156  127.250  #a5a5a5  166 1  0.0024
1157  127.220  #a5a5a6  166 2  -0.0002
1158  126.930  #a6a5a5  166 3  -0.0023
1159  127.070  #a6a5a6  166 4  0.0011
1160  129.200  #a5a6a5  166 5  0.0166
1161  129.030  #a5a6a6  166 6  -0.0013
1162  128.920  #a6a6a5  166 7  -0.0009
1163  128.690  #a6a6a6  167 1  -0.0018
1164  128.980  #a6a6a7  167 2  0.0023
1165  128.860  #a7a6a6  167 3  -0.0009
1166  128.670  #a7a6a7  167 4  -0.0015
1167  129.150  #a6a7a6  167 5  0.0037
1168  130.950  #a6a7a7  167 6  0.0138
1169  130.630  #a7a7a6  167 7  -0.0024
1170  130.770  #a7a7a7  168 1  0.0011
1171  130.950  #a7a7a8  168 2  0.0014
1172  130.590  #a8a7a7  168 3  -0.0028
1173  130.750  #a8a7a8  168 4  0.0012
1174  130.770  #a7a8a7  168 5  0.0002
1175  130.900  #a7a8a8  168 6  0.0010
1176  132.680  #a8a8a7  168 7  0.0135
1177  133.000  #a8a8a8  169 1  0.0024
1178  132.990  #a8a8a9  169 2  -0.0001
1179  132.660  #a9a8a8  169 3  -0.0025
1180  132.800  #a9a8a9  169 4  0.0011
1181  132.850  #a8a9a8  169 5  0.0004
1182  132.960  #a8a9a9  169 6  0.0008
1183  132.650  #a9a9a8  169 7  -0.0023
1184  134.840  #a9a9a9  170 1  0.0164
1185  134.830  #a9a9aa  170 2  -0.0001
1186  134.780  #aaa9a9  170 3  -0.0004
1187  134.550  #aaa9aa  170 4  -0.0017
1188  135.000  #a9aaa9  170 5  0.0033
1189  134.790  #a9aaaa  170 6  -0.0016
1190  134.720  #aaaaa9  170 7  -0.0005
1191  134.460  #aaaaaa  171 1  -0.0019
1192  134.770  #aaaaab  171 2  0.0023
1193  136.540  #abaaaa  171 3  0.0130
1194  136.630  #abaaab  171 4  0.0007
1195  136.670  #aaabaa  171 5  0.0003
1196  136.810  #aaabab  171 6  0.0010
1197  136.450  #ababaa  171 7  -0.0026
1198  136.580  #ababab  172 1  0.0010
1199  136.730  #ababac  172 2  0.0011
1200  136.400  #acabab  172 3  -0.0024
1201  138.270  #acabac  172 4  0.0136
1202  138.730  #abacab  172 5  0.0033
1203  138.530  #abacac  172 6  -0.0014
1204  138.440  #acacab  172 7  -0.0006
1205  138.510  #acacac  173 1  0.0005
1206  138.480  #acacad  173 2  -0.0002
1207  138.400  #adacac  173 3  -0.0006
1208  138.170  #adacad  173 4  -0.0017
1209  140.830  #acadac  173 5  0.0191
1210  140.620  #acadad  173 6  -0.0015
1211  140.520  #adadac  173 7  -0.0007
1212  140.580  #adadad  174 1  0.0004
1213  140.570  #adadae  174 2  -0.0001
1214  140.480  #aeadad  174 3  -0.0006
1215  140.310  #aeadae  174 4  -0.0012
1216  140.770  #adaead  174 5  0.0033
1217  142.470  #adaeae  174 6  0.0120
1218  142.150  #aeaead  174 7  -0.0022
1219  142.280  #aeaeae  175 1  0.0009
1220  142.460  #aeaeaf  175 2  0.0013
1221  142.140  #afaeae  175 3  -0.0022
1222  142.280  #afaeaf  175 4  0.0010
1223  142.300  #aeafae  175 5  0.0001
1224  142.420  #aeafaf  175 6  0.0008
1225  144.150  #afafae  175 7  0.0121
1226  143.970  #afafaf  176 1  -0.0012
1227  144.230  #afafb0  176 2  0.0018
1228  144.180  #b0afaf  176 3  -0.0003
1229  143.960  #b0afb0  176 4  -0.0015
1230  144.420  #afb0af  176 5  0.0032
1231  144.140  #afb0b0  176 6  -0.0019
1232  144.110  #b0b0af  176 7  -0.0002
1233  146.380  #b0b0b0  177 1  0.0156
1234  146.380  #b0b0b1  177 2  0.0000
1235  146.280  #b1b0b0  177 3  -0.0007
1236  146.030  #b1b0b1  177 4  -0.0017
1237  146.540  #b0b1b0  177 5  0.0035
1238  146.330  #b0b1b1  177 6  -0.0014
1239  146.250  #b1b1b0  177 7  -0.0005
1240  146.320  #b1b1b1  178 1  0.0005
1241  148.290  #b1b1b2  178 2  0.0134
1242  147.950  #b2b1b1  178 3  -0.0023
1243  148.130  #b2b1b2  178 4  0.0012
1244  148.190  #b1b2b1  178 5  0.0004
1245  148.310  #b1b2b2  178 6  0.0008
1246  147.970  #b2b2b1  178 7  -0.0023
1247  148.140  #b2b2b2  179 1  0.0011
1248  148.270  #b2b2b3  179 2  0.0009
1249  149.970  #b3b2b2  179 3  0.0114
1250  149.740  #b3b2b3  179 4  -0.0015
1251  150.240  #b2b3b2  179 5  0.0033
1252  150.050  #b2b3b3  179 6  -0.0013
1253  149.960  #b3b3b2  179 7  -0.0006
1254  149.670  #b3b3b3  180 1  -0.0019
1255  150.050  #b3b3b4  180 2  0.0025
1256  149.970  #b4b3b3  180 3  -0.0005
1257  149.710  #b4b3b4  180 4  -0.0017
1258  152.350  #b3b4b3  180 5  0.0175
1259  152.140  #b3b4b4  180 6  -0.0014
1260  152.090  #b4b4b3  180 7  -0.0003
1261  152.100  #b4b4b4  181 1  0.0001
1262  152.120  #b4b4b5  181 2  0.0001
1263  152.040  #b5b4b4  181 3  -0.0005
1264  151.820  #b5b4b5  181 4  -0.0014
1265  154.020  #b4b5b4  181 5  0.0144
1266  154.170  #b4b5b5  181 6  0.0010
1267  153.840  #b5b5b4  181 7  -0.0021
1268  154.150  #b5b5b5  182 1  0.0020
1269  154.120  #b5b5b6  182 2  -0.0002
1270  153.790  #b6b5b5  182 3  -0.0021
1271  153.930  #b6b5b6  182 4  0.0009
1272  153.960  #b5b6b5  182 5  0.0002
1273  154.100  #b5b6b6  182 6  0.0009
1274  155.800  #b6b6b5  182 7  0.0110
1275  155.610  #b6b6b6  183 1  -0.0012
1276  155.870  #b6b6b7  183 2  0.0017
1277  155.800  #b7b6b6  183 3  -0.0004
1278  155.590  #b7b6b7  183 4  -0.0013
1279  156.050  #b6b7b6  183 5  0.0030
1280  155.830  #b6b7b7  183 6  -0.0014
1281  155.790  #b7b7b6  183 7  -0.0003
1282  157.720  #b7b7b7  184 1  0.0123
1283  157.940  #b7b7b8  184 2  0.0014
1284  157.920  #b8b7b7  184 3  -0.0001
1285  157.680  #b8b7b8  184 4  -0.0015
1286  158.160  #b7b8b7  184 5  0.0030
1287  157.960  #b7b8b8  184 6  -0.0013
1288  157.890  #b8b8b7  184 7  -0.0004
1289  157.930  #b8b8b8  185 1  0.0003
1290  159.970  #b8b8b9  185 2  0.0128
1291  159.670  #b9b8b8  185 3  -0.0019
1292  159.750  #b9b8b9  185 4  0.0005
1293  159.840  #b8b9b8  185 5  0.0006
1294  159.960  #b8b9b9  185 6  0.0008
1295  159.570  #b9b9b8  185 7  -0.0024
1296  159.930  #b9b9b9  186 1  0.0023
1297  159.920  #b9b9ba  186 2  -0.0001
1298  161.680  #bab9b9  186 3  0.0109
1299  161.490  #bab9ba  186 4  -0.0012
1300  161.950  #b9bab9  186 5  0.0028
1301  161.740  #b9baba  186 6  -0.0013
1302  161.670  #babab9  186 7  -0.0004
1303  161.470  #bababa  187 1  -0.0012
1304  161.740  #bababb  187 2  0.0017
1305  161.630  #bbbaba  187 3  -0.0007
1306  161.420  #bbbabb  187 4  -0.0013
1307  164.030  #babbba  187 5  0.0160
1308  163.820  #babbbb  187 6  -0.0013
1309  163.710  #bbbbba  187 7  -0.0007
1310  163.500  #bbbbbb  188 1  -0.0013
1311  163.760  #bbbbbc  188 2  0.0016
1312  163.680  #bcbbbb  188 3  -0.0005
1313  163.430  #bcbbbc  188 4  -0.0015
1314  163.950  #bbbcbb  188 5  0.0032
1315  165.830  #bbbcbc  188 6  0.0114
1316  165.450  #bcbcbb  188 7  -0.0023
1317  165.800  #bcbcbc  189 1  0.0021
1318  165.780  #bcbcbd  189 2  -0.0001
1319  165.440  #bdbcbc  189 3  -0.0021
1320  165.560  #bdbcbd  189 4  0.0007
1321  165.620  #bcbdbc  189 5  0.0004
1322  165.730  #bcbdbd  189 6  0.0007
1323  167.890  #bdbdbc  189 7  0.0129
1324  167.940  #bdbdbd  190 1  0.0003
1325  167.910  #bdbdbe  190 2  -0.0002
1326  167.850  #bebdbd  190 3  -0.0004
1327  167.560  #bebdbe  190 4  -0.0017
1328  168.090  #bdbebd  190 5  0.0032
1329  167.890  #bdbebe  190 6  -0.0012
1330  167.770  #bebebd  190 7  -0.0007
1331  169.810  #bebebe  191 1  0.0121
1332  170.010  #bebebf  191 2  0.0012
1333  169.700  #bfbebe  191 3  -0.0018
1334  169.820  #bfbebf  191 4  0.0007
1335  169.870  #bebfbe  191 5  0.0003
1336  170.000  #bebfbf  191 6  0.0008
1337  169.660  #bfbfbe  191 7  -0.0020
1338  169.790  #bfbfbf  192 1  0.0008
1339  169.960  #bfbfc0  192 2  0.0010
1340  171.790  #c0bfbf  192 3  0.0107
1341  171.950  #c0bfc0  192 4  0.0009
1342  172.020  #bfc0bf  192 5  0.0004
1343  172.140  #bfc0c0  192 6  0.0007
1344  171.760  #c0c0bf  192 7  -0.0022
1345  171.990  #c0c0c0  193 1  0.0013
1346  172.070  #c0c0c1  193 2  0.0005
1347  173.840  #c1c0c0  193 3  0.0102
1348  173.570  #c1c0c1  193 4  -0.0016
1349  174.160  #c0c1c0  193 5  0.0034
1350  173.920  #c0c1c1  193 6  -0.0014
1351  173.800  #c1c1c0  193 7  -0.0007
1352  173.560  #c1c1c1  194 1  -0.0014
1353  173.860  #c1c1c2  194 2  0.0017
1354  173.750  #c2c1c1  194 3  -0.0006
1355  175.840  #c2c1c2  194 4  0.0120
1356  175.910  #c1c2c1  194 5  0.0004
1357  176.040  #c1c2c2  194 6  0.0007
1358  175.670  #c2c2c1  194 7  -0.0021
1359  175.790  #c2c2c2  195 1  0.0007
1360  175.970  #c2c2c3  195 2  0.0010
1361  175.640  #c3c2c2  195 3  -0.0019
1362  175.790  #c3c2c3  195 4  0.0009
1363  178.140  #c2c3c2  195 5  0.0133
1364  178.250  #c2c3c3  195 6  0.0006
1365  177.890  #c3c3c2  195 7  -0.0020
1366  178.020  #c3c3c3  196 1  0.0007
1367  178.240  #c3c3c4  196 2  0.0012
1368  177.870  #c4c3c3  196 3  -0.0021
1369  178.010  #c4c3c4  196 4  0.0008
1370  178.080  #c3c4c3  196 5  0.0004
1371  178.180  #c3c4c4  196 6  0.0006
1372  180.110  #c4c4c3  196 7  0.0108
1373  180.170  #c4c4c4  197 1  0.0003
1374  180.160  #c4c4c5  197 2  -0.0001
1375  180.050  #c5c4c4  197 3  -0.0006
1376  179.810  #c5c4c5  197 4  -0.0013
1377  180.370  #c4c5c4  197 5  0.0031
1378  180.110  #c4c5c5  197 6  -0.0014
1379  180.000  #c5c5c4  197 7  -0.0006
1380  182.180  #c5c5c5  198 1  0.0120
1381  182.410  #c5c5c6  198 2  0.0013
1382  182.020  #c6c5c5  198 3  -0.0021
1383  182.130  #c6c5c6  198 4  0.0006
1384  182.250  #c5c6c5  198 5  0.0007
1385  182.370  #c5c6c6  198 6  0.0007
1386  181.980  #c6c6c5  198 7  -0.0021
1387  182.090  #c6c6c6  199 1  0.0006
1388  182.340  #c6c6c7  199 2  0.0014
1389  184.290  #c7c6c6  199 3  0.0106
1390  184.470  #c7c6c7  199 4  0.0010
1391  184.510  #c6c7c6  199 5  0.0002
1392  184.700  #c6c7c7  199 6  0.0010
1393  184.260  #c7c7c6  199 7  -0.0024
1394  184.420  #c7c7c7  200 1  0.0009
1395  184.640  #c7c7c8  200 2  0.0012
1396  186.580  #c8c7c7  200 3  0.0105
1397  186.320  #c8c7c8  200 4  -0.0014
1398  186.880  #c7c8c7  200 5  0.0030
1399  186.650  #c7c8c8  200 6  -0.0012
1400  186.520  #c8c8c7  200 7  -0.0007
1401  186.570  #c8c8c8  201 1  0.0003
1402  186.600  #c8c8c9  201 2  0.0002
1403  186.490  #c9c8c8  201 3  -0.0006
1404  186.270  #c9c8c9  201 4  -0.0012
1405  188.660  #c8c9c8  201 5  0.0127
1406  188.820  #c8c9c9  201 6  0.0008
1407  188.430  #c9c9c8  201 7  -0.0021
1408  188.560  #c9c9c9  202 1  0.0007
1409  188.760  #c9c9ca  202 2  0.0011
1410  188.360  #cac9c9  202 3  -0.0021
1411  188.500  #cac9ca  202 4  0.0007
1412  188.580  #c9cac9  202 5  0.0004
1413  191.080  #c9caca  202 6  0.0132
1414  190.720  #cacac9  202 7  -0.0019
1415  190.840  #cacaca  203 1  0.0006
1416  191.060  #cacacb  203 2  0.0012
1417  190.690  #cbcaca  203 3  -0.0019
1418  190.810  #cbcacb  203 4  0.0006
1419  190.870  #cacbca  203 5  0.0003
1420  191.010  #cacbcb  203 6  0.0007
1421  192.870  #cbcbca  203 7  0.0097
1422  192.670  #cbcbcb  204 1  -0.0010
1423  192.980  #cbcbcc  204 2  0.0016
1424  192.830  #cccbcb  204 3  -0.0008
1425  192.650  #cccbcc  204 4  -0.0009
1426  193.160  #cbcccb  204 5  0.0026
1427  192.940  #cbcccc  204 6  -0.0011
1428  192.830  #cccccb  204 7  -0.0006
1429  195.130  #cccccc  205 1  0.0119
1430  195.120  #cccccd  205 2  -0.0001
1431  194.770  #cdcccc  205 3  -0.0018
1432  194.870  #cdcccd  205 4  0.0005
1433  194.980  #cccdcc  205 5  0.0006
1434  195.100  #cccdcd  205 6  0.0006
1435  194.710  #cdcdcc  205 7  -0.0020
1436  194.820  #cdcdcd  206 1  0.0006
1437  197.420  #cdcdce  206 2  0.0133
1438  197.020  #cecdcd  206 3  -0.0020
1439  197.150  #cecdce  206 4  0.0007
1440  197.210  #cdcecd  206 5  0.0003
1441  197.340  #cdcece  206 6  0.0007
1442  196.960  #cececd  206 7  -0.0019
1443  197.090  #cecece  207 1  0.0007
1444  197.320  #cececf  207 2  0.0012
1445  199.160  #cfcece  207 3  0.0093
1446  198.920  #cfcecf  207 4  -0.0012
1447  199.450  #cecfce  207 5  0.0027
1448  199.230  #cecfcf  207 6  -0.0011
1449  199.130  #cfcfce  207 7  -0.0005
1450  198.900  #cfcfcf  208 1  -0.0012
1451  199.220  #cfcfd0  208 2  0.0016
1452  199.110  #d0cfcf  208 3  -0.0006
1453  198.900  #d0cfd0  208 4  -0.0011
1454  201.240  #cfd0cf  208 5  0.0117
1455  201.400  #cfd0d0  208 6  0.0008
1456  201.000  #d0d0cf  208 7  -0.0020
1457  201.350  #d0d0d0  209 1  0.0017
1458  201.360  #d0d0d1  209 2  0.0000
1459  200.980  #d1d0d0  209 3  -0.0019
1460  201.110  #d1d0d1  209 4  0.0006
1461  203.550  #d0d1d0  209 5  0.0121
1462  203.360  #d0d1d1  209 6  -0.0009
1463  203.250  #d1d1d0  209 7  -0.0005
1464  202.990  #d1d1d1  210 1  -0.0013
1465  203.290  #d1d1d2  210 2  0.0015
1466  203.210  #d2d1d1  210 3  -0.0004
1467  202.950  #d2d1d2  210 4  -0.0013
1468  203.490  #d1d2d1  210 5  0.0027
1469  203.230  #d1d2d2  210 6  -0.0013
1470  205.530  #d2d2d1  210 7  0.0113
1471  205.230  #d2d2d2  211 1  -0.0015
1472  205.590  #d2d2d3  211 2  0.0018
1473  205.510  #d3d2d2  211 3  -0.0004
1474  205.220  #d3d2d3  211 4  -0.0014
1475  205.780  #d2d3d2  211 5  0.0027
1476  205.500  #d2d3d3  211 6  -0.0014
1477  205.440  #d3d3d2  211 7  -0.0003
1478  207.550  #d3d3d3  212 1  0.0102
1479  207.810  #d3d3d4  212 2  0.0013
1480  207.370  #d4d3d3  212 3  -0.0021
1481  207.540  #d4d3d4  212 4  0.0008
1482  207.610  #d3d4d3  212 5  0.0003
1483  207.770  #d3d4d4  212 6  0.0008
1484  207.360  #d4d4d3  212 7  -0.0020
1485  207.760  #d4d4d4  213 1  0.0019
1486  210.240  #d4d4d5  213 2  0.0119
1487  210.070  #d5d4d4  213 3  -0.0008
1488  209.780  #d5d4d5  213 4  -0.0014
1489  210.480  #d4d5d4  213 5  0.0033
1490  210.170  #d4d5d5  213 6  -0.0015
1491  210.050  #d5d5d4  213 7  -0.0006
1492  209.730  #d5d5d5  214 1  -0.0015
1493  210.110  #d5d5d6  214 2  0.0018
1494  212.420  #d6d5d5  214 3  0.0109
1495  212.210  #d6d5d6  214 4  -0.0010
1496  212.790  #d5d6d5  214 5  0.0027
1497  212.540  #d5d6d6  214 6  -0.0012
1498  212.410  #d6d6d5  214 7  -0.0006
1499  212.190  #d6d6d6  215 1  -0.0010
1500  212.510  #d6d6d7  215 2  0.0015
1501  212.390  #d7d6d6  215 3  -0.0006
1502  212.150  #d7d6d7  215 4  -0.0011
1503  214.610  #d6d7d6  215 5  0.0115
1504  214.720  #d6d7d7  215 6  0.0005
1505  214.360  #d7d7d6  215 7  -0.0017
1506  214.500  #d7d7d7  216 1  0.0007
1507  214.760  #d7d7d8  216 2  0.0012
1508  214.330  #d8d7d7  216 3  -0.0020
1509  214.480  #d8d7d8  216 4  0.0007
1510  216.970  #d7d8d7  216 5  0.0115
1511  216.710  #d7d8d8  216 6  -0.0012
1512  216.640  #d8d8d7  216 7  -0.0003
1513  216.730  #d8d8d8  217 1  0.0004
1514  216.710  #d8d8d9  217 2  -0.0001
1515  216.580  #d9d8d8  217 3  -0.0006
1516  216.300  #d9d8d9  217 4  -0.0013
1517  216.900  #d8d9d8  217 5  0.0028
1518  216.620  #d8d9d9  217 6  -0.0013
1519  218.970  #d9d9d8  217 7  0.0108
1520  218.690  #d9d9d9  218 1  -0.0013
1521  218.980  #d9d9da  218 2  0.0013
1522  218.880  #dad9d9  218 3  -0.0005
1523  218.660  #dad9da  218 4  -0.0010
1524  219.180  #d9dad9  218 5  0.0024
1525  218.990  #d9dada  218 6  -0.0009
1526  218.890  #dadad9  218 7  -0.0005
1527  221.030  #dadada  219 1  0.0097
1528  221.220  #dadadb  219 2  0.0009
1529  220.870  #dbdada  219 3  -0.0016
1530  220.970  #dbdadb  219 4  0.0005
1531  221.070  #dadbda  219 5  0.0005
1532  221.190  #dadbdb  219 6  0.0005
1533  220.850  #dbdbda  219 7  -0.0015
1534  220.920  #dbdbdb  220 1  0.0003
1535  223.160  #dbdbdc  220 2  0.0101
1536  223.070  #dcdbdb  220 3  -0.0004
1537  222.790  #dcdbdc  220 4  -0.0013
1538  223.330  #dbdcdb  220 5  0.0024
1539  223.110  #dbdcdc  220 6  -0.0010
1540  223.010  #dcdcdb  220 7  -0.0004
1541  223.110  #dcdcdc  221 1  0.0004
1542  223.060  #dcdcdd  221 2  -0.0002
1543  225.250  #dddcdc  221 3  0.0098
1544  225.010  #dddcdd  221 4  -0.0011
1545  225.610  #dcdddc  221 5  0.0027
1546  225.360  #dcdddd  221 6  -0.0011
1547  225.200  #dddddc  221 7  -0.0007
1548  224.960  #dddddd  222 1  -0.0011
1549  225.310  #ddddde  222 2  0.0016
1550  225.170  #dedddd  222 3  -0.0006
1551  227.290  #deddde  222 4  0.0094
1552  227.370  #dddedd  222 5  0.0004
1553  227.480  #dddede  222 6  0.0005
1554  227.100  #dededd  222 7  -0.0017
1555  227.260  #dedede  223 1  0.0007
1556  227.490  #dededf  223 2  0.0010
1557  227.100  #dfdede  223 3  -0.0017
1558  227.180  #dfdedf  223 4  0.0004
1559  229.530  #dedfde  223 5  0.0103
1560  229.270  #dedfdf  223 6  -0.0011
1561  229.170  #dfdfde  223 7  -0.0004
1562  229.000  #dfdfdf  224 1  -0.0007
1563  229.300  #dfdfe0  224 2  0.0013
1564  229.160  #e0dfdf  224 3  -0.0006
1565  228.940  #e0dfe0  224 4  -0.0010
1566  229.430  #dfe0df  224 5  0.0021
1567  229.240  #dfe0e0  224 6  -0.0008
1568  231.340  #e0e0df  224 7  0.0091
1569  231.100  #e0e0e0  225 1  -0.0010
1570  231.370  #e0e0e1  225 2  0.0012
1571  231.300  #e1e0e0  225 3  -0.0003
1572  231.060  #e1e0e1  225 4  -0.0010
1573  231.600  #e0e1e0  225 5  0.0023
1574  231.340  #e0e1e1  225 6  -0.0011
1575  233.140  #e1e1e0  225 7  0.0078
1576  233.240  #e1e1e1  226 1  0.0004
1577  233.470  #e1e1e2  226 2  0.0010
1578  233.100  #e2e1e1  226 3  -0.0016
1579  233.170  #e2e1e2  226 4  0.0003
1580  233.310  #e1e2e1  226 5  0.0006
1581  233.420  #e1e2e2  226 6  0.0005
1582  233.060  #e2e2e1  226 7  -0.0015
1583  233.140  #e2e2e2  227 1  0.0003
1584  234.930  #e2e2e3  227 2  0.0076
1585  235.170  #e3e2e2  227 3  0.0010
1586  234.900  #e3e2e3  227 4  -0.0011
1587  235.430  #e2e3e2  227 5  0.0023
1588  235.240  #e2e3e3  227 6  -0.0008
1589  235.110  #e3e3e2  227 7  -0.0006
1590  234.850  #e3e3e3  228 1  -0.0011
1591  234.860  #e3e3e4  228 2  0.0000
1592  237.020  #e4e3e3  228 3  0.0092
1593  237.110  #e4e3e4  228 4  0.0004
1594  237.250  #e3e4e3  228 5  0.0006
1595  237.350  #e3e4e4  228 6  0.0004
1596  236.950  #e4e4e3  228 7  -0.0017
1597  237.050  #e4e4e4  229 1  0.0004
1598  237.310  #e4e4e5  229 2  0.0011
1599  236.920  #e5e4e4  229 3  -0.0016
1600  239.390  #e5e4e5  229 4  0.0104
1601  239.530  #e4e5e4  229 5  0.0006
1602  239.660  #e4e5e5  229 6  0.0005
1603  239.250  #e5e5e4  229 7  -0.0017
1604  239.330  #e5e5e5  230 1  0.0003
1605  239.560  #e5e5e6  230 2  0.0010
1606  239.210  #e6e5e5  230 3  -0.0015
1607  239.320  #e6e5e6  230 4  0.0005
1608  241.790  #e5e6e5  230 5  0.0103
1609  241.480  #e5e6e6  230 6  -0.0013
1610  241.440  #e6e6e5  230 7  -0.0002
1611  241.150  #e6e6e6  231 1  -0.0012
1612  241.150  #e6e6e7  231 2  0.0000
1613  241.160  #e7e6e6  231 3  0.0000
1614  241.100  #e7e6e7  231 4  -0.0002
1615  241.710  #e6e7e6  231 5  0.0025
1616  241.440  #e6e7e7  231 6  -0.0011
1617  243.320  #e7e7e6  231 7  0.0078
1618  243.440  #e7e7e7  232 1  0.0005
1619  243.420  #e7e7e8  232 2  -0.0001
1620  243.290  #e8e7e7  232 3  -0.0005
1621  243.400  #e8e7e8  232 4  0.0005
1622  243.530  #e7e8e7  232 5  0.0005
1623  243.640  #e7e8e8  232 6  0.0005
1624  245.590  #e8e8e7  232 7  0.0080
1625  245.730  #e8e8e8  233 1  0.0006
1626  245.930  #e8e8e9  233 2  0.0008
1627  245.600  #e9e8e8  233 3  -0.0013
1628  245.680  #e9e8e9  233 4  0.0003
1629  245.760  #e8e9e8  233 5  0.0003
1630  245.870  #e8e9e9  233 6  0.0004
1631  245.510  #e9e9e8  233 7  -0.0015
1632  245.650  #e9e9e9  234 1  0.0006
1633  247.830  #e9e9ea  234 2  0.0088
1634  247.690  #eae9e9  234 3  -0.0006
1635  247.460  #eae9ea  234 4  -0.0009
1636  248.020  #e9eae9  234 5  0.0023
1637  247.770  #e9eaea  234 6  -0.0010
1638  247.670  #eaeae9  234 7  -0.0004
1639  247.410  #eaeaea  235 1  -0.0011
1640  247.390  #eaeaeb  235 2  -0.0001
1641  249.880  #ebeaea  235 3  0.0100
1642  250.020  #ebeaeb  235 4  0.0006
1643  250.130  #eaebea  235 5  0.0004
1644  250.320  #eaebeb  235 6  0.0008
1645  249.860  #ebebea  235 7  -0.0018
1646  249.980  #ebebeb  236 1  0.0005
1647  249.930  #ebebec  236 2  -0.0002
1648  249.810  #ecebeb  236 3  -0.0005
1649  252.360  #ecebec  236 4  0.0102
1650  252.480  #ebeceb  236 5  0.0005
1651  252.600  #ebecec  236 6  0.0005
1652  252.220  #ececeb  236 7  -0.0015
1653  252.330  #ececec  237 1  0.0004
1654  252.540  #ececed  237 2  0.0008
1655  252.210  #edecec  237 3  -0.0013
1656  252.300  #edeced  237 4  0.0004
1657  254.620  #ecedec  237 5  0.0092
1658  254.390  #eceded  237 6  -0.0009
1659  254.300  #ededec  237 7  -0.0004
1660  254.040  #ededed  238 1  -0.0010
1661  254.370  #ededee  238 2  0.0013
1662  254.270  #eeeded  238 3  -0.0004
1663  253.970  #eeedee  238 4  -0.0012
1664  254.550  #edeeed  238 5  0.0023
1665  256.350  #edeeee  238 6  0.0070
1666  255.970  #eeeeed  238 7  -0.0015
1667  256.090  #eeeeee  239 1  0.0005
1668  256.100  #eeeeef  239 2  0.0000
1669  256.060  #efeeee  239 3  -0.0002
1670  256.070  #efeeef  239 4  0.0000
1671  256.120  #eeefee  239 5  0.0002
1672  256.260  #eeefef  239 6  0.0005
1673  258.030  #efefee  239 7  0.0069
1674  258.130  #efefef  240 1  0.0004
1675  258.120  #efeff0  240 2  -0.0000
1676  258.020  #f0efef  240 3  -0.0004
1677  258.100  #f0eff0  240 4  0.0003
1678  258.120  #eff0ef  240 5  0.0001
1679  258.290  #eff0f0  240 6  0.0007
1680  257.970  #f0f0ef  240 7  -0.0012
1681  259.750  #f0f0f0  241 1  0.0069
1682  260.010  #f0f0f1  241 2  0.0010
1683  259.930  #f1f0f0  241 3  -0.0003
1684  259.730  #f1f0f1  241 4  -0.0008
1685  260.230  #f0f1f0  241 5  0.0019
1686  259.990  #f0f1f1  241 6  -0.0009
1687  259.910  #f1f1f0  241 7  -0.0003
1688  259.710  #f1f1f1  242 1  -0.0008
1689  259.960  #f1f1f2  242 2  0.0010
1690  261.590  #f2f1f1  242 3  0.0063
1691  261.740  #f2f1f2  242 4  0.0006
1692  261.770  #f1f2f1  242 5  0.0001
1693  261.890  #f1f2f2  242 6  0.0005
1694  261.560  #f2f2f1  242 7  -0.0013
1695  261.610  #f2f2f2  243 1  0.0002
1696  261.620  #f2f2f3  243 2  0.0000
1697  261.510  #f3f2f2  243 3  -0.0004
1698  263.680  #f3f2f3  243 4  0.0083
1699  263.830  #f2f3f2  243 5  0.0006
1700  263.890  #f2f3f3  243 6  0.0002
1701  263.600  #f3f3f2  243 7  -0.0011
1702  263.610  #f3f3f3  244 1  0.0000
1703  263.630  #f3f3f4  244 2  0.0001
1704  263.550  #f4f3f3  244 3  -0.0003
1705  263.610  #f4f3f4  244 4  0.0002
1706  265.860  #f3f4f3  244 5  0.0085
1707  265.630  #f3f4f4  244 6  -0.0009
1708  265.520  #f4f4f3  244 7  -0.0004
1709  265.280  #f4f4f4  245 1  -0.0009
1710  265.600  #f4f4f5  245 2  0.0012
1711  265.510  #f5f4f4  245 3  -0.0003
1712  265.260  #f5f4f5  245 4  -0.0009
1713  265.790  #f4f5f4  245 5  0.0020
1714  267.540  #f4f5f5  245 6  0.0066
1715  267.210  #f5f5f4  245 7  -0.0012
1716  267.290  #f5f5f5  246 1  0.0003
1717  267.530  #f5f5f6  246 2  0.0009
1718  267.140  #f6f5f5  246 3  -0.0015
1719  267.250  #f6f5f6  246 4  0.0004
1720  267.350  #f5f6f5  246 5  0.0004
1721  267.440  #f5f6f6  246 6  0.0003
1722  269.090  #f6f6f5  246 7  0.0062
1723  268.820  #f6f6f6  247 1  -0.0010
1724  268.820  #f6f6f7  247 2  0.0000
1725  269.010  #f7f6f6  247 3  0.0007
1726  268.810  #f7f6f7  247 4  -0.0007
1727  269.260  #f6f7f6  247 5  0.0017
1728  269.060  #f6f7f7  247 6  -0.0007
1729  268.980  #f7f7f6  247 7  -0.0003
1730  268.740  #f7f7f7  248 1  -0.0009
1731  270.720  #f7f7f8  248 2  0.0073
1732  270.920  #f8f7f7  248 3  0.0007
1733  270.710  #f8f7f8  248 4  -0.0008
1734  270.980  #f7f8f7  248 5  0.0010
1735  270.910  #f7f8f8  248 6  -0.0003
1736  270.860  #f8f8f7  248 7  -0.0002
1737  270.650  #f8f8f8  249 1  -0.0008
1738  270.930  #f8f8f9  249 2  0.0010
1739  272.330  #f9f8f8  249 3  0.0052
1740  272.400  #f9f8f9  249 4  0.0003
1741  272.590  #f8f9f8  249 5  0.0007
1742  272.600  #f8f9f9  249 6  0.0000
1743  272.260  #f9f9f8  249 7  -0.0012
1744  272.320  #f9f9f9  250 1  0.0002
1745  272.610  #f9f9fa  250 2  0.0011
1746  272.190  #faf9f9  250 3  -0.0015
1747  273.780  #faf9fa  250 4  0.0058
1748  274.130  #f9faf9  250 5  0.0013
1749  273.960  #f9fafa  250 6  -0.0006
1750  273.940  #fafaf9  250 7  -0.0001
1751  273.730  #fafafa  251 1  -0.0008
1752  273.700  #fafafb  251 2  -0.0001
1753  273.920  #fbfafa  251 3  0.0008
1754  273.680  #fbfafb  251 4  -0.0009
1755  276.690  #fafbfa  251 5  0.0109
1756  276.010  #fafbfb  251 6  -0.0025
1757  275.810  #fbfbfa  251 7  -0.0007
1758  275.330  #fbfbfb  252 1  -0.0017
1759  275.310  #fbfbfc  252 2  -0.0001
1760  275.290  #fcfbfb  252 3  -0.0001
1761  275.270  #fcfbfc  252 4  -0.0001
1762  276.590  #fbfcfb  252 5  0.0048
1763  279.110  #fbfcfc  252 6  0.0091
1764  278.400  #fcfcfb  252 7  -0.0025
1765  278.180  #fcfcfc  253 1  -0.0008
1766  279.100  #fcfcfd  253 2  0.0033
1767  278.360  #fdfcfc  253 3  -0.0027
1768  278.160  #fdfcfd  253 4  -0.0007
1769  279.350  #fcfdfc  253 5  0.0043
1770  279.010  #fcfdfd  253 6  -0.0012
1771  280.990  #fdfdfc  253 7  0.0071
1772  281.390  #fdfdfd  254 1  0.0014
1773  280.410  #fdfdfe  254 2  -0.0035
1774  280.940  #fefdfd  254 3  0.0019
1775  281.330  #fefdfe  254 4  0.0014
1776  279.950  #fdfefd  254 5  -0.0049
1777  280.340  #fdfefe  254 6  0.0014
1778  280.870  #fefefd  254 7  0.0019
1779  281.270  #fefefe  255 1  0.0014
1780  281.270  #fefeff  255 2  0.0000
1781  281.120  #fffefe  255 3  -0.0005
1782  281.260  #fffeff  255 4  0.0005
1783  280.960  #fefffe  255 5  -0.0011
1784  281.090  #feffff  255 6  0.0005
1785  281.050  #fffffe  255 7  -0.0001
1786  281.190  #ffffff  256 1  0.0005
