#  lumResponse vers. 1.6 - 01/04/07 10:21:27
#  Display ID: DELL_2405FPW_T613358G3N0S
#  iLdelay=1  avgN=1  ILlimit_plus=0.20 ILlimit_minus=-0.05  R=23.4% G=68.2% B=8.4%
#  83.8  #ff0000
#  244.0  #00ff00
#  30.1  #0000ff
   1    0.305  #000000    1 1  0.0000
   2    0.313  #000001    1 2  0.0259
   3    0.322  #010000    1 3  0.0283
   4    0.330  #010001    1 4  0.0245
   5    0.357  #000100    1 5  0.0786
   6    0.364  #000101    1 6  0.0194
   7    0.374  #010100    1 7  0.0271
   8    0.383  #010101    2 1  0.0238
   9    0.386  #010102    2 2  0.0078
  10    0.393  #020101    2 3  0.0180
  11    0.396  #020102    2 4  0.0076
  12    0.410  #010201    2 5  0.0347
  13    0.414  #010202    2 6  0.0097
  14    0.421  #020201    2 7  0.0168
  15    0.424  #020202    3 1  0.0071
  16    0.428  #020203    3 2  0.0094
  17    0.435  #030202    3 3  0.0162
  18    0.439  #030203    3 4  0.0092
  19    0.452  #020302    3 5  0.0292
  20    0.456  #020303    3 6  0.0088
  21    0.462  #030302    3 7  0.0131
  22    0.466  #030303    4 1  0.0086
  23    0.471  #030304    4 2  0.0107
  24    0.478  #040303    4 3  0.0148
  25    0.481  #040304    4 4  0.0063
  26    0.498  #030403    4 5  0.0347
  27    0.503  #030404    4 6  0.0100
  28    0.510  #040403    4 7  0.0138
  29    0.514  #040404    5 1  0.0078
  30    0.519  #040405    5 2  0.0097
  31    0.528  #050404    5 3  0.0172
  32    0.534  #050405    5 4  0.0113
  33    0.552  #040504    5 5  0.0331
  34    0.557  #040505    5 6  0.0090
  35    0.566  #050504    5 7  0.0160
  36    0.571  #050505    6 1  0.0088
  37    0.577  #050506    6 2  0.0105
  38    0.584  #060505    6 3  0.0121
  39    0.590  #060506    6 4  0.0102
  40    0.608  #050605    6 5  0.0301
  41    0.613  #050606    6 6  0.0082
  42    0.621  #060605    6 7  0.0130
  43    0.626  #060606    7 1  0.0080
  44    0.631  #060607    7 2  0.0080
  45    0.642  #070606    7 3  0.0173
  46    0.647  #070607    7 4  0.0078
  47    0.666  #060706    7 5  0.0289
  48    0.671  #060707    7 6  0.0075
  49    0.682  #070706    7 7  0.0163
  50    0.687  #070707    8 1  0.0073
  51    0.693  #070708    8 2  0.0087
  52    0.702  #080707    8 3  0.0129
  53    0.709  #080708    8 4  0.0099
  54    0.731  #070807    8 5  0.0306
  55    0.737  #070808    8 6  0.0082
  56    0.745  #080807    8 7  0.0108
  57    0.752  #080808    9 1  0.0094
  58    0.758  #080809    9 2  0.0079
  59    0.771  #090808    9 3  0.0170
  60    0.778  #090809    9 4  0.0090
  61    0.800  #080908    9 5  0.0279
  62    0.805  #080909    9 6  0.0062
  63    0.818  #090908    9 7  0.0160
  64    0.824  #090909   10 1  0.0073
  65    0.830  #09090a   10 2  0.0073
  66    0.841  #0a0909   10 3  0.0132
  67    0.847  #0a090a   10 4  0.0071
  68    0.867  #090a09   10 5  0.0233
  69    0.872  #090a0a   10 6  0.0058
  70    0.883  #0a0a09   10 7  0.0125
  71    0.889  #0a0a0a   11 1  0.0068
  72    0.897  #0a0a0b   11 2  0.0090
  73    0.910  #0b0a0a   11 3  0.0144
  74    0.916  #0b0a0b   11 4  0.0066
  75    0.941  #0a0b0a   11 5  0.0269
  76    0.949  #0a0b0b   11 6  0.0085
  77    0.962  #0b0b0a   11 7  0.0136
  78    0.970  #0b0b0b   12 1  0.0083
  79    0.977  #0b0b0c   12 2  0.0072
  80    0.988  #0c0b0b   12 3  0.0112
  81    0.994  #0c0b0c   12 4  0.0061
  82    1.016  #0b0c0b   12 5  0.0219
  83    1.024  #0b0c0c   12 6  0.0078
  84    1.035  #0c0c0b   12 7  0.0107
  85    1.043  #0c0c0c   13 1  0.0077
  86    1.050  #0c0c0d   13 2  0.0067
  87    1.062  #0d0c0c   13 3  0.0114
  88    1.067  #0d0c0d   13 4  0.0047
  89    1.092  #0c0d0c   13 5  0.0232
  90    1.099  #0c0d0d   13 6  0.0064
  91    1.112  #0d0d0c   13 7  0.0118
  92    1.121  #0d0d0d   14 1  0.0081
  93    1.129  #0d0d0e   14 2  0.0071
  94    1.138  #0e0d0d   14 3  0.0079
  95    1.145  #0e0d0e   14 4  0.0061
  96    1.172  #0d0e0d   14 5  0.0233
  97    1.180  #0d0e0e   14 6  0.0068
  98    1.191  #0e0e0d   14 7  0.0093
  99    1.199  #0e0e0e   15 1  0.0067
 100    1.207  #0e0e0f   15 2  0.0067
 101    1.224  #0f0e0e   15 3  0.0140
 102    1.230  #0f0e0f   15 4  0.0049
 103    1.254  #0e0f0e   15 5  0.0193
 104    1.261  #0e0f0f   15 6  0.0056
 105    1.277  #0f0f0e   15 7  0.0126
 106    1.285  #0f0f0f   16 1  0.0062
 107    1.294  #0f0f10   16 2  0.0070
 108    1.314  #100f0f   16 3  0.0153
 109    1.322  #100f10   16 4  0.0061
 110    1.343  #0f100f   16 5  0.0158
 111    1.351  #0f1010   16 6  0.0059
 112    1.371  #10100f   16 7  0.0147
 113    1.380  #101010   17 1  0.0065
 114    1.385  #101011   17 2  0.0036
 115    1.415  #111010   17 3  0.0214
 116    1.422  #111011   17 4  0.0049
 117    1.431  #101110   17 5  0.0063
 118    1.438  #101111   17 6  0.0049
 119    1.467  #111110   17 7  0.0200
 120    1.472  #111111   18 1  0.0034
 121    1.481  #111112   18 2  0.0061
 122    1.512  #121111   18 3  0.0207
 123    1.522  #121112   18 4  0.0066
 124    1.556  #111211   18 5  0.0221
 125    1.567  #111212   18 6  0.0070
 126    1.599  #121211   18 7  0.0202
 127    1.608  #121212   19 1  0.0056
 128    1.613  #121213   19 2  0.0031
 129    1.649  #131212   19 3  0.0221
 130    1.657  #131213   19 4  0.0048
 131    1.698  #121312   19 5  0.0244
 132    1.705  #121313   19 6  0.0041
 133    1.743  #131312   19 7  0.0220
 134    1.750  #131313   20 1  0.0040
 135    1.760  #131314   20 2  0.0057
 136    1.800  #141313   20 3  0.0225
 137    1.810  #141314   20 4  0.0055
 138    1.870  #131413   20 5  0.0326
 139    1.880  #131414   20 6  0.0053
 140    1.920  #141413   20 7  0.0211
 141    1.930  #141414   21 1  0.0052
 142    1.950  #141415   21 2  0.0103
 143    1.980  #151414   21 3  0.0153
 144    2.000  #151415   21 4  0.0101
 145    2.050  #141514   21 5  0.0247
 146    2.060  #141515   21 6  0.0049
 147    2.100  #151514   21 7  0.0192
 148    2.110  #151515   22 1  0.0048
 149    2.130  #151516   22 2  0.0094
 150    2.180  #161515   22 3  0.0232
 151    2.200  #161516   22 4  0.0091
 152    2.260  #151615   22 5  0.0269
 153    2.280  #151616   22 6  0.0088
 154    2.320  #161615   22 7  0.0174
 155    2.340  #161616   23 1  0.0086
 156    2.360  #161617   23 2  0.0085
 157    2.410  #171616   23 3  0.0210
 158    2.430  #171617   23 4  0.0083
 159    2.480  #161716   23 5  0.0204
 160    2.500  #161717   23 6  0.0080
 161    2.550  #171716   23 7  0.0198
 162    2.570  #171717   24 1  0.0078
 163    2.590  #171718   24 2  0.0078
 164    2.640  #181717   24 3  0.0191
 165    2.660  #181718   24 4  0.0075
 166    2.720  #171817   24 5  0.0223
 167    2.740  #171818   24 6  0.0073
 168    2.790  #181817   24 7  0.0181
 169    2.810  #181818   25 1  0.0071
 170    2.820  #181819   25 2  0.0036
 171    2.890  #191818   25 3  0.0245
 172    2.910  #191819   25 4  0.0069
 173    3.010  #181918   25 5  0.0338
 174    3.030  #181919   25 6  0.0066
 175    3.100  #191918   25 7  0.0228
 176    3.120  #191919   26 1  0.0064
 177    3.140  #19191a   26 2  0.0064
 178    3.190  #1a1919   26 3  0.0158
 179    3.220  #1a191a   26 4  0.0094
 180    3.310  #191a19   26 5  0.0276
 181    3.330  #191a1a   26 6  0.0060
 182    3.390  #1a1a19   26 7  0.0179
 183    3.410  #1a1a1a   27 1  0.0059
 184    3.430  #1a1a1b   27 2  0.0058
 185    3.510  #1b1a1a   27 3  0.0231
 186    3.530  #1b1a1b   27 4  0.0057
 187    3.620  #1a1b1a   27 5  0.0252
 188    3.640  #1a1b1b   27 6  0.0055
 189    3.720  #1b1b1a   27 7  0.0217
 190    3.740  #1b1b1b   28 1  0.0054
 191    3.770  #1b1b1c   28 2  0.0080
 192    3.840  #1c1b1b   28 3  0.0184
 193    3.860  #1c1b1c   28 4  0.0052
 194    3.970  #1b1c1b   28 5  0.0281
 195    4.000  #1b1c1c   28 6  0.0075
 196    4.060  #1c1c1b   28 7  0.0149
 197    4.080  #1c1c1c   29 1  0.0049
 198    4.110  #1c1c1d   29 2  0.0073
 199    4.200  #1d1c1c   29 3  0.0217
 200    4.220  #1d1c1d   29 4  0.0048
 201    4.320  #1c1d1c   29 5  0.0234
 202    4.350  #1c1d1d   29 6  0.0069
 203    4.440  #1d1d1c   29 7  0.0205
 204    4.460  #1d1d1d   30 1  0.0045
 205    4.500  #1d1d1e   30 2  0.0089
 206    4.560  #1e1d1d   30 3  0.0132
 207    4.590  #1e1d1e   30 4  0.0066
 208    4.720  #1d1e1d   30 5  0.0279
 209    4.750  #1d1e1e   30 6  0.0063
 210    4.820  #1e1e1d   30 7  0.0146
 211    4.850  #1e1e1e   31 1  0.0062
 212    4.880  #1e1e1f   31 2  0.0062
 213    4.970  #1f1e1e   31 3  0.0183
 214    4.990  #1f1e1f   31 4  0.0040
 215    5.130  #1e1f1e   31 5  0.0277
 216    5.150  #1e1f1f   31 6  0.0039
 217    5.240  #1f1f1e   31 7  0.0173
 218    5.270  #1f1f1f   32 1  0.0057
 219    5.300  #1f1f20   32 2  0.0057
 220    5.390  #201f1f   32 3  0.0168
 221    5.420  #201f20   32 4  0.0056
 222    5.570  #1f201f   32 5  0.0273
 223    5.590  #1f2020   32 6  0.0036
 224    5.690  #20201f   32 7  0.0177
 225    5.720  #202020   33 1  0.0053
 226    5.760  #202021   33 2  0.0070
 227    5.840  #212020   33 3  0.0138
 228    5.880  #212021   33 4  0.0068
 229    6.050  #202120   33 5  0.0285
 230    6.090  #202121   33 6  0.0066
 231    6.170  #212120   33 7  0.0131
 232    6.200  #212121   34 1  0.0049
 233    6.240  #212122   34 2  0.0064
 234    6.350  #222121   34 3  0.0175
 235    6.380  #222122   34 4  0.0047
 236    6.520  #212221   34 5  0.0217
 237    6.560  #212222   34 6  0.0061
 238    6.670  #222221   34 7  0.0166
 239    6.710  #222222   35 1  0.0060
 240    6.740  #222223   35 2  0.0045
 241    6.840  #232222   35 3  0.0147
 242    6.880  #232223   35 4  0.0058
 243    7.040  #222322   35 5  0.0230
 244    7.080  #222323   35 6  0.0057
 245    7.180  #232322   35 7  0.0140
 246    7.220  #232323   36 1  0.0056
 247    7.260  #232324   36 2  0.0055
 248    7.390  #242323   36 3  0.0177
 249    7.440  #242324   36 4  0.0067
 250    7.590  #232423   36 5  0.0200
 251    7.640  #232424   36 6  0.0066
 252    7.760  #242423   36 7  0.0156
 253    7.800  #242424   37 1  0.0051
 254    7.830  #242425   37 2  0.0038
 255    7.910  #252424   37 3  0.0102
 256    7.940  #252425   37 4  0.0038
 257    8.100  #242524   37 5  0.0200
 258    8.130  #242525   37 6  0.0037
 259    8.210  #252524   37 7  0.0098
 260    8.240  #252525   38 1  0.0036
 261    8.280  #252526   38 2  0.0048
 262    8.390  #262525   38 3  0.0132
 263    8.420  #262526   38 4  0.0036
 264    8.640  #252625   38 5  0.0258
 265    8.700  #252626   38 6  0.0069
 266    8.800  #262625   38 7  0.0114
 267    8.840  #262626   39 1  0.0045
 268    8.880  #262627   39 2  0.0045
 269    8.970  #272626   39 3  0.0101
 270    9.020  #272627   39 4  0.0056
 271    9.240  #262726   39 5  0.0241
 272    9.290  #262727   39 6  0.0054
 273    9.380  #272726   39 7  0.0096
 274    9.440  #272727   40 1  0.0064
 275    9.490  #272728   40 2  0.0053
 276    9.620  #282727   40 3  0.0136
 277    9.680  #282728   40 4  0.0062
 278    9.880  #272827   40 5  0.0204
 279    9.940  #272828   40 6  0.0061
 280   10.070  #282827   40 7  0.0130
 281   10.120  #282828   41 1  0.0050
 282   10.150  #282829   41 2  0.0030
 283   10.240  #292828   41 3  0.0088
 284   10.280  #292829   41 4  0.0039
 285   10.460  #282928   41 5  0.0174
 286   10.500  #282929   41 6  0.0038
 287   10.600  #292928   41 7  0.0095
 288   10.650  #292929   42 1  0.0047
 289   10.710  #29292a   42 2  0.0056
 290   10.820  #2a2929   42 3  0.0102
 291   10.870  #2a292a   42 4  0.0046
 292   11.090  #292a29   42 5  0.0200
 293   11.140  #292a2a   42 6  0.0045
 294   11.280  #2a2a29   42 7  0.0125
 295   11.340  #2a2a2a   43 1  0.0053
 296   11.400  #2a2a2b   43 2  0.0053
 297   11.520  #2b2a2a   43 3  0.0105
 298   11.580  #2b2a2b   43 4  0.0052
 299   11.790  #2a2b2a   43 5  0.0180
 300   11.850  #2a2b2b   43 6  0.0051
 301   11.980  #2b2b2a   43 7  0.0109
 302   12.060  #2b2b2b   44 1  0.0067
 303   12.100  #2b2b2c   44 2  0.0033
 304   12.180  #2c2b2b   44 3  0.0066
 305   12.230  #2c2b2c   44 4  0.0041
 306   12.420  #2b2c2b   44 5  0.0154
 307   12.480  #2b2c2c   44 6  0.0048
 308   12.580  #2c2c2b   44 7  0.0080
 309   12.640  #2c2c2c   45 1  0.0048
 310   12.670  #2c2c2d   45 2  0.0024
 311   12.840  #2d2c2c   45 3  0.0133
 312   12.880  #2d2c2d   45 4  0.0031
 313   13.100  #2c2d2c   45 5  0.0169
 314   13.170  #2c2d2d   45 6  0.0053
 315   13.360  #2d2d2c   45 7  0.0143
 316   13.390  #2d2d2d   46 1  0.0022
 317   13.430  #2d2d2e   46 2  0.0030
 318   13.530  #2e2d2d   46 3  0.0074
 319   13.590  #2e2d2e   46 4  0.0044
 320   13.820  #2d2e2d   46 5  0.0168
 321   13.850  #2d2e2e   46 6  0.0022
 322   13.940  #2e2e2d   46 7  0.0065
 323   14.000  #2e2e2e   47 1  0.0043
 324   14.050  #2e2e2f   47 2  0.0036
 325   14.210  #2f2e2e   47 3  0.0113
 326   14.280  #2f2e2f   47 4  0.0049
 327   14.520  #2e2f2e   47 5  0.0167
 328   14.580  #2e2f2f   47 6  0.0041
 329   14.720  #2f2f2e   47 7  0.0096
 330   14.800  #2f2f2f   48 1  0.0054
 331   14.870  #2f2f30   48 2  0.0047
 332   15.000  #302f2f   48 3  0.0087
 333   15.050  #302f30   48 4  0.0033
 334   15.320  #2f302f   48 5  0.0178
 335   15.380  #2f3030   48 6  0.0039
 336   15.570  #30302f   48 7  0.0123
 337   15.620  #303030   49 1  0.0032
 338   15.650  #303031   49 2  0.0019
 339   15.750  #313030   49 3  0.0064
 340   15.820  #313031   49 4  0.0044
 341   16.050  #303130   49 5  0.0144
 342   16.120  #303131   49 6  0.0044
 343   16.200  #313130   49 7  0.0050
 344   16.270  #313131   50 1  0.0043
 345   16.320  #313132   50 2  0.0031
 346   16.510  #323131   50 3  0.0116
 347   16.590  #323132   50 4  0.0048
 348   16.840  #313231   50 5  0.0150
 349   16.900  #313232   50 6  0.0036
 350   17.070  #323231   50 7  0.0100
 351   17.140  #323232   51 1  0.0041
 352   17.230  #323233   51 2  0.0052
 353   17.310  #333232   51 3  0.0046
 354   17.360  #333233   51 4  0.0029
 355   17.500  #323332   51 5  0.0080
 356   17.600  #323333   51 6  0.0057
 357   17.800  #333332   51 7  0.0113
 358   17.800  #333333   52 1  0.0000
 359   17.800  #333334   52 2  0.0000
 360   18.000  #343333   52 3  0.0112
 361   18.000  #343334   52 4  0.0000
 362   18.200  #333433   52 5  0.0110
 363   18.300  #333434   52 6  0.0055
 364   18.400  #343433   52 7  0.0054
 365   18.500  #343434   53 1  0.0054
 366   18.600  #343435   53 2  0.0054
 367   18.700  #353434   53 3  0.0054
 368   18.800  #353435   53 4  0.0053
 369   19.100  #343534   53 5  0.0158
 370   19.200  #343535   53 6  0.0052
 371   19.300  #353534   53 7  0.0052
 372   19.400  #353535   54 1  0.0052
 373   19.400  #353536   54 2  0.0000
 374   19.600  #363535   54 3  0.0103
 375   19.600  #363536   54 4  0.0000
 376   19.900  #353635   54 5  0.0152
 377   19.900  #353636   54 6  0.0000
 378   20.100  #363635   54 7  0.0100
 379   20.100  #363636   55 1  0.0000
 380   20.200  #363637   55 2  0.0050
 381   20.300  #373636   55 3  0.0049
 382   20.400  #373637   55 4  0.0049
 383   20.700  #363736   55 5  0.0146
 384   20.800  #363737   55 6  0.0048
 385   21.000  #373736   55 7  0.0096
 386   21.000  #373737   56 1  0.0000
 387   21.100  #373738   56 2  0.0048
 388   21.300  #383737   56 3  0.0094
 389   21.300  #383738   56 4  0.0000
 390   21.500  #373837   56 5  0.0093
 391   21.600  #373838   56 6  0.0046
 392   21.800  #383837   56 7  0.0092
 393   21.800  #383838   57 1  0.0000
 394   21.900  #383839   57 2  0.0046
 395   22.000  #393838   57 3  0.0046
 396   22.100  #393839   57 4  0.0045
 397   22.300  #383938   57 5  0.0090
 398   22.400  #383939   57 6  0.0045
 399   22.500  #393938   57 7  0.0045
 400   22.600  #393939   58 1  0.0044
 401   22.700  #39393a   58 2  0.0044
 402   22.800  #3a3939   58 3  0.0044
 403   22.900  #3a393a   58 4  0.0044
 404   23.200  #393a39   58 5  0.0130
 405   23.300  #393a3a   58 6  0.0043
 406   23.500  #3a3a39   58 7  0.0085
 407   23.600  #3a3a3a   59 1  0.0042
 408   23.600  #3a3a3b   59 2  0.0000
 409   23.800  #3b3a3a   59 3  0.0084
 410   23.900  #3b3a3b   59 4  0.0042
 411   24.100  #3a3b3a   59 5  0.0083
 412   24.200  #3a3b3b   59 6  0.0041
 413   24.400  #3b3b3a   59 7  0.0082
 414   24.400  #3b3b3b   60 1  0.0000
 415   24.500  #3b3b3c   60 2  0.0041
 416   24.600  #3c3b3b   60 3  0.0041
 417   24.700  #3c3b3c   60 4  0.0041
 418   25.000  #3b3c3b   60 5  0.0121
 419   25.000  #3b3c3c   60 6  0.0000
 420   25.100  #3c3c3b   60 7  0.0040
 421   25.200  #3c3c3c   61 1  0.0040
 422   25.300  #3c3c3d   61 2  0.0040
 423   25.400  #3d3c3c   61 3  0.0039
 424   25.500  #3d3c3d   61 4  0.0039
 425   26.000  #3c3d3c   61 5  0.0194
 426   26.000  #3c3d3d   61 6  0.0000
 427   26.100  #3d3d3c   61 7  0.0038
 428   26.200  #3d3d3d   62 1  0.0038
 429   26.300  #3d3d3e   62 2  0.0038
 430   26.500  #3e3d3d   62 3  0.0076
 431   26.400  #3e3d3e   62 4  -0.0038
 432   26.700  #3d3e3d   62 5  0.0113
 433   26.800  #3d3e3e   62 6  0.0037
 434   26.900  #3e3e3d   62 7  0.0037
 435   27.000  #3e3e3e   63 1  0.0037
 436   27.100  #3e3e3f   63 2  0.0037
 437   27.200  #3f3e3e   63 3  0.0037
 438   27.200  #3f3e3f   63 4  0.0000
 439   27.500  #3e3f3e   63 5  0.0110
 440   27.700  #3e3f3f   63 6  0.0072
 441   27.700  #3f3f3e   63 7  0.0000
 442   27.800  #3f3f3f   64 1  0.0036
 443   27.900  #3f3f40   64 2  0.0036
 444   28.000  #403f3f   64 3  0.0036
 445   28.100  #403f40   64 4  0.0036
 446   28.400  #3f403f   64 5  0.0106
 447   28.500  #3f4040   64 6  0.0035
 448   28.600  #40403f   64 7  0.0035
 449   28.600  #404040   65 1  0.0000
 450   28.800  #404041   65 2  0.0070
 451   29.000  #414040   65 3  0.0069
 452   29.000  #414041   65 4  0.0000
 453   29.400  #404140   65 5  0.0137
 454   29.500  #404141   65 6  0.0034
 455   29.700  #414140   65 7  0.0068
 456   29.800  #414141   66 1  0.0034
 457   29.800  #414142   66 2  0.0000
 458   30.000  #424141   66 3  0.0067
 459   30.100  #424142   66 4  0.0033
 460   30.300  #414241   66 5  0.0066
 461   30.500  #414242   66 6  0.0066
 462   30.600  #424241   66 7  0.0033
 463   30.600  #424242   67 1  0.0000
 464   30.700  #424243   67 2  0.0033
 465   30.900  #434242   67 3  0.0065
 466   30.900  #434243   67 4  0.0000
 467   31.200  #424342   67 5  0.0097
 468   31.300  #424343   67 6  0.0032
 469   31.500  #434342   67 7  0.0064
 470   31.500  #434343   68 1  0.0000
 471   31.600  #434344   68 2  0.0032
 472   31.800  #444343   68 3  0.0063
 473   31.900  #444344   68 4  0.0031
 474   32.100  #434443   68 5  0.0063
 475   32.200  #434444   68 6  0.0031
 476   32.400  #444443   68 7  0.0062
 477   32.500  #444444   69 1  0.0031
 478   32.500  #444445   69 2  0.0000
 479   32.700  #454444   69 3  0.0061
 480   32.800  #454445   69 4  0.0031
 481   33.100  #444544   69 5  0.0091
 482   33.200  #444545   69 6  0.0030
 483   33.300  #454544   69 7  0.0030
 484   33.400  #454545   70 1  0.0030
 485   33.500  #454546   70 2  0.0030
 486   33.700  #464545   70 3  0.0060
 487   33.800  #464546   70 4  0.0030
 488   34.200  #454645   70 5  0.0118
 489   34.200  #454646   70 6  0.0000
 490   34.500  #464645   70 7  0.0087
 491   34.600  #464646   71 1  0.0029
 492   34.600  #464647   71 2  0.0000
 493   34.800  #474646   71 3  0.0058
 494   34.900  #474647   71 4  0.0029
 495   35.100  #464746   71 5  0.0057
 496   35.100  #464747   71 6  0.0000
 497   35.400  #474746   71 7  0.0085
 498   35.400  #474747   72 1  0.0000
 499   35.500  #474748   72 2  0.0028
 500   35.700  #484747   72 3  0.0056
 501   35.700  #484748   72 4  0.0000
 502   36.000  #474847   72 5  0.0084
 503   36.000  #474848   72 6  0.0000
 504   36.200  #484847   72 7  0.0055
 505   36.300  #484848   73 1  0.0028
 506   36.400  #484849   73 2  0.0028
 507   36.500  #494848   73 3  0.0027
 508   36.600  #494849   73 4  0.0027
 509   37.000  #484948   73 5  0.0109
 510   37.000  #484949   73 6  0.0000
 511   37.200  #494948   73 7  0.0054
 512   37.300  #494949   74 1  0.0027
 513   37.400  #49494a   74 2  0.0027
 514   37.500  #4a4949   74 3  0.0027
 515   37.600  #4a494a   74 4  0.0027
 516   38.000  #494a49   74 5  0.0106
 517   38.000  #494a4a   74 6  0.0000
 518   38.200  #4a4a49   74 7  0.0052
 519   38.300  #4a4a4a   75 1  0.0026
 520   38.400  #4a4a4b   75 2  0.0026
 521   38.500  #4b4a4a   75 3  0.0026
 522   38.600  #4b4a4b   75 4  0.0026
 523   38.900  #4a4b4a   75 5  0.0077
 524   39.000  #4a4b4b   75 6  0.0026
 525   39.200  #4b4b4a   75 7  0.0051
 526   39.200  #4b4b4b   76 1  0.0000
 527   39.400  #4b4b4c   76 2  0.0051
 528   39.500  #4c4b4b   76 3  0.0025
 529   39.500  #4c4b4c   76 4  0.0000
 530   40.000  #4b4c4b   76 5  0.0126
 531   40.000  #4b4c4c   76 6  0.0000
 532   40.100  #4c4c4b   76 7  0.0025
 533   40.300  #4c4c4c   77 1  0.0050
 534   40.400  #4c4c4d   77 2  0.0025
 535   40.500  #4d4c4c   77 3  0.0025
 536   40.600  #4d4c4d   77 4  0.0025
 537   40.900  #4c4d4c   77 5  0.0074
 538   41.000  #4c4d4d   77 6  0.0024
 539   41.200  #4d4d4c   77 7  0.0049
 540   41.300  #4d4d4d   78 1  0.0024
 541   41.400  #4d4d4e   78 2  0.0024
 542   41.600  #4e4d4d   78 3  0.0048
 543   41.600  #4e4d4e   78 4  0.0000
 544   42.000  #4d4e4d   78 5  0.0096
 545   42.100  #4d4e4e   78 6  0.0024
 546   42.200  #4e4e4d   78 7  0.0024
 547   42.400  #4e4e4e   79 1  0.0047
 548   42.400  #4e4e4f   79 2  0.0000
 549   42.500  #4f4e4e   79 3  0.0024
 550   42.700  #4f4e4f   79 4  0.0047
 551   43.000  #4e4f4e   79 5  0.0070
 552   43.100  #4e4f4f   79 6  0.0023
 553   43.300  #4f4f4e   79 7  0.0046
 554   43.300  #4f4f4f   80 1  0.0000
 555   43.400  #4f4f50   80 2  0.0023
 556   43.600  #504f4f   80 3  0.0046
 557   43.700  #504f50   80 4  0.0023
 558   44.000  #4f504f   80 5  0.0068
 559   44.100  #4f5050   80 6  0.0023
 560   44.300  #50504f   80 7  0.0045
 561   44.400  #505050   81 1  0.0023
 562   44.500  #505051   81 2  0.0022
 563   44.700  #515050   81 3  0.0045
 564   44.800  #515051   81 4  0.0022
 565   45.100  #505150   81 5  0.0067
 566   45.200  #505151   81 6  0.0022
 567   45.400  #515150   81 7  0.0044
 568   45.500  #515151   82 1  0.0022
 569   45.500  #515152   82 2  0.0000
 570   45.800  #525151   82 3  0.0066
 571   45.900  #525152   82 4  0.0022
 572   46.200  #515251   82 5  0.0065
 573   46.200  #515252   82 6  0.0000
 574   46.500  #525251   82 7  0.0065
 575   46.600  #525252   83 1  0.0021
 576   46.700  #525253   83 2  0.0021
 577   46.900  #535252   83 3  0.0043
 578   47.000  #535253   83 4  0.0021
 579   47.300  #525352   83 5  0.0064
 580   47.400  #525353   83 6  0.0021
 581   47.600  #535352   83 7  0.0042
 582   47.700  #535353   84 1  0.0021
 583   47.800  #535354   84 2  0.0021
 584   48.000  #545353   84 3  0.0042
 585   48.100  #545354   84 4  0.0021
 586   48.400  #535453   84 5  0.0062
 587   48.500  #535454   84 6  0.0021
 588   48.700  #545453   84 7  0.0041
 589   48.800  #545454   85 1  0.0021
 590   49.000  #545455   85 2  0.0041
 591   49.100  #555454   85 3  0.0020
 592   49.200  #555455   85 4  0.0020
 593   49.600  #545554   85 5  0.0081
 594   49.600  #545555   85 6  0.0000
 595   49.900  #555554   85 7  0.0060
 596   49.900  #555555   86 1  0.0000
 597   50.100  #555556   86 2  0.0040
 598   50.300  #565555   86 3  0.0040
 599   50.400  #565556   86 4  0.0020
 600   50.700  #555655   86 5  0.0059
 601   50.800  #555656   86 6  0.0020
 602   51.000  #565655   86 7  0.0039
 603   51.200  #565656   87 1  0.0039
 604   51.200  #565657   87 2  0.0000
 605   51.500  #575656   87 3  0.0058
 606   51.600  #575657   87 4  0.0019
 607   51.800  #565756   87 5  0.0039
 608   52.000  #565757   87 6  0.0039
 609   52.200  #575756   87 7  0.0038
 610   52.300  #575757   88 1  0.0019
 611   52.400  #575758   88 2  0.0019
 612   52.600  #585757   88 3  0.0038
 613   52.700  #585758   88 4  0.0019
 614   53.000  #575857   88 5  0.0057
 615   53.200  #575858   88 6  0.0038
 616   53.400  #585857   88 7  0.0038
 617   53.500  #585858   89 1  0.0019
 618   53.600  #585859   89 2  0.0019
 619   53.800  #595858   89 3  0.0037
 620   53.900  #595859   89 4  0.0019
 621   54.300  #585958   89 5  0.0074
 622   54.400  #585959   89 6  0.0018
 623   54.600  #595958   89 7  0.0037
 624   54.700  #595959   90 1  0.0018
 625   54.800  #59595a   90 2  0.0018
 626   55.000  #5a5959   90 3  0.0036
 627   55.000  #5a595a   90 4  0.0000
 628   55.500  #595a59   90 5  0.0090
 629   55.500  #595a5a   90 6  0.0000
 630   55.700  #5a5a59   90 7  0.0036
 631   55.800  #5a5a5a   91 1  0.0018
 632   55.900  #5a5a5b   91 2  0.0018
 633   56.100  #5b5a5a   91 3  0.0036
 634   56.200  #5b5a5b   91 4  0.0018
 635   56.600  #5a5b5a   91 5  0.0071
 636   56.700  #5a5b5b   91 6  0.0018
 637   56.900  #5b5b5a   91 7  0.0035
 638   57.000  #5b5b5b   92 1  0.0018
 639   57.100  #5b5b5c   92 2  0.0018
 640   57.300  #5c5b5b   92 3  0.0035
 641   57.400  #5c5b5c   92 4  0.0017
 642   57.800  #5b5c5b   92 5  0.0069
 643   57.900  #5b5c5c   92 6  0.0017
 644   58.000  #5c5c5b   92 7  0.0017
 645   58.200  #5c5c5c   93 1  0.0034
 646   58.200  #5c5c5d   93 2  0.0000
 647   58.500  #5d5c5c   93 3  0.0051
 648   58.600  #5d5c5d   93 4  0.0017
 649   58.900  #5c5d5c   93 5  0.0051
 650   59.100  #5c5d5d   93 6  0.0034
 651   59.300  #5d5d5c   93 7  0.0034
 652   59.400  #5d5d5d   94 1  0.0017
 653   59.600  #5d5d5e   94 2  0.0034
 654   59.700  #5e5d5d   94 3  0.0017
 655   59.800  #5e5d5e   94 4  0.0017
 656   60.200  #5d5e5d   94 5  0.0067
 657   60.300  #5d5e5e   94 6  0.0017
 658   60.500  #5e5e5d   94 7  0.0033
 659   60.700  #5e5e5e   95 1  0.0033
 660   60.800  #5e5e5f   95 2  0.0016
 661   60.900  #5f5e5e   95 3  0.0016
 662   61.000  #5f5e5f   95 4  0.0016
 663   61.500  #5e5f5e   95 5  0.0082
 664   61.500  #5e5f5f   95 6  0.0000
 665   61.800  #5f5f5e   95 7  0.0049
 666   61.900  #5f5f5f   96 1  0.0016
 667   62.000  #5f5f60   96 2  0.0016
 668   62.100  #605f5f   96 3  0.0016
 669   62.300  #605f60   96 4  0.0032
 670   62.700  #5f605f   96 5  0.0064
 671   62.700  #5f6060   96 6  0.0000
 672   63.000  #60605f   96 7  0.0048
 673   63.100  #606060   97 1  0.0016
 674   63.100  #606061   97 2  0.0000
 675   63.300  #616060   97 3  0.0032
 676   63.400  #616061   97 4  0.0016
 677   63.700  #606160   97 5  0.0047
 678   63.800  #606161   97 6  0.0016
 679   64.000  #616160   97 7  0.0031
 680   63.900  #616161   98 1  -0.0016
 681   64.200  #616162   98 2  0.0047
 682   64.300  #626161   98 3  0.0016
 683   64.300  #626162   98 4  0.0000
 684   64.800  #616261   98 5  0.0077
 685   64.900  #616262   98 6  0.0015
 686   65.000  #626261   98 7  0.0015
 687   65.200  #626262   99 1  0.0031
 688   65.400  #626263   99 2  0.0031
 689   65.500  #636262   99 3  0.0015
 690   65.600  #636263   99 4  0.0015
 691   66.000  #626362   99 5  0.0061
 692   66.100  #626363   99 6  0.0015
 693   66.300  #636362   99 7  0.0030
 694   66.400  #636363  100 1  0.0015
 695   66.500  #636364  100 2  0.0015
 696   66.800  #646363  100 3  0.0045
 697   66.900  #646364  100 4  0.0015
 698   67.200  #636463  100 5  0.0045
 699   67.500  #636464  100 6  0.0045
 700   67.600  #646463  100 7  0.0015
 701   67.700  #646464  101 1  0.0015
 702   67.800  #646465  101 2  0.0015
 703   68.100  #656464  101 3  0.0044
 704   68.100  #656465  101 4  0.0000
 705   68.600  #646564  101 5  0.0073
 706   68.700  #646565  101 6  0.0015
 707   69.000  #656564  101 7  0.0044
 708   69.000  #656565  102 1  0.0000
 709   69.200  #656566  102 2  0.0029
 710   69.300  #666565  102 3  0.0014
 711   69.500  #666566  102 4  0.0029
 712   70.000  #656665  102 5  0.0072
 713   70.000  #656666  102 6  0.0000
 714   70.300  #666665  102 7  0.0043
 715   70.400  #666666  103 1  0.0014
 716   70.400  #666667  103 2  0.0000
 717   70.600  #676666  103 3  0.0028
 718   70.700  #676667  103 4  0.0014
 719   71.000  #666766  103 5  0.0042
 720   71.100  #666767  103 6  0.0014
 721   71.300  #676766  103 7  0.0028
 722   71.400  #676767  104 1  0.0014
 723   71.500  #676768  104 2  0.0014
 724   71.600  #686767  104 3  0.0014
 725   71.600  #686768  104 4  0.0000
 726   72.200  #676867  104 5  0.0083
 727   72.300  #676868  104 6  0.0014
 728   72.400  #686867  104 7  0.0014
 729   72.600  #686868  105 1  0.0028
 730   72.700  #686869  105 2  0.0014
 731   72.900  #696868  105 3  0.0027
 732   73.100  #696869  105 4  0.0027
 733   73.500  #686968  105 5  0.0055
 734   73.600  #686969  105 6  0.0014
 735   73.800  #696968  105 7  0.0027
 736   73.900  #696969  106 1  0.0014
 737   74.100  #69696a  106 2  0.0027
 738   74.300  #6a6969  106 3  0.0027
 739   74.400  #6a696a  106 4  0.0013
 740   74.800  #696a69  106 5  0.0054
 741   75.000  #696a6a  106 6  0.0027
 742   75.100  #6a6a69  106 7  0.0013
 743   75.300  #6a6a6a  107 1  0.0027
 744   75.400  #6a6a6b  107 2  0.0013
 745   75.600  #6b6a6a  107 3  0.0026
 746   75.700  #6b6a6b  107 4  0.0013
 747   76.200  #6a6b6a  107 5  0.0066
 748   76.200  #6a6b6b  107 6  0.0000
 749   76.500  #6b6b6a  107 7  0.0039
 750   76.600  #6b6b6b  108 1  0.0013
 751   76.700  #6b6b6c  108 2  0.0013
 752   77.000  #6c6b6b  108 3  0.0039
 753   77.100  #6c6b6c  108 4  0.0013
 754   77.300  #6b6c6b  108 5  0.0026
 755   77.500  #6b6c6c  108 6  0.0026
 756   77.600  #6c6c6b  108 7  0.0013
 757   77.700  #6c6c6c  109 1  0.0013
 758   77.800  #6c6c6d  109 2  0.0013
 759   78.100  #6d6c6c  109 3  0.0038
 760   78.100  #6d6c6d  109 4  0.0000
 761   78.700  #6c6d6c  109 5  0.0077
 762   78.700  #6c6d6d  109 6  0.0000
 763   78.900  #6d6d6c  109 7  0.0025
 764   79.100  #6d6d6d  110 1  0.0025
 765   79.200  #6d6d6e  110 2  0.0013
 766   79.400  #6e6d6d  110 3  0.0025
 767   79.600  #6e6d6e  110 4  0.0025
 768   80.000  #6d6e6d  110 5  0.0050
 769   80.200  #6d6e6e  110 6  0.0025
 770   80.400  #6e6e6d  110 7  0.0025
 771   80.500  #6e6e6e  111 1  0.0012
 772   80.600  #6e6e6f  111 2  0.0012
 773   81.000  #6f6e6e  111 3  0.0050
 774   80.900  #6f6e6f  111 4  -0.0012
 775   81.500  #6e6f6e  111 5  0.0074
 776   81.600  #6e6f6f  111 6  0.0012
 777   81.800  #6f6f6e  111 7  0.0024
 778   82.000  #6f6f6f  112 1  0.0024
 779   82.000  #6f6f70  112 2  0.0000
 780   82.200  #706f6f  112 3  0.0024
 781   82.400  #706f70  112 4  0.0024
 782   82.600  #6f706f  112 5  0.0024
 783   82.800  #6f7070  112 6  0.0024
 784   83.000  #70706f  112 7  0.0024
 785   83.000  #707070  113 1  0.0000
 786   83.200  #707071  113 2  0.0024
 787   83.400  #717070  113 3  0.0024
 788   83.400  #717071  113 4  0.0000
 789   84.100  #707170  113 5  0.0084
 790   84.200  #707171  113 6  0.0012
 791   84.300  #717170  113 7  0.0012
 792   84.500  #717171  114 1  0.0024
 793   84.500  #717172  114 2  0.0000
 794   84.800  #727171  114 3  0.0035
 795   84.900  #727172  114 4  0.0012
 796   85.400  #717271  114 5  0.0059
 797   85.600  #717272  114 6  0.0023
 798   85.800  #727271  114 7  0.0023
 799   85.900  #727272  115 1  0.0012
 800   86.100  #727273  115 2  0.0023
 801   86.300  #737272  115 3  0.0023
 802   86.400  #737273  115 4  0.0012
 803   87.000  #727372  115 5  0.0069
 804   87.000  #727373  115 6  0.0000
 805   87.300  #737372  115 7  0.0034
 806   87.500  #737373  116 1  0.0023
 807   87.500  #737374  116 2  0.0000
 808   87.800  #747373  116 3  0.0034
 809   87.700  #747374  116 4  -0.0011
 810   88.100  #737473  116 5  0.0046
 811   88.300  #737474  116 6  0.0023
 812   88.400  #747473  116 7  0.0011
 813   88.600  #747474  117 1  0.0023
 814   88.700  #747475  117 2  0.0011
 815   88.900  #757474  117 3  0.0023
 816   89.100  #757475  117 4  0.0022
 817   89.500  #747574  117 5  0.0045
 818   89.700  #747575  117 6  0.0022
 819   90.000  #757574  117 7  0.0033
 820   90.000  #757575  118 1  0.0000
 821   90.300  #757576  118 2  0.0033
 822   90.400  #767575  118 3  0.0011
 823   90.600  #767576  118 4  0.0022
 824   91.100  #757675  118 5  0.0055
 825   91.200  #757676  118 6  0.0011
 826   91.500  #767675  118 7  0.0033
 827   91.700  #767676  119 1  0.0022
 828   91.700  #767677  119 2  0.0000
 829   92.000  #777676  119 3  0.0033
 830   91.900  #777677  119 4  -0.0011
 831   92.400  #767776  119 5  0.0054
 832   92.500  #767777  119 6  0.0011
 833   92.600  #777776  119 7  0.0011
 834   92.800  #777777  120 1  0.0022
 835   92.800  #777778  120 2  0.0000
 836   93.100  #787777  120 3  0.0032
 837   93.300  #787778  120 4  0.0021
 838   93.800  #777877  120 5  0.0053
 839   94.000  #777878  120 6  0.0021
 840   94.100  #787877  120 7  0.0011
 841   94.200  #787878  121 1  0.0011
 842   94.600  #787879  121 2  0.0042
 843   94.600  #797878  121 3  0.0000
 844   94.900  #797879  121 4  0.0032
 845   95.300  #787978  121 5  0.0042
 846   95.400  #787979  121 6  0.0010
 847   95.800  #797978  121 7  0.0042
 848   95.900  #797979  122 1  0.0010
 849   96.000  #79797a  122 2  0.0010
 850   96.200  #7a7979  122 3  0.0021
 851   96.200  #7a797a  122 4  0.0000
 852   96.700  #797a79  122 5  0.0052
 853   96.800  #797a7a  122 6  0.0010
 854   97.000  #7a7a79  122 7  0.0021
 855   97.100  #7a7a7a  123 1  0.0010
 856   97.200  #7a7a7b  123 2  0.0010
 857   97.500  #7b7a7a  123 3  0.0031
 858   97.500  #7b7a7b  123 4  0.0000
 859   98.100  #7a7b7a  123 5  0.0061
 860   98.200  #7a7b7b  123 6  0.0010
 861   98.500  #7b7b7a  123 7  0.0031
 862   98.700  #7b7b7b  124 1  0.0020
 863   98.700  #7b7b7c  124 2  0.0000
 864   99.100  #7c7b7b  124 3  0.0040
 865   99.200  #7c7b7c  124 4  0.0010
 866   99.700  #7b7c7b  124 5  0.0050
 867  100.000  #7b7c7c  124 6  0.0030
 868  100.000  #7c7c7b  124 7  0.0000
 869  100.200  #7c7c7c  125 1  0.0020
 870  100.400  #7c7c7d  125 2  0.0020
 871  100.600  #7d7c7c  125 3  0.0020
 872  100.700  #7d7c7d  125 4  0.0010
 873  101.100  #7c7d7c  125 5  0.0040
 874  101.100  #7c7d7d  125 6  0.0000
 875  101.400  #7d7d7c  125 7  0.0030
 876  101.500  #7d7d7d  126 1  0.0010
 877  101.700  #7d7d7e  126 2  0.0020
 878  101.900  #7e7d7d  126 3  0.0020
 879  102.100  #7e7d7e  126 4  0.0020
 880  102.600  #7d7e7d  126 5  0.0049
 881  102.700  #7d7e7e  126 6  0.0010
 882  103.100  #7e7e7d  126 7  0.0039
 883  103.100  #7e7e7e  127 1  0.0000
 884  103.300  #7e7e7f  127 2  0.0019
 885  103.600  #7f7e7e  127 3  0.0029
 886  103.700  #7f7e7f  127 4  0.0010
 887  104.400  #7e7f7e  127 5  0.0067
 888  104.400  #7e7f7f  127 6  0.0000
 889  104.600  #7f7f7e  127 7  0.0019
 890  104.800  #7f7f7f  128 1  0.0019
 891  104.900  #7f7f80  128 2  0.0010
 892  105.200  #807f7f  128 3  0.0029
 893  105.200  #807f80  128 4  0.0000
 894  105.600  #7f807f  128 5  0.0038
 895  105.700  #7f8080  128 6  0.0009
 896  105.900  #80807f  128 7  0.0019
 897  106.100  #808080  129 1  0.0019
 898  106.100  #808081  129 2  0.0000
 899  106.500  #818080  129 3  0.0038
 900  106.700  #818081  129 4  0.0019
 901  107.100  #808180  129 5  0.0037
 902  107.400  #808181  129 6  0.0028
 903  107.500  #818180  129 7  0.0009
 904  107.800  #818181  130 1  0.0028
 905  107.900  #818182  130 2  0.0009
 906  108.200  #828181  130 3  0.0028
 907  108.500  #828182  130 4  0.0028
 908  108.800  #818281  130 5  0.0028
 909  109.100  #818282  130 6  0.0028
 910  109.300  #828281  130 7  0.0018
 911  109.400  #828282  131 1  0.0009
 912  109.700  #828283  131 2  0.0027
 913  109.700  #838282  131 3  0.0000
 914  110.000  #838283  131 4  0.0027
 915  110.300  #828382  131 5  0.0027
 916  110.400  #828383  131 6  0.0009
 917  110.600  #838382  131 7  0.0018
 918  110.700  #838383  132 1  0.0009
 919  111.000  #838384  132 2  0.0027
 920  111.100  #848383  132 3  0.0009
 921  111.400  #848384  132 4  0.0027
 922  111.800  #838483  132 5  0.0036
 923  112.000  #838484  132 6  0.0018
 924  112.300  #848483  132 7  0.0027
 925  112.400  #848484  133 1  0.0009
 926  112.600  #848485  133 2  0.0018
 927  112.700  #858484  133 3  0.0009
 928  112.800  #858485  133 4  0.0009
 929  113.300  #848584  133 5  0.0044
 930  113.300  #848585  133 6  0.0000
 931  113.700  #858584  133 7  0.0035
 932  113.700  #858585  134 1  0.0000
 933  113.900  #858586  134 2  0.0018
 934  114.000  #868585  134 3  0.0009
 935  114.200  #868586  134 4  0.0018
 936  114.900  #858685  134 5  0.0061
 937  115.000  #858686  134 6  0.0009
 938  115.400  #868685  134 7  0.0035
 939  115.400  #868686  135 1  0.0000
 940  115.600  #868687  135 2  0.0017
 941  115.800  #878686  135 3  0.0017
 942  116.000  #878687  135 4  0.0017
 943  116.700  #868786  135 5  0.0060
 944  116.600  #868787  135 6  -0.0009
 945  117.000  #878786  135 7  0.0034
 946  117.100  #878787  136 1  0.0009
 947  117.200  #878788  136 2  0.0009
 948  117.400  #888787  136 3  0.0017
 949  117.500  #888788  136 4  0.0009
 950  118.100  #878887  136 5  0.0051
 951  118.000  #878888  136 6  -0.0008
 952  118.400  #888887  136 7  0.0034
 953  118.400  #888888  137 1  0.0000
 954  118.600  #888889  137 2  0.0017
 955  118.800  #898888  137 3  0.0017
 956  118.900  #898889  137 4  0.0008
 957  119.700  #888988  137 5  0.0067
 958  119.700  #888989  137 6  0.0000
 959  120.100  #898988  137 7  0.0033
 960  120.100  #898989  138 1  0.0000
 961  120.300  #89898a  138 2  0.0017
 962  120.500  #8a8989  138 3  0.0017
 963  120.600  #8a898a  138 4  0.0008
 964  121.000  #898a89  138 5  0.0033
 965  121.000  #898a8a  138 6  0.0000
 966  121.400  #8a8a89  138 7  0.0033
 967  121.300  #8a8a8a  139 1  -0.0008
 968  121.500  #8a8a8b  139 2  0.0016
 969  121.800  #8b8a8a  139 3  0.0025
 970  121.900  #8b8a8b  139 4  0.0008
 971  122.400  #8a8b8a  139 5  0.0041
 972  122.400  #8a8b8b  139 6  0.0000
 973  122.900  #8b8b8a  139 7  0.0041
 974  122.900  #8b8b8b  140 1  0.0000
 975  123.100  #8b8b8c  140 2  0.0016
 976  123.200  #8c8b8b  140 3  0.0008
 977  123.400  #8c8b8c  140 4  0.0016
 978  123.900  #8b8c8b  140 5  0.0040
 979  123.900  #8b8c8c  140 6  0.0000
 980  124.200  #8c8c8b  140 7  0.0024
 981  124.200  #8c8c8c  141 1  0.0000
 982  124.500  #8c8c8d  141 2  0.0024
 983  124.600  #8d8c8c  141 3  0.0008
 984  124.800  #8d8c8d  141 4  0.0016
 985  125.500  #8c8d8c  141 5  0.0056
 986  125.600  #8c8d8d  141 6  0.0008
 987  126.000  #8d8d8c  141 7  0.0032
 988  126.000  #8d8d8d  142 1  0.0000
 989  126.200  #8d8d8e  142 2  0.0016
 990  126.300  #8e8d8d  142 3  0.0008
 991  126.500  #8e8d8e  142 4  0.0016
 992  126.900  #8d8e8d  142 5  0.0032
 993  127.100  #8d8e8e  142 6  0.0016
 994  127.400  #8e8e8d  142 7  0.0024
 995  127.300  #8e8e8e  143 1  -0.0008
 996  127.600  #8e8e8f  143 2  0.0024
 997  127.700  #8f8e8e  143 3  0.0008
 998  128.100  #8f8e8f  143 4  0.0031
 999  128.600  #8e8f8e  143 5  0.0039
1000  128.700  #8e8f8f  143 6  0.0008
1001  129.100  #8f8f8e  143 7  0.0031
1002  129.200  #8f8f8f  144 1  0.0008
1003  129.500  #8f8f90  144 2  0.0023
1004  129.500  #908f8f  144 3  0.0000
1005  129.800  #908f90  144 4  0.0023
1006  130.400  #8f908f  144 5  0.0046
1007  130.500  #8f9090  144 6  0.0008
1008  130.900  #90908f  144 7  0.0031
1009  130.900  #909090  145 1  0.0000
1010  131.300  #909091  145 2  0.0031
1011  131.200  #919090  145 3  -0.0008
1012  131.500  #919091  145 4  0.0023
1013  131.800  #909190  145 5  0.0023
1014  132.000  #909191  145 6  0.0015
1015  132.300  #919190  145 7  0.0023
1016  132.300  #919191  146 1  0.0000
1017  132.600  #919192  146 2  0.0023
1018  132.800  #929191  146 3  0.0015
1019  133.100  #929192  146 4  0.0023
1020  133.500  #919291  146 5  0.0030
1021  133.700  #919292  146 6  0.0015
1022  134.100  #929291  146 7  0.0030
1023  134.100  #929292  147 1  0.0000
1024  134.400  #929293  147 2  0.0022
1025  134.500  #939292  147 3  0.0007
1026  134.800  #939293  147 4  0.0022
1027  135.100  #929392  147 5  0.0022
1028  135.300  #929393  147 6  0.0015
1029  135.400  #939392  147 7  0.0007
1030  135.600  #939393  148 1  0.0015
1031  135.800  #939394  148 2  0.0015
1032  136.000  #949393  148 3  0.0015
1033  136.300  #949394  148 4  0.0022
1034  136.700  #939493  148 5  0.0029
1035  137.100  #939494  148 6  0.0029
1036  137.200  #949493  148 7  0.0007
1037  137.400  #949494  149 1  0.0015
1038  137.600  #949495  149 2  0.0015
1039  137.700  #959494  149 3  0.0007
1040  138.000  #959495  149 4  0.0022
1041  138.200  #949594  149 5  0.0014
1042  138.600  #949595  149 6  0.0029
1043  138.700  #959594  149 7  0.0007
1044  138.900  #959595  150 1  0.0014
1045  139.000  #959596  150 2  0.0007
1046  139.200  #969595  150 3  0.0014
1047  139.500  #969596  150 4  0.0022
1048  140.000  #959695  150 5  0.0036
1049  140.300  #959696  150 6  0.0021
1050  140.500  #969695  150 7  0.0014
1051  140.800  #969696  151 1  0.0021
1052  140.800  #969697  151 2  0.0000
1053  141.000  #979696  151 3  0.0014
1054  141.200  #979697  151 4  0.0014
1055  141.600  #969796  151 5  0.0028
1056  141.900  #969797  151 6  0.0021
1057  141.900  #979796  151 7  0.0000
1058  142.200  #979797  152 1  0.0021
1059  142.200  #979798  152 2  0.0000
1060  142.600  #989797  152 3  0.0028
1061  142.700  #989798  152 4  0.0007
1062  143.300  #979897  152 5  0.0042
1063  143.600  #979898  152 6  0.0021
1064  143.800  #989897  152 7  0.0014
1065  144.100  #989898  153 1  0.0021
1066  144.000  #989899  153 2  -0.0007
1067  144.200  #999898  153 3  0.0014
1068  144.400  #999899  153 4  0.0014
1069  144.900  #989998  153 5  0.0035
1070  145.100  #989999  153 6  0.0014
1071  145.100  #999998  153 7  0.0000
1072  145.500  #999999  154 1  0.0028
1073  145.500  #99999a  154 2  0.0000
1074  145.900  #9a9999  154 3  0.0027
1075  145.900  #9a999a  154 4  0.0000
1076  146.600  #999a99  154 5  0.0048
1077  146.800  #999a9a  154 6  0.0014
1078  147.000  #9a9a99  154 7  0.0014
1079  147.400  #9a9a9a  155 1  0.0027
1080  147.300  #9a9a9b  155 2  -0.0007
1081  147.800  #9b9a9a  155 3  0.0034
1082  147.700  #9b9a9b  155 4  -0.0007
1083  148.200  #9a9b9a  155 5  0.0034
1084  148.400  #9a9b9b  155 6  0.0013
1085  148.600  #9b9b9a  155 7  0.0013
1086  148.800  #9b9b9b  156 1  0.0013
1087  148.800  #9b9b9c  156 2  0.0000
1088  149.300  #9c9b9b  156 3  0.0034
1089  149.400  #9c9b9c  156 4  0.0007
1090  150.100  #9b9c9b  156 5  0.0047
1091  150.100  #9b9c9c  156 6  0.0000
1092  150.400  #9c9c9b  156 7  0.0020
1093  150.800  #9c9c9c  157 1  0.0027
1094  150.800  #9c9c9d  157 2  0.0000
1095  151.000  #9d9c9c  157 3  0.0013
1096  150.900  #9d9c9d  157 4  -0.0007
1097  151.800  #9c9d9c  157 5  0.0059
1098  151.800  #9c9d9d  157 6  0.0000
1099  151.900  #9d9d9c  157 7  0.0007
1100  152.000  #9d9d9d  158 1  0.0007
1101  152.200  #9d9d9e  158 2  0.0013
1102  152.600  #9e9d9d  158 3  0.0026
1103  152.600  #9e9d9e  158 4  0.0000
1104  153.400  #9d9e9d  158 5  0.0052
1105  153.400  #9d9e9e  158 6  0.0000
1106  153.900  #9e9e9d  158 7  0.0033
1107  154.000  #9e9e9e  159 1  0.0006
1108  154.100  #9e9e9f  159 2  0.0006
1109  154.500  #9f9e9e  159 3  0.0026
1110  154.500  #9f9e9f  159 4  0.0000
1111  155.200  #9e9f9e  159 5  0.0045
1112  155.100  #9e9f9f  159 6  -0.0006
1113  155.400  #9f9f9e  159 7  0.0019
1114  155.500  #9f9f9f  160 1  0.0006
1115  155.600  #9f9fa0  160 2  0.0006
1116  155.800  #a09f9f  160 3  0.0013
1117  155.900  #a09fa0  160 4  0.0006
1118  156.600  #9fa09f  160 5  0.0045
1119  156.600  #9fa0a0  160 6  0.0000
1120  156.900  #a0a09f  160 7  0.0019
1121  156.800  #a0a0a0  161 1  -0.0006
1122  157.100  #a0a0a1  161 2  0.0019
1123  157.400  #a1a0a0  161 3  0.0019
1124  157.500  #a1a0a1  161 4  0.0006
1125  158.300  #a0a1a0  161 5  0.0051
1126  158.400  #a0a1a1  161 6  0.0006
1127  158.800  #a1a1a0  161 7  0.0025
1128  158.800  #a1a1a1  162 1  0.0000
1129  159.000  #a1a1a2  162 2  0.0013
1130  159.200  #a2a1a1  162 3  0.0013
1131  159.300  #a2a1a2  162 4  0.0006
1132  160.000  #a1a2a1  162 5  0.0044
1133  159.900  #a1a2a2  162 6  -0.0006
1134  160.300  #a2a2a1  162 7  0.0025
1135  160.200  #a2a2a2  163 1  -0.0006
1136  160.500  #a2a2a3  163 2  0.0019
1137  160.700  #a3a2a2  163 3  0.0012
1138  160.800  #a3a2a3  163 4  0.0006
1139  161.800  #a2a3a2  163 5  0.0062
1140  161.800  #a2a3a3  163 6  0.0000
1141  162.200  #a3a3a2  163 7  0.0025
1142  162.200  #a3a3a3  164 1  0.0000
1143  162.600  #a3a3a4  164 2  0.0025
1144  162.600  #a4a3a3  164 3  0.0000
1145  162.800  #a4a3a4  164 4  0.0012
1146  163.300  #a3a4a3  164 5  0.0031
1147  163.400  #a3a4a4  164 6  0.0006
1148  163.800  #a4a4a3  164 7  0.0024
1149  163.700  #a4a4a4  165 1  -0.0006
1150  164.100  #a4a4a5  165 2  0.0024
1151  164.100  #a5a4a4  165 3  0.0000
1152  164.400  #a5a4a5  165 4  0.0018
1153  165.100  #a4a5a4  165 5  0.0042
1154  165.200  #a4a5a5  165 6  0.0006
1155  165.600  #a5a5a4  165 7  0.0024
1156  165.700  #a5a5a5  166 1  0.0006
1157  166.000  #a5a5a6  166 2  0.0018
1158  166.100  #a6a5a5  166 3  0.0006
1159  166.400  #a6a5a6  166 4  0.0018
1160  166.700  #a5a6a5  166 5  0.0018
1161  166.900  #a5a6a6  166 6  0.0012
1162  167.200  #a6a6a5  166 7  0.0018
1163  167.200  #a6a6a6  167 1  0.0000
1164  167.600  #a6a6a7  167 2  0.0024
1165  167.700  #a7a6a6  167 3  0.0006
1166  168.000  #a7a6a7  167 4  0.0018
1167  168.500  #a6a7a6  167 5  0.0030
1168  168.900  #a6a7a7  167 6  0.0024
1169  169.100  #a7a7a6  167 7  0.0012
1170  169.300  #a7a7a7  168 1  0.0012
1171  169.500  #a7a7a8  168 2  0.0012
1172  169.600  #a8a7a7  168 3  0.0006
1173  169.900  #a8a7a8  168 4  0.0018
1174  170.200  #a7a8a7  168 5  0.0018
1175  170.500  #a7a8a8  168 6  0.0018
1176  170.600  #a8a8a7  168 7  0.0006
1177  170.900  #a8a8a8  169 1  0.0018
1178  170.900  #a8a8a9  169 2  0.0000
1179  171.100  #a9a8a8  169 3  0.0012
1180  171.300  #a9a8a9  169 4  0.0012
1181  171.800  #a8a9a8  169 5  0.0029
1182  172.100  #a8a9a9  169 6  0.0017
1183  172.000  #a9a9a8  169 7  -0.0006
1184  172.400  #a9a9a9  170 1  0.0023
1185  172.400  #a9a9aa  170 2  0.0000
1186  172.700  #aaa9a9  170 3  0.0017
1187  172.900  #aaa9aa  170 4  0.0012
1188  173.700  #a9aaa9  170 5  0.0046
1189  174.000  #a9aaaa  170 6  0.0017
1190  174.100  #aaaaa9  170 7  0.0006
1191  174.500  #aaaaaa  171 1  0.0023
1192  174.300  #aaaaab  171 2  -0.0011
1193  174.700  #abaaaa  171 3  0.0023
1194  174.700  #abaaab  171 4  0.0000
1195  175.400  #aaabaa  171 5  0.0040
1196  175.000  #aaabab  171 6  -0.0023
1197  175.000  #ababaa  171 7  0.0000
1198  175.000  #ababab  172 1  0.0000
1199  175.000  #ababac  172 2  0.0000
1200  176.000  #acabab  172 3  0.0057
1201  176.000  #acabac  172 4  0.0000
1202  177.000  #abacab  172 5  0.0057
1203  177.000  #abacac  172 6  0.0000
1204  177.000  #acacab  172 7  0.0000
1205  177.000  #acacac  173 1  0.0000
1206  177.000  #acacad  173 2  0.0000
1207  178.000  #adacac  173 3  0.0056
1208  178.000  #adacad  173 4  0.0000
1209  179.000  #acadac  173 5  0.0056
1210  178.000  #acadad  173 6  -0.0056
1211  179.000  #adadac  173 7  0.0056
1212  179.000  #adadad  174 1  0.0000
1213  179.000  #adadae  174 2  0.0000
1214  179.000  #aeadad  174 3  0.0000
1215  179.000  #aeadae  174 4  0.0000
1216  180.000  #adaead  174 5  0.0056
1217  180.000  #adaeae  174 6  0.0000
1218  180.000  #aeaead  174 7  0.0000
1219  180.000  #aeaeae  175 1  0.0000
1220  181.000  #aeaeaf  175 2  0.0055
1221  181.000  #afaeae  175 3  0.0000
1222  181.000  #afaeaf  175 4  0.0000
1223  182.000  #aeafae  175 5  0.0055
1224  182.000  #aeafaf  175 6  0.0000
1225  182.000  #afafae  175 7  0.0000
1226  182.000  #afafaf  176 1  0.0000
1227  183.000  #afafb0  176 2  0.0055
1228  183.000  #b0afaf  176 3  0.0000
1229  183.000  #b0afb0  176 4  0.0000
1230  184.000  #afb0af  176 5  0.0054
1231  184.000  #afb0b0  176 6  0.0000
1232  184.000  #b0b0af  176 7  0.0000
1233  184.000  #b0b0b0  177 1  0.0000
1234  185.000  #b0b0b1  177 2  0.0054
1235  185.000  #b1b0b0  177 3  0.0000
1236  185.000  #b1b0b1  177 4  0.0000
1237  186.000  #b0b1b0  177 5  0.0054
1238  186.000  #b0b1b1  177 6  0.0000
1239  186.000  #b1b1b0  177 7  0.0000
1240  186.000  #b1b1b1  178 1  0.0000
1241  187.000  #b1b1b2  178 2  0.0054
1242  187.000  #b2b1b1  178 3  0.0000
1243  187.000  #b2b1b2  178 4  0.0000
1244  188.000  #b1b2b1  178 5  0.0053
1245  188.000  #b1b2b2  178 6  0.0000
1246  188.000  #b2b2b1  178 7  0.0000
1247  188.000  #b2b2b2  179 1  0.0000
1248  188.000  #b2b2b3  179 2  0.0000
1249  189.000  #b3b2b2  179 3  0.0053
1250  189.000  #b3b2b3  179 4  0.0000
1251  189.000  #b2b3b2  179 5  0.0000
1252  190.000  #b2b3b3  179 6  0.0053
1253  190.000  #b3b3b2  179 7  0.0000
1254  190.000  #b3b3b3  180 1  0.0000
1255  190.000  #b3b3b4  180 2  0.0000
1256  191.000  #b4b3b3  180 3  0.0052
1257  191.000  #b4b3b4  180 4  0.0000
1258  192.000  #b3b4b3  180 5  0.0052
1259  192.000  #b3b4b4  180 6  0.0000
1260  192.000  #b4b4b3  180 7  0.0000
1261  192.000  #b4b4b4  181 1  0.0000
1262  192.000  #b4b4b5  181 2  0.0000
1263  193.000  #b5b4b4  181 3  0.0052
1264  193.000  #b5b4b5  181 4  0.0000
1265  194.000  #b4b5b4  181 5  0.0052
1266  194.000  #b4b5b5  181 6  0.0000
1267  194.000  #b5b5b4  181 7  0.0000
1268  194.000  #b5b5b5  182 1  0.0000
1269  194.000  #b5b5b6  182 2  0.0000
1270  195.000  #b6b5b5  182 3  0.0051
1271  195.000  #b6b5b6  182 4  0.0000
1272  195.000  #b5b6b5  182 5  0.0000
1273  196.000  #b5b6b6  182 6  0.0051
1274  196.000  #b6b6b5  182 7  0.0000
1275  196.000  #b6b6b6  183 1  0.0000
1276  196.000  #b6b6b7  183 2  0.0000
1277  197.000  #b7b6b6  183 3  0.0051
1278  197.000  #b7b6b7  183 4  0.0000
1279  198.000  #b6b7b6  183 5  0.0051
1280  198.000  #b6b7b7  183 6  0.0000
1281  198.000  #b7b7b6  183 7  0.0000
1282  198.000  #b7b7b7  184 1  0.0000
1283  198.000  #b7b7b8  184 2  0.0000
1284  199.000  #b8b7b7  184 3  0.0050
1285  199.000  #b8b7b8  184 4  0.0000
1286  200.000  #b7b8b7  184 5  0.0050
1287  200.000  #b7b8b8  184 6  0.0000
1288  200.000  #b8b8b7  184 7  0.0000
1289  200.000  #b8b8b8  185 1  0.0000
1290  200.000  #b8b8b9  185 2  0.0000
1291  201.000  #b9b8b8  185 3  0.0050
1292  201.000  #b9b8b9  185 4  0.0000
1293  202.000  #b8b9b8  185 5  0.0050
1294  202.000  #b8b9b9  185 6  0.0000
1295  202.000  #b9b9b8  185 7  0.0000
1296  202.000  #b9b9b9  186 1  0.0000
1297  202.000  #b9b9ba  186 2  0.0000
1298  203.000  #bab9b9  186 3  0.0049
1299  203.000  #bab9ba  186 4  0.0000
1300  204.000  #b9bab9  186 5  0.0049
1301  204.000  #b9baba  186 6  0.0000
1302  204.000  #babab9  186 7  0.0000
1303  204.000  #bababa  187 1  0.0000
1304  205.000  #bababb  187 2  0.0049
1305  205.000  #bbbaba  187 3  0.0000
1306  205.000  #bbbabb  187 4  0.0000
1307  206.000  #babbba  187 5  0.0049
1308  206.000  #babbbb  187 6  0.0000
1309  207.000  #bbbbba  187 7  0.0048
1310  206.000  #bbbbbb  188 1  -0.0048
1311  207.000  #bbbbbc  188 2  0.0048
1312  207.000  #bcbbbb  188 3  0.0000
1313  207.000  #bcbbbc  188 4  0.0000
1314  208.000  #bbbcbb  188 5  0.0048
1315  208.000  #bbbcbc  188 6  0.0000
1316  208.000  #bcbcbb  188 7  0.0000
1317  208.000  #bcbcbc  189 1  0.0000
1318  209.000  #bcbcbd  189 2  0.0048
1319  209.000  #bdbcbc  189 3  0.0000
1320  209.000  #bdbcbd  189 4  0.0000
1321  210.000  #bcbdbc  189 5  0.0048
1322  210.000  #bcbdbd  189 6  0.0000
1323  211.000  #bdbdbc  189 7  0.0048
1324  211.000  #bdbdbd  190 1  0.0000
1325  211.000  #bdbdbe  190 2  0.0000
1326  211.000  #bebdbd  190 3  0.0000
1327  212.000  #bebdbe  190 4  0.0047
1328  212.000  #bdbebd  190 5  0.0000
1329  212.000  #bdbebe  190 6  0.0000
1330  212.000  #bebebd  190 7  0.0000
1331  213.000  #bebebe  191 1  0.0047
1332  213.000  #bebebf  191 2  0.0000
1333  213.000  #bfbebe  191 3  0.0000
1334  213.000  #bfbebf  191 4  0.0000
1335  214.000  #bebfbe  191 5  0.0047
1336  214.000  #bebfbf  191 6  0.0000
1337  214.000  #bfbfbe  191 7  0.0000
1338  215.000  #bfbfbf  192 1  0.0047
1339  215.000  #bfbfc0  192 2  0.0000
1340  215.000  #c0bfbf  192 3  0.0000
1341  216.000  #c0bfc0  192 4  0.0046
1342  216.000  #bfc0bf  192 5  0.0000
1343  217.000  #bfc0c0  192 6  0.0046
1344  217.000  #c0c0bf  192 7  0.0000
1345  218.000  #c0c0c0  193 1  0.0046
1346  217.000  #c0c0c1  193 2  -0.0046
1347  218.000  #c1c0c0  193 3  0.0046
1348  218.000  #c1c0c1  193 4  0.0000
1349  219.000  #c0c1c0  193 5  0.0046
1350  219.000  #c0c1c1  193 6  0.0000
1351  219.000  #c1c1c0  193 7  0.0000
1352  219.000  #c1c1c1  194 1  0.0000
1353  219.000  #c1c1c2  194 2  0.0000
1354  220.000  #c2c1c1  194 3  0.0046
1355  220.000  #c2c1c2  194 4  0.0000
1356  221.000  #c1c2c1  194 5  0.0045
1357  221.000  #c1c2c2  194 6  0.0000
1358  221.000  #c2c2c1  194 7  0.0000
1359  221.000  #c2c2c2  195 1  0.0000
1360  221.000  #c2c2c3  195 2  0.0000
1361  222.000  #c3c2c2  195 3  0.0045
1362  222.000  #c3c2c3  195 4  0.0000
1363  223.000  #c2c3c2  195 5  0.0045
1364  223.000  #c2c3c3  195 6  0.0000
1365  224.000  #c3c3c2  195 7  0.0045
1366  224.000  #c3c3c3  196 1  0.0000
1367  224.000  #c3c3c4  196 2  0.0000
1368  224.000  #c4c3c3  196 3  0.0000
1369  224.000  #c4c3c4  196 4  0.0000
1370  225.000  #c3c4c3  196 5  0.0045
1371  225.000  #c3c4c4  196 6  0.0000
1372  225.000  #c4c4c3  196 7  0.0000
1373  225.000  #c4c4c4  197 1  0.0000
1374  226.000  #c4c4c5  197 2  0.0044
1375  226.000  #c5c4c4  197 3  0.0000
1376  226.000  #c5c4c5  197 4  0.0000
1377  227.000  #c4c5c4  197 5  0.0044
1378  227.000  #c4c5c5  197 6  0.0000
1379  227.000  #c5c5c4  197 7  0.0000
1380  227.000  #c5c5c5  198 1  0.0000
1381  228.000  #c5c5c6  198 2  0.0044
1382  228.000  #c6c5c5  198 3  0.0000
1383  229.000  #c6c5c6  198 4  0.0044
1384  229.000  #c5c6c5  198 5  0.0000
1385  230.000  #c5c6c6  198 6  0.0044
1386  230.000  #c6c6c5  198 7  0.0000
1387  230.000  #c6c6c6  199 1  0.0000
1388  230.000  #c6c6c7  199 2  0.0000
1389  231.000  #c7c6c6  199 3  0.0043
1390  231.000  #c7c6c7  199 4  0.0000
1391  231.000  #c6c7c6  199 5  0.0000
1392  232.000  #c6c7c7  199 6  0.0043
1393  232.000  #c7c7c6  199 7  0.0000
1394  232.000  #c7c7c7  200 1  0.0000
1395  232.000  #c7c7c8  200 2  0.0000
1396  233.000  #c8c7c7  200 3  0.0043
1397  232.000  #c8c7c8  200 4  -0.0043
1398  233.000  #c7c8c7  200 5  0.0043
1399  234.000  #c7c8c8  200 6  0.0043
1400  234.000  #c8c8c7  200 7  0.0000
1401  234.000  #c8c8c8  201 1  0.0000
1402  234.000  #c8c8c9  201 2  0.0000
1403  235.000  #c9c8c8  201 3  0.0043
1404  234.000  #c9c8c9  201 4  -0.0043
1405  235.000  #c8c9c8  201 5  0.0043
1406  235.000  #c8c9c9  201 6  0.0000
1407  236.000  #c9c9c8  201 7  0.0042
1408  236.000  #c9c9c9  202 1  0.0000
1409  236.000  #c9c9ca  202 2  0.0000
1410  237.000  #cac9c9  202 3  0.0042
1411  237.000  #cac9ca  202 4  0.0000
1412  238.000  #c9cac9  202 5  0.0042
1413  238.000  #c9caca  202 6  0.0000
1414  238.000  #cacac9  202 7  0.0000
1415  238.000  #cacaca  203 1  0.0000
1416  239.000  #cacacb  203 2  0.0042
1417  239.000  #cbcaca  203 3  0.0000
1418  239.000  #cbcacb  203 4  0.0000
1419  240.000  #cacbca  203 5  0.0042
1420  240.000  #cacbcb  203 6  0.0000
1421  240.000  #cbcbca  203 7  0.0000
1422  240.000  #cbcbcb  204 1  0.0000
1423  241.000  #cbcbcc  204 2  0.0042
1424  241.000  #cccbcb  204 3  0.0000
1425  241.000  #cccbcc  204 4  0.0000
1426  241.000  #cbcccb  204 5  0.0000
1427  242.000  #cbcccc  204 6  0.0041
1428  242.000  #cccccb  204 7  0.0000
1429  242.000  #cccccc  205 1  0.0000
1430  242.000  #cccccd  205 2  0.0000
1431  243.000  #cdcccc  205 3  0.0041
1432  243.000  #cdcccd  205 4  0.0000
1433  243.000  #cccdcc  205 5  0.0000
1434  244.000  #cccdcd  205 6  0.0041
1435  244.000  #cdcdcc  205 7  0.0000
1436  244.000  #cdcdcd  206 1  0.0000
1437  244.000  #cdcdce  206 2  0.0000
1438  245.000  #cecdcd  206 3  0.0041
1439  245.000  #cecdce  206 4  0.0000
1440  246.000  #cdcecd  206 5  0.0041
1441  246.000  #cdcece  206 6  0.0000
1442  247.000  #cececd  206 7  0.0041
1443  247.000  #cecece  207 1  0.0000
1444  247.000  #cececf  207 2  0.0000
1445  247.000  #cfcece  207 3  0.0000
1446  247.000  #cfcecf  207 4  0.0000
1447  248.000  #cecfce  207 5  0.0040
1448  248.000  #cecfcf  207 6  0.0000
1449  248.000  #cfcfce  207 7  0.0000
1450  249.000  #cfcfcf  208 1  0.0040
1451  249.000  #cfcfd0  208 2  0.0000
1452  249.000  #d0cfcf  208 3  0.0000
1453  249.000  #d0cfd0  208 4  0.0000
1454  250.000  #cfd0cf  208 5  0.0040
1455  250.000  #cfd0d0  208 6  0.0000
1456  251.000  #d0d0cf  208 7  0.0040
1457  251.000  #d0d0d0  209 1  0.0000
1458  251.000  #d0d0d1  209 2  0.0000
1459  251.000  #d1d0d0  209 3  0.0000
1460  251.000  #d1d0d1  209 4  0.0000
1461  253.000  #d0d1d0  209 5  0.0079
1462  252.000  #d0d1d1  209 6  -0.0040
1463  253.000  #d1d1d0  209 7  0.0040
1464  253.000  #d1d1d1  210 1  0.0000
1465  254.000  #d1d1d2  210 2  0.0039
1466  254.000  #d2d1d1  210 3  0.0000
1467  254.000  #d2d1d2  210 4  0.0000
1468  255.000  #d1d2d1  210 5  0.0039
1469  255.000  #d1d2d2  210 6  0.0000
1470  255.000  #d2d2d1  210 7  0.0000
1471  255.000  #d2d2d2  211 1  0.0000
1472  256.000  #d2d2d3  211 2  0.0039
1473  255.000  #d3d2d2  211 3  -0.0039
1474  256.000  #d3d2d3  211 4  0.0039
1475  256.000  #d2d3d2  211 5  0.0000
1476  257.000  #d2d3d3  211 6  0.0039
1477  257.000  #d3d3d2  211 7  0.0000
1478  257.000  #d3d3d3  212 1  0.0000
1479  257.000  #d3d3d4  212 2  0.0000
1480  257.000  #d4d3d3  212 3  0.0000
1481  258.000  #d4d3d4  212 4  0.0039
1482  258.000  #d3d4d3  212 5  0.0000
1483  259.000  #d3d4d4  212 6  0.0039
1484  259.000  #d4d4d3  212 7  0.0000
1485  259.000  #d4d4d4  213 1  0.0000
1486  259.000  #d4d4d5  213 2  0.0000
1487  260.000  #d5d4d4  213 3  0.0039
1488  260.000  #d5d4d5  213 4  0.0000
1489  261.000  #d4d5d4  213 5  0.0038
1490  261.000  #d4d5d5  213 6  0.0000
1491  261.000  #d5d5d4  213 7  0.0000
1492  262.000  #d5d5d5  214 1  0.0038
1493  262.000  #d5d5d6  214 2  0.0000
1494  262.000  #d6d5d5  214 3  0.0000
1495  262.000  #d6d5d6  214 4  0.0000
1496  263.000  #d5d6d5  214 5  0.0038
1497  263.000  #d5d6d6  214 6  0.0000
1498  263.000  #d6d6d5  214 7  0.0000
1499  264.000  #d6d6d6  215 1  0.0038
1500  264.000  #d6d6d7  215 2  0.0000
1501  264.000  #d7d6d6  215 3  0.0000
1502  264.000  #d7d6d7  215 4  0.0000
1503  265.000  #d6d7d6  215 5  0.0038
1504  265.000  #d6d7d7  215 6  0.0000
1505  265.000  #d7d7d6  215 7  0.0000
1506  265.000  #d7d7d7  216 1  0.0000
1507  266.000  #d7d7d8  216 2  0.0038
1508  266.000  #d8d7d7  216 3  0.0000
1509  266.000  #d8d7d8  216 4  0.0000
1510  267.000  #d7d8d7  216 5  0.0038
1511  267.000  #d7d8d8  216 6  0.0000
1512  267.000  #d8d8d7  216 7  0.0000
1513  267.000  #d8d8d8  217 1  0.0000
1514  267.000  #d8d8d9  217 2  0.0000
1515  268.000  #d9d8d8  217 3  0.0037
1516  268.000  #d9d8d9  217 4  0.0000
1517  269.000  #d8d9d8  217 5  0.0037
1518  269.000  #d8d9d9  217 6  0.0000
1519  269.000  #d9d9d8  217 7  0.0000
1520  269.000  #d9d9d9  218 1  0.0000
1521  270.000  #d9d9da  218 2  0.0037
1522  270.000  #dad9d9  218 3  0.0000
1523  270.000  #dad9da  218 4  0.0000
1524  271.000  #d9dad9  218 5  0.0037
1525  271.000  #d9dada  218 6  0.0000
1526  272.000  #dadad9  218 7  0.0037
1527  272.000  #dadada  219 1  0.0000
1528  272.000  #dadadb  219 2  0.0000
1529  272.000  #dbdada  219 3  0.0000
1530  273.000  #dbdadb  219 4  0.0037
1531  274.000  #dadbda  219 5  0.0037
1532  274.000  #dadbdb  219 6  0.0000
1533  274.000  #dbdbda  219 7  0.0000
1534  274.000  #dbdbdb  220 1  0.0000
1535  274.000  #dbdbdc  220 2  0.0000
1536  275.000  #dcdbdb  220 3  0.0036
1537  275.000  #dcdbdc  220 4  0.0000
1538  275.000  #dbdcdb  220 5  0.0000
1539  276.000  #dbdcdc  220 6  0.0036
1540  276.000  #dcdcdb  220 7  0.0000
1541  276.000  #dcdcdc  221 1  0.0000
1542  276.000  #dcdcdd  221 2  0.0000
1543  277.000  #dddcdc  221 3  0.0036
1544  277.000  #dddcdd  221 4  0.0000
1545  278.000  #dcdddc  221 5  0.0036
1546  278.000  #dcdddd  221 6  0.0000
1547  278.000  #dddddc  221 7  0.0000
1548  278.000  #dddddd  222 1  0.0000
1549  278.000  #ddddde  222 2  0.0000
1550  279.000  #dedddd  222 3  0.0036
1551  279.000  #deddde  222 4  0.0000
1552  280.000  #dddedd  222 5  0.0036
1553  281.000  #dddede  222 6  0.0036
1554  281.000  #dededd  222 7  0.0000
1555  281.000  #dedede  223 1  0.0000
1556  281.000  #dededf  223 2  0.0000
1557  282.000  #dfdede  223 3  0.0036
1558  282.000  #dfdedf  223 4  0.0000
1559  283.000  #dedfde  223 5  0.0035
1560  283.000  #dedfdf  223 6  0.0000
1561  283.000  #dfdfde  223 7  0.0000
1562  283.000  #dfdfdf  224 1  0.0000
1563  284.000  #dfdfe0  224 2  0.0035
1564  284.000  #e0dfdf  224 3  0.0000
1565  284.000  #e0dfe0  224 4  0.0000
1566  285.000  #dfe0df  224 5  0.0035
1567  285.000  #dfe0e0  224 6  0.0000
1568  285.000  #e0e0df  224 7  0.0000
1569  285.000  #e0e0e0  225 1  0.0000
1570  286.000  #e0e0e1  225 2  0.0035
1571  286.000  #e1e0e0  225 3  0.0000
1572  286.000  #e1e0e1  225 4  0.0000
1573  287.000  #e0e1e0  225 5  0.0035
1574  287.000  #e0e1e1  225 6  0.0000
1575  287.000  #e1e1e0  225 7  0.0000
1576  287.000  #e1e1e1  226 1  0.0000
1577  288.000  #e1e1e2  226 2  0.0035
1578  288.000  #e2e1e1  226 3  0.0000
1579  288.000  #e2e1e2  226 4  0.0000
1580  289.000  #e1e2e1  226 5  0.0035
1581  289.000  #e1e2e2  226 6  0.0000
1582  289.000  #e2e2e1  226 7  0.0000
1583  290.000  #e2e2e2  227 1  0.0035
1584  290.000  #e2e2e3  227 2  0.0000
1585  290.000  #e3e2e2  227 3  0.0000
1586  291.000  #e3e2e3  227 4  0.0034
1587  292.000  #e2e3e2  227 5  0.0034
1588  292.000  #e2e3e3  227 6  0.0000
1589  292.000  #e3e3e2  227 7  0.0000
1590  293.000  #e3e3e3  228 1  0.0034
1591  293.000  #e3e3e4  228 2  0.0000
1592  293.000  #e4e3e3  228 3  0.0000
1593  293.000  #e4e3e4  228 4  0.0000
1594  294.000  #e3e4e3  228 5  0.0034
1595  294.000  #e3e4e4  228 6  0.0000
1596  295.000  #e4e4e3  228 7  0.0034
1597  294.000  #e4e4e4  229 1  -0.0034
1598  295.000  #e4e4e5  229 2  0.0034
1599  295.000  #e5e4e4  229 3  0.0000
1600  295.000  #e5e4e5  229 4  0.0000
1601  296.000  #e4e5e4  229 5  0.0034
1602  296.000  #e4e5e5  229 6  0.0000
1603  297.000  #e5e5e4  229 7  0.0034
1604  297.000  #e5e5e5  230 1  0.0000
1605  297.000  #e5e5e6  230 2  0.0000
1606  297.000  #e6e5e5  230 3  0.0000
1607  297.000  #e6e5e6  230 4  0.0000
1608  298.000  #e5e6e5  230 5  0.0034
1609  298.000  #e5e6e6  230 6  0.0000
1610  299.000  #e6e6e5  230 7  0.0034
1611  299.000  #e6e6e6  231 1  0.0000
1612  299.000  #e6e6e7  231 2  0.0000
1613  299.000  #e7e6e6  231 3  0.0000
1614  300.000  #e7e6e7  231 4  0.0033
1615  300.000  #e6e7e6  231 5  0.0000
1616  301.000  #e6e7e7  231 6  0.0033
1617  301.000  #e7e7e6  231 7  0.0000
1618  301.000  #e7e7e7  232 1  0.0000
1619  301.000  #e7e7e8  232 2  0.0000
1620  302.000  #e8e7e7  232 3  0.0033
1621  302.000  #e8e7e8  232 4  0.0000
1622  303.000  #e7e8e7  232 5  0.0033
1623  304.000  #e7e8e8  232 6  0.0033
1624  304.000  #e8e8e7  232 7  0.0000
1625  304.000  #e8e8e8  233 1  0.0000
1626  304.000  #e8e8e9  233 2  0.0000
1627  305.000  #e9e8e8  233 3  0.0033
1628  305.000  #e9e8e9  233 4  0.0000
1629  305.000  #e8e9e8  233 5  0.0000
1630  306.000  #e8e9e9  233 6  0.0033
1631  306.000  #e9e9e8  233 7  0.0000
1632  307.000  #e9e9e9  234 1  0.0033
1633  306.000  #e9e9ea  234 2  -0.0033
1634  307.000  #eae9e9  234 3  0.0033
1635  307.000  #eae9ea  234 4  0.0000
1636  308.000  #e9eae9  234 5  0.0033
1637  308.000  #e9eaea  234 6  0.0000
1638  308.000  #eaeae9  234 7  0.0000
1639  308.000  #eaeaea  235 1  0.0000
1640  308.000  #eaeaeb  235 2  0.0000
1641  309.000  #ebeaea  235 3  0.0032
1642  309.000  #ebeaeb  235 4  0.0000
1643  310.000  #eaebea  235 5  0.0032
1644  310.000  #eaebeb  235 6  0.0000
1645  311.000  #ebebea  235 7  0.0032
1646  311.000  #ebebeb  236 1  0.0000
1647  311.000  #ebebec  236 2  0.0000
1648  311.000  #ecebeb  236 3  0.0000
1649  311.000  #ecebec  236 4  0.0000
1650  312.000  #ebeceb  236 5  0.0032
1651  312.000  #ebecec  236 6  0.0000
1652  313.000  #ececeb  236 7  0.0032
1653  313.000  #ececec  237 1  0.0000
1654  313.000  #ececed  237 2  0.0000
1655  313.000  #edecec  237 3  0.0000
1656  314.000  #edeced  237 4  0.0032
1657  314.000  #ecedec  237 5  0.0000
1658  315.000  #eceded  237 6  0.0032
1659  315.000  #ededec  237 7  0.0000
1660  315.000  #ededed  238 1  0.0000
1661  315.000  #ededee  238 2  0.0000
1662  316.000  #eeeded  238 3  0.0032
1663  316.000  #eeedee  238 4  0.0000
1664  317.000  #edeeed  238 5  0.0032
1665  317.000  #edeeee  238 6  0.0000
1666  317.000  #eeeeed  238 7  0.0000
1667  318.000  #eeeeee  239 1  0.0031
1668  318.000  #eeeeef  239 2  0.0000
1669  319.000  #efeeee  239 3  0.0031
1670  319.000  #efeeef  239 4  0.0000
1671  319.000  #eeefee  239 5  0.0000
1672  320.000  #eeefef  239 6  0.0031
1673  320.000  #efefee  239 7  0.0000
1674  320.000  #efefef  240 1  0.0000
1675  320.000  #efeff0  240 2  0.0000
1676  321.000  #f0efef  240 3  0.0031
1677  321.000  #f0eff0  240 4  0.0000
1678  322.000  #eff0ef  240 5  0.0031
1679  322.000  #eff0f0  240 6  0.0000
1680  322.000  #f0f0ef  240 7  0.0000
1681  322.000  #f0f0f0  241 1  0.0000
1682  322.000  #f0f0f1  241 2  0.0000
1683  323.000  #f1f0f0  241 3  0.0031
1684  323.000  #f1f0f1  241 4  0.0000
1685  324.000  #f0f1f0  241 5  0.0031
1686  324.000  #f0f1f1  241 6  0.0000
1687  324.000  #f1f1f0  241 7  0.0000
1688  324.000  #f1f1f1  242 1  0.0000
1689  325.000  #f1f1f2  242 2  0.0031
1690  325.000  #f2f1f1  242 3  0.0000
1691  325.000  #f2f1f2  242 4  0.0000
1692  326.000  #f1f2f1  242 5  0.0031
1693  326.000  #f1f2f2  242 6  0.0000
1694  327.000  #f2f2f1  242 7  0.0031
1695  327.000  #f2f2f2  243 1  0.0000
1696  327.000  #f2f2f3  243 2  0.0000
1697  327.000  #f3f2f2  243 3  0.0000
1698  328.000  #f3f2f3  243 4  0.0031
1699  328.000  #f2f3f2  243 5  0.0000
1700  329.000  #f2f3f3  243 6  0.0030
1701  328.000  #f3f3f2  243 7  -0.0030
1702  329.000  #f3f3f3  244 1  0.0030
1703  329.000  #f3f3f4  244 2  0.0000
1704  329.000  #f4f3f3  244 3  0.0000
1705  330.000  #f4f3f4  244 4  0.0030
1706  330.000  #f3f4f3  244 5  0.0000
1707  331.000  #f3f4f4  244 6  0.0030
1708  331.000  #f4f4f3  244 7  0.0000
1709  331.000  #f4f4f4  245 1  0.0000
1710  331.000  #f4f4f5  245 2  0.0000
1711  332.000  #f5f4f4  245 3  0.0030
1712  332.000  #f5f4f5  245 4  0.0000
1713  333.000  #f4f5f4  245 5  0.0030
1714  333.000  #f4f5f5  245 6  0.0000
1715  334.000  #f5f5f4  245 7  0.0030
1716  334.000  #f5f5f5  246 1  0.0000
1717  334.000  #f5f5f6  246 2  0.0000
1718  335.000  #f6f5f5  246 3  0.0030
1719  335.000  #f6f5f6  246 4  0.0000
1720  336.000  #f5f6f5  246 5  0.0030
1721  336.000  #f5f6f6  246 6  0.0000
1722  336.000  #f6f6f5  246 7  0.0000
1723  336.000  #f6f6f6  247 1  0.0000
1724  337.000  #f6f6f7  247 2  0.0030
1725  337.000  #f7f6f6  247 3  0.0000
1726  337.000  #f7f6f7  247 4  0.0000
1727  338.000  #f6f7f6  247 5  0.0030
1728  338.000  #f6f7f7  247 6  0.0000
1729  339.000  #f7f7f6  247 7  0.0030
1730  339.000  #f7f7f7  248 1  0.0000
1731  339.000  #f7f7f8  248 2  0.0000
1732  339.000  #f8f7f7  248 3  0.0000
1733  340.000  #f8f7f8  248 4  0.0029
1734  340.000  #f7f8f7  248 5  0.0000
1735  341.000  #f7f8f8  248 6  0.0029
1736  341.000  #f8f8f7  248 7  0.0000
1737  341.000  #f8f8f8  249 1  0.0000
1738  341.000  #f8f8f9  249 2  0.0000
1739  341.000  #f9f8f8  249 3  0.0000
1740  342.000  #f9f8f9  249 4  0.0029
1741  342.000  #f8f9f8  249 5  0.0000
1742  343.000  #f8f9f9  249 6  0.0029
1743  343.000  #f9f9f8  249 7  0.0000
1744  344.000  #f9f9f9  250 1  0.0029
1745  343.000  #f9f9fa  250 2  -0.0029
1746  344.000  #faf9f9  250 3  0.0029
1747  344.000  #faf9fa  250 4  0.0000
1748  345.000  #f9faf9  250 5  0.0029
1749  345.000  #f9fafa  250 6  0.0000
1750  345.000  #fafaf9  250 7  0.0000
1751  346.000  #fafafa  251 1  0.0029
1752  345.000  #fafafb  251 2  -0.0029
1753  346.000  #fbfafa  251 3  0.0029
1754  346.000  #fbfafb  251 4  0.0000
1755  347.000  #fafbfa  251 5  0.0029
1756  347.000  #fafbfb  251 6  0.0000
1757  348.000  #fbfbfa  251 7  0.0029
1758  348.000  #fbfbfb  252 1  0.0000
1759  348.000  #fbfbfc  252 2  0.0000
1760  349.000  #fcfbfb  252 3  0.0029
1761  349.000  #fcfbfc  252 4  0.0000
1762  350.000  #fbfcfb  252 5  0.0029
1763  350.000  #fbfcfc  252 6  0.0000
1764  351.000  #fcfcfb  252 7  0.0029
1765  351.000  #fcfcfc  253 1  0.0000
1766  351.000  #fcfcfd  253 2  0.0000
1767  352.000  #fdfcfc  253 3  0.0028
1768  352.000  #fdfcfd  253 4  0.0000
1769  352.000  #fcfdfc  253 5  0.0000
1770  353.000  #fcfdfd  253 6  0.0028
1771  354.000  #fdfdfc  253 7  0.0028
1772  354.000  #fdfdfd  254 1  0.0000
1773  354.000  #fdfdfe  254 2  0.0000
1774  354.000  #fefdfd  254 3  0.0000
1775  355.000  #fefdfe  254 4  0.0028
1776  355.000  #fdfefd  254 5  0.0000
1777  356.000  #fdfefe  254 6  0.0028
1778  356.000  #fefefd  254 7  0.0000
1779  356.000  #fefefe  255 1  0.0000
1780  356.000  #fefeff  255 2  0.0000
1781  356.000  #fffefe  255 3  0.0000
1782  356.000  #fffeff  255 4  0.0000
1783  357.000  #fefffe  255 5  0.0028
1784  357.000  #feffff  255 6  0.0000
1785  357.000  #fffffe  255 7  0.0000
1786  358.000  #ffffff  256 1  0.0028
